# opt_chain STX | epoch 1785268753 | 2026-07-28 15:59:13 | spot 746.18 | exps 20260731 20260807
# fuente ibkr_tws | band 0.1500 | max_strikes 20 | narrow 0 | vencimientos 2 | rows 144 | greeks_ok_pct 0.7639 | bidask_ok_pct 1.0000
# strike right exp bid ask vol oi iv delta gamma
745.00 C 20260731 51.10 56.30 39 4 1.8653 0.5343 0.0032
745.00 P 20260731 48.30 58.20 39 34 1.8653 -0.4658 0.0032
747.50 C 20260731 49.80 55.50 165 5 1.8630 0.5265 0.0032
747.50 P 20260731 45.40 54.80 7 7 1.8630 -0.4737 0.0032
742.50 C 20260731 48.70 59.40 24 1 1.8676 0.5427 0.0032
742.50 P 20260731 42.60 55.30 12 5 1.8676 -0.4575 0.0032
750.00 C 20260731 46.50 54.00 219 52 1.8606 0.5186 0.0032
750.00 P 20260731 51.20 55.90 148 293 1.8606 -0.4815 0.0032
740.00 C 20260731 50.00 60.70 36 8 1.8698 0.5508 0.0031
740.00 P 20260731 43.10 53.40 29 169 1.8698 -0.4494 0.0031
737.50 C 20260731 48.30 62.10 7 8 1.8719 0.5585 0.0031
737.50 P 20260731 44.70 51.30 8 10 1.8719 -0.4416 0.0031
755.00 C 20260731 42.60 51.10 31 2 1.8557 0.5028 0.0032
755.00 P 20260731 49.40 63.70 21 32 1.8557 -0.4974 0.0032
735.00 C 20260731 49.60 63.40 57 9 1.8740 0.5666 0.0031
735.00 P 20260731 39.10 50.90 22 33 1.8740 -0.4335 0.0031
732.50 C 20260731 50.90 64.50 1 1 1.8761 0.5745 0.0031
732.50 P 20260731 36.80 49.70 8 50 1.8761 -0.4256 0.0031
760.00 C 20260731 37.50 49.90 61 4 1.8505 0.4869 0.0032
760.00 P 20260731 52.20 63.90 13 32 1.8505 -0.5133 0.0032
730.00 C 20260731 54.60 67.30 10 1 1.8781 0.5824 0.0031
730.00 P 20260731 36.90 47.60 58 128 1.8781 -0.4178 0.0031
727.50 C 20260731 53.50 68.30 13 1 1.8801 0.5901 0.0031
727.50 P 20260731 35.70 47.50 5 13 1.8801 -0.4101 0.0031
765.00 C 20260731 35.20 50.50 15 22 1.8452 0.4709 0.0032
765.00 P 20260731 56.50 66.80 23 75 1.8452 -0.5293 0.0032
725.00 C 20260731 54.90 69.80 99 16 1.8820 0.5979 0.0031
725.00 P 20260731 34.60 46.00 27 131 1.8820 -0.4022 0.0031
722.50 C 20260731 56.30 71.30 1 0 1.8839 0.6050 0.0030
722.50 P 20260731 34.20 44.90 14 8 1.8839 -0.3951 0.0030
770.00 C 20260731 37.30 44.50 74 41 1.8398 0.4548 0.0032
770.00 P 20260731 57.70 69.40 48 113 1.8398 -0.5454 0.0032
720.00 C 20260731 57.80 72.30 27 21 1.8858 0.6128 0.0030
720.00 P 20260731 32.30 43.70 114 263 1.8858 -0.3873 0.0030
717.50 C 20260731 59.00 73.80 1 2 1.8876 0.6205 0.0030
717.50 P 20260731 31.10 42.70 3 23 1.8876 -0.3796 0.0030
775.00 C 20260731 34.30 44.30 69 45 1.8344 0.4394 0.0032
775.00 P 20260731 61.20 72.50 4 20 1.8344 -0.5608 0.0032
715.00 C 20260731 60.20 73.90 15 18 1.8894 0.6281 0.0030
715.00 P 20260731 32.90 40.70 26 42 1.8894 -0.3720 0.0030
745.00 C 20260807 58.90 74.70 7 3 1.3243 0.5523 0.0024
745.00 P 20260807 57.60 70.00 3 4 1.3243 -0.4504 0.0024
747.50 C 20260807 57.80 73.30 8 0 1.3226 0.5392 0.0024
747.50 P 20260807 57.70 73.50 3 0 1.3226 -0.4565 0.0024
742.50 C 20260807 59.70 76.20 0 8 1.3261 0.5586 0.0024
742.50 P 20260807 56.40 68.70 5 21 1.3261 -0.4442 0.0024
750.00 C 20260807 56.30 68.80 58 45 1.3208 0.5338 0.0025
750.00 P 20260807 60.00 72.70 208 63 1.3208 -0.4638 0.0025
740.00 C 20260807 60.90 76.80 15 3 1.3279 0.5576 0.0024
740.00 P 20260807 54.50 67.80 38 51 1.3279 -0.4381 0.0024
737.50 C 20260807 62.10 78.60 0 0 1.3297 0.5708 0.0024
737.50 P 20260807 52.60 68.60 0 8 1.3297 -0.4320 0.0024
755.00 C 20260807 53.80 70.10 9 9 1.3172 0.5287 0.0024
755.00 P 20260807 62.80 77.60 162 11 1.3172 -0.4747 0.0025
735.00 C 20260807 63.40 79.90 3 8 1.3315 0.5698 0.0024
735.00 P 20260807 51.40 67.40 1 17 1.3315 -0.4295 0.0024
732.50 C 20260807 64.70 80.90 0 0 1.3333 0.5759 0.0024
732.50 P 20260807 51.50 63.60 0 0 1.3333 -0.4234 0.0024
760.00 C 20260807 51.50 68.20 9 4 1.3137 0.5165 0.0025
760.00 P 20260807 64.00 80.00 2 32 1.3137 -0.4882 0.0025
730.00 C 20260807 65.90 82.80 97 2 1.3351 0.5819 0.0024
730.00 P 20260807 48.90 64.10 6 50 1.3351 -0.4149 0.0024
727.50 C 20260807 67.50 83.50 25 0 1.3369 0.5880 0.0024
727.50 P 20260807 47.70 64.00 1 0 1.3369 -0.4089 0.0024
765.00 C 20260807 49.50 62.20 6 4 1.3102 0.4964 0.0025
765.00 P 20260807 67.50 81.10 0 65 1.3102 -0.4968 0.0025
725.00 C 20260807 68.80 85.00 10 11 1.3387 0.6011 0.0023
725.00 P 20260807 46.50 62.30 7 24 1.3387 -0.4028 0.0023
722.50 C 20260807 70.10 86.30 24 0 1.3405 0.6001 0.0023
722.50 P 20260807 46.30 61.70 0 0 1.3405 -0.3956 0.0023
770.00 C 20260807 47.00 63.10 13 17 1.3067 0.4840 0.0025
770.00 P 20260807 70.40 84.20 0 29 1.3067 -0.5159 0.0025
720.00 C 20260807 71.80 86.70 7 11 1.3423 0.6062 0.0023
720.00 P 20260807 45.60 57.70 23 33 1.3423 -0.3875 0.0023
717.50 C 20260807 72.80 88.60 0 0 -1.0000 -1.0000 -1.0000
717.50 P 20260807 43.10 59.50 50 0 1.3440 -0.3813 0.0023
775.00 C 20260807 45.40 61.40 22 5 1.3032 0.4722 0.0025
775.00 P 20260807 72.00 86.80 5 14 1.3032 -0.5219 0.0025
715.00 C 20260807 74.20 90.30 2 1 -1.0000 -1.0000 -1.0000
715.00 P 20260807 44.60 55.30 85 4 1.3458 -0.3822 0.0023
635.00 C 20260731 115.90 130.60 0 6 1.9292 0.8452 0.0018
635.00 P 20260731 10.20 15.50 33 498 -1.0000 -1.0000 -1.0000
642.50 C 20260731 109.90 124.80 0 1 -1.0000 -1.0000 -1.0000
642.50 P 20260731 8.70 16.90 8 78 -1.0000 -1.0000 -1.0000
650.00 C 20260731 104.30 116.30 4 4 -1.0000 -1.0000 -1.0000
650.00 P 20260731 12.90 15.00 1071 187 -1.0000 -1.0000 -1.0000
657.50 C 20260731 98.30 113.40 0 0 1.9234 0.7900 0.0022
657.50 P 20260731 14.50 20.30 36 3 -1.0000 -1.0000 -1.0000
665.00 C 20260731 93.00 107.60 0 0 -1.0000 -1.0000 -1.0000
665.00 P 20260731 14.30 22.50 4 386 -1.0000 -1.0000 -1.0000
672.50 C 20260731 87.50 102.60 0 0 -1.0000 -1.0000 -1.0000
672.50 P 20260731 18.10 24.70 3 0 -1.0000 -1.0000 -1.0000
680.00 C 20260731 82.50 98.10 3 21 -1.0000 -1.0000 -1.0000
680.00 P 20260731 19.10 25.50 60 164 -1.0000 -1.0000 -1.0000
687.50 C 20260731 77.50 92.50 2 0 1.9081 0.7163 0.0026
687.50 P 20260731 21.70 28.30 4 39 1.9081 -0.2836 0.0026
695.00 C 20260731 73.80 87.70 10 2 1.9032 0.6955 0.0027
695.00 P 20260731 24.90 31.00 51 69 1.9032 -0.3048 0.0027
702.50 C 20260731 69.30 83.10 0 5 1.8982 0.6734 0.0028
702.50 P 20260731 28.20 33.20 90 171 1.8982 -0.3265 0.0028
710.00 C 20260731 63.40 77.40 34 33 1.8930 0.6439 0.0029
710.00 P 20260731 31.00 36.70 307 55 1.8930 -0.3562 0.0029
785.00 C 20260731 30.00 38.50 30 12 1.8233 0.4085 0.0032
785.00 P 20260731 67.60 78.30 52 102 1.8233 -0.5917 0.0032
800.00 C 20260731 28.00 30.70 554 271 1.8065 0.3631 0.0031
800.00 P 20260731 76.80 89.70 60 151 1.8065 -0.6372 0.0031
815.00 C 20260731 21.00 25.10 13 6 1.7898 0.3229 0.0030
815.00 P 20260731 86.80 99.40 4 132 1.7898 -0.6774 0.0030
830.00 C 20260731 17.20 23.40 857 130 1.7737 0.2815 0.0028
830.00 P 20260731 97.80 110.20 33 52 1.7737 -0.7189 0.0028
845.00 C 20260731 13.40 18.40 22 39 1.7586 0.2464 0.0027
845.00 P 20260731 109.20 121.50 11 68 1.7586 -0.7540 0.0027
635.00 C 20260807 127.10 142.90 0 1 -1.0000 -1.0000 -1.0000
635.00 P 20260807 18.10 26.20 71 196 -1.0000 -1.0000 -1.0000
642.50 C 20260807 121.50 137.10 0 0 -1.0000 -1.0000 -1.0000
642.50 P 20260807 19.80 28.30 35 0 -1.0000 -1.0000 -1.0000
650.00 C 20260807 116.10 132.00 30 55 -1.0000 -1.0000 -1.0000
650.00 P 20260807 23.30 30.20 57 124 -1.0000 -1.0000 -1.0000
657.50 C 20260807 110.60 126.70 3 0 -1.0000 -1.0000 -1.0000
657.50 P 20260807 23.70 32.70 5 0 -1.0000 -1.0000 -1.0000
665.00 C 20260807 105.60 121.00 0 0 -1.0000 -1.0000 -1.0000
665.00 P 20260807 24.80 35.00 9 16 -1.0000 -1.0000 -1.0000
672.50 C 20260807 100.40 116.00 0 0 1.3750 0.7207 0.0020
672.50 P 20260807 26.90 41.80 1 0 -1.0000 -1.0000 -1.0000
680.00 C 20260807 95.90 109.60 5 2 -1.0000 -1.0000 -1.0000
680.00 P 20260807 29.60 41.50 104 77 -1.0000 -1.0000 -1.0000
687.50 C 20260807 90.90 106.00 0 0 -1.0000 -1.0000 -1.0000
687.50 P 20260807 32.40 44.30 0 0 -1.0000 -1.0000 -1.0000
695.00 C 20260807 86.00 102.20 0 7 1.3599 0.6710 0.0022
695.00 P 20260807 35.20 47.40 3 22 -1.0000 -1.0000 -1.0000
702.50 C 20260807 81.40 97.30 1 0 1.3547 0.6475 0.0022
702.50 P 20260807 38.40 50.20 3 0 1.3547 -0.3467 0.0022
710.00 C 20260807 77.50 91.30 2 13 1.3494 0.6341 0.0023
710.00 P 20260807 45.00 53.20 7 19 1.3494 -0.3641 0.0023
785.00 C 20260807 41.50 53.80 0 1 1.2964 0.4507 0.0025
785.00 P 20260807 78.60 94.00 2 3 1.2964 -0.5499 0.0025
800.00 C 20260807 35.20 50.90 31 22 1.2864 0.4124 0.0025
800.00 P 20260807 88.30 103.80 10 48 1.2864 -0.5822 0.0025
815.00 C 20260807 31.10 43.00 24 22 1.2769 0.3826 0.0024
815.00 P 20260807 98.00 110.80 1 6 1.2769 -0.6185 0.0024
830.00 C 20260807 26.60 41.20 4 11 -1.0000 -1.0000 -1.0000
830.00 P 20260807 108.30 123.50 1 74 -1.0000 -1.0000 -1.0000
845.00 C 20260807 24.90 31.70 42 2 -1.0000 -1.0000 -1.0000
845.00 P 20260807 119.20 134.30 0 20 -1.0000 -1.0000 -1.0000
