# opt_chain INTC | epoch 1785270028 | 2026-07-28 16:20:28 | spot 86.76 | exps 20260729 20260731 20260803 20260805 20260807 20260810 20260812 20260814 20260821
# fuente polygon_snapshot_v3 | greeks polygon_directo | iv polygon_directo | oi polygon_directo | vol day.volume(-1 si no cotizo) | bid/ask NO_ENTITLED(-1) | spot_src ibkr_bridge spot_edad_s 87 | band 0.6000 vencimientos 9 exp_hasta 2026-08-21
# strike right exp bid ask vol oi iv delta gamma
55.00 C 20260729 -1.00 -1.00 27 23 3.7515 0.9886 0.001647
60.00 C 20260729 -1.00 -1.00 5 1 3.8578 0.9634 0.004290
65.00 C 20260729 -1.00 -1.00 10 9 2.8461 0.9694 0.005042
66.00 C 20260729 -1.00 -1.00 14 9 2.7113 0.9680 0.005477
67.00 C 20260729 -1.00 -1.00 15 10 2.5786 0.9666 0.005967
68.00 C 20260729 -1.00 -1.00 13 15 2.4479 0.9650 0.006524
69.00 C 20260729 -1.00 -1.00 4814 66 2.3191 0.9632 0.007160
70.00 C 20260729 -1.00 -1.00 4814 16 2.1922 0.9613 0.007891
71.00 C 20260729 -1.00 -1.00 6413 6 2.1789 0.9516 0.009565
72.00 C 20260729 -1.00 -1.00 28417 30 2.1102 0.9452 0.010972
73.00 C 20260729 -1.00 -1.00 22014 32 2.0376 0.9384 0.012539
74.00 C 20260729 -1.00 -1.00 18 9 1.8659 0.9385 0.013688
75.00 C 20260729 -1.00 -1.00 29 3 1.7279 0.9345 0.015444
76.00 C 20260729 -1.00 -1.00 26 24 1.5918 0.9300 0.017588
77.00 C 20260729 -1.00 -1.00 35 5 1.4575 0.9246 0.020251
78.00 C 20260729 -1.00 -1.00 23 55 1.4175 0.9040 0.024921
79.00 C 20260729 -1.00 -1.00 15 20 1.4751 0.8670 0.030515
80.00 C 20260729 -1.00 -1.00 268 37 1.3399 0.8509 0.036042
81.00 C 20260729 -1.00 -1.00 75 47 1.2064 0.8315 0.043298
82.00 C 20260729 -1.00 -1.00 198 73 1.1747 0.7898 0.051629
83.00 C 20260729 -1.00 -1.00 457 75 1.0636 0.7501 0.062310
84.00 C 20260729 -1.00 -1.00 1463 4 1.0169 0.6884 0.072653
85.00 C 20260729 -1.00 -1.00 6266 30 1.0297 0.6110 0.077627
86.00 C 20260729 -1.00 -1.00 5936 101 1.0148 0.5315 0.082317
87.00 C 20260729 -1.00 -1.00 14913 241 1.0028 0.4504 0.082168
88.00 C 20260729 -1.00 -1.00 14157 457 1.0196 0.3719 0.078306
89.00 C 20260729 -1.00 -1.00 4196 245 1.0058 0.2995 0.071797
90.00 C 20260729 -1.00 -1.00 26872 1270 1.0283 0.2363 0.063262
91.00 C 20260729 -1.00 -1.00 3025 472 1.0274 0.1842 0.053771
92.00 C 20260729 -1.00 -1.00 6790 689 1.0528 0.1400 0.044552
93.00 C 20260729 -1.00 -1.00 3442 2928 1.0433 0.1042 0.035874
94.00 C 20260729 -1.00 -1.00 2106 807 1.0774 0.0792 0.028576
95.00 C 20260729 -1.00 -1.00 9461 2710 1.1002 0.0612 0.022843
96.00 C 20260729 -1.00 -1.00 1498 808 1.1317 0.0483 0.018268
97.00 C 20260729 -1.00 -1.00 1194 1099 1.1913 0.0408 0.015190
98.00 C 20260729 -1.00 -1.00 2276 2511 1.2355 0.0324 0.012280
99.00 C 20260729 -1.00 -1.00 356 826 1.1970 0.0209 0.008613
100.00 C 20260729 -1.00 -1.00 8910 6814 1.2524 0.0181 0.007289
101.00 C 20260729 -1.00 -1.00 962 843 1.2522 0.0119 0.005148
102.00 C 20260729 -1.00 -1.00 1274 1260 1.2725 0.0095 0.004122
103.00 C 20260729 -1.00 -1.00 303 503 1.3357 0.0091 0.003772
104.00 C 20260729 -1.00 -1.00 109 691 1.3982 0.0088 0.003470
105.00 C 20260729 -1.00 -1.00 129 2415 1.4175 0.0066 0.002681
106.00 C 20260729 -1.00 -1.00 496 318 1.4791 0.0064 0.002487
107.00 C 20260729 -1.00 -1.00 24 904 1.7698 0.0150 0.004426
108.00 C 20260729 -1.00 -1.00 23 556 1.8384 0.0145 0.004158
109.00 C 20260729 -1.00 -1.00 7 193 1.9422 0.0165 0.004358
110.00 C 20260729 -1.00 -1.00 145 1025 1.7196 0.0056 0.001914
111.00 C 20260729 -1.00 -1.00 3 138 1.9443 0.0109 0.003048
112.00 C 20260729 -1.00 -1.00 10 208 1.9192 0.0081 0.002354
113.00 C 20260729 -1.00 -1.00 60 170 1.9354 0.0066 0.001942
114.00 C 20260729 -1.00 -1.00 1 134 2.2383 0.0135 0.003201
115.00 C 20260729 -1.00 -1.00 3 531 2.0082 0.0049 0.001471
116.00 C 20260729 -1.00 -1.00 3 58 2.4350 0.0158 0.003366
117.00 C 20260729 -1.00 -1.00 5 159 2.5500 0.0182 0.003605
118.00 C 20260729 -1.00 -1.00 2 117 2.3769 0.0103 0.002363
119.00 C 20260729 -1.00 -1.00 8 92 2.3908 0.0091 0.002091
120.00 C 20260729 -1.00 -1.00 8 1949 2.4845 0.0099 0.002180
121.00 C 20260729 -1.00 -1.00 1 360 2.7619 0.0152 0.002883
55.00 P 20260729 -1.00 -1.00 5 115 6.1537 -0.0698 0.004504
60.00 P 20260729 -1.00 -1.00 -1 0 2.5478 -0.0037 0.000891
65.00 P 20260729 -1.00 -1.00 26 13 2.0165 -0.0046 0.001357
66.00 P 20260729 -1.00 -1.00 15 2 4.2228 -0.1039 0.008973
67.00 P 20260729 -1.00 -1.00 -1 0 3.0336 -0.0557 0.007776
68.00 P 20260729 -1.00 -1.00 1 3 1.8237 -0.0080 0.002485
69.00 P 20260729 -1.00 -1.00 7 73 1.8430 -0.0122 0.003559
70.00 P 20260729 -1.00 -1.00 319 319 1.5249 -0.0059 0.002258
71.00 P 20260729 -1.00 -1.00 3 52 1.9737 -0.0337 0.007851
72.00 P 20260729 -1.00 -1.00 35 42 1.5443 -0.0159 0.005293
73.00 P 20260729 -1.00 -1.00 605 22 1.5504 -0.0237 0.007466
74.00 P 20260729 -1.00 -1.00 114 23 1.3156 -0.0166 0.006439
75.00 P 20260729 -1.00 -1.00 1356 1775 1.1927 -0.0161 0.006926
76.00 P 20260729 -1.00 -1.00 900 143 1.2382 -0.0292 0.011230
77.00 P 20260729 -1.00 -1.00 887 292 1.1785 -0.0394 0.014895
78.00 P 20260729 -1.00 -1.00 1129 412 1.1089 -0.0491 0.018988
79.00 P 20260729 -1.00 -1.00 1497 183 1.1011 -0.0712 0.025756
80.00 P 20260729 -1.00 -1.00 3495 965 1.0701 -0.0996 0.033943
81.00 P 20260729 -1.00 -1.00 1035 155 1.0485 -0.1340 0.043192
82.00 P 20260729 -1.00 -1.00 3094 1844 1.0340 -0.1844 0.053613
83.00 P 20260729 -1.00 -1.00 7025 360 1.0236 -0.2418 0.063795
84.00 P 20260729 -1.00 -1.00 4922 848 1.0105 -0.3107 0.073023
85.00 P 20260729 -1.00 -1.00 8228 2007 0.9899 -0.3856 0.080625
86.00 P 20260729 -1.00 -1.00 5164 403 0.9936 -0.4685 0.084096
87.00 P 20260729 -1.00 -1.00 5109 725 0.9843 -0.5512 0.083714
88.00 P 20260729 -1.00 -1.00 3007 1551 1.0011 -0.6311 0.079704
89.00 P 20260729 -1.00 -1.00 1143 838 0.9847 -0.7052 0.072890
90.00 P 20260729 -1.00 -1.00 2361 3277 0.9358 -0.7845 0.065480
91.00 P 20260729 -1.00 -1.00 289 427 1.0302 -0.8154 0.053807
92.00 P 20260729 -1.00 -1.00 318 481 0.9615 -0.8801 0.043480
93.00 P 20260729 -1.00 -1.00 49 221 0.8855 -0.9350 0.030229
94.00 P 20260729 -1.00 -1.00 76 383 -1.0000 -1.0000 -1.000000
95.00 P 20260729 -1.00 -1.00 95 321 0.8978 -0.9731 0.014807
96.00 P 20260729 -1.00 -1.00 94 203 -1.0000 -1.0000 -1.000000
97.00 P 20260729 -1.00 -1.00 36 396 -1.0000 -1.0000 -1.000000
98.00 P 20260729 -1.00 -1.00 35 641 -1.0000 -1.0000 -1.000000
99.00 P 20260729 -1.00 -1.00 6 308 -1.0000 -1.0000 -1.000000
100.00 P 20260729 -1.00 -1.00 46 247 -1.0000 -1.0000 -1.000000
101.00 P 20260729 -1.00 -1.00 9 274 -1.0000 -1.0000 -1.000000
102.00 P 20260729 -1.00 -1.00 5 174 -1.0000 -1.0000 -1.000000
103.00 P 20260729 -1.00 -1.00 12 175 -1.0000 -1.0000 -1.000000
104.00 P 20260729 -1.00 -1.00 8 281 -1.0000 -1.0000 -1.000000
105.00 P 20260729 -1.00 -1.00 335 541 -1.0000 -1.0000 -1.000000
106.00 P 20260729 -1.00 -1.00 90 104 -1.0000 -1.0000 -1.000000
107.00 P 20260729 -1.00 -1.00 13 99 -1.0000 -1.0000 -1.000000
108.00 P 20260729 -1.00 -1.00 3 22 -1.0000 -1.0000 -1.000000
109.00 P 20260729 -1.00 -1.00 2 17 -1.0000 -1.0000 -1.000000
110.00 P 20260729 -1.00 -1.00 3 83 -1.0000 -1.0000 -1.000000
111.00 P 20260729 -1.00 -1.00 2 121 -1.0000 -1.0000 -1.000000
112.00 P 20260729 -1.00 -1.00 6 3 -1.0000 -1.0000 -1.000000
113.00 P 20260729 -1.00 -1.00 12 12 -1.0000 -1.0000 -1.000000
114.00 P 20260729 -1.00 -1.00 4 6 -1.0000 -1.0000 -1.000000
115.00 P 20260729 -1.00 -1.00 4 0 -1.0000 -1.0000 -1.000000
116.00 P 20260729 -1.00 -1.00 30 0 -1.0000 -1.0000 -1.000000
117.00 P 20260729 -1.00 -1.00 4 0 -1.0000 -1.0000 -1.000000
118.00 P 20260729 -1.00 -1.00 2 0 -1.0000 -1.0000 -1.000000
119.00 P 20260729 -1.00 -1.00 5 0 -1.0000 -1.0000 -1.000000
120.00 P 20260729 -1.00 -1.00 1 0 -1.0000 -1.0000 -1.000000
121.00 P 20260729 -1.00 -1.00 12 0 -1.0000 -1.0000 -1.000000
55.00 C 20260731 -1.00 -1.00 -1 0 2.9838 0.9616 0.003489
60.00 C 20260731 -1.00 -1.00 207 36 2.2052 0.9711 0.003748
64.00 C 20260731 -1.00 -1.00 13 5 1.7431 0.9752 0.004214
65.00 C 20260731 -1.00 -1.00 20 61 1.6679 0.9742 0.004562
66.00 C 20260731 -1.00 -1.00 6310 1000 1.5865 0.9731 0.004952
67.00 C 20260731 -1.00 -1.00 6312 1000 1.6111 0.9618 0.006423
68.00 C 20260731 -1.00 -1.00 14 3 1.4622 0.9669 0.006311
69.00 C 20260731 -1.00 -1.00 12 201 1.5216 0.9516 0.008282
70.00 C 20260731 -1.00 -1.00 27 537 1.2733 0.9676 0.007133
71.00 C 20260731 -1.00 -1.00 13 2 1.2656 0.9575 0.008925
72.00 C 20260731 -1.00 -1.00 9 1 1.3659 0.9339 0.011862
73.00 C 20260731 -1.00 -1.00 31 6 1.3375 0.9208 0.013810
74.00 C 20260731 -1.00 -1.00 49 16 1.2712 0.9131 0.015586
75.00 C 20260731 -1.00 -1.00 92 76 1.2439 0.8986 0.017942
76.00 C 20260731 -1.00 -1.00 3 2 1.1602 0.8920 0.020203
77.00 C 20260731 -1.00 -1.00 105 14 1.1521 0.8700 0.023253
78.00 C 20260731 -1.00 -1.00 116 116 1.1423 0.8419 0.026520
79.00 C 20260731 -1.00 -1.00 138 4 1.1450 0.8113 0.029803
80.00 C 20260731 -1.00 -1.00 340 1184 1.1286 0.7825 0.033218
81.00 C 20260731 -1.00 -1.00 232 7 1.0876 0.7502 0.036781
82.00 C 20260731 -1.00 -1.00 135 69 1.0749 0.7113 0.040014
83.00 C 20260731 -1.00 -1.00 180 15 1.0900 0.6685 0.042496
84.00 C 20260731 -1.00 -1.00 232 62 1.0718 0.6248 0.044648
85.00 C 20260731 -1.00 -1.00 2941 445 1.0490 0.5793 0.046924
86.00 C 20260731 -1.00 -1.00 3215 105 1.0424 0.5319 0.048589
87.00 C 20260731 -1.00 -1.00 5667 104 1.0438 0.4849 0.048269
88.00 C 20260731 -1.00 -1.00 10099 292 1.0390 0.4376 0.047710
89.00 C 20260731 -1.00 -1.00 5533 282 1.0499 0.3920 0.046478
90.00 C 20260731 -1.00 -1.00 10015 3444 1.0342 0.3470 0.045170
91.00 C 20260731 -1.00 -1.00 1826 1330 1.0261 0.3046 0.042870
92.00 C 20260731 -1.00 -1.00 2057 1649 1.0338 0.2655 0.040119
93.00 C 20260731 -1.00 -1.00 1343 914 1.0333 0.2296 0.037216
94.00 C 20260731 -1.00 -1.00 1601 1158 1.0262 0.1972 0.033951
95.00 C 20260731 -1.00 -1.00 5647 2735 1.0371 0.1694 0.030611
96.00 C 20260731 -1.00 -1.00 964 1833 1.0485 0.1429 0.027421
97.00 C 20260731 -1.00 -1.00 1158 2402 1.0501 0.1235 0.024447
98.00 C 20260731 -1.00 -1.00 1367 2804 1.0451 0.1025 0.021383
99.00 C 20260731 -1.00 -1.00 4166 3090 1.0697 0.0890 0.018900
100.00 C 20260731 -1.00 -1.00 8852 9031 1.0796 0.0736 0.016391
101.00 C 20260731 -1.00 -1.00 1118 8100 1.0850 0.0635 0.014411
102.00 C 20260731 -1.00 -1.00 770 2769 1.0902 0.0536 0.012470
103.00 C 20260731 -1.00 -1.00 534 2158 1.1066 0.0458 0.010835
104.00 C 20260731 -1.00 -1.00 1062 8443 1.1283 0.0392 0.009433
105.00 C 20260731 -1.00 -1.00 3074 7385 1.1285 0.0318 0.007967
106.00 C 20260731 -1.00 -1.00 146 838 1.1592 0.0298 0.007305
107.00 C 20260731 -1.00 -1.00 242 893 1.1677 0.0257 0.006366
108.00 C 20260731 -1.00 -1.00 210 2592 1.1871 0.0227 0.005640
109.00 C 20260731 -1.00 -1.00 165 676 1.2062 0.0199 0.004959
110.00 C 20260731 -1.00 -1.00 3216 9672 1.2144 0.0160 0.004123
111.00 C 20260731 -1.00 -1.00 90 758 1.2439 0.0145 0.003715
112.00 C 20260731 -1.00 -1.00 4154 4504 1.2344 0.0119 0.003124
113.00 C 20260731 -1.00 -1.00 103 1108 1.2440 0.0104 0.002746
114.00 C 20260731 -1.00 -1.00 23 490 1.2535 0.0089 0.002380
115.00 C 20260731 -1.00 -1.00 1101 4912 1.2629 0.0075 0.002025
116.00 C 20260731 -1.00 -1.00 27 819 1.4191 0.0129 0.002929
117.00 C 20260731 -1.00 -1.00 86 612 1.3303 0.0072 0.001847
118.00 C 20260731 -1.00 -1.00 22 553 1.3063 0.0046 0.001288
119.00 C 20260731 -1.00 -1.00 36 202 1.3723 0.0057 0.001475
120.00 C 20260731 -1.00 -1.00 729 8791 1.3641 0.0044 0.001187
121.00 C 20260731 -1.00 -1.00 29 253 1.4855 0.0077 0.001757
55.00 P 20260731 -1.00 -1.00 101 4566 1.8845 -0.0031 0.000619
60.00 P 20260731 -1.00 -1.00 222 5101 1.5409 -0.0037 0.000891
64.00 P 20260731 -1.00 -1.00 256 695 1.3153 -0.0055 0.001485
65.00 P 20260731 -1.00 -1.00 318 4013 1.2859 -0.0069 0.001864
66.00 P 20260731 -1.00 -1.00 31 157 1.2899 -0.0095 0.002480
67.00 P 20260731 -1.00 -1.00 200 261 1.2490 -0.0110 0.002920
68.00 P 20260731 -1.00 -1.00 178 172 1.2369 -0.0158 0.003987
69.00 P 20260731 -1.00 -1.00 357 192 1.1974 -0.0188 0.004769
70.00 P 20260731 -1.00 -1.00 1069 4068 1.1995 -0.0248 0.006106
71.00 P 20260731 -1.00 -1.00 150 546 1.1806 -0.0319 0.007598
72.00 P 20260731 -1.00 -1.00 316 468 1.1471 -0.0393 0.009239
73.00 P 20260731 -1.00 -1.00 208 373 1.1475 -0.0514 0.011547
74.00 P 20260731 -1.00 -1.00 442 230 1.1470 -0.0650 0.013993
75.00 P 20260731 -1.00 -1.00 7561 3779 1.1169 -0.0799 0.016663
76.00 P 20260731 -1.00 -1.00 468 376 1.0949 -0.0970 0.019676
77.00 P 20260731 -1.00 -1.00 520 461 1.1107 -0.1209 0.023090
78.00 P 20260731 -1.00 -1.00 1708 6442 1.0797 -0.1451 0.026568
79.00 P 20260731 -1.00 -1.00 431 1283 1.0730 -0.1757 0.030281
80.00 P 20260731 -1.00 -1.00 4995 6565 1.0861 -0.2099 0.033844
81.00 P 20260731 -1.00 -1.00 259 775 1.0576 -0.2445 0.037451
82.00 P 20260731 -1.00 -1.00 708 769 1.0508 -0.2853 0.040692
83.00 P 20260731 -1.00 -1.00 1697 749 1.0551 -0.3279 0.043644
84.00 P 20260731 -1.00 -1.00 1460 907 1.0366 -0.3725 0.046117
85.00 P 20260731 -1.00 -1.00 7108 4855 1.0269 -0.4200 0.047943
86.00 P 20260731 -1.00 -1.00 1928 1616 1.0157 -0.4685 0.049902
87.00 P 20260731 -1.00 -1.00 1335 1026 1.0061 -0.5175 0.050090
88.00 P 20260731 -1.00 -1.00 565 1365 0.9939 -0.5674 0.049843
89.00 P 20260731 -1.00 -1.00 220 1982 1.0128 -0.6137 0.048132
90.00 P 20260731 -1.00 -1.00 9426 7969 0.9989 -0.6596 0.046433
91.00 P 20260731 -1.00 -1.00 132 951 0.9736 -0.7075 0.044476
92.00 P 20260731 -1.00 -1.00 454 1606 0.9832 -0.7483 0.041380
93.00 P 20260731 -1.00 -1.00 263 1566 0.9785 -0.7838 0.037921
94.00 P 20260731 -1.00 -1.00 167 841 0.9650 -0.8201 0.034263
95.00 P 20260731 -1.00 -1.00 503 3523 0.9850 -0.8468 0.030561
96.00 P 20260731 -1.00 -1.00 85 1070 0.9634 -0.8768 0.026841
97.00 P 20260731 -1.00 -1.00 69 681 0.9920 -0.8911 0.023776
98.00 P 20260731 -1.00 -1.00 117 1106 1.0037 -0.9091 0.020681
99.00 P 20260731 -1.00 -1.00 147 4375 0.8694 -0.9545 0.014196
100.00 P 20260731 -1.00 -1.00 321 9790 0.8918 -0.9631 0.011844
101.00 P 20260731 -1.00 -1.00 114 547 0.7712 -0.9891 0.005656
102.00 P 20260731 -1.00 -1.00 26 312 0.9395 -0.9728 0.008877
103.00 P 20260731 -1.00 -1.00 13 293 0.9829 -0.9738 0.008194
104.00 P 20260731 -1.00 -1.00 17 1117 1.0258 -0.9748 0.007598
105.00 P 20260731 -1.00 -1.00 106 5629 0.9240 -0.9908 0.004086
106.00 P 20260731 -1.00 -1.00 23 292 -1.0000 -1.0000 -1.000000
107.00 P 20260731 -1.00 -1.00 23 479 0.9982 -0.9914 0.003563
108.00 P 20260731 -1.00 -1.00 12 276 -1.0000 -1.0000 -1.000000
109.00 P 20260731 -1.00 -1.00 24 238 -1.0000 -1.0000 -1.000000
110.00 P 20260731 -1.00 -1.00 96 1421 -1.0000 -1.0000 -1.000000
111.00 P 20260731 -1.00 -1.00 14 119 -1.0000 -1.0000 -1.000000
112.00 P 20260731 -1.00 -1.00 23 216 -1.0000 -1.0000 -1.000000
113.00 P 20260731 -1.00 -1.00 37 576 -1.0000 -1.0000 -1.000000
114.00 P 20260731 -1.00 -1.00 14 139 -1.0000 -1.0000 -1.000000
115.00 P 20260731 -1.00 -1.00 42 629 -1.0000 -1.0000 -1.000000
116.00 P 20260731 -1.00 -1.00 6 146 -1.0000 -1.0000 -1.000000
117.00 P 20260731 -1.00 -1.00 5 502 -1.0000 -1.0000 -1.000000
118.00 P 20260731 -1.00 -1.00 29 152 -1.0000 -1.0000 -1.000000
119.00 P 20260731 -1.00 -1.00 7 35 -1.0000 -1.0000 -1.000000
120.00 P 20260731 -1.00 -1.00 70 1182 -1.0000 -1.0000 -1.000000
121.00 P 20260731 -1.00 -1.00 3 114 -1.0000 -1.0000 -1.000000
55.00 C 20260803 -1.00 -1.00 -1 0 2.1466 0.9611 0.003511
60.00 C 20260803 -1.00 -1.00 -1 0 1.9048 0.9474 0.005129
65.00 C 20260803 -1.00 -1.00 -1 0 1.4799 0.9449 0.006845
67.00 C 20260803 -1.00 -1.00 -1 0 1.3476 0.9403 0.007986
68.00 C 20260803 -1.00 -1.00 -1 0 1.2950 0.9354 0.008792
69.00 C 20260803 -1.00 -1.00 -1 0 1.2718 0.9255 0.009930
70.00 C 20260803 -1.00 -1.00 2 7 0.8051 0.9808 0.005167
71.00 C 20260803 -1.00 -1.00 -1 0 1.2263 0.9047 0.012431
72.00 C 20260803 -1.00 -1.00 -1 0 1.0924 0.9115 0.013169
73.00 C 20260803 -1.00 -1.00 25 0 1.0297 0.9067 0.014544
74.00 C 20260803 -1.00 -1.00 -1 0 1.0368 0.8890 0.016573
75.00 C 20260803 -1.00 -1.00 4 1 1.0504 0.8650 0.018649
76.00 C 20260803 -1.00 -1.00 25 25 0.9785 0.8569 0.020773
77.00 C 20260803 -1.00 -1.00 3 0 0.9526 0.8372 0.023216
78.00 C 20260803 -1.00 -1.00 37 1 0.9002 0.8221 0.026070
79.00 C 20260803 -1.00 -1.00 48 0 0.9017 0.7943 0.028803
80.00 C 20260803 -1.00 -1.00 7 12 0.9108 0.7585 0.030906
81.00 C 20260803 -1.00 -1.00 10 1 0.8675 0.7316 0.034195
82.00 C 20260803 -1.00 -1.00 8 2 0.8979 0.6905 0.035611
83.00 C 20260803 -1.00 -1.00 62 53 0.8725 0.6567 0.038415
84.00 C 20260803 -1.00 -1.00 138 1 0.8671 0.6164 0.039697
85.00 C 20260803 -1.00 -1.00 103 11 0.8618 0.5755 0.041002
86.00 C 20260803 -1.00 -1.00 587 12 0.8508 0.5341 0.042612
87.00 C 20260803 -1.00 -1.00 1016 35 0.8492 0.4927 0.042539
88.00 C 20260803 -1.00 -1.00 333 143 0.8498 0.4516 0.041951
89.00 C 20260803 -1.00 -1.00 236 61 0.8472 0.4101 0.041522
90.00 C 20260803 -1.00 -1.00 1427 426 0.8555 0.3716 0.040342
91.00 C 20260803 -1.00 -1.00 163 151 0.8543 0.3363 0.038531
92.00 C 20260803 -1.00 -1.00 484 52 0.8506 0.3001 0.036781
93.00 C 20260803 -1.00 -1.00 337 191 0.8506 0.2648 0.034905
94.00 C 20260803 -1.00 -1.00 175 58 0.8554 0.2354 0.032663
95.00 C 20260803 -1.00 -1.00 1983 2266 0.8627 0.2112 0.030174
96.00 C 20260803 -1.00 -1.00 176 163 0.8540 0.1822 0.027804
97.00 C 20260803 -1.00 -1.00 113 94 0.8628 0.1590 0.025400
98.00 C 20260803 -1.00 -1.00 1144 222 0.8720 0.1397 0.023153
99.00 C 20260803 -1.00 -1.00 85 382 0.8727 0.1230 0.020980
100.00 C 20260803 -1.00 -1.00 2112 1264 0.8687 0.1050 0.018735
101.00 C 20260803 -1.00 -1.00 75 214 0.8787 0.0912 0.016756
102.00 C 20260803 -1.00 -1.00 37 248 0.8978 0.0807 0.015087
103.00 C 20260803 -1.00 -1.00 72 135 0.8984 0.0697 0.013452
104.00 C 20260803 -1.00 -1.00 8 101 0.8977 0.0603 0.011927
105.00 C 20260803 -1.00 -1.00 492 878 0.9128 0.0543 0.010764
106.00 C 20260803 -1.00 -1.00 75 576 0.9199 0.0467 0.009483
107.00 C 20260803 -1.00 -1.00 25 80 0.9269 0.0393 0.008240
108.00 C 20260803 -1.00 -1.00 25 107 0.9494 0.0356 0.007474
109.00 C 20260803 -1.00 -1.00 2 126 0.9475 0.0310 0.006633
110.00 C 20260803 -1.00 -1.00 119 1356 0.9684 0.0293 0.006168
111.00 C 20260803 -1.00 -1.00 1 25 1.0198 0.0312 0.006189
112.00 C 20260803 -1.00 -1.00 2 87 0.9565 0.0194 0.004381
113.00 C 20260803 -1.00 -1.00 28 124 0.9771 0.0179 0.004021
114.00 C 20260803 -1.00 -1.00 4 68 0.9976 0.0165 0.003687
115.00 C 20260803 -1.00 -1.00 4 107 1.0084 0.0142 0.003227
116.00 C 20260803 -1.00 -1.00 12 34 1.0322 0.0139 0.003090
117.00 C 20260803 -1.00 -1.00 3 35 1.1772 0.0266 0.004650
118.00 C 20260803 -1.00 -1.00 3 56 1.1147 0.0161 0.003232
119.00 C 20260803 -1.00 -1.00 2 43 1.1933 0.0217 0.003854
120.00 C 20260803 -1.00 -1.00 110 325 1.0224 0.0067 0.001631
121.00 C 20260803 -1.00 -1.00 2 64 1.1653 0.0135 0.002661
55.00 P 20260803 -1.00 -1.00 1 453 1.4569 -0.0061 0.001047
60.00 P 20260803 -1.00 -1.00 588 4 1.1778 -0.0065 0.001371
65.00 P 20260803 -1.00 -1.00 51 1091 0.9690 -0.0091 0.002264
67.00 P 20260803 -1.00 -1.00 -1 0 0.9850 -0.0197 0.004325
68.00 P 20260803 -1.00 -1.00 10 1 0.9360 -0.0206 0.004750
69.00 P 20260803 -1.00 -1.00 18 5 0.9489 -0.0278 0.006093
70.00 P 20260803 -1.00 -1.00 8 46 0.9191 -0.0335 0.007269
71.00 P 20260803 -1.00 -1.00 45 52 0.9140 -0.0436 0.009040
72.00 P 20260803 -1.00 -1.00 8 18 0.9139 -0.0545 0.010915
73.00 P 20260803 -1.00 -1.00 28 32 0.9074 -0.0675 0.012980
74.00 P 20260803 -1.00 -1.00 214 140 0.8881 -0.0816 0.015239
75.00 P 20260803 -1.00 -1.00 258 168 0.8800 -0.0988 0.017796
76.00 P 20260803 -1.00 -1.00 167 162 0.8920 -0.1206 0.020544
77.00 P 20260803 -1.00 -1.00 129 81 0.8686 -0.1422 0.023333
78.00 P 20260803 -1.00 -1.00 99 155 0.8653 -0.1698 0.026295
79.00 P 20260803 -1.00 -1.00 1906 277 0.8601 -0.1973 0.029321
80.00 P 20260803 -1.00 -1.00 367 565 0.8590 -0.2301 0.032049
81.00 P 20260803 -1.00 -1.00 93 43 0.8470 -0.2646 0.034789
82.00 P 20260803 -1.00 -1.00 102 141 0.8325 -0.2996 0.037752
83.00 P 20260803 -1.00 -1.00 139 88 0.8479 -0.3404 0.039502
84.00 P 20260803 -1.00 -1.00 734 26 0.8347 -0.3812 0.041217
85.00 P 20260803 -1.00 -1.00 245 423 0.8252 -0.4235 0.042834
86.00 P 20260803 -1.00 -1.00 264 66 0.8542 -0.4663 0.042509
87.00 P 20260803 -1.00 -1.00 298 409 0.8411 -0.5084 0.043006
88.00 P 20260803 -1.00 -1.00 53 401 0.8151 -0.5529 0.043760
89.00 P 20260803 -1.00 -1.00 190 228 0.8227 -0.5946 0.042779
90.00 P 20260803 -1.00 -1.00 123 679 0.8009 -0.6396 0.042617
91.00 P 20260803 -1.00 -1.00 77 125 0.8013 -0.6771 0.040478
92.00 P 20260803 -1.00 -1.00 38 116 0.8079 -0.7128 0.038156
93.00 P 20260803 -1.00 -1.00 16 73 0.8143 -0.7480 0.035917
94.00 P 20260803 -1.00 -1.00 17 56 0.8093 -0.7788 0.033379
95.00 P 20260803 -1.00 -1.00 32 234 0.7752 -0.8188 0.030810
96.00 P 20260803 -1.00 -1.00 2 86 0.7810 -0.8459 0.027861
97.00 P 20260803 -1.00 -1.00 87 169 0.7901 -0.8661 0.025111
98.00 P 20260803 -1.00 -1.00 2 26 0.7864 -0.8862 0.022379
99.00 P 20260803 -1.00 -1.00 5 33 0.7586 -0.9152 0.018959
100.00 P 20260803 -1.00 -1.00 26 70 0.7750 -0.9277 0.016687
101.00 P 20260803 -1.00 -1.00 50 52 -1.0000 -1.0000 -1.000000
102.00 P 20260803 -1.00 -1.00 3 60 -1.0000 -1.0000 -1.000000
103.00 P 20260803 -1.00 -1.00 4 9 0.6825 -0.9791 0.007763
104.00 P 20260803 -1.00 -1.00 2 14 -1.0000 -1.0000 -1.000000
105.00 P 20260803 -1.00 -1.00 121 40 -1.0000 -1.0000 -1.000000
106.00 P 20260803 -1.00 -1.00 2 4 -1.0000 -1.0000 -1.000000
107.00 P 20260803 -1.00 -1.00 3 3 -1.0000 -1.0000 -1.000000
108.00 P 20260803 -1.00 -1.00 44 4 -1.0000 -1.0000 -1.000000
109.00 P 20260803 -1.00 -1.00 2 0 -1.0000 -1.0000 -1.000000
110.00 P 20260803 -1.00 -1.00 53 12 -1.0000 -1.0000 -1.000000
111.00 P 20260803 -1.00 -1.00 1 1 -1.0000 -1.0000 -1.000000
112.00 P 20260803 -1.00 -1.00 40 1 -1.0000 -1.0000 -1.000000
113.00 P 20260803 -1.00 -1.00 43 4 -1.0000 -1.0000 -1.000000
114.00 P 20260803 -1.00 -1.00 4 5 -1.0000 -1.0000 -1.000000
115.00 P 20260803 -1.00 -1.00 36 18 -1.0000 -1.0000 -1.000000
116.00 P 20260803 -1.00 -1.00 4 0 -1.0000 -1.0000 -1.000000
117.00 P 20260803 -1.00 -1.00 24 24 -1.0000 -1.0000 -1.000000
118.00 P 20260803 -1.00 -1.00 1 11 -1.0000 -1.0000 -1.000000
119.00 P 20260803 -1.00 -1.00 4 6 -1.0000 -1.0000 -1.000000
120.00 P 20260803 -1.00 -1.00 10 10 -1.0000 -1.0000 -1.000000
121.00 P 20260803 -1.00 -1.00 3 10 -1.0000 -1.0000 -1.000000
55.00 C 20260805 -1.00 -1.00 2 0 1.5308 0.9823 0.002217
60.00 C 20260805 -1.00 -1.00 2 1 1.3142 0.9765 0.003314
65.00 C 20260805 -1.00 -1.00 2 2 1.3348 0.9380 0.007181
67.00 C 20260805 -1.00 -1.00 -1 0 1.2401 0.9288 0.008556
68.00 C 20260805 -1.00 -1.00 -1 0 1.1814 0.9257 0.009268
69.00 C 20260805 -1.00 -1.00 -1 0 1.1856 0.9122 0.010484
70.00 C 20260805 -1.00 -1.00 -1 0 1.1774 0.9006 0.011638
71.00 C 20260805 -1.00 -1.00 -1 0 1.1327 0.8941 0.012718
72.00 C 20260805 -1.00 -1.00 -1 0 1.1498 0.8751 0.014072
73.00 C 20260805 -1.00 -1.00 -1 0 1.1004 0.8656 0.015400
74.00 C 20260805 -1.00 -1.00 -1 0 1.0677 0.8520 0.016890
75.00 C 20260805 -1.00 -1.00 5 0 1.0512 0.8346 0.018479
76.00 C 20260805 -1.00 -1.00 -1 0 1.0193 0.8194 0.020239
77.00 C 20260805 -1.00 -1.00 -1 0 1.0347 0.7955 0.021780
78.00 C 20260805 -1.00 -1.00 20 0 0.9600 0.7836 0.024138
79.00 C 20260805 -1.00 -1.00 1 0 0.9621 0.7543 0.025608
80.00 C 20260805 -1.00 -1.00 4 5 0.9349 0.7299 0.027659
81.00 C 20260805 -1.00 -1.00 -1 0 0.9720 0.6953 0.028381
82.00 C 20260805 -1.00 -1.00 2 51 0.9424 0.6695 0.030550
83.00 C 20260805 -1.00 -1.00 20 1 0.9265 0.6380 0.031774
84.00 C 20260805 -1.00 -1.00 5 15 0.9309 0.6043 0.032367
85.00 C 20260805 -1.00 -1.00 270 16 0.9202 0.5712 0.033476
86.00 C 20260805 -1.00 -1.00 202 0 0.9245 0.5377 0.034064
87.00 C 20260805 -1.00 -1.00 141 5 0.9122 0.5041 0.034460
88.00 C 20260805 -1.00 -1.00 116 3 0.9031 0.4701 0.034475
89.00 C 20260805 -1.00 -1.00 36 13 0.9037 0.4366 0.034120
90.00 C 20260805 -1.00 -1.00 303 26 0.9092 0.4040 0.033597
91.00 C 20260805 -1.00 -1.00 21 6 0.9089 0.3725 0.032953
92.00 C 20260805 -1.00 -1.00 142 51 0.9059 0.3434 0.031835
93.00 C 20260805 -1.00 -1.00 18 33 0.8986 0.3130 0.030800
94.00 C 20260805 -1.00 -1.00 35 36 0.9031 0.2854 0.029478
95.00 C 20260805 -1.00 -1.00 161 118 0.9108 0.2592 0.028127
96.00 C 20260805 -1.00 -1.00 31 74 0.9099 0.2358 0.026658
97.00 C 20260805 -1.00 -1.00 39 94 0.9057 0.2134 0.025107
98.00 C 20260805 -1.00 -1.00 23 89 0.9057 0.1920 0.023513
99.00 C 20260805 -1.00 -1.00 26 89 0.9097 0.1719 0.021923
100.00 C 20260805 -1.00 -1.00 280 391 0.9205 0.1545 0.020391
101.00 C 20260805 -1.00 -1.00 14 150 0.9203 0.1388 0.018924
102.00 C 20260805 -1.00 -1.00 196 3183 0.9180 0.1245 0.017464
103.00 C 20260805 -1.00 -1.00 55 90 0.9199 0.1113 0.016039
104.00 C 20260805 -1.00 -1.00 146 68 0.9276 0.1000 0.014719
105.00 C 20260805 -1.00 -1.00 62 279 0.9393 0.0900 0.013511
106.00 C 20260805 -1.00 -1.00 7 78 0.9489 0.0797 0.012323
107.00 C 20260805 -1.00 -1.00 28 109 0.9503 0.0719 0.011317
108.00 C 20260805 -1.00 -1.00 28 92 0.9523 0.0649 0.010358
109.00 C 20260805 -1.00 -1.00 6 24 0.9644 0.0599 0.009579
110.00 C 20260805 -1.00 -1.00 42 241 0.9663 0.0530 0.008656
111.00 C 20260805 -1.00 -1.00 1 4 1.0015 0.0531 0.008366
112.00 C 20260805 -1.00 -1.00 5 71 0.9867 0.0428 0.007188
113.00 C 20260805 -1.00 -1.00 1 5 1.0050 0.0398 0.006673
114.00 C 20260805 -1.00 -1.00 1 57 1.0169 0.0361 0.006121
115.00 C 20260805 -1.00 -1.00 16 102 1.0012 0.0309 0.005414
116.00 C 20260805 -1.00 -1.00 4 63 1.0117 0.0287 0.005026
117.00 C 20260805 -1.00 -1.00 5 9 1.0221 0.0266 0.004654
118.00 C 20260805 -1.00 -1.00 7 43 1.0324 0.0245 0.004296
119.00 C 20260805 -1.00 -1.00 1 3 1.0619 0.0248 0.004222
120.00 C 20260805 -1.00 -1.00 227 382 1.1167 0.0281 0.004460
121.00 C 20260805 -1.00 -1.00 9 15 1.2030 0.0343 0.004931
55.00 P 20260805 -1.00 -1.00 2 1 2.3135 -0.0695 0.004493
60.00 P 20260805 -1.00 -1.00 2 1 1.1642 -0.0139 0.002355
65.00 P 20260805 -1.00 -1.00 48 133 1.0650 -0.0297 0.004939
67.00 P 20260805 -1.00 -1.00 3 77 1.0259 -0.0413 0.006696
68.00 P 20260805 -1.00 -1.00 48 30 0.9852 -0.0445 0.007416
69.00 P 20260805 -1.00 -1.00 9 1 1.0138 -0.0571 0.008933
70.00 P 20260805 -1.00 -1.00 56 64 0.9957 -0.0674 0.010255
71.00 P 20260805 -1.00 -1.00 1 0 0.9797 -0.0792 0.011727
72.00 P 20260805 -1.00 -1.00 17 21 0.9735 -0.0932 0.013366
73.00 P 20260805 -1.00 -1.00 14 54 0.9675 -0.1074 0.015043
74.00 P 20260805 -1.00 -1.00 20 2 0.9653 -0.1251 0.016815
75.00 P 20260805 -1.00 -1.00 60 189 0.9498 -0.1440 0.018672
76.00 P 20260805 -1.00 -1.00 63 88 0.9425 -0.1653 0.020607
77.00 P 20260805 -1.00 -1.00 523 55 0.9430 -0.1885 0.022541
78.00 P 20260805 -1.00 -1.00 353 57 0.9461 -0.2136 0.024364
79.00 P 20260805 -1.00 -1.00 51 2 0.9273 -0.2392 0.026241
80.00 P 20260805 -1.00 -1.00 403 284 0.9169 -0.2673 0.028065
81.00 P 20260805 -1.00 -1.00 58 24 0.9182 -0.2977 0.029674
82.00 P 20260805 -1.00 -1.00 155 206 0.9228 -0.3285 0.031191
83.00 P 20260805 -1.00 -1.00 204 181 0.9033 -0.3603 0.032594
84.00 P 20260805 -1.00 -1.00 157 16 0.8969 -0.3942 0.033598
85.00 P 20260805 -1.00 -1.00 254 332 0.8916 -0.4287 0.034585
86.00 P 20260805 -1.00 -1.00 53 63 0.9011 -0.4633 0.035012
87.00 P 20260805 -1.00 -1.00 142 244 0.8839 -0.4981 0.035620
88.00 P 20260805 -1.00 -1.00 203 8 0.8750 -0.5333 0.035622
89.00 P 20260805 -1.00 -1.00 14 264 0.8904 -0.5658 0.034680
90.00 P 20260805 -1.00 -1.00 21 263 0.8912 -0.5998 0.034318
91.00 P 20260805 -1.00 -1.00 37 38 0.8837 -0.6330 0.033776
92.00 P 20260805 -1.00 -1.00 10 54 0.8723 -0.6650 0.032825
93.00 P 20260805 -1.00 -1.00 3 55 0.8771 -0.6935 0.031404
94.00 P 20260805 -1.00 -1.00 3 6 0.8765 -0.7234 0.030135
95.00 P 20260805 -1.00 -1.00 4 38 0.8858 -0.7500 0.028661
96.00 P 20260805 -1.00 -1.00 4 63 0.8832 -0.7727 0.027022
97.00 P 20260805 -1.00 -1.00 44 102 0.8529 -0.8043 0.025504
98.00 P 20260805 -1.00 -1.00 4 21 0.8435 -0.8306 0.023701
99.00 P 20260805 -1.00 -1.00 8 8 0.8079 -0.8636 0.021662
100.00 P 20260805 -1.00 -1.00 57 230 0.8757 -0.8602 0.020316
101.00 P 20260805 -1.00 -1.00 10 22 0.8717 -0.8759 0.018685
102.00 P 20260805 -1.00 -1.00 2 12 0.6353 -0.9627 0.011144
103.00 P 20260805 -1.00 -1.00 2 12 0.8220 -0.9223 0.014448
104.00 P 20260805 -1.00 -1.00 1 23 0.8992 -0.9109 0.014393
105.00 P 20260805 -1.00 -1.00 17 12 -1.0000 -1.0000 -1.000000
106.00 P 20260805 -1.00 -1.00 5 8 -1.0000 -1.0000 -1.000000
107.00 P 20260805 -1.00 -1.00 41 6 -1.0000 -1.0000 -1.000000
108.00 P 20260805 -1.00 -1.00 1 28 -1.0000 -1.0000 -1.000000
109.00 P 20260805 -1.00 -1.00 40 1 -1.0000 -1.0000 -1.000000
110.00 P 20260805 -1.00 -1.00 43 30 -1.0000 -1.0000 -1.000000
111.00 P 20260805 -1.00 -1.00 1 2 -1.0000 -1.0000 -1.000000
112.00 P 20260805 -1.00 -1.00 41 1 -1.0000 -1.0000 -1.000000
113.00 P 20260805 -1.00 -1.00 40 0 -1.0000 -1.0000 -1.000000
114.00 P 20260805 -1.00 -1.00 40 0 -1.0000 -1.0000 -1.000000
115.00 P 20260805 -1.00 -1.00 16 17 0.8516 -0.9914 0.003167
116.00 P 20260805 -1.00 -1.00 44 11 -1.0000 -1.0000 -1.000000
117.00 P 20260805 -1.00 -1.00 40 3 -1.0000 -1.0000 -1.000000
118.00 P 20260805 -1.00 -1.00 1 0 -1.0000 -1.0000 -1.000000
119.00 P 20260805 -1.00 -1.00 2 1 -1.0000 -1.0000 -1.000000
120.00 P 20260805 -1.00 -1.00 1 14 -1.0000 -1.0000 -1.000000
121.00 P 20260805 -1.00 -1.00 16 1 -1.0000 -1.0000 -1.000000
55.00 C 20260807 -1.00 -1.00 23 0 1.4399 0.9788 0.002483
60.00 C 20260807 -1.00 -1.00 12 13 1.2578 0.9681 0.003961
65.00 C 20260807 -1.00 -1.00 5 100 1.1677 0.9430 0.006933
67.00 C 20260807 -1.00 -1.00 -1 0 1.1963 0.9150 0.009080
68.00 C 20260807 -1.00 -1.00 -1 0 1.1654 0.9080 0.009914
69.00 C 20260807 -1.00 -1.00 -1 0 1.2304 0.8870 0.011052
70.00 C 20260807 -1.00 -1.00 104 1068 1.0719 0.8981 0.011691
71.00 C 20260807 -1.00 -1.00 102 0 1.0645 0.8865 0.012842
72.00 C 20260807 -1.00 -1.00 1 0 1.0269 0.8761 0.014046
73.00 C 20260807 -1.00 -1.00 -1 0 1.0547 0.8513 0.015372
74.00 C 20260807 -1.00 -1.00 -1 0 1.0177 0.8395 0.016762
75.00 C 20260807 -1.00 -1.00 30 45 1.0026 0.8229 0.018205
76.00 C 20260807 -1.00 -1.00 -1 0 1.0018 0.8034 0.019617
77.00 C 20260807 -1.00 -1.00 -1 0 0.9844 0.7837 0.021057
78.00 C 20260807 -1.00 -1.00 -1 0 0.9802 0.7590 0.022292
79.00 C 20260807 -1.00 -1.00 8 0 0.9496 0.7385 0.023996
80.00 C 20260807 -1.00 -1.00 613 94 0.9509 0.7120 0.025225
81.00 C 20260807 -1.00 -1.00 7 3 0.9574 0.6850 0.026332
82.00 C 20260807 -1.00 -1.00 24 60 0.9423 0.6586 0.027554
83.00 C 20260807 -1.00 -1.00 6 3 0.9411 0.6292 0.028186
84.00 C 20260807 -1.00 -1.00 138 1 0.9264 0.6003 0.029226
85.00 C 20260807 -1.00 -1.00 1022 74 0.9253 0.5703 0.029875
86.00 C 20260807 -1.00 -1.00 2352 31 0.9330 0.5405 0.030237
87.00 C 20260807 -1.00 -1.00 438 62 0.9258 0.5109 0.030446
88.00 C 20260807 -1.00 -1.00 1224 83 0.9170 0.4809 0.030500
89.00 C 20260807 -1.00 -1.00 409 81 0.9126 0.4508 0.030403
90.00 C 20260807 -1.00 -1.00 1139 660 0.9126 0.4212 0.030163
91.00 C 20260807 -1.00 -1.00 441 289 0.9212 0.3931 0.029660
91.50 C 20260807 -1.00 -1.00 123 136 0.9237 0.3801 0.029287
92.00 C 20260807 -1.00 -1.00 234 133 0.9215 0.3672 0.028886
92.50 C 20260807 -1.00 -1.00 317 187 0.9165 0.3536 0.028549
93.00 C 20260807 -1.00 -1.00 129 155 0.9096 0.3395 0.028245
94.00 C 20260807 -1.00 -1.00 218 180 0.9112 0.3145 0.027272
95.00 C 20260807 -1.00 -1.00 1587 1338 0.9167 0.2907 0.026236
96.00 C 20260807 -1.00 -1.00 1108 387 0.9211 0.2669 0.025242
97.00 C 20260807 -1.00 -1.00 977 489 0.9244 0.2460 0.024139
98.00 C 20260807 -1.00 -1.00 493 320 0.9189 0.2259 0.022975
99.00 C 20260807 -1.00 -1.00 187 292 0.9159 0.2062 0.021767
100.00 C 20260807 -1.00 -1.00 1637 2171 0.9226 0.1896 0.020530
101.00 C 20260807 -1.00 -1.00 316 355 0.9269 0.1724 0.019326
102.00 C 20260807 -1.00 -1.00 337 392 0.9371 0.1575 0.018166
103.00 C 20260807 -1.00 -1.00 145 342 0.9366 0.1433 0.017045
104.00 C 20260807 -1.00 -1.00 198 509 0.9306 0.1298 0.015907
105.00 C 20260807 -1.00 -1.00 3578 3017 0.9388 0.1201 0.014878
106.00 C 20260807 -1.00 -1.00 65 175 0.9399 0.1085 0.013803
107.00 C 20260807 -1.00 -1.00 190 380 0.9463 0.0986 0.012807
108.00 C 20260807 -1.00 -1.00 61 237 0.9560 0.0898 0.011891
109.00 C 20260807 -1.00 -1.00 22 229 0.9692 0.0824 0.011071
110.00 C 20260807 -1.00 -1.00 2014 1668 0.9761 0.0762 0.010344
111.00 C 20260807 -1.00 -1.00 40 65 0.9684 0.0683 0.009511
112.00 C 20260807 -1.00 -1.00 30 377 0.9727 0.0627 0.008824
113.00 C 20260807 -1.00 -1.00 25 100 0.9769 0.0571 0.008149
114.00 C 20260807 -1.00 -1.00 1019 250 0.9840 0.0523 0.007535
115.00 C 20260807 -1.00 -1.00 901 1152 0.9881 0.0468 0.006887
116.00 C 20260807 -1.00 -1.00 4 105 0.9980 0.0427 0.006360
117.00 C 20260807 -1.00 -1.00 28 132 1.0108 0.0394 0.005908
118.00 C 20260807 -1.00 -1.00 27 169 1.0170 0.0361 0.005476
119.00 C 20260807 -1.00 -1.00 22 96 1.0143 0.0328 0.005043
120.00 C 20260807 -1.00 -1.00 254 1998 1.0345 0.0322 0.004868
121.00 C 20260807 -1.00 -1.00 18 157 1.0146 0.0269 0.004237
55.00 P 20260807 -1.00 -1.00 810 21309 1.0946 -0.0046 0.000849
60.00 P 20260807 -1.00 -1.00 1213 1827 1.0934 -0.0177 0.002773
65.00 P 20260807 -1.00 -1.00 1188 2166 1.0264 -0.0400 0.005842
67.00 P 20260807 -1.00 -1.00 104 0 1.0217 -0.0551 0.007715
68.00 P 20260807 -1.00 -1.00 8 0 1.0075 -0.0643 0.008764
69.00 P 20260807 -1.00 -1.00 116 0 0.9943 -0.0751 0.009948
70.00 P 20260807 -1.00 -1.00 1997 2125 0.9747 -0.0849 0.011136
71.00 P 20260807 -1.00 -1.00 540 0 0.9839 -0.1004 0.012573
72.00 P 20260807 -1.00 -1.00 70 0 0.9882 -0.1149 0.013954
73.00 P 20260807 -1.00 -1.00 76 0 0.9719 -0.1310 0.015380
74.00 P 20260807 -1.00 -1.00 38 0 0.9587 -0.1483 0.016886
75.00 P 20260807 -1.00 -1.00 594 6158 0.9542 -0.1678 0.018433
76.00 P 20260807 -1.00 -1.00 60 0 0.9526 -0.1881 0.019986
77.00 P 20260807 -1.00 -1.00 131 0 0.9524 -0.2099 0.021481
78.00 P 20260807 -1.00 -1.00 124 0 0.9327 -0.2322 0.023026
79.00 P 20260807 -1.00 -1.00 81 0 0.9301 -0.2585 0.024370
80.00 P 20260807 -1.00 -1.00 763 2242 0.9265 -0.2848 0.025748
81.00 P 20260807 -1.00 -1.00 154 290 0.9313 -0.3123 0.026956
82.00 P 20260807 -1.00 -1.00 155 2331 0.9231 -0.3399 0.028136
83.00 P 20260807 -1.00 -1.00 202 538 0.9131 -0.3692 0.029055
84.00 P 20260807 -1.00 -1.00 472 305 0.9078 -0.3994 0.029858
85.00 P 20260807 -1.00 -1.00 1208 1072 0.9024 -0.4300 0.030675
86.00 P 20260807 -1.00 -1.00 407 217 0.9059 -0.4607 0.031204
87.00 P 20260807 -1.00 -1.00 456 171 0.8987 -0.4913 0.031419
88.00 P 20260807 -1.00 -1.00 159 464 0.8902 -0.5223 0.031465
89.00 P 20260807 -1.00 -1.00 57 463 0.8948 -0.5521 0.031058
90.00 P 20260807 -1.00 -1.00 222 1481 0.8951 -0.5824 0.030806
91.00 P 20260807 -1.00 -1.00 38 67 0.9037 -0.6112 0.030287
91.50 P 20260807 -1.00 -1.00 26 221 0.8936 -0.6264 0.030158
92.00 P 20260807 -1.00 -1.00 56 111 0.8809 -0.6419 0.030005
92.50 P 20260807 -1.00 -1.00 9 147 0.8877 -0.6535 0.029333
93.00 P 20260807 -1.00 -1.00 17 184 0.8945 -0.6650 0.028680
94.00 P 20260807 -1.00 -1.00 17 259 0.8742 -0.6964 0.028151
95.00 P 20260807 -1.00 -1.00 117 1651 0.8828 -0.7204 0.026972
96.00 P 20260807 -1.00 -1.00 50 345 0.9006 -0.7409 0.025680
97.00 P 20260807 -1.00 -1.00 51 112 0.8909 -0.7642 0.024569
98.00 P 20260807 -1.00 -1.00 70 256 0.8820 -0.7864 0.023330
99.00 P 20260807 -1.00 -1.00 24 141 0.8915 -0.8030 0.021974
100.00 P 20260807 -1.00 -1.00 133 1349 0.8886 -0.8234 0.020683
101.00 P 20260807 -1.00 -1.00 32 91 0.8915 -0.8419 0.019386
102.00 P 20260807 -1.00 -1.00 42 176 0.8906 -0.8581 0.018117
103.00 P 20260807 -1.00 -1.00 66 212 0.8866 -0.8720 0.016876
104.00 P 20260807 -1.00 -1.00 99 108 0.8915 -0.8833 0.015704
105.00 P 20260807 -1.00 -1.00 110 3473 0.8783 -0.9002 0.014312
106.00 P 20260807 -1.00 -1.00 88 100 0.9008 -0.9058 0.013426
107.00 P 20260807 -1.00 -1.00 31 67 0.9049 -0.9170 0.012313
108.00 P 20260807 -1.00 -1.00 36 32 0.9265 -0.9221 0.011547
109.00 P 20260807 -1.00 -1.00 46 82 0.8926 -0.9365 0.010247
110.00 P 20260807 -1.00 -1.00 215 1229 0.8406 -0.9565 0.008325
111.00 P 20260807 -1.00 -1.00 8 22 0.8502 -0.9617 0.007540
112.00 P 20260807 -1.00 -1.00 9 81 0.8269 -0.9716 0.006355
113.00 P 20260807 -1.00 -1.00 11 40 0.9010 -0.9634 0.006874
114.00 P 20260807 -1.00 -1.00 8 59 0.9422 -0.9603 0.006932
115.00 P 20260807 -1.00 -1.00 27 288 0.8599 -0.9782 0.005053
116.00 P 20260807 -1.00 -1.00 9 140 0.8814 -0.9786 0.004846
117.00 P 20260807 -1.00 -1.00 6 373 -1.0000 -1.0000 -1.000000
118.00 P 20260807 -1.00 -1.00 11 148 -1.0000 -1.0000 -1.000000
119.00 P 20260807 -1.00 -1.00 1 30 -1.0000 -1.0000 -1.000000
120.00 P 20260807 -1.00 -1.00 11 288 -1.0000 -1.0000 -1.000000
121.00 P 20260807 -1.00 -1.00 5 105 -1.0000 -1.0000 -1.000000
55.00 C 20260810 -1.00 -1.00 1 1 1.5744 0.9534 0.003833
60.00 C 20260810 -1.00 -1.00 2 0 1.3206 0.9454 0.005198
65.00 C 20260810 -1.00 -1.00 20 0 1.2210 0.9108 0.008132
67.00 C 20260810 -1.00 -1.00 -1 0 1.0540 0.9148 0.009079
68.00 C 20260810 -1.00 -1.00 -1 0 1.0367 0.9061 0.009955
69.00 C 20260810 -1.00 -1.00 2 0 1.1157 0.8801 0.011099
70.00 C 20260810 -1.00 -1.00 6 2 1.0938 0.8685 0.012006
71.00 C 20260810 -1.00 -1.00 -1 0 1.0207 0.8668 0.012979
72.00 C 20260810 -1.00 -1.00 -1 0 1.0637 0.8416 0.013972
73.00 C 20260810 -1.00 -1.00 -1 0 1.0617 0.8255 0.014974
74.00 C 20260810 -1.00 -1.00 -1 0 0.9968 0.8196 0.016319
75.00 C 20260810 -1.00 -1.00 -1 0 0.9828 0.8044 0.017536
76.00 C 20260810 -1.00 -1.00 -1 0 0.9603 0.7876 0.018772
77.00 C 20260810 -1.00 -1.00 -1 0 0.9513 0.7663 0.019861
78.00 C 20260810 -1.00 -1.00 -1 0 0.9283 0.7470 0.021196
79.00 C 20260810 -1.00 -1.00 -1 0 0.9243 0.7239 0.022299
80.00 C 20260810 -1.00 -1.00 2 0 0.9803 0.6936 0.022287
81.00 C 20260810 -1.00 -1.00 -1 0 0.9269 0.6757 0.024255
82.00 C 20260810 -1.00 -1.00 -1 0 0.9093 0.6509 0.025203
83.00 C 20260810 -1.00 -1.00 -1 0 0.8958 0.6249 0.026084
84.00 C 20260810 -1.00 -1.00 14 0 0.8511 0.5993 0.027969
85.00 C 20260810 -1.00 -1.00 64 12 0.8890 0.5704 0.027335
86.00 C 20260810 -1.00 -1.00 1338 0 0.8915 0.5431 0.027787
87.00 C 20260810 -1.00 -1.00 85 0 0.8925 0.5163 0.027748
88.00 C 20260810 -1.00 -1.00 27 0 0.8729 0.4880 0.028185
89.00 C 20260810 -1.00 -1.00 29 0 0.8612 0.4594 0.028370
90.00 C 20260810 -1.00 -1.00 56 63 0.8102 0.4234 0.029876
91.00 C 20260810 -1.00 -1.00 2 0 0.8840 0.4084 0.027296
92.00 C 20260810 -1.00 -1.00 3 0 0.8962 0.3851 0.026638
93.00 C 20260810 -1.00 -1.00 -1 0 0.9049 0.3644 0.025718
94.00 C 20260810 -1.00 -1.00 6 0 0.8314 0.3238 0.026585
95.00 C 20260810 -1.00 -1.00 306 68 0.8462 0.3038 0.025429
96.00 C 20260810 -1.00 -1.00 3 0 0.8608 0.2844 0.024344
97.00 C 20260810 -1.00 -1.00 -1 0 0.8786 0.2668 0.023273
98.00 C 20260810 -1.00 -1.00 -1 0 0.9284 0.2606 0.021846
99.00 C 20260810 -1.00 -1.00 2 0 0.9357 0.2460 0.020906
100.00 C 20260810 -1.00 -1.00 25 133 0.8919 0.2172 0.020270
101.00 C 20260810 -1.00 -1.00 -1 0 0.9027 0.2039 0.019257
102.00 C 20260810 -1.00 -1.00 4 0 0.8891 0.1826 0.018308
103.00 C 20260810 -1.00 -1.00 4 0 0.9146 0.1748 0.017360
104.00 C 20260810 -1.00 -1.00 -1 0 0.9178 0.1597 0.016441
105.00 C 20260810 -1.00 -1.00 17 81 0.9898 0.1693 0.015759
106.00 C 20260810 -1.00 -1.00 -1 0 0.9725 0.1504 0.014935
107.00 C 20260810 -1.00 -1.00 -1 0 0.8939 0.1189 0.013620
108.00 C 20260810 -1.00 -1.00 1 0 0.9192 0.1157 0.012983
109.00 C 20260810 -1.00 -1.00 1 0 0.8937 0.0971 0.011790
110.00 C 20260810 -1.00 -1.00 53 55 0.9675 0.1094 0.011847
111.00 C 20260810 -1.00 -1.00 1 0 0.9345 0.0891 0.010638
112.00 C 20260810 -1.00 -1.00 1 0 0.9742 0.0916 0.010400
113.00 C 20260810 -1.00 -1.00 -1 0 0.9805 0.0837 0.009736
114.00 C 20260810 -1.00 -1.00 -1 0 0.9723 0.0759 0.009072
115.00 C 20260810 -1.00 -1.00 2 2 0.9009 0.0549 0.007517
116.00 C 20260810 -1.00 -1.00 -1 0 1.0911 0.0895 0.009157
117.00 C 20260810 -1.00 -1.00 -1 0 1.2689 0.1266 0.010025
118.00 C 20260810 -1.00 -1.00 -1 0 1.2885 0.1238 0.009712
119.00 C 20260810 -1.00 -1.00 -1 0 1.0512 0.0648 0.007354
120.00 C 20260810 -1.00 -1.00 18 16 1.0313 0.0556 0.006632
121.00 C 20260810 -1.00 -1.00 -1 0 -1.0000 -1.0000 -1.000000
55.00 P 20260810 -1.00 -1.00 3 0 1.8273 -0.0699 0.004495
60.00 P 20260810 -1.00 -1.00 -1 0 1.1571 -0.0380 0.004363
65.00 P 20260810 -1.00 -1.00 25 0 0.9130 -0.0415 0.005958
67.00 P 20260810 -1.00 -1.00 -1 0 1.0290 -0.0809 0.008939
68.00 P 20260810 -1.00 -1.00 -1 0 0.8740 -0.0614 0.008596
69.00 P 20260810 -1.00 -1.00 -1 0 0.8646 -0.0728 0.009825
70.00 P 20260810 -1.00 -1.00 238 6 0.9176 -0.0972 0.011560
71.00 P 20260810 -1.00 -1.00 -1 0 0.9542 -0.1181 0.012894
72.00 P 20260810 -1.00 -1.00 -1 0 1.0210 -0.1505 0.014068
73.00 P 20260810 -1.00 -1.00 -1 0 0.8751 -0.1362 0.015381
74.00 P 20260810 -1.00 -1.00 -1 0 0.9176 -0.1653 0.016681
75.00 P 20260810 -1.00 -1.00 31 17 0.7919 -0.1558 0.018563
76.00 P 20260810 -1.00 -1.00 -1 0 0.8581 -0.1920 0.019796
77.00 P 20260810 -1.00 -1.00 202 0 0.9613 -0.2358 0.019759
78.00 P 20260810 -1.00 -1.00 -1 0 0.8936 -0.2471 0.021775
79.00 P 20260810 -1.00 -1.00 -1 0 0.9132 -0.2748 0.022529
80.00 P 20260810 -1.00 -1.00 30 51 0.8671 -0.2926 0.024549
81.00 P 20260810 -1.00 -1.00 -1 0 0.8215 -0.3122 0.026858
82.00 P 20260810 -1.00 -1.00 37 0 0.8323 -0.3418 0.027451
83.00 P 20260810 -1.00 -1.00 242 0 0.8164 -0.3699 0.028570
84.00 P 20260810 -1.00 -1.00 6 0 0.7936 -0.3986 0.030003
85.00 P 20260810 -1.00 -1.00 89 29 0.8141 -0.4296 0.029891
86.00 P 20260810 -1.00 -1.00 166 0 0.8172 -0.4596 0.030406
87.00 P 20260810 -1.00 -1.00 8 0 0.8570 -0.4866 0.028966
88.00 P 20260810 -1.00 -1.00 1 0 0.7803 -0.5219 0.031566
89.00 P 20260810 -1.00 -1.00 -1 0 0.7693 -0.5541 0.031757
90.00 P 20260810 -1.00 -1.00 43 67 0.7886 -0.5815 0.030764
91.00 P 20260810 -1.00 -1.00 3 0 0.7730 -0.6154 0.031088
92.00 P 20260810 -1.00 -1.00 5 0 0.7809 -0.6399 0.029849
93.00 P 20260810 -1.00 -1.00 -1 0 0.7716 -0.6685 0.029128
94.00 P 20260810 -1.00 -1.00 5 0 0.7667 -0.6965 0.028252
95.00 P 20260810 -1.00 -1.00 11 43 0.7658 -0.7235 0.027259
96.00 P 20260810 -1.00 -1.00 1 0 0.7670 -0.7492 0.026171
97.00 P 20260810 -1.00 -1.00 -1 0 0.7757 -0.7664 0.024723
98.00 P 20260810 -1.00 -1.00 1 0 0.7355 -0.8007 0.023674
99.00 P 20260810 -1.00 -1.00 -1 0 0.7495 -0.8159 0.022172
100.00 P 20260810 -1.00 -1.00 15 12 0.7469 -0.8376 0.020748
101.00 P 20260810 -1.00 -1.00 -1 0 0.7517 -0.8547 0.019345
102.00 P 20260810 -1.00 -1.00 -1 0 0.6924 -0.8890 0.017368
103.00 P 20260810 -1.00 -1.00 1 0 0.6645 -0.9157 0.015157
104.00 P 20260810 -1.00 -1.00 -1 0 0.7333 -0.9018 0.015087
105.00 P 20260810 -1.00 -1.00 1 1 0.5694 -0.9705 0.009046
106.00 P 20260810 -1.00 -1.00 -1 0 0.5910 -0.9714 0.008482
107.00 P 20260810 -1.00 -1.00 2 0 0.7843 -0.9218 0.012178
108.00 P 20260810 -1.00 -1.00 -1 0 -1.0000 -1.0000 -1.000000
109.00 P 20260810 -1.00 -1.00 -1 0 0.5846 -0.9886 0.005137
110.00 P 20260810 -1.00 -1.00 1 0 -1.0000 -1.0000 -1.000000
111.00 P 20260810 -1.00 -1.00 -1 0 -1.0000 -1.0000 -1.000000
112.00 P 20260810 -1.00 -1.00 -1 0 -1.0000 -1.0000 -1.000000
113.00 P 20260810 -1.00 -1.00 -1 0 -1.0000 -1.0000 -1.000000
114.00 P 20260810 -1.00 -1.00 -1 0 -1.0000 -1.0000 -1.000000
115.00 P 20260810 -1.00 -1.00 1 2 -1.0000 -1.0000 -1.000000
116.00 P 20260810 -1.00 -1.00 -1 0 -1.0000 -1.0000 -1.000000
117.00 P 20260810 -1.00 -1.00 -1 0 -1.0000 -1.0000 -1.000000
118.00 P 20260810 -1.00 -1.00 -1 0 -1.0000 -1.0000 -1.000000
119.00 P 20260810 -1.00 -1.00 -1 0 -1.0000 -1.0000 -1.000000
120.00 P 20260810 -1.00 -1.00 2 1 -1.0000 -1.0000 -1.000000
121.00 P 20260810 -1.00 -1.00 -1 0 -1.0000 -1.0000 -1.000000
55.00 C 20260812 -1.00 -1.00 -1 0 1.2285 0.9750 0.002736
60.00 C 20260812 -1.00 -1.00 -1 0 1.1463 0.9545 0.004789
65.00 C 20260812 -1.00 -1.00 6 0 1.0390 0.9269 0.007628
70.00 C 20260812 -1.00 -1.00 2 0 1.0102 0.8706 0.011988
75.00 C 20260812 -1.00 -1.00 11 0 0.9247 0.8031 0.017454
80.00 C 20260812 -1.00 -1.00 62 0 0.9331 0.6918 0.021899
85.00 C 20260812 -1.00 -1.00 506 0 0.9290 0.5709 0.024387
90.00 C 20260812 -1.00 -1.00 1209 0 0.8646 0.4421 0.026220
95.00 C 20260812 -1.00 -1.00 38 0 0.9012 0.3353 0.023184
100.00 C 20260812 -1.00 -1.00 175 0 0.8850 0.2342 0.019949
105.00 C 20260812 -1.00 -1.00 24 0 0.9100 0.1651 0.015750
110.00 C 20260812 -1.00 -1.00 -1 0 0.8400 0.0890 0.011018
115.00 C 20260812 -1.00 -1.00 2 0 0.9634 0.0821 0.009114
120.00 C 20260812 -1.00 -1.00 1 0 0.9838 0.0608 0.006952
55.00 P 20260812 -1.00 -1.00 -1 0 -1.0000 -1.0000 -1.000000
60.00 P 20260812 -1.00 -1.00 -1 0 1.4760 -0.0859 0.006099
65.00 P 20260812 -1.00 -1.00 -1 0 1.1136 -0.0855 0.008038
70.00 P 20260812 -1.00 -1.00 35 0 0.8228 -0.0902 0.011322
75.00 P 20260812 -1.00 -1.00 16 0 0.8248 -0.1775 0.018160
80.00 P 20260812 -1.00 -1.00 27 0 0.8638 -0.3003 0.023314
85.00 P 20260812 -1.00 -1.00 36 0 0.8032 -0.4297 0.028247
90.00 P 20260812 -1.00 -1.00 13 0 0.7819 -0.5725 0.028997
95.00 P 20260812 -1.00 -1.00 2 0 0.7819 -0.6996 0.025723
100.00 P 20260812 -1.00 -1.00 4 0 0.7735 -0.8051 0.020718
105.00 P 20260812 -1.00 -1.00 -1 0 0.8233 -0.8648 0.015590
110.00 P 20260812 -1.00 -1.00 -1 0 0.7908 -0.9294 0.010513
115.00 P 20260812 -1.00 -1.00 -1 0 -1.0000 -1.0000 -1.000000
120.00 P 20260812 -1.00 -1.00 -1 0 0.8390 -0.9740 0.005035
55.00 C 20260814 -1.00 -1.00 -1 0 1.2815 0.9618 0.003470
60.00 C 20260814 -1.00 -1.00 10 91 1.0863 0.9536 0.004832
65.00 C 20260814 -1.00 -1.00 13 123 0.9902 0.9245 0.007711
70.00 C 20260814 -1.00 -1.00 42 396 0.9526 0.8701 0.011978
75.00 C 20260814 -1.00 -1.00 111 77 0.9248 0.7916 0.016888
80.00 C 20260814 -1.00 -1.00 11 284 0.9037 0.6892 0.021368
81.00 C 20260814 -1.00 -1.00 2 3 0.9073 0.6658 0.021825
82.00 C 20260814 -1.00 -1.00 1 1 0.8983 0.6429 0.022449
83.00 C 20260814 -1.00 -1.00 1 5 0.8895 0.6195 0.023089
84.00 C 20260814 -1.00 -1.00 28 1 0.8772 0.5957 0.023835
85.00 C 20260814 -1.00 -1.00 687 66 0.8823 0.5713 0.024131
86.00 C 20260814 -1.00 -1.00 75 4 0.8873 0.5473 0.024423
87.00 C 20260814 -1.00 -1.00 118 12 0.8809 0.5234 0.024615
88.00 C 20260814 -1.00 -1.00 356 325 0.8732 0.4992 0.024707
89.00 C 20260814 -1.00 -1.00 6 3 0.8724 0.4754 0.024607
90.00 C 20260814 -1.00 -1.00 289 1593 0.8682 0.4510 0.024597
91.00 C 20260814 -1.00 -1.00 20 46 0.8740 0.4281 0.024316
91.50 C 20260814 -1.00 -1.00 9 11 0.8736 0.4162 0.024265
92.00 C 20260814 -1.00 -1.00 41 34 0.8764 0.4049 0.024129
92.50 C 20260814 -1.00 -1.00 8 15 0.8784 0.3937 0.023994
93.00 C 20260814 -1.00 -1.00 50 122 0.8756 0.3831 0.023773
94.00 C 20260814 -1.00 -1.00 49 54 0.8701 0.3618 0.023320
95.00 C 20260814 -1.00 -1.00 184 752 0.8683 0.3412 0.022778
96.00 C 20260814 -1.00 -1.00 83 227 0.8688 0.3211 0.022192
97.00 C 20260814 -1.00 -1.00 67 158 0.8700 0.3012 0.021596
98.00 C 20260814 -1.00 -1.00 34 224 0.8762 0.2830 0.020929
99.00 C 20260814 -1.00 -1.00 147 119 0.8846 0.2658 0.020253
100.00 C 20260814 -1.00 -1.00 607 1295 0.8817 0.2492 0.019570
101.00 C 20260814 -1.00 -1.00 72 416 0.8749 0.2324 0.018862
102.00 C 20260814 -1.00 -1.00 25 130 0.8737 0.2172 0.018102
103.00 C 20260814 -1.00 -1.00 39 113 0.8772 0.2034 0.017327
104.00 C 20260814 -1.00 -1.00 90 897 0.8806 0.1898 0.016565
105.00 C 20260814 -1.00 -1.00 206 1753 0.8858 0.1770 0.015816
106.00 C 20260814 -1.00 -1.00 30 115 0.8928 0.1650 0.015091
107.00 C 20260814 -1.00 -1.00 30 159 0.8994 0.1542 0.014397
108.00 C 20260814 -1.00 -1.00 37 491 0.8941 0.1434 0.013699
109.00 C 20260814 -1.00 -1.00 17 119 0.8942 0.1341 0.013018
110.00 C 20260814 -1.00 -1.00 1982 4099 0.8957 0.1251 0.012347
111.00 C 20260814 -1.00 -1.00 30 117 0.8984 0.1166 0.011694
112.00 C 20260814 -1.00 -1.00 36 80 0.9025 0.1086 0.011063
113.00 C 20260814 -1.00 -1.00 39 73 0.9078 0.1011 0.010459
114.00 C 20260814 -1.00 -1.00 20 51 0.9157 0.0945 0.009904
115.00 C 20260814 -1.00 -1.00 192 770 0.9235 0.0880 0.009368
116.00 C 20260814 -1.00 -1.00 3 67 0.9404 0.0848 0.008980
117.00 C 20260814 -1.00 -1.00 3 93 0.9324 0.0776 0.008433
118.00 C 20260814 -1.00 -1.00 34 64 0.9348 0.0732 0.008003
119.00 C 20260814 -1.00 -1.00 31 1875 0.9329 0.0677 0.007526
120.00 C 20260814 -1.00 -1.00 284 1277 0.9353 0.0633 0.007101
121.00 C 20260814 -1.00 -1.00 6 134 0.9399 0.0593 0.006711
55.00 P 20260814 -1.00 -1.00 504 2513 1.1104 -0.0213 0.002482
60.00 P 20260814 -1.00 -1.00 63 533 1.0109 -0.0375 0.004332
65.00 P 20260814 -1.00 -1.00 77 1479 0.9548 -0.0688 0.007461
70.00 P 20260814 -1.00 -1.00 276 1662 0.9180 -0.1220 0.011954
75.00 P 20260814 -1.00 -1.00 272 2943 0.8996 -0.2033 0.017184
80.00 P 20260814 -1.00 -1.00 152 2993 0.8790 -0.3086 0.021895
81.00 P 20260814 -1.00 -1.00 11 647 0.8752 -0.3316 0.022629
82.00 P 20260814 -1.00 -1.00 34 70 0.8666 -0.3554 0.023286
83.00 P 20260814 -1.00 -1.00 24 67 0.8616 -0.3798 0.023867
84.00 P 20260814 -1.00 -1.00 63 97 0.8602 -0.4046 0.024360
85.00 P 20260814 -1.00 -1.00 150 614 0.8587 -0.4295 0.024859
86.00 P 20260814 -1.00 -1.00 52 58 0.8673 -0.4542 0.025066
87.00 P 20260814 -1.00 -1.00 89 22 0.8608 -0.4788 0.025263
88.00 P 20260814 -1.00 -1.00 142 142 0.8501 -0.5039 0.025452
89.00 P 20260814 -1.00 -1.00 51 68 0.8462 -0.5288 0.025437
90.00 P 20260814 -1.00 -1.00 122 1410 0.8523 -0.5525 0.025130
91.00 P 20260814 -1.00 -1.00 3 84 0.8550 -0.5764 0.024930
91.50 P 20260814 -1.00 -1.00 4 4 0.8612 -0.5874 0.024696
92.00 P 20260814 -1.00 -1.00 8 80 0.8575 -0.6003 0.024739
92.50 P 20260814 -1.00 -1.00 2 2 0.8526 -0.6127 0.024684
93.00 P 20260814 -1.00 -1.00 8 48 0.8574 -0.6220 0.024274
94.00 P 20260814 -1.00 -1.00 35 86 0.8485 -0.6447 0.023878
95.00 P 20260814 -1.00 -1.00 159 349 0.8433 -0.6669 0.023380
96.00 P 20260814 -1.00 -1.00 57 146 0.8455 -0.6872 0.022730
97.00 P 20260814 -1.00 -1.00 46 82 0.8513 -0.7064 0.022029
98.00 P 20260814 -1.00 -1.00 46 249 0.8569 -0.7253 0.021349
99.00 P 20260814 -1.00 -1.00 99 154 0.8493 -0.7469 0.020776
100.00 P 20260814 -1.00 -1.00 73 562 0.8512 -0.7618 0.019950
101.00 P 20260814 -1.00 -1.00 59 132 0.8530 -0.7766 0.019133
102.00 P 20260814 -1.00 -1.00 37 206 0.8502 -0.7930 0.018345
103.00 P 20260814 -1.00 -1.00 40 741 0.8520 -0.8079 0.017536
104.00 P 20260814 -1.00 -1.00 108 120 0.8536 -0.8228 0.016733
105.00 P 20260814 -1.00 -1.00 76 239 0.8596 -0.8359 0.015944
106.00 P 20260814 -1.00 -1.00 45 264 0.8628 -0.8490 0.015164
107.00 P 20260814 -1.00 -1.00 40 125 0.8523 -0.8619 0.014386
108.00 P 20260814 -1.00 -1.00 46 78 0.8485 -0.8731 0.013606
109.00 P 20260814 -1.00 -1.00 42 182 0.8514 -0.8823 0.012874
110.00 P 20260814 -1.00 -1.00 55 1316 0.8406 -0.8961 0.012006
111.00 P 20260814 -1.00 -1.00 42 57 0.8569 -0.9006 0.011440
112.00 P 20260814 -1.00 -1.00 47 31 0.8454 -0.9149 0.010522
113.00 P 20260814 -1.00 -1.00 37 28 0.8681 -0.9166 0.010117
114.00 P 20260814 -1.00 -1.00 38 13 0.8610 -0.9258 0.009414
115.00 P 20260814 -1.00 -1.00 30 127 0.8567 -0.9325 0.008834
116.00 P 20260814 -1.00 -1.00 40 78 0.8521 -0.9393 0.008229
117.00 P 20260814 -1.00 -1.00 40 33 0.7859 -0.9637 0.006456
118.00 P 20260814 -1.00 -1.00 18 36 0.8777 -0.9442 0.007515
119.00 P 20260814 -1.00 -1.00 2 27 0.8605 -0.9543 0.006699
120.00 P 20260814 -1.00 -1.00 11 156 0.8788 -0.9551 0.006481
121.00 P 20260814 -1.00 -1.00 8 28 -1.0000 -1.0000 -1.000000
52.50 C 20260821 -1.00 -1.00 22 715 1.2136 0.9611 0.003144
55.00 C 20260821 -1.00 -1.00 22 1950 1.1305 0.9568 0.003691
57.50 C 20260821 -1.00 -1.00 1 709 1.0869 0.9477 0.004508
60.00 C 20260821 -1.00 -1.00 7 1969 1.0184 0.9377 0.005467
62.50 C 20260821 -1.00 -1.00 2 330 1.0142 0.9158 0.006912
65.00 C 20260821 -1.00 -1.00 11 2291 1.0079 0.8937 0.008379
67.50 C 20260821 -1.00 -1.00 43 993 0.9460 0.8735 0.009975
70.00 C 20260821 -1.00 -1.00 32 8752 0.9153 0.8447 0.011829
72.50 C 20260821 -1.00 -1.00 4 243 0.9235 0.8077 0.013661
75.00 C 20260821 -1.00 -1.00 15 2702 0.8908 0.7689 0.015532
77.50 C 20260821 -1.00 -1.00 2 118 0.8835 0.7239 0.017247
80.00 C 20260821 -1.00 -1.00 223 2929 0.8908 0.6757 0.018530
82.00 C 20260821 -1.00 -1.00 67 3 0.8683 0.6364 0.019655
82.50 C 20260821 -1.00 -1.00 13 131 0.8642 0.6262 0.019913
83.00 C 20260821 -1.00 -1.00 166 46 0.8660 0.6157 0.020041
84.00 C 20260821 -1.00 -1.00 72 15 0.8667 0.5949 0.020362
85.00 C 20260821 -1.00 -1.00 1142 8539 0.8616 0.5740 0.020821
86.00 C 20260821 -1.00 -1.00 342 9 0.8709 0.5534 0.020932
87.00 C 20260821 -1.00 -1.00 152 25 0.8591 0.5325 0.021251
87.50 C 20260821 -1.00 -1.00 93 232 0.8641 0.5228 0.021092
88.00 C 20260821 -1.00 -1.00 1880 62 0.8577 0.5122 0.021213
89.00 C 20260821 -1.00 -1.00 36 5 0.8563 0.4918 0.021174
90.00 C 20260821 -1.00 -1.00 2445 5536 0.8494 0.4705 0.021271
91.00 C 20260821 -1.00 -1.00 29 173 0.8509 0.4503 0.021161
91.50 C 20260821 -1.00 -1.00 10 196 0.8530 0.4404 0.021072
92.00 C 20260821 -1.00 -1.00 127 1044 0.8551 0.4306 0.020986
92.50 C 20260821 -1.00 -1.00 37 1449 0.8600 0.4214 0.020836
93.00 C 20260821 -1.00 -1.00 28 103 0.8593 0.4112 0.020815
94.00 C 20260821 -1.00 -1.00 18 30 0.8558 0.3918 0.020647
95.00 C 20260821 -1.00 -1.00 1159 7401 0.8537 0.3742 0.020283
96.00 C 20260821 -1.00 -1.00 74 1833 0.8517 0.3565 0.019915
97.00 C 20260821 -1.00 -1.00 42 269 0.8466 0.3379 0.019593
97.50 C 20260821 -1.00 -1.00 401 367 0.8502 0.3302 0.019329
98.00 C 20260821 -1.00 -1.00 24 206 0.8507 0.3217 0.019116
99.00 C 20260821 -1.00 -1.00 73 644 0.8517 0.3048 0.018693
100.00 C 20260821 -1.00 -1.00 2757 12153 0.8558 0.2890 0.018233
101.00 C 20260821 -1.00 -1.00 65 865 0.8664 0.2756 0.017702
102.00 C 20260821 -1.00 -1.00 57 490 0.8640 0.2603 0.017257
103.00 C 20260821 -1.00 -1.00 107 419 0.8586 0.2461 0.016757
104.00 C 20260821 -1.00 -1.00 40 278 0.8563 0.2328 0.016225
105.00 C 20260821 -1.00 -1.00 1219 11381 0.8533 0.2191 0.015689
106.00 C 20260821 -1.00 -1.00 314 687 0.8572 0.2078 0.015129
107.00 C 20260821 -1.00 -1.00 41 30 0.8626 0.1972 0.014577
108.00 C 20260821 -1.00 -1.00 211 87 0.8634 0.1850 0.014039
109.00 C 20260821 -1.00 -1.00 41 113 0.8694 0.1749 0.013511
110.00 C 20260821 -1.00 -1.00 2332 43886 0.8769 0.1655 0.013002
111.00 C 20260821 -1.00 -1.00 32 77 0.8775 0.1559 0.012504
112.00 C 20260821 -1.00 -1.00 621 217 0.8738 0.1469 0.012003
113.00 C 20260821 -1.00 -1.00 35 10040 0.8767 0.1399 0.011528
114.00 C 20260821 -1.00 -1.00 8 1047 0.8763 0.1319 0.011038
115.00 C 20260821 -1.00 -1.00 1072 6799 0.8759 0.1238 0.010548
116.00 C 20260821 -1.00 -1.00 5 30 0.8799 0.1172 0.010096
117.00 C 20260821 -1.00 -1.00 47 4547 0.8839 0.1107 0.009652
118.00 C 20260821 -1.00 -1.00 122 87 0.8878 0.1042 0.009216
119.00 C 20260821 -1.00 -1.00 11 12 0.8895 0.0971 0.008763
120.00 C 20260821 -1.00 -1.00 2414 44001 0.8955 0.0915 0.008368
121.00 C 20260821 -1.00 -1.00 16 92 0.9068 0.0879 0.008053
52.50 P 20260821 -1.00 -1.00 8 814 1.0525 -0.0218 0.002267
55.00 P 20260821 -1.00 -1.00 465 22141 1.0013 -0.0286 0.002955
57.50 P 20260821 -1.00 -1.00 303 2479 0.9754 -0.0394 0.003942
60.00 P 20260821 -1.00 -1.00 5853 12278 0.9662 -0.0526 0.005105
62.50 P 20260821 -1.00 -1.00 83 5953 0.9251 -0.0684 0.006459
65.00 P 20260821 -1.00 -1.00 945 5222 0.9096 -0.0902 0.008132
67.50 P 20260821 -1.00 -1.00 143 6610 0.8959 -0.1152 0.009937
70.00 P 20260821 -1.00 -1.00 1312 16929 0.8809 -0.1483 0.011922
72.50 P 20260821 -1.00 -1.00 2658 3498 0.8804 -0.1852 0.013945
75.00 P 20260821 -1.00 -1.00 2112 8463 0.8646 -0.2266 0.015868
77.50 P 20260821 -1.00 -1.00 122 1607 0.8551 -0.2726 0.017715
80.00 P 20260821 -1.00 -1.00 6138 16625 0.8546 -0.3214 0.019323
82.00 P 20260821 -1.00 -1.00 200 431 0.8478 -0.3633 0.020172
82.50 P 20260821 -1.00 -1.00 404 1364 0.8381 -0.3735 0.020578
83.00 P 20260821 -1.00 -1.00 125 1516 0.8430 -0.3844 0.020638
84.00 P 20260821 -1.00 -1.00 82 724 0.8383 -0.4058 0.021114
85.00 P 20260821 -1.00 -1.00 1247 8053 0.8451 -0.4272 0.021301
86.00 P 20260821 -1.00 -1.00 311 588 0.8460 -0.4487 0.021639
87.00 P 20260821 -1.00 -1.00 537 2349 0.8370 -0.4702 0.021897
87.50 P 20260821 -1.00 -1.00 84 4599 0.8421 -0.4802 0.021724
88.00 P 20260821 -1.00 -1.00 147 376 0.8303 -0.4916 0.021998
89.00 P 20260821 -1.00 -1.00 35 261 0.8265 -0.5131 0.022022
90.00 P 20260821 -1.00 -1.00 1122 10452 0.8255 -0.5343 0.021972
91.00 P 20260821 -1.00 -1.00 57 168 0.8273 -0.5552 0.021850
91.50 P 20260821 -1.00 -1.00 2 26 0.8101 -0.5690 0.022263
92.00 P 20260821 -1.00 -1.00 47 301 0.8401 -0.5738 0.021456
92.50 P 20260821 -1.00 -1.00 214 3506 0.8312 -0.5861 0.021643
93.00 P 20260821 -1.00 -1.00 15 211 0.8361 -0.5956 0.021486
94.00 P 20260821 -1.00 -1.00 7 272 0.8290 -0.6158 0.021301
95.00 P 20260821 -1.00 -1.00 237 13831 0.8241 -0.6348 0.020969
96.00 P 20260821 -1.00 -1.00 10 694 0.8317 -0.6507 0.020395
97.00 P 20260821 -1.00 -1.00 35 386 0.8300 -0.6690 0.020003
97.50 P 20260821 -1.00 -1.00 58 5462 0.8214 -0.6805 0.019938
98.00 P 20260821 -1.00 -1.00 10 299 0.8251 -0.6883 0.019660
99.00 P 20260821 -1.00 -1.00 9 282 0.8264 -0.7059 0.019213
100.00 P 20260821 -1.00 -1.00 440 21536 0.8244 -0.7246 0.018813
101.00 P 20260821 -1.00 -1.00 1 176 0.8356 -0.7378 0.018207
102.00 P 20260821 -1.00 -1.00 22 162 0.8407 -0.7493 0.017593
103.00 P 20260821 -1.00 -1.00 35 364 0.8222 -0.7684 0.017152
104.00 P 20260821 -1.00 -1.00 46 305 0.8234 -0.7813 0.016556
105.00 P 20260821 -1.00 -1.00 250 8013 0.8399 -0.7886 0.015907
106.00 P 20260821 -1.00 -1.00 43 161 0.8215 -0.8088 0.015380
107.00 P 20260821 -1.00 -1.00 40 2 0.8262 -0.8203 0.014790
108.00 P 20260821 -1.00 -1.00 43 2 0.8307 -0.8318 0.014208
109.00 P 20260821 -1.00 -1.00 40 0 0.8387 -0.8416 0.013643
110.00 P 20260821 -1.00 -1.00 354 12826 0.8437 -0.8495 0.013109
111.00 P 20260821 -1.00 -1.00 50 5 0.8288 -0.8626 0.012521
112.00 P 20260821 -1.00 -1.00 45 12 0.8252 -0.8724 0.011957
113.00 P 20260821 -1.00 -1.00 43 13 0.8329 -0.8784 0.011467
114.00 P 20260821 -1.00 -1.00 41 4 0.8234 -0.8904 0.010842
115.00 P 20260821 -1.00 -1.00 99 4068 0.8079 -0.9051 0.010105
116.00 P 20260821 -1.00 -1.00 40 5 0.8091 -0.9136 0.009540
117.00 P 20260821 -1.00 -1.00 22 1 0.8216 -0.9174 0.009152
118.00 P 20260821 -1.00 -1.00 5 26 0.8398 -0.9187 0.008864
119.00 P 20260821 -1.00 -1.00 7 0 0.7996 -0.9344 0.008034
120.00 P 20260821 -1.00 -1.00 97 4308 0.8052 -0.9380 0.007667
121.00 P 20260821 -1.00 -1.00 3 0 0.7804 -0.9504 0.006889
45.00 C 20260731 -1.00 -1.00 3 3 2.8809 0.9954 0.000580
50.00 C 20260731 -1.00 -1.00 5 0 2.4356 0.9947 0.000769
45.00 P 20260731 -1.00 -1.00 1 377 2.6260 -0.0022 0.000325
50.00 P 20260731 -1.00 -1.00 5 1677 2.4259 -0.0051 0.000752
50.00 C 20260803 -1.00 -1.00 -1 0 1.9249 0.9910 0.001134
50.00 P 20260803 -1.00 -1.00 5 0 1.6022 -0.0026 0.000443
50.00 C 20260805 -1.00 -1.00 -1 0 2.1045 0.9719 0.002377
50.00 P 20260805 -1.00 -1.00 2 0 2.1537 -0.0309 0.002508
45.00 C 20260807 -1.00 -1.00 5 0 2.1266 0.9800 0.001602
50.00 C 20260807 -1.00 -1.00 1 0 1.8545 0.9740 0.002273
45.00 P 20260807 -1.00 -1.00 3 824 1.5491 -0.0033 0.000447
50.00 P 20260807 -1.00 -1.00 22 78 1.3107 -0.0039 0.000608
50.00 C 20260810 -1.00 -1.00 5 5 1.7583 0.9651 0.002680
50.00 P 20260810 -1.00 -1.00 -1 0 2.0384 -0.0525 0.003239
50.00 C 20260812 -1.00 -1.00 -1 0 1.6499 0.9643 0.002710
50.00 P 20260812 -1.00 -1.00 -1 0 -1.0000 -1.0000 -1.000000
45.00 C 20260814 -1.00 -1.00 3 2 1.4800 0.9865 0.001244
50.00 C 20260814 -1.00 -1.00 10 10 1.4035 0.9762 0.002157
45.00 P 20260814 -1.00 -1.00 11 139 1.2965 -0.0063 0.000726
50.00 P 20260814 -1.00 -1.00 17 742 1.1873 -0.0111 0.001317
35.00 C 20260821 -1.00 -1.00 2 198 1.7090 0.9892 0.000750
36.00 C 20260821 -1.00 -1.00 1 172 1.4669 0.9946 0.000478
37.00 C 20260821 -1.00 -1.00 5 44 1.5352 0.9915 0.000681
38.00 C 20260821 -1.00 -1.00 1 41 1.4483 0.9929 0.000622
39.00 C 20260821 -1.00 -1.00 2 24 1.4388 0.9912 0.000744
40.00 C 20260821 -1.00 -1.00 12 722 1.3925 0.9911 0.000778
41.00 C 20260821 -1.00 -1.00 6 1535 1.4134 0.9879 0.001001
42.00 C 20260821 -1.00 -1.00 2 837 1.4012 0.9861 0.001135
43.00 C 20260821 -1.00 -1.00 10 1895 1.4843 0.9804 0.001469
44.00 C 20260821 -1.00 -1.00 1 425 1.2503 0.9889 0.001049
45.00 C 20260821 -1.00 -1.00 26 2246 1.2719 0.9853 0.001318
46.00 C 20260821 -1.00 -1.00 1 1133 1.2308 0.9850 0.001386
47.00 C 20260821 -1.00 -1.00 1 581 1.2213 0.9830 0.001561
48.00 C 20260821 -1.00 -1.00 1 527 1.1513 0.9844 0.001534
49.00 C 20260821 -1.00 -1.00 3 1429 1.2031 0.9789 0.001926
50.00 C 20260821 -1.00 -1.00 38 5178 1.1779 0.9768 0.002120
35.00 P 20260821 -1.00 -1.00 10 5817 1.3751 -0.0024 0.000250
36.00 P 20260821 -1.00 -1.00 2 2226 1.4654 -0.0054 0.000477
37.00 P 20260821 -1.00 -1.00 18 2631 1.3745 -0.0045 0.000431
38.00 P 20260821 -1.00 -1.00 151 3726 1.3341 -0.0047 0.000456
39.00 P 20260821 -1.00 -1.00 25 1477 1.2948 -0.0048 0.000483
40.00 P 20260821 -1.00 -1.00 776 10675 1.1941 -0.0033 0.000372
41.00 P 20260821 -1.00 -1.00 5 2258 1.2039 -0.0047 0.000509
42.00 P 20260821 -1.00 -1.00 5 989 1.1830 -0.0053 0.000575
43.00 P 20260821 -1.00 -1.00 650 3248 1.1776 -0.0063 0.000679
44.00 P 20260821 -1.00 -1.00 2 2865 1.1724 -0.0073 0.000784
45.00 P 20260821 -1.00 -1.00 489 6793 1.1525 -0.0080 0.000862
46.00 P 20260821 -1.00 -1.00 3 3432 1.1419 -0.0098 0.001036
47.00 P 20260821 -1.00 -1.00 17 1129 1.1179 -0.0109 0.001158
48.00 P 20260821 -1.00 -1.00 7 508 1.0884 -0.0117 0.001260
49.00 P 20260821 -1.00 -1.00 10 1721 1.0836 -0.0141 0.001488
50.00 P 20260821 -1.00 -1.00 584 4471 1.0670 -0.0158 0.001667
122.00 C 20260729 -1.00 -1.00 2 81 2.6670 0.0115 0.002313
123.00 C 20260729 -1.00 -1.00 4 22 2.5610 0.0074 0.001633
124.00 C 20260729 -1.00 -1.00 3 39 2.8885 0.0137 0.002506
125.00 C 20260729 -1.00 -1.00 1 1329 2.6648 0.0072 0.001523
126.00 C 20260729 -1.00 -1.00 1 11 3.6092 0.0358 0.004538
127.00 C 20260729 -1.00 -1.00 1 1061 3.4980 0.0295 0.003950
128.00 C 20260729 -1.00 -1.00 1 29 3.2880 0.0187 0.002863
129.00 C 20260729 -1.00 -1.00 5 40 3.5932 0.0281 0.003686
130.00 C 20260729 -1.00 -1.00 3 208 2.9174 0.0066 0.001302
131.00 C 20260729 -1.00 -1.00 12 19 2.7536 0.0037 0.000815
132.00 C 20260729 -1.00 -1.00 1 8 5.3175 0.0979 0.006759
133.00 C 20260729 -1.00 -1.00 5 86 4.1227 0.0369 0.004069
134.00 C 20260729 -1.00 -1.00 5 3 4.4702 0.0497 0.004740
135.00 C 20260729 -1.00 -1.00 6 191 3.2361 0.0079 0.001360
136.00 C 20260729 -1.00 -1.00 6 51 4.2955 0.0362 0.003837
137.00 C 20260729 -1.00 -1.00 18 53 4.6534 0.0482 0.004450
138.00 C 20260729 -1.00 -1.00 18 18 4.5929 0.0414 0.004024
122.00 P 20260729 -1.00 -1.00 2 0 -1.0000 -1.0000 -1.000000
123.00 P 20260729 -1.00 -1.00 1 0 -1.0000 -1.0000 -1.000000
124.00 P 20260729 -1.00 -1.00 1 0 -1.0000 -1.0000 -1.000000
125.00 P 20260729 -1.00 -1.00 -1 0 -1.0000 -1.0000 -1.000000
126.00 P 20260729 -1.00 -1.00 -1 0 -1.0000 -1.0000 -1.000000
127.00 P 20260729 -1.00 -1.00 2 0 -1.0000 -1.0000 -1.000000
128.00 P 20260729 -1.00 -1.00 -1 0 -1.0000 -1.0000 -1.000000
129.00 P 20260729 -1.00 -1.00 1 0 -1.0000 -1.0000 -1.000000
130.00 P 20260729 -1.00 -1.00 -1 0 -1.0000 -1.0000 -1.000000
131.00 P 20260729 -1.00 -1.00 1 0 -1.0000 -1.0000 -1.000000
132.00 P 20260729 -1.00 -1.00 -1 0 -1.0000 -1.0000 -1.000000
133.00 P 20260729 -1.00 -1.00 2 0 -1.0000 -1.0000 -1.000000
134.00 P 20260729 -1.00 -1.00 -1 0 -1.0000 -1.0000 -1.000000
135.00 P 20260729 -1.00 -1.00 2 0 -1.0000 -1.0000 -1.000000
136.00 P 20260729 -1.00 -1.00 -1 0 -1.0000 -1.0000 -1.000000
137.00 P 20260729 -1.00 -1.00 2 0 -1.0000 -1.0000 -1.000000
138.00 P 20260729 -1.00 -1.00 -1 0 -1.0000 -1.0000 -1.000000
122.00 C 20260731 -1.00 -1.00 5 321 1.4195 0.0043 0.001100
123.00 C 20260731 -1.00 -1.00 38 390 1.5478 0.0074 0.001634
124.00 C 20260731 -1.00 -1.00 11 220 1.4753 0.0041 0.001022
125.00 C 20260731 -1.00 -1.00 219 3284 1.5030 0.0041 0.000987
126.00 C 20260731 -1.00 -1.00 12 2168 1.5947 0.0051 0.001146
127.00 C 20260731 -1.00 -1.00 17 579 1.6959 0.0079 0.001572
128.00 C 20260731 -1.00 -1.00 6 979 1.6797 0.0059 0.001234
129.00 C 20260731 -1.00 -1.00 2 563 1.6751 0.0048 0.001044
130.00 C 20260731 -1.00 -1.00 160 6131 1.6378 0.0037 0.000840
131.00 C 20260731 -1.00 -1.00 4 292 1.7276 0.0047 0.000985
132.00 C 20260731 -1.00 -1.00 63 661 1.7999 0.0056 0.001099
133.00 C 20260731 -1.00 -1.00 2 349 1.9441 0.0097 0.001648
134.00 C 20260731 -1.00 -1.00 1 462 1.8587 0.0054 0.001042
135.00 C 20260731 -1.00 -1.00 34 3444 1.8301 0.0044 0.000883
136.00 C 20260731 -1.00 -1.00 1 336 1.7930 0.0034 0.000710
137.00 C 20260731 -1.00 -1.00 2 413 1.8803 0.0043 0.000839
138.00 C 20260731 -1.00 -1.00 4 319 2.0187 0.0068 0.001162
122.00 P 20260731 -1.00 -1.00 3 78 -1.0000 -1.0000 -1.000000
123.00 P 20260731 -1.00 -1.00 9 169 -1.0000 -1.0000 -1.000000
124.00 P 20260731 -1.00 -1.00 4 63 -1.0000 -1.0000 -1.000000
125.00 P 20260731 -1.00 -1.00 2 116 -1.0000 -1.0000 -1.000000
126.00 P 20260731 -1.00 -1.00 8 128 -1.0000 -1.0000 -1.000000
127.00 P 20260731 -1.00 -1.00 1 8 -1.0000 -1.0000 -1.000000
128.00 P 20260731 -1.00 -1.00 1 1 -1.0000 -1.0000 -1.000000
129.00 P 20260731 -1.00 -1.00 2 2 -1.0000 -1.0000 -1.000000
130.00 P 20260731 -1.00 -1.00 2 6 -1.0000 -1.0000 -1.000000
131.00 P 20260731 -1.00 -1.00 1 0 -1.0000 -1.0000 -1.000000
132.00 P 20260731 -1.00 -1.00 1 0 -1.0000 -1.0000 -1.000000
133.00 P 20260731 -1.00 -1.00 1 2 -1.0000 -1.0000 -1.000000
134.00 P 20260731 -1.00 -1.00 1 0 -1.0000 -1.0000 -1.000000
135.00 P 20260731 -1.00 -1.00 126 51 -1.0000 -1.0000 -1.000000
136.00 P 20260731 -1.00 -1.00 4 0 -1.0000 -1.0000 -1.000000
137.00 P 20260731 -1.00 -1.00 1 0 -1.0000 -1.0000 -1.000000
138.00 P 20260731 -1.00 -1.00 2 0 -1.0000 -1.0000 -1.000000
122.00 C 20260803 -1.00 -1.00 3 4 1.2779 0.0213 0.003548
123.00 C 20260803 -1.00 -1.00 29 31 1.2817 0.0187 0.003174
124.00 C 20260803 -1.00 -1.00 56 112 1.2928 0.0169 0.002895
125.00 C 20260803 -1.00 -1.00 1 845 1.3182 0.0166 0.002805
126.00 C 20260803 -1.00 -1.00 1 2 1.4661 0.0281 0.003906
127.00 C 20260803 -1.00 -1.00 1 1 1.4475 0.0238 0.003436
128.00 C 20260803 -1.00 -1.00 9 9 1.4363 0.0201 0.003010
129.00 C 20260803 -1.00 -1.00 3 3 1.4062 0.0149 0.002415
130.00 C 20260803 -1.00 -1.00 9 117 1.3279 0.0101 0.001792
131.00 C 20260803 -1.00 -1.00 3 57 1.3325 0.0091 0.001633
132.00 C 20260803 -1.00 -1.00 1 5 2.0462 0.0701 0.005871
133.00 C 20260803 -1.00 -1.00 1 1 1.6343 0.0256 0.003234
134.00 C 20260803 -1.00 -1.00 1 4 1.5595 0.0167 0.002386
135.00 C 20260803 -1.00 -1.00 5 34 1.3671 0.0062 0.001137
136.00 C 20260803 -1.00 -1.00 56 55 1.9340 0.0422 0.004196
137.00 C 20260803 -1.00 -1.00 54 54 1.5695 0.0135 0.001971
138.00 C 20260803 -1.00 -1.00 3 12 2.1465 0.0601 0.004948
122.00 P 20260803 -1.00 -1.00 1 2 -1.0000 -1.0000 -1.000000
123.00 P 20260803 -1.00 -1.00 -1 0 -1.0000 -1.0000 -1.000000
124.00 P 20260803 -1.00 -1.00 35 35 -1.0000 -1.0000 -1.000000
125.00 P 20260803 -1.00 -1.00 16 16 -1.0000 -1.0000 -1.000000
126.00 P 20260803 -1.00 -1.00 -1 0 -1.0000 -1.0000 -1.000000
127.00 P 20260803 -1.00 -1.00 2 0 -1.0000 -1.0000 -1.000000
128.00 P 20260803 -1.00 -1.00 -1 0 -1.0000 -1.0000 -1.000000
129.00 P 20260803 -1.00 -1.00 -1 0 -1.0000 -1.0000 -1.000000
130.00 P 20260803 -1.00 -1.00 1 0 -1.0000 -1.0000 -1.000000
131.00 P 20260803 -1.00 -1.00 -1 0 -1.0000 -1.0000 -1.000000
132.00 P 20260803 -1.00 -1.00 1 1 -1.0000 -1.0000 -1.000000
133.00 P 20260803 -1.00 -1.00 -1 0 -1.0000 -1.0000 -1.000000
134.00 P 20260803 -1.00 -1.00 -1 0 -1.0000 -1.0000 -1.000000
135.00 P 20260803 -1.00 -1.00 2 0 -1.0000 -1.0000 -1.000000
136.00 P 20260803 -1.00 -1.00 -1 0 -1.0000 -1.0000 -1.000000
137.00 P 20260803 -1.00 -1.00 -1 0 -1.0000 -1.0000 -1.000000
138.00 P 20260803 -1.00 -1.00 -1 0 -1.0000 -1.0000 -1.000000
122.00 C 20260805 -1.00 -1.00 2 2 1.1922 0.0305 0.004491
123.00 C 20260805 -1.00 -1.00 1 1 1.1320 0.0210 0.003433
124.00 C 20260805 -1.00 -1.00 1 1 1.1920 0.0249 0.003768
125.00 C 20260805 -1.00 -1.00 47 141 1.0736 0.0118 0.002212
126.00 C 20260805 -1.00 -1.00 20 20 1.2167 0.0221 0.003338
127.00 C 20260805 -1.00 -1.00 -1 0 1.2383 0.0218 0.003240
128.00 C 20260805 -1.00 -1.00 -1 0 1.2970 0.0254 0.003521
129.00 C 20260805 -1.00 -1.00 -1 0 1.3614 0.0293 0.003794
130.00 C 20260805 -1.00 -1.00 5 10 1.2104 0.0133 0.002185
131.00 C 20260805 -1.00 -1.00 22 22 1.3598 0.0244 0.003246
132.00 C 20260805 -1.00 -1.00 -1 0 1.3131 0.0171 0.002509
133.00 C 20260805 -1.00 -1.00 -1 0 1.3887 0.0226 0.002979
134.00 C 20260805 -1.00 -1.00 22 22 1.3666 0.0180 0.002510
135.00 C 20260805 -1.00 -1.00 6 56 1.2718 0.0110 0.001750
136.00 C 20260805 -1.00 -1.00 -1 0 1.4977 0.0264 0.003147
137.00 C 20260805 -1.00 -1.00 -1 0 1.7843 0.0532 0.004705
138.00 C 20260805 -1.00 -1.00 12 22 1.3940 0.0140 0.001994
122.00 P 20260805 -1.00 -1.00 4 0 -1.0000 -1.0000 -1.000000
123.00 P 20260805 -1.00 -1.00 4 0 -1.0000 -1.0000 -1.000000
124.00 P 20260805 -1.00 -1.00 -1 0 -1.0000 -1.0000 -1.000000
125.00 P 20260805 -1.00 -1.00 -1 0 -1.0000 -1.0000 -1.000000
126.00 P 20260805 -1.00 -1.00 -1 0 -1.0000 -1.0000 -1.000000
127.00 P 20260805 -1.00 -1.00 -1 0 -1.0000 -1.0000 -1.000000
128.00 P 20260805 -1.00 -1.00 -1 0 -1.0000 -1.0000 -1.000000
129.00 P 20260805 -1.00 -1.00 -1 0 -1.0000 -1.0000 -1.000000
130.00 P 20260805 -1.00 -1.00 -1 0 -1.0000 -1.0000 -1.000000
131.00 P 20260805 -1.00 -1.00 2 2 -1.0000 -1.0000 -1.000000
132.00 P 20260805 -1.00 -1.00 -1 0 -1.0000 -1.0000 -1.000000
133.00 P 20260805 -1.00 -1.00 -1 0 -1.0000 -1.0000 -1.000000
134.00 P 20260805 -1.00 -1.00 -1 0 -1.0000 -1.0000 -1.000000
135.00 P 20260805 -1.00 -1.00 -1 0 -1.0000 -1.0000 -1.000000
136.00 P 20260805 -1.00 -1.00 -1 0 -1.0000 -1.0000 -1.000000
137.00 P 20260805 -1.00 -1.00 -1 0 -1.0000 -1.0000 -1.000000
138.00 P 20260805 -1.00 -1.00 -1 0 -1.0000 -1.0000 -1.000000
122.00 C 20260807 -1.00 -1.00 2 428 1.0223 0.0250 0.003952
123.00 C 20260807 -1.00 -1.00 30 310 1.0423 0.0246 0.003822
124.00 C 20260807 -1.00 -1.00 3 182 1.0395 0.0214 0.003403
125.00 C 20260807 -1.00 -1.00 476 829 1.0648 0.0218 0.003371
126.00 C 20260807 -1.00 -1.00 18 999 1.0564 0.0178 0.002889
127.00 C 20260807 -1.00 -1.00 34 6079 1.0647 0.0161 0.002643
128.00 C 20260807 -1.00 -1.00 2 323 1.0770 0.0152 0.002488
129.00 C 20260807 -1.00 -1.00 1 162 1.0806 0.0142 0.002336
130.00 C 20260807 -1.00 -1.00 137 1000 1.1098 0.0148 0.002353
131.00 C 20260807 -1.00 -1.00 2 165 1.0749 0.0116 0.001946
132.00 C 20260807 -1.00 -1.00 9 5869 1.0911 0.0114 0.001893
133.00 C 20260807 -1.00 -1.00 200 265 1.0819 0.0097 0.001651
134.00 C 20260807 -1.00 -1.00 16 245 1.0980 0.0096 0.001608
135.00 C 20260807 -1.00 -1.00 10 634 1.0637 0.0062 0.001139
136.00 C 20260807 -1.00 -1.00 130 163 1.2304 0.0150 0.002155
137.00 C 20260807 -1.00 -1.00 29 64 1.1207 0.0077 0.001297
138.00 C 20260807 -1.00 -1.00 43 79 1.1239 0.0068 0.001164
122.00 P 20260807 -1.00 -1.00 1 70 -1.0000 -1.0000 -1.000000
123.00 P 20260807 -1.00 -1.00 1 32 -1.0000 -1.0000 -1.000000
124.00 P 20260807 -1.00 -1.00 1 23 -1.0000 -1.0000 -1.000000
125.00 P 20260807 -1.00 -1.00 10 135 -1.0000 -1.0000 -1.000000
126.00 P 20260807 -1.00 -1.00 2 75 -1.0000 -1.0000 -1.000000
127.00 P 20260807 -1.00 -1.00 83 91 -1.0000 -1.0000 -1.000000
128.00 P 20260807 -1.00 -1.00 5 46 -1.0000 -1.0000 -1.000000
129.00 P 20260807 -1.00 -1.00 2 32 -1.0000 -1.0000 -1.000000
130.00 P 20260807 -1.00 -1.00 35 114 -1.0000 -1.0000 -1.000000
131.00 P 20260807 -1.00 -1.00 1 9 -1.0000 -1.0000 -1.000000
132.00 P 20260807 -1.00 -1.00 11 27 -1.0000 -1.0000 -1.000000
133.00 P 20260807 -1.00 -1.00 2 15 -1.0000 -1.0000 -1.000000
134.00 P 20260807 -1.00 -1.00 4 37 -1.0000 -1.0000 -1.000000
135.00 P 20260807 -1.00 -1.00 1 52 -1.0000 -1.0000 -1.000000
136.00 P 20260807 -1.00 -1.00 1 5 -1.0000 -1.0000 -1.000000
137.00 P 20260807 -1.00 -1.00 1 5 -1.0000 -1.0000 -1.000000
138.00 P 20260807 -1.00 -1.00 4 20 -1.0000 -1.0000 -1.000000
122.00 C 20260810 -1.00 -1.00 -1 0 -1.0000 -1.0000 -1.000000
123.00 C 20260810 -1.00 -1.00 -1 0 1.0561 0.0458 0.005572
124.00 C 20260810 -1.00 -1.00 -1 0 1.1357 0.0573 0.006160
125.00 C 20260810 -1.00 -1.00 -1 0 1.2223 0.0686 0.006618
130.00 C 20260810 -1.00 -1.00 -1 0 1.3196 0.0650 0.005859
135.00 C 20260810 -1.00 -1.00 -1 0 -1.0000 -1.0000 -1.000000
122.00 P 20260810 -1.00 -1.00 -1 0 -1.0000 -1.0000 -1.000000
123.00 P 20260810 -1.00 -1.00 -1 0 -1.0000 -1.0000 -1.000000
124.00 P 20260810 -1.00 -1.00 -1 0 -1.0000 -1.0000 -1.000000
125.00 P 20260810 -1.00 -1.00 7 7 -1.0000 -1.0000 -1.000000
130.00 P 20260810 -1.00 -1.00 -1 0 -1.0000 -1.0000 -1.000000
135.00 P 20260810 -1.00 -1.00 -1 0 -1.0000 -1.0000 -1.000000
125.00 C 20260812 -1.00 -1.00 -1 0 -1.0000 -1.0000 -1.000000
130.00 C 20260812 -1.00 -1.00 -1 0 -1.0000 -1.0000 -1.000000
135.00 C 20260812 -1.00 -1.00 -1 0 1.4055 0.0766 0.005848
125.00 P 20260812 -1.00 -1.00 1 0 -1.0000 -1.0000 -1.000000
130.00 P 20260812 -1.00 -1.00 -1 0 -1.0000 -1.0000 -1.000000
135.00 P 20260812 -1.00 -1.00 -1 0 -1.0000 -1.0000 -1.000000
122.00 C 20260814 -1.00 -1.00 13 140 0.9436 0.0555 0.006334
123.00 C 20260814 -1.00 -1.00 2 266 0.9481 0.0516 0.005958
124.00 C 20260814 -1.00 -1.00 7 81 0.9548 0.0483 0.005623
125.00 C 20260814 -1.00 -1.00 57 424 0.9592 0.0445 0.005263
126.00 C 20260814 -1.00 -1.00 3 89 0.9700 0.0424 0.005015
127.00 C 20260814 -1.00 -1.00 1 77 0.9808 0.0403 0.004778
128.00 C 20260814 -1.00 -1.00 22 580 0.9436 0.0327 0.004146
129.00 C 20260814 -1.00 -1.00 1 157 0.9792 0.0350 0.004246
130.00 C 20260814 -1.00 -1.00 25 1109 0.9765 0.0324 0.003975
131.00 C 20260814 -1.00 -1.00 1 49 1.0033 0.0336 0.003996
132.00 C 20260814 -1.00 -1.00 3 17 0.9921 0.0300 0.003653
133.00 C 20260814 -1.00 -1.00 37 399 0.9894 0.0274 0.003386
134.00 C 20260814 -1.00 -1.00 1 16 0.9992 0.0265 0.003260
135.00 C 20260814 -1.00 -1.00 14 807 0.9965 0.0239 0.002995
136.00 C 20260814 -1.00 -1.00 1 9 1.0103 0.0236 0.002926
137.00 C 20260814 -1.00 -1.00 2 21 1.0158 0.0222 0.002764
138.00 C 20260814 -1.00 -1.00 4 34 1.0213 0.0208 0.002607
122.00 P 20260814 -1.00 -1.00 1 26 -1.0000 -1.0000 -1.000000
123.00 P 20260814 -1.00 -1.00 1 38 0.8983 -0.9660 0.005359
124.00 P 20260814 -1.00 -1.00 1 5 0.8912 -0.9699 0.004969
125.00 P 20260814 -1.00 -1.00 3 103 0.8563 -0.9783 0.004267
126.00 P 20260814 -1.00 -1.00 44 16 -1.0000 -1.0000 -1.000000
127.00 P 20260814 -1.00 -1.00 1 5 -1.0000 -1.0000 -1.000000
128.00 P 20260814 -1.00 -1.00 5 1 -1.0000 -1.0000 -1.000000
129.00 P 20260814 -1.00 -1.00 20 4 -1.0000 -1.0000 -1.000000
130.00 P 20260814 -1.00 -1.00 1 22 -1.0000 -1.0000 -1.000000
131.00 P 20260814 -1.00 -1.00 1 3 -1.0000 -1.0000 -1.000000
132.00 P 20260814 -1.00 -1.00 1 4 -1.0000 -1.0000 -1.000000
133.00 P 20260814 -1.00 -1.00 -1 0 -1.0000 -1.0000 -1.000000
134.00 P 20260814 -1.00 -1.00 1 17 -1.0000 -1.0000 -1.000000
135.00 P 20260814 -1.00 -1.00 1 78 -1.0000 -1.0000 -1.000000
136.00 P 20260814 -1.00 -1.00 1 5 -1.0000 -1.0000 -1.000000
137.00 P 20260814 -1.00 -1.00 20 20 -1.0000 -1.0000 -1.000000
138.00 P 20260814 -1.00 -1.00 30 15 -1.0000 -1.0000 -1.000000
122.00 C 20260821 -1.00 -1.00 19 74 0.9079 0.0833 0.007714
123.00 C 20260821 -1.00 -1.00 67 81 0.9058 0.0786 0.007366
124.00 C 20260821 -1.00 -1.00 7 17 0.9074 0.0747 0.007050
125.00 C 20260821 -1.00 -1.00 1707 18835 0.9035 0.0696 0.006679
126.00 C 20260821 -1.00 -1.00 2 23 0.9087 0.0666 0.006406
127.00 C 20260821 -1.00 -1.00 24 26 0.9102 0.0627 0.006096
128.00 C 20260821 -1.00 -1.00 13 29 0.9118 0.0589 0.005788
129.00 C 20260821 -1.00 -1.00 1 15 0.9169 0.0560 0.005530
130.00 C 20260821 -1.00 -1.00 1409 14398 0.9219 0.0531 0.005278
131.00 C 20260821 -1.00 -1.00 71 74 0.9269 0.0502 0.005031
132.00 C 20260821 -1.00 -1.00 4 25 0.9354 0.0483 0.004841
133.00 C 20260821 -1.00 -1.00 5 67 0.9386 0.0451 0.004580
134.00 C 20260821 -1.00 -1.00 2 2 0.9470 0.0432 0.004402
135.00 C 20260821 -1.00 -1.00 287 8783 0.9553 0.0414 0.004230
136.00 C 20260821 -1.00 -1.00 2 11 0.9511 0.0387 0.004008
137.00 C 20260821 -1.00 -1.00 3 3 0.9520 0.0369 0.003839
138.00 C 20260821 -1.00 -1.00 1 1 0.9528 0.0351 0.003670
122.00 P 20260821 -1.00 -1.00 40 0 0.7445 -0.9670 0.005687
123.00 P 20260821 -1.00 -1.00 15 41 0.8131 -0.9509 0.006545
124.00 P 20260821 -1.00 -1.00 20 1 0.6792 -0.9879 0.003800
125.00 P 20260821 -1.00 -1.00 139 5699 0.8118 -0.9615 0.005685
126.00 P 20260821 -1.00 -1.00 1 1 0.7334 -0.9818 0.004286
127.00 P 20260821 -1.00 -1.00 1 1 0.7463 -0.9820 0.004165
128.00 P 20260821 -1.00 -1.00 5 1 0.8048 -0.9736 0.004656
129.00 P 20260821 -1.00 -1.00 4 2 -1.0000 -1.0000 -1.000000
130.00 P 20260821 -1.00 -1.00 88 2621 0.7556 -0.9889 0.003194
131.00 P 20260821 -1.00 -1.00 -1 0 -1.0000 -1.0000 -1.000000
132.00 P 20260821 -1.00 -1.00 3 3 -1.0000 -1.0000 -1.000000
133.00 P 20260821 -1.00 -1.00 -1 0 -1.0000 -1.0000 -1.000000
134.00 P 20260821 -1.00 -1.00 -1 0 -1.0000 -1.0000 -1.000000
135.00 P 20260821 -1.00 -1.00 11 1160 -1.0000 -1.0000 -1.000000
136.00 P 20260821 -1.00 -1.00 -1 0 -1.0000 -1.0000 -1.000000
137.00 P 20260821 -1.00 -1.00 -1 0 -1.0000 -1.0000 -1.000000
138.00 P 20260821 -1.00 -1.00 -1 0 -1.0000 -1.0000 -1.000000
