# opt_chain DRAM | epoch 1785167570 | 2026-07-27 11:52:50 | spot 51.12 | exps 20260731 20260807
# fuente ibkr_tws | band 0.1500 | max_strikes 20 | narrow 0 | vencimientos 2 | rows 80 | greeks_ok_pct 1.0000 | bidask_ok_pct 1.0000
# strike right exp bid ask vol oi iv delta gamma
51.00 C 20260731 2.70 2.99 194 96 1.2662 0.5331 0.0579
51.00 P 20260731 2.54 2.81 636 577 1.2662 -0.4671 0.0579
51.50 C 20260731 2.42 2.66 99 35 1.2622 0.5044 0.0581
51.50 P 20260731 2.80 3.05 235 194 1.2622 -0.4959 0.0581
50.50 C 20260731 2.92 3.20 40 33 1.2707 0.5620 0.0570
50.50 P 20260731 2.33 2.68 127 938 1.2707 -0.4382 0.0570
52.00 C 20260731 2.20 2.43 275 1059 1.2587 0.4755 0.0581
52.00 P 20260731 3.10 3.40 533 5672 1.2587 -0.5248 0.0582
50.00 C 20260731 3.20 3.40 302 717 1.2755 0.5907 0.0560
50.00 P 20260731 2.20 2.35 4051 13431 1.2755 -0.4095 0.0561
52.50 C 20260731 1.97 2.20 343 1706 1.2555 0.4466 0.0581
52.50 P 20260731 3.50 3.70 2629 6109 1.2555 -0.5537 0.0582
49.50 C 20260731 3.40 3.80 13 4 1.2809 0.6188 0.0548
49.50 P 20260731 1.94 2.14 224 686 1.2809 -0.3814 0.0548
53.00 C 20260731 1.79 2.05 343 787 1.2528 0.4190 0.0573
53.00 P 20260731 3.70 3.95 2161 3352 1.2528 -0.5813 0.0574
49.00 C 20260731 3.75 4.10 56 187 1.2866 0.6453 0.0532
49.00 P 20260731 1.76 1.90 718 21733 1.2866 -0.3549 0.0532
53.50 C 20260731 1.53 1.85 110 477 1.2505 0.3914 0.0565
53.50 P 20260731 4.00 4.30 815 877 1.2505 -0.6090 0.0565
48.50 C 20260731 4.10 4.40 20 5 1.2929 0.6734 0.0514
48.50 P 20260731 1.57 1.75 126 998 1.2929 -0.3268 0.0514
54.00 C 20260731 1.42 1.63 5461 1079 1.2486 0.3642 0.0555
54.00 P 20260731 4.30 4.70 1282 2132 1.2486 -0.6362 0.0555
48.00 C 20260731 4.40 4.80 0 47 1.2995 0.6986 0.0493
48.00 P 20260731 1.43 1.55 1708 4102 1.2995 -0.3015 0.0494
54.50 C 20260731 1.33 1.47 141 510 1.2471 0.3389 0.0539
54.50 P 20260731 4.60 5.00 1115 1281 1.2471 -0.6616 0.0540
47.50 C 20260731 4.80 5.05 1 11 1.3066 0.7235 0.0471
47.50 P 20260731 1.28 1.42 185 602 1.3066 -0.2766 0.0471
55.00 C 20260731 1.20 1.32 10565 3873 1.2460 0.3131 0.0523
55.00 P 20260731 5.00 5.25 1978 25012 1.2460 -0.6869 0.0524
47.00 C 20260731 5.10 5.50 7 7 1.3142 0.7476 0.0449
47.00 P 20260731 1.13 1.27 797 2396 1.3142 -0.2525 0.0449
55.50 C 20260731 1.06 1.18 203 553 1.2454 0.2890 0.0506
55.50 P 20260731 5.30 5.70 153 312 1.2454 -0.7115 0.0507
46.50 C 20260731 5.50 5.80 2 11 1.3222 0.7701 0.0422
46.50 P 20260731 1.02 1.16 331 323 1.3222 -0.2299 0.0423
56.00 C 20260731 0.96 1.06 2599 3607 1.2451 0.2670 0.0485
56.00 P 20260731 5.75 6.10 136 1087 1.2451 -0.7336 0.0486
51.00 C 20260807 3.85 4.20 30 12 1.1029 0.5442 0.0405
51.00 P 20260807 3.70 3.90 76 207 1.1029 -0.4564 0.0405
51.50 C 20260807 3.55 3.95 14 48 1.0997 0.5241 0.0406
51.50 P 20260807 3.95 4.35 58 84 1.0997 -0.4765 0.0407
50.50 C 20260807 4.00 4.50 13 17 1.1062 0.5644 0.0399
50.50 P 20260807 3.30 4.00 52 548 1.1062 -0.4361 0.0400
52.00 C 20260807 3.40 3.65 85 41 1.0968 0.5039 0.0408
52.00 P 20260807 4.30 4.50 74 421 1.0968 -0.4967 0.0408
50.00 C 20260807 4.30 4.65 68 160 1.1098 0.5846 0.0394
50.00 P 20260807 3.35 3.40 430 3143 1.1098 -0.4159 0.0394
52.50 C 20260807 3.00 3.65 7 44 1.0941 0.4837 0.0409
52.50 P 20260807 4.50 4.95 35 3057 1.0941 -0.5170 0.0410
49.50 C 20260807 4.60 4.95 0 18 1.1135 0.6046 0.0388
49.50 P 20260807 3.05 3.25 13 1089 1.1135 -0.3958 0.0389
53.00 C 20260807 2.92 3.25 616 107 1.0915 0.4634 0.0410
53.00 P 20260807 4.85 5.15 113 782 1.0915 -0.5374 0.0411
49.00 C 20260807 4.90 5.25 2 74 1.1175 0.6248 0.0382
49.00 P 20260807 2.85 3.00 87 199 1.1175 -0.3756 0.0382
53.50 C 20260807 2.56 3.05 9 24 1.0892 0.4440 0.0407
53.50 P 20260807 5.15 5.45 15 63 1.0892 -0.5568 0.0408
48.50 C 20260807 4.95 5.95 0 2 1.1217 0.6441 0.0372
48.50 P 20260807 2.60 2.87 59 159 1.1217 -0.3563 0.0373
54.00 C 20260807 2.53 2.83 119 285 1.0871 0.4247 0.0404
54.00 P 20260807 5.40 5.75 142 581 1.0871 -0.5761 0.0405
48.00 C 20260807 5.50 5.95 0 2 1.1261 0.6629 0.0363
48.00 P 20260807 2.41 2.69 781 867 1.1261 -0.3375 0.0364
54.50 C 20260807 2.36 2.72 37 84 1.0851 0.4054 0.0401
54.50 P 20260807 5.70 6.25 16 79 1.0851 -0.5974 0.0402
47.50 C 20260807 5.75 6.25 0 8 1.1306 0.6819 0.0354
47.50 P 20260807 2.24 2.44 538 120 1.1306 -0.3185 0.0355
55.00 C 20260807 2.18 2.49 840 400 1.0833 0.3860 0.0397
55.00 P 20260807 6.10 6.40 809 1811 1.0833 -0.6150 0.0398
47.00 C 20260807 6.00 6.55 1 12 1.1354 0.6996 0.0345
47.00 P 20260807 2.11 2.40 1035 393 1.1354 -0.3010 0.0345
55.50 C 20260807 1.98 2.36 100 355 1.0818 0.3680 0.0391
55.50 P 20260807 6.35 6.95 2 45 1.0818 -0.6325 0.0393
46.50 C 20260807 6.45 7.05 0 2 1.1404 0.7166 0.0333
46.50 P 20260807 1.84 2.11 485 174 1.1404 -0.2827 0.0333
56.00 C 20260807 1.95 2.17 162 82 1.0804 0.3509 0.0385
56.00 P 20260807 6.75 7.15 19 767 1.0804 -0.6515 0.0385
