# opt_chain TSM | epoch 1785180096 | 2026-07-27 15:21:36 | spot 398.49 | exps 20260731 20260807
# fuente ibkr_tws | band 0.1500 | max_strikes 20 | narrow 0 | vencimientos 2 | rows 80 | greeks_ok_pct 1.0000 | bidask_ok_pct 1.0000
# strike right exp bid ask vol oi iv delta gamma
397.50 C 20260731 10.90 11.35 280 110 0.6209 0.5305 0.0154
397.50 P 20260731 9.55 10.20 119 1343 0.6209 -0.4700 0.0154
400.00 C 20260731 9.65 10.15 1875 3016 0.6169 0.4921 0.0155
400.00 P 20260731 10.75 11.35 1730 5056 0.6169 -0.5086 0.0155
395.00 C 20260731 12.25 12.85 324 181 0.6254 0.5685 0.0151
395.00 P 20260731 8.45 9.05 567 2505 0.6254 -0.4319 0.0151
402.50 C 20260731 8.40 8.85 204 106 0.6133 0.4532 0.0155
402.50 P 20260731 11.70 12.70 197 164 0.6133 -0.5475 0.0155
392.50 C 20260731 13.75 14.25 241 164 0.6303 0.6056 0.0147
392.50 P 20260731 7.50 7.80 229 184 0.6303 -0.3948 0.0147
405.00 C 20260731 7.35 7.95 622 2718 0.6102 0.4150 0.0153
405.00 P 20260731 13.35 13.90 236 1509 0.6102 -0.5858 0.0154
390.00 C 20260731 15.20 15.90 386 401 0.6356 0.6412 0.0141
390.00 P 20260731 6.65 6.85 4456 2198 0.6356 -0.3592 0.0141
407.50 C 20260731 6.40 6.75 160 1298 0.6075 0.3772 0.0150
407.50 P 20260731 14.95 15.50 28 870 0.6075 -0.6237 0.0150
387.50 C 20260731 16.95 17.75 19 12 0.6414 0.6768 0.0135
387.50 P 20260731 5.75 6.25 373 478 0.6414 -0.3235 0.0135
410.00 C 20260731 5.55 5.80 1162 3319 0.6052 0.3412 0.0146
410.00 P 20260731 16.50 17.20 404 1383 0.6052 -0.6598 0.0146
385.00 C 20260731 18.65 19.50 138 456 0.6475 0.7085 0.0127
385.00 P 20260731 5.00 5.35 1730 4007 0.6475 -0.2917 0.0127
412.50 C 20260731 4.70 5.15 94 309 0.6032 0.3057 0.0139
412.50 P 20260731 18.20 19.30 267 336 0.6032 -0.6951 0.0140
382.50 C 20260731 20.05 21.45 56 62 0.6540 0.7396 0.0120
382.50 P 20260731 4.35 4.80 241 678 0.6540 -0.2607 0.0120
415.00 C 20260731 4.05 4.30 574 1760 0.6015 0.2726 0.0133
415.00 P 20260731 20.00 20.70 72 553 0.6015 -0.7278 0.0133
380.00 C 20260731 22.35 23.20 134 1529 0.6608 0.7658 0.0111
380.00 P 20260731 3.80 4.20 1606 5360 0.6608 -0.2344 0.0111
417.50 C 20260731 3.40 3.65 543 329 0.6001 0.2423 0.0125
417.50 P 20260731 21.70 22.65 24 396 0.6001 -0.7590 0.0125
377.50 C 20260731 24.25 25.30 120 2 0.6680 0.7943 0.0102
377.50 P 20260731 3.30 3.50 248 674 0.6680 -0.2059 0.0102
420.00 C 20260731 2.93 3.10 1906 2051 0.5989 0.2129 0.0116
420.00 P 20260731 23.70 24.65 32 12652 0.5989 -0.7894 0.0117
375.00 C 20260731 26.20 27.35 16 125 0.6754 0.8161 0.0094
375.00 P 20260731 2.95 3.15 871 3010 0.6754 -0.1840 0.0094
422.50 C 20260731 2.45 2.56 542 740 0.5980 0.1865 0.0107
422.50 P 20260731 25.60 27.45 12 91 0.5980 -0.8152 0.0108
397.50 C 20260807 15.20 16.35 32 1 0.5365 0.5352 0.0107
397.50 P 20260807 13.85 14.55 13 46 0.5365 -0.4660 0.0108
400.00 C 20260807 14.25 15.10 188 1588 0.5339 0.5083 0.0108
400.00 P 20260807 15.05 15.80 57 1034 0.5339 -0.4930 0.0109
395.00 C 20260807 16.85 17.60 57 77 0.5392 0.5619 0.0106
395.00 P 20260807 12.50 13.35 121 154 0.5392 -0.4392 0.0106
402.50 C 20260807 13.00 13.70 32 33 0.5315 0.4813 0.0108
402.50 P 20260807 16.15 17.10 24 43 0.5315 -0.5199 0.0109
392.50 C 20260807 18.20 19.15 14 5 0.5421 0.5883 0.0104
392.50 P 20260807 11.70 12.35 91 16 0.5421 -0.4127 0.0104
405.00 C 20260807 11.95 12.65 123 596 0.5293 0.4541 0.0109
405.00 P 20260807 17.70 18.75 42 154 0.5293 -0.5484 0.0109
390.00 C 20260807 19.40 20.70 154 54 0.5452 0.6140 0.0102
390.00 P 20260807 10.70 11.35 352 496 0.5452 -0.3869 0.0102
407.50 C 20260807 10.85 11.50 13 7 0.5272 0.4274 0.0108
407.50 P 20260807 18.85 19.90 9 15 0.5272 -0.5743 0.0108
387.50 C 20260807 20.45 22.65 7 10 0.5485 0.6374 0.0099
387.50 P 20260807 9.75 10.40 28 66 0.5485 -0.3619 0.0099
410.00 C 20260807 9.80 10.50 122 216 0.5253 0.4011 0.0106
410.00 P 20260807 20.35 21.75 42 501 0.5253 -0.6008 0.0107
385.00 C 20260807 22.60 23.70 62 80 0.5519 0.6635 0.0096
385.00 P 20260807 8.90 9.50 120 694 0.5519 -0.3372 0.0096
412.50 C 20260807 8.55 9.45 12 15 0.5236 0.3746 0.0105
412.50 P 20260807 21.75 23.25 15 65 0.5236 -0.6275 0.0106
382.50 C 20260807 24.45 26.05 5 25 0.5555 0.6871 0.0093
382.50 P 20260807 8.05 8.80 4 27 0.5555 -0.3142 0.0093
415.00 C 20260807 8.00 8.60 81 120 0.5220 0.3496 0.0103
415.00 P 20260807 23.65 24.65 61 134 0.5220 -0.6528 0.0103
380.00 C 20260807 26.10 27.80 0 1689 0.5593 0.7080 0.0089
380.00 P 20260807 7.30 8.00 252 806 0.5593 -0.2926 0.0089
417.50 C 20260807 7.20 7.95 72 14 0.5205 0.3249 0.0100
417.50 P 20260807 25.15 26.85 1 8 0.5205 -0.6783 0.0101
377.50 C 20260807 27.85 29.55 5 28 0.5633 0.7312 0.0085
377.50 P 20260807 6.65 7.80 16 73 0.5633 -0.2706 0.0085
420.00 C 20260807 6.50 7.00 124 520 0.5193 0.3013 0.0097
420.00 P 20260807 27.10 28.15 13 416 0.5193 -0.7039 0.0098
375.00 C 20260807 29.60 31.15 1 264 0.5675 0.7509 0.0081
375.00 P 20260807 6.00 6.60 29 310 0.5675 -0.2495 0.0081
422.50 C 20260807 5.80 6.30 186 19 0.5181 0.2764 0.0094
422.50 P 20260807 28.75 30.20 6 46 0.5181 -0.7265 0.0094
