# opt_chain AMZN | epoch 1785183623 | 2026-07-27 16:20:23 | spot 231.63 | exps 20260727 20260729 20260731 20260803 20260805 20260807 20260810 20260814 20260821
# fuente polygon_snapshot_v3 | greeks polygon_directo | iv polygon_directo | oi polygon_directo | vol day.volume(-1 si no cotizo) | bid/ask NO_ENTITLED(-1) | spot_src ibkr_bridge spot_edad_s 82 | band 0.6000 vencimientos 9 exp_hasta 2026-08-21
# strike right exp bid ask vol oi iv delta gamma
170.00 C 20260727 -1.00 -1.00 120 55 -1.0000 -1.0000 -1.000000
175.00 C 20260727 -1.00 -1.00 101 107 6.8496 0.9813 0.001408
180.00 C 20260727 -1.00 -1.00 106 314 7.1967 0.9634 0.002356
185.00 C 20260727 -1.00 -1.00 75 278 6.4733 0.9613 0.002740
190.00 C 20260727 -1.00 -1.00 66 513 5.8267 0.9574 0.003293
195.00 C 20260727 -1.00 -1.00 90 335 5.1971 0.9527 0.004028
200.00 C 20260727 -1.00 -1.00 74 250 2.6791 0.9970 0.000714
205.00 C 20260727 -1.00 -1.00 44 381 2.5579 0.9913 0.001953
210.00 C 20260727 -1.00 -1.00 62 177 2.1185 0.9896 0.002778
212.50 C 20260727 -1.00 -1.00 35 164 1.9004 0.9884 0.003400
215.00 C 20260727 -1.00 -1.00 29 60 1.6598 0.9870 0.004273
217.50 C 20260727 -1.00 -1.00 27 24 -1.0000 -1.0000 -1.000000
220.00 C 20260727 -1.00 -1.00 191 284 -1.0000 -1.0000 -1.000000
225.00 C 20260727 -1.00 -1.00 843 500 -1.0000 -1.0000 -1.000000
227.50 C 20260727 -1.00 -1.00 996 711 -1.0000 -1.0000 -1.000000
230.00 C 20260727 -1.00 -1.00 6923 814 -1.0000 -1.0000 -1.000000
232.50 C 20260727 -1.00 -1.00 33577 1448 0.1468 0.0505 0.149998
235.00 C 20260727 -1.00 -1.00 45013 4635 0.3810 0.0219 0.028913
237.50 C 20260727 -1.00 -1.00 21704 1652 0.5975 0.0147 0.013167
240.00 C 20260727 -1.00 -1.00 11097 4858 0.8023 0.0113 0.007884
242.50 C 20260727 -1.00 -1.00 2249 3727 0.9883 0.0093 0.005343
245.00 C 20260727 -1.00 -1.00 1050 3009 1.1724 0.0080 0.003902
247.50 C 20260727 -1.00 -1.00 349 1867 1.3546 0.0070 0.003002
250.00 C 20260727 -1.00 -1.00 163 4742 1.5814 0.0079 0.002870
252.50 C 20260727 -1.00 -1.00 64 2374 1.7136 0.0057 0.001974
255.00 C 20260727 -1.00 -1.00 153 4183 1.8904 0.0052 0.001662
257.50 C 20260727 -1.00 -1.00 92 1361 2.0655 0.0048 0.001426
260.00 C 20260727 -1.00 -1.00 45 6234 2.2389 0.0045 0.001242
262.50 C 20260727 -1.00 -1.00 8 439 2.6825 0.0103 0.002158
265.00 C 20260727 -1.00 -1.00 7 815 2.5503 0.0040 0.000976
267.50 C 20260727 -1.00 -1.00 2 380 2.7942 0.0048 0.001048
270.00 C 20260727 -1.00 -1.00 9 735 3.6036 0.0185 0.002643
272.50 C 20260727 -1.00 -1.00 2 217 3.2151 0.0060 0.001115
275.00 C 20260727 -1.00 -1.00 8 1075 3.2597 0.0042 0.000795
277.50 C 20260727 -1.00 -1.00 4 52 3.5403 0.0056 0.000942
280.00 C 20260727 -1.00 -1.00 7 172 3.7885 0.0068 0.001045
282.50 C 20260727 -1.00 -1.00 23 17 3.8052 0.0044 0.000726
285.00 C 20260727 -1.00 -1.00 6 16 3.8243 0.0036 0.000587
290.00 C 20260727 -1.00 -1.00 2 8 4.2180 0.0040 0.000597
170.00 P 20260727 -1.00 -1.00 47 35 6.0030 -0.0042 0.000436
175.00 P 20260727 -1.00 -1.00 40 0 6.0862 -0.0093 0.000870
180.00 P 20260727 -1.00 -1.00 36 25 4.7816 -0.0034 0.000460
185.00 P 20260727 -1.00 -1.00 71 3 5.0663 -0.0120 0.001306
190.00 P 20260727 -1.00 -1.00 19 7 3.9213 -0.0056 0.000849
195.00 P 20260727 -1.00 -1.00 24 19 3.2906 -0.0040 0.000757
200.00 P 20260727 -1.00 -1.00 44 10 2.7661 -0.0036 0.000826
205.00 P 20260727 -1.00 -1.00 73 30 2.3331 -0.0042 0.001120
210.00 P 20260727 -1.00 -1.00 118 242 1.8972 -0.0051 0.001614
212.50 P 20260727 -1.00 -1.00 73 29 1.7840 -0.0085 0.002739
215.00 P 20260727 -1.00 -1.00 100 1466 1.6220 -0.0111 0.003839
217.50 P 20260727 -1.00 -1.00 99 4927 1.2625 -0.0073 0.003374
220.00 P 20260727 -1.00 -1.00 432 1275 1.0558 -0.0087 0.004695
225.00 P 20260727 -1.00 -1.00 1647 1447 0.6340 -0.0138 0.011802
227.50 P 20260727 -1.00 -1.00 3658 1095 0.4075 -0.0205 0.025566
230.00 P 20260727 -1.00 -1.00 38331 5088 0.1708 -0.0442 0.115616
232.50 P 20260727 -1.00 -1.00 35948 1267 -1.0000 -1.0000 -1.000000
235.00 P 20260727 -1.00 -1.00 6789 1492 -1.0000 -1.0000 -1.000000
237.50 P 20260727 -1.00 -1.00 713 1543 0.5840 -0.9882 0.011688
240.00 P 20260727 -1.00 -1.00 405 2587 0.7721 -0.9909 0.006928
242.50 P 20260727 -1.00 -1.00 132 588 -1.0000 -1.0000 -1.000000
245.00 P 20260727 -1.00 -1.00 184 362 1.3225 -0.9839 0.006496
247.50 P 20260727 -1.00 -1.00 287 9 1.5296 -0.9858 0.005068
250.00 P 20260727 -1.00 -1.00 1 1 -1.0000 -1.0000 -1.000000
252.50 P 20260727 -1.00 -1.00 346 0 -1.0000 -1.0000 -1.000000
255.00 P 20260727 -1.00 -1.00 1227 0 -1.0000 -1.0000 -1.000000
257.50 P 20260727 -1.00 -1.00 506 0 -1.0000 -1.0000 -1.000000
260.00 P 20260727 -1.00 -1.00 2213 0 -1.0000 -1.0000 -1.000000
262.50 P 20260727 -1.00 -1.00 2 0 -1.0000 -1.0000 -1.000000
265.00 P 20260727 -1.00 -1.00 17 0 3.2152 -0.9801 0.003170
267.50 P 20260727 -1.00 -1.00 22 0 -1.0000 -1.0000 -1.000000
270.00 P 20260727 -1.00 -1.00 19 0 -1.0000 -1.0000 -1.000000
272.50 P 20260727 -1.00 -1.00 2 0 -1.0000 -1.0000 -1.000000
275.00 P 20260727 -1.00 -1.00 27 0 -1.0000 -1.0000 -1.000000
277.50 P 20260727 -1.00 -1.00 34 0 -1.0000 -1.0000 -1.000000
280.00 P 20260727 -1.00 -1.00 17 0 -1.0000 -1.0000 -1.000000
282.50 P 20260727 -1.00 -1.00 14 0 -1.0000 -1.0000 -1.000000
285.00 P 20260727 -1.00 -1.00 4 0 -1.0000 -1.0000 -1.000000
290.00 P 20260727 -1.00 -1.00 4 0 6.0576 -0.9647 0.002758
180.00 C 20260729 -1.00 -1.00 541 29 -1.0000 -1.0000 -1.000000
185.00 C 20260729 -1.00 -1.00 119 72 1.6705 0.9661 0.002542
190.00 C 20260729 -1.00 -1.00 6 131 1.6513 0.9486 0.003621
195.00 C 20260729 -1.00 -1.00 1134 163 1.0810 0.9832 0.002168
200.00 C 20260729 -1.00 -1.00 90 112 1.3265 0.9336 0.005539
205.00 C 20260729 -1.00 -1.00 1 62 1.1490 0.9231 0.007106
210.00 C 20260729 -1.00 -1.00 538 88 0.8834 0.9312 0.008546
212.50 C 20260729 -1.00 -1.00 220 76 0.8951 0.8993 0.011161
215.00 C 20260729 -1.00 -1.00 248 74 0.6573 0.9344 0.011127
217.50 C 20260729 -1.00 -1.00 62 30 0.0005 1.0000 0.000000
220.00 C 20260729 -1.00 -1.00 2312 520 -1.0000 -1.0000 -1.000000
222.50 C 20260729 -1.00 -1.00 642 160 0.2987 0.9585 0.016717
225.00 C 20260729 -1.00 -1.00 766 91 0.3773 0.8377 0.036871
227.50 C 20260729 -1.00 -1.00 1244 162 0.4073 0.7120 0.047517
230.00 C 20260729 -1.00 -1.00 2993 543 0.3950 0.5856 0.055989
232.50 C 20260729 -1.00 -1.00 6847 958 0.3904 0.4439 0.057424
235.00 C 20260729 -1.00 -1.00 15106 1596 0.3790 0.3039 0.052332
237.50 C 20260729 -1.00 -1.00 3259 1134 0.3758 0.1880 0.040624
240.00 C 20260729 -1.00 -1.00 8647 1503 0.3823 0.1094 0.027719
242.50 C 20260729 -1.00 -1.00 3334 1181 0.3992 0.0632 0.017664
245.00 C 20260729 -1.00 -1.00 5114 3404 0.4104 0.0332 0.010269
247.50 C 20260729 -1.00 -1.00 499 723 0.4305 0.0209 0.006535
250.00 C 20260729 -1.00 -1.00 1318 2845 0.4566 0.0124 0.003986
252.50 C 20260729 -1.00 -1.00 281 166 0.4676 0.0072 0.002371
255.00 C 20260729 -1.00 -1.00 164 2851 0.5026 0.0052 0.001667
257.50 C 20260729 -1.00 -1.00 26 68 0.5613 0.0061 0.001711
260.00 C 20260729 -1.00 -1.00 37 858 0.5955 0.0045 0.001246
262.50 C 20260729 -1.00 -1.00 1 38 0.7755 0.0170 0.003050
265.00 C 20260729 -1.00 -1.00 10 799 0.8626 0.0211 0.003282
267.50 C 20260729 -1.00 -1.00 5 15 0.7788 0.0076 0.001490
270.00 C 20260729 -1.00 -1.00 2 63 0.9432 0.0166 0.002458
272.50 C 20260729 -1.00 -1.00 1 1 1.0081 0.0177 0.002427
275.00 C 20260729 -1.00 -1.00 2 30 1.0373 0.0147 0.002022
277.50 C 20260729 -1.00 -1.00 -1 0 1.1414 0.0201 0.002387
280.00 C 20260729 -1.00 -1.00 1 1 1.1348 0.0136 0.001745
285.00 C 20260729 -1.00 -1.00 1 1 1.2302 0.0133 0.001572
290.00 C 20260729 -1.00 -1.00 21 0 -1.0000 -1.0000 -1.000000
180.00 P 20260729 -1.00 -1.00 1 2 -1.0000 -1.0000 -1.000000
185.00 P 20260729 -1.00 -1.00 20 1 -1.0000 -1.0000 -1.000000
190.00 P 20260729 -1.00 -1.00 1 1 -1.0000 -1.0000 -1.000000
195.00 P 20260729 -1.00 -1.00 24 22 1.0530 -0.0143 0.001943
200.00 P 20260729 -1.00 -1.00 45 1 0.7962 -0.0072 0.001397
205.00 P 20260729 -1.00 -1.00 61 536 0.7835 -0.0196 0.003415
210.00 P 20260729 -1.00 -1.00 1223 107 0.5983 -0.0152 0.003595
212.50 P 20260729 -1.00 -1.00 969 32 0.6598 -0.0431 0.007803
215.00 P 20260729 -1.00 -1.00 2431 191 0.5338 -0.0326 0.007741
217.50 P 20260729 -1.00 -1.00 814 55 0.4894 -0.0469 0.011285
220.00 P 20260729 -1.00 -1.00 567 1548 0.4618 -0.0720 0.016916
222.50 P 20260729 -1.00 -1.00 644 366 0.4239 -0.1098 0.025185
225.00 P 20260729 -1.00 -1.00 3327 1289 0.4093 -0.1819 0.036597
227.50 P 20260729 -1.00 -1.00 1482 633 0.4012 -0.2856 0.048077
230.00 P 20260729 -1.00 -1.00 4245 1481 0.3918 -0.4143 0.056525
232.50 P 20260729 -1.00 -1.00 2766 492 0.4005 -0.5552 0.056125
235.00 P 20260729 -1.00 -1.00 1435 461 0.4078 -0.6836 0.049767
237.50 P 20260729 -1.00 -1.00 287 163 0.3678 -0.8190 0.040953
240.00 P 20260729 -1.00 -1.00 210 334 0.3469 -0.9163 0.025934
242.50 P 20260729 -1.00 -1.00 288 112 0.3426 -0.9671 0.013469
245.00 P 20260729 -1.00 -1.00 184 226 0.5457 -0.9128 0.016745
247.50 P 20260729 -1.00 -1.00 12 131 0.6124 -0.9248 0.013485
250.00 P 20260729 -1.00 -1.00 313 53 0.5415 -0.9715 0.007378
252.50 P 20260729 -1.00 -1.00 92 9 0.8744 -0.8984 0.011565
255.00 P 20260729 -1.00 -1.00 475 9 0.8054 -0.9405 0.008479
257.50 P 20260729 -1.00 -1.00 108 0 0.8001 -0.9590 0.006397
260.00 P 20260729 -1.00 -1.00 412 0 0.9261 -0.9473 0.006672
262.50 P 20260729 -1.00 -1.00 30 0 -1.0000 -1.0000 -1.000000
265.00 P 20260729 -1.00 -1.00 428 0 1.0315 -0.9548 0.005303
267.50 P 20260729 -1.00 -1.00 30 0 -1.0000 -1.0000 -1.000000
270.00 P 20260729 -1.00 -1.00 230 2 1.1476 -0.9587 0.004449
272.50 P 20260729 -1.00 -1.00 220 0 -1.0000 -1.0000 -1.000000
275.00 P 20260729 -1.00 -1.00 208 0 1.3637 -0.9463 0.004570
277.50 P 20260729 -1.00 -1.00 48 0 -1.0000 -1.0000 -1.000000
280.00 P 20260729 -1.00 -1.00 146 0 1.4118 -0.9585 0.003616
285.00 P 20260729 -1.00 -1.00 20 0 -1.0000 -1.0000 -1.000000
290.00 P 20260729 -1.00 -1.00 1114 0 -1.0000 -1.0000 -1.000000
170.00 C 20260731 -1.00 -1.00 58 54 1.4615 0.9810 0.001282
175.00 C 20260731 -1.00 -1.00 11 43 1.4112 0.9755 0.001669
180.00 C 20260731 -1.00 -1.00 44 123 1.2717 0.9749 0.001891
185.00 C 20260731 -1.00 -1.00 542 242 1.1981 0.9668 0.002510
190.00 C 20260731 -1.00 -1.00 128 187 1.0741 0.9635 0.003017
195.00 C 20260731 -1.00 -1.00 642 197 1.0512 0.9454 0.004311
200.00 C 20260731 -1.00 -1.00 1564 640 0.9770 0.9288 0.005688
205.00 C 20260731 -1.00 -1.00 1089 279 0.8918 0.9075 0.007560
207.50 C 20260731 -1.00 -1.00 366 34 0.8928 0.8862 0.008884
210.00 C 20260731 -1.00 -1.00 786 434 0.8681 0.8657 0.010230
212.50 C 20260731 -1.00 -1.00 246 15 0.8310 0.8436 0.011762
215.00 C 20260731 -1.00 -1.00 76 302 0.8662 0.8020 0.013217
217.50 C 20260731 -1.00 -1.00 103 46 0.8665 0.7653 0.014561
220.00 C 20260731 -1.00 -1.00 868 440 0.8251 0.7324 0.016286
222.50 C 20260731 -1.00 -1.00 298 123 0.8292 0.6884 0.017531
225.00 C 20260731 -1.00 -1.00 1297 1373 0.8055 0.6462 0.019048
227.50 C 20260731 -1.00 -1.00 109 339 0.8099 0.5958 0.019542
230.00 C 20260731 -1.00 -1.00 3086 2852 0.8065 0.5461 0.020216
232.50 C 20260731 -1.00 -1.00 2084 1383 0.8144 0.4968 0.020183
235.00 C 20260731 -1.00 -1.00 1565 3200 0.8074 0.4472 0.020009
237.50 C 20260731 -1.00 -1.00 857 8865 0.8131 0.3990 0.019530
240.00 C 20260731 -1.00 -1.00 6421 4769 0.8069 0.3520 0.018942
242.50 C 20260731 -1.00 -1.00 703 615 0.8095 0.3102 0.017794
245.00 C 20260731 -1.00 -1.00 4366 8699 0.8149 0.2695 0.016627
247.50 C 20260731 -1.00 -1.00 1338 7635 0.8122 0.2307 0.015432
250.00 C 20260731 -1.00 -1.00 8390 13026 0.7963 0.1937 0.014054
252.50 C 20260731 -1.00 -1.00 1485 1005 0.7974 0.1616 0.012572
255.00 C 20260731 -1.00 -1.00 5124 5789 0.8053 0.1360 0.011162
257.50 C 20260731 -1.00 -1.00 1013 1497 0.7965 0.1122 0.009744
260.00 C 20260731 -1.00 -1.00 3044 9990 0.7985 0.0915 0.008380
262.50 C 20260731 -1.00 -1.00 4421 741 0.8061 0.0736 0.007135
265.00 C 20260731 -1.00 -1.00 9884 27266 0.7984 0.0598 0.006050
267.50 C 20260731 -1.00 -1.00 544 3347 0.8108 0.0506 0.005197
270.00 C 20260731 -1.00 -1.00 1622 7008 0.8140 0.0394 0.004258
272.50 C 20260731 -1.00 -1.00 151 3283 0.8158 0.0311 0.003510
275.00 C 20260731 -1.00 -1.00 1135 6161 0.8149 0.0251 0.002909
277.50 C 20260731 -1.00 -1.00 103 402 0.8247 0.0207 0.002432
280.00 C 20260731 -1.00 -1.00 2002 30606 0.8309 0.0158 0.001933
282.50 C 20260731 -1.00 -1.00 59 174 0.7886 0.0091 0.001254
285.00 C 20260731 -1.00 -1.00 1058 2149 0.8352 0.0100 0.001286
287.50 C 20260731 -1.00 -1.00 14 114 0.8566 0.0091 0.001153
290.00 C 20260731 -1.00 -1.00 232 3418 0.8616 0.0071 0.000921
292.50 C 20260731 -1.00 -1.00 5 55 0.9153 0.0086 0.001023
170.00 P 20260731 -1.00 -1.00 84 263 1.2277 -0.0071 0.000644
175.00 P 20260731 -1.00 -1.00 122 258 1.1361 -0.0081 0.000787
180.00 P 20260731 -1.00 -1.00 2319 892 1.1261 -0.0147 0.001335
185.00 P 20260731 -1.00 -1.00 579 1044 1.0257 -0.0170 0.001656
190.00 P 20260731 -1.00 -1.00 470 3147 0.9898 -0.0252 0.002437
195.00 P 20260731 -1.00 -1.00 417 2620 0.9230 -0.0355 0.003436
200.00 P 20260731 -1.00 -1.00 1260 3559 0.9120 -0.0580 0.005228
205.00 P 20260731 -1.00 -1.00 575 1954 0.8708 -0.0876 0.007434
207.50 P 20260731 -1.00 -1.00 834 335 0.8648 -0.1079 0.008794
210.00 P 20260731 -1.00 -1.00 947 3185 0.8521 -0.1296 0.010207
212.50 P 20260731 -1.00 -1.00 273 266 0.8305 -0.1564 0.011772
215.00 P 20260731 -1.00 -1.00 868 2385 0.8252 -0.1885 0.013416
217.50 P 20260731 -1.00 -1.00 603 570 0.8219 -0.2235 0.015022
220.00 P 20260731 -1.00 -1.00 2059 4605 0.8069 -0.2637 0.016544
222.50 P 20260731 -1.00 -1.00 393 1084 0.8052 -0.3078 0.017941
225.00 P 20260731 -1.00 -1.00 981 4968 0.8080 -0.3544 0.019013
227.50 P 20260731 -1.00 -1.00 723 457 0.7995 -0.4037 0.019807
230.00 P 20260731 -1.00 -1.00 1788 4130 0.8040 -0.4542 0.020302
232.50 P 20260731 -1.00 -1.00 1892 1640 0.8041 -0.5042 0.020465
235.00 P 20260731 -1.00 -1.00 1499 3534 0.7972 -0.5544 0.020285
237.50 P 20260731 -1.00 -1.00 78 597 0.8257 -0.5995 0.019276
240.00 P 20260731 -1.00 -1.00 1304 3096 0.8296 -0.6441 0.018563
242.50 P 20260731 -1.00 -1.00 115 244 0.7836 -0.6974 0.018237
245.00 P 20260731 -1.00 -1.00 705 2252 0.8204 -0.7296 0.016597
247.50 P 20260731 -1.00 -1.00 151 325 0.7981 -0.7742 0.015564
250.00 P 20260731 -1.00 -1.00 584 2709 0.8095 -0.8030 0.014058
252.50 P 20260731 -1.00 -1.00 293 220 0.7876 -0.8432 0.012608
255.00 P 20260731 -1.00 -1.00 981 1443 0.7866 -0.8705 0.011137
257.50 P 20260731 -1.00 -1.00 296 191 0.7504 -0.9042 0.009380
260.00 P 20260731 -1.00 -1.00 1745 677 0.8554 -0.8921 0.008933
262.50 P 20260731 -1.00 -1.00 329 12 0.7767 -0.9344 0.006932
265.00 P 20260731 -1.00 -1.00 38 42 0.7438 -0.9554 0.005382
267.50 P 20260731 -1.00 -1.00 2 129 0.7570 -0.9651 0.004447
270.00 P 20260731 -1.00 -1.00 136 318 0.7459 -0.9748 0.003520
272.50 P 20260731 -1.00 -1.00 81 37 0.7424 -0.9821 0.002775
275.00 P 20260731 -1.00 -1.00 958 173 0.8362 -0.9740 0.003183
277.50 P 20260731 -1.00 -1.00 270 3 -1.0000 -1.0000 -1.000000
280.00 P 20260731 -1.00 -1.00 1214 116 -1.0000 -1.0000 -1.000000
282.50 P 20260731 -1.00 -1.00 1868 60 0.7639 -0.9959 0.001073
285.00 P 20260731 -1.00 -1.00 583 0 -1.0000 -1.0000 -1.000000
287.50 P 20260731 -1.00 -1.00 1770 0 -1.0000 -1.0000 -1.000000
290.00 P 20260731 -1.00 -1.00 2376 0 1.1336 -0.9685 0.002687
292.50 P 20260731 -1.00 -1.00 2172 0 -1.0000 -1.0000 -1.000000
170.00 C 20260803 -1.00 -1.00 -1 0 1.1318 0.9798 0.001335
175.00 C 20260803 -1.00 -1.00 20 0 1.0749 0.9757 0.001661
180.00 C 20260803 -1.00 -1.00 55 0 0.9836 0.9738 0.001939
185.00 C 20260803 -1.00 -1.00 50 0 0.8777 0.9731 0.002219
190.00 C 20260803 -1.00 -1.00 60 0 0.8507 0.9579 0.003261
195.00 C 20260803 -1.00 -1.00 202 3 0.8162 0.9432 0.004383
200.00 C 20260803 -1.00 -1.00 79 28 0.7578 0.9253 0.005782
202.50 C 20260803 -1.00 -1.00 -1 0 0.7345 0.9125 0.006706
205.00 C 20260803 -1.00 -1.00 26 5 0.7256 0.8952 0.007805
207.50 C 20260803 -1.00 -1.00 -1 0 0.7145 0.8775 0.008955
210.00 C 20260803 -1.00 -1.00 72 3 0.6981 0.8532 0.010240
212.50 C 20260803 -1.00 -1.00 -1 0 0.6697 0.8317 0.011664
215.00 C 20260803 -1.00 -1.00 62 1 0.6326 0.8112 0.013346
217.50 C 20260803 -1.00 -1.00 28 28 0.6997 0.7544 0.014027
220.00 C 20260803 -1.00 -1.00 88 14 0.6635 0.7241 0.015671
222.50 C 20260803 -1.00 -1.00 30 1 0.6826 0.6795 0.016489
225.00 C 20260803 -1.00 -1.00 244 2 0.6661 0.6388 0.017620
227.50 C 20260803 -1.00 -1.00 8 3 0.6595 0.5932 0.018316
230.00 C 20260803 -1.00 -1.00 79 102 0.6490 0.5468 0.019146
232.50 C 20260803 -1.00 -1.00 127 85 0.6512 0.4999 0.019241
235.00 C 20260803 -1.00 -1.00 375 425 0.6458 0.4527 0.019094
237.50 C 20260803 -1.00 -1.00 42 497 0.6464 0.4059 0.018775
240.00 C 20260803 -1.00 -1.00 190 160 0.6500 0.3622 0.018152
242.50 C 20260803 -1.00 -1.00 106 207 0.6455 0.3206 0.017258
245.00 C 20260803 -1.00 -1.00 391 120 0.6432 0.2792 0.016300
247.50 C 20260803 -1.00 -1.00 53 95 0.6497 0.2424 0.015183
250.00 C 20260803 -1.00 -1.00 164 818 0.6405 0.2085 0.013947
252.50 C 20260803 -1.00 -1.00 76 93 0.6402 0.1776 0.012623
255.00 C 20260803 -1.00 -1.00 251 342 0.6449 0.1491 0.011314
257.50 C 20260803 -1.00 -1.00 208 35 0.6369 0.1243 0.010028
260.00 C 20260803 -1.00 -1.00 278 339 0.6352 0.1033 0.008755
262.50 C 20260803 -1.00 -1.00 155 25 0.6417 0.0856 0.007589
265.00 C 20260803 -1.00 -1.00 3607 431 0.6642 0.0754 0.006732
267.50 C 20260803 -1.00 -1.00 125 308 0.6377 0.0569 0.005536
270.00 C 20260803 -1.00 -1.00 10 90 0.6402 0.0460 0.004653
272.50 C 20260803 -1.00 -1.00 57 61 0.6510 0.0379 0.003943
275.00 C 20260803 -1.00 -1.00 26 125 0.6528 0.0309 0.003319
277.50 C 20260803 -1.00 -1.00 4 2 0.6548 0.0257 0.002810
280.00 C 20260803 -1.00 -1.00 37 143 0.6704 0.0229 0.002487
282.50 C 20260803 -1.00 -1.00 4 5 0.6723 0.0178 0.002009
285.00 C 20260803 -1.00 -1.00 1 212 0.6668 0.0128 0.001534
287.50 C 20260803 -1.00 -1.00 26 26 0.6893 0.0124 0.001442
290.00 C 20260803 -1.00 -1.00 2 69 0.6744 0.0089 0.001086
292.50 C 20260803 -1.00 -1.00 42 5 0.6967 0.0086 0.001024
170.00 P 20260803 -1.00 -1.00 6 3 0.9363 -0.0070 0.000643
175.00 P 20260803 -1.00 -1.00 2 4 0.9197 -0.0111 0.000982
180.00 P 20260803 -1.00 -1.00 4 1 0.8344 -0.0121 0.001163
185.00 P 20260803 -1.00 -1.00 2 1 0.8269 -0.0218 0.001951
190.00 P 20260803 -1.00 -1.00 2 1 0.7849 -0.0298 0.002685
195.00 P 20260803 -1.00 -1.00 2 5 0.7374 -0.0425 0.003795
200.00 P 20260803 -1.00 -1.00 75 92 0.7044 -0.0595 0.005278
202.50 P 20260803 -1.00 -1.00 1 4 0.6945 -0.0758 0.006378
205.00 P 20260803 -1.00 -1.00 22 20 0.6797 -0.0921 0.007539
207.50 P 20260803 -1.00 -1.00 4 31 0.6762 -0.1122 0.008844
210.00 P 20260803 -1.00 -1.00 140 129 0.6670 -0.1359 0.010220
212.50 P 20260803 -1.00 -1.00 79 13 0.6623 -0.1660 0.011696
215.00 P 20260803 -1.00 -1.00 215 259 0.6614 -0.1977 0.013189
217.50 P 20260803 -1.00 -1.00 138 103 0.6531 -0.2318 0.014642
220.00 P 20260803 -1.00 -1.00 134 578 0.6463 -0.2717 0.015979
222.50 P 20260803 -1.00 -1.00 13 54 0.6474 -0.3141 0.017207
225.00 P 20260803 -1.00 -1.00 54 328 0.6453 -0.3585 0.018185
227.50 P 20260803 -1.00 -1.00 11 62 0.6409 -0.4057 0.018863
230.00 P 20260803 -1.00 -1.00 246 57 0.6443 -0.4537 0.019323
232.50 P 20260803 -1.00 -1.00 70 816 0.6463 -0.5012 0.019426
235.00 P 20260803 -1.00 -1.00 55 98 0.6392 -0.5490 0.019334
237.50 P 20260803 -1.00 -1.00 5 20 0.6475 -0.5948 0.018797
240.00 P 20260803 -1.00 -1.00 18 65 0.6443 -0.6404 0.018332
242.50 P 20260803 -1.00 -1.00 4 11 0.6660 -0.6745 0.016924
245.00 P 20260803 -1.00 -1.00 123 14 0.6246 -0.7294 0.016674
247.50 P 20260803 -1.00 -1.00 21 9 0.6131 -0.7721 0.015596
250.00 P 20260803 -1.00 -1.00 248 20 0.6219 -0.8008 0.014114
252.50 P 20260803 -1.00 -1.00 11 3 0.6361 -0.8262 0.012710
255.00 P 20260803 -1.00 -1.00 68 16 0.6110 -0.8665 0.011285
257.50 P 20260803 -1.00 -1.00 1 1 0.6250 -0.8825 0.010039
260.00 P 20260803 -1.00 -1.00 276 3 0.6429 -0.8962 0.008931
262.50 P 20260803 -1.00 -1.00 76 0 0.6395 -0.9182 0.007662
265.00 P 20260803 -1.00 -1.00 210 2 0.6145 -0.9412 0.006287
267.50 P 20260803 -1.00 -1.00 78 0 0.6393 -0.9459 0.005672
270.00 P 20260803 -1.00 -1.00 1050 1 0.5720 -0.9760 0.003683
272.50 P 20260803 -1.00 -1.00 24 0 0.5994 -0.9769 0.003389
275.00 P 20260803 -1.00 -1.00 960 1 0.5398 -0.9948 0.001702
277.50 P 20260803 -1.00 -1.00 176 0 0.6207 -0.9853 0.002489
280.00 P 20260803 -1.00 -1.00 590 0 0.6641 -0.9823 0.002515
282.50 P 20260803 -1.00 -1.00 200 0 0.6550 -0.9900 0.001867
285.00 P 20260803 -1.00 -1.00 888 0 -1.0000 -1.0000 -1.000000
287.50 P 20260803 -1.00 -1.00 120 0 -1.0000 -1.0000 -1.000000
290.00 P 20260803 -1.00 -1.00 1304 0 0.8139 -0.9769 0.002395
292.50 P 20260803 -1.00 -1.00 270 0 -1.0000 -1.0000 -1.000000
170.00 C 20260805 -1.00 -1.00 -1 0 1.0272 0.9778 0.001418
175.00 C 20260805 -1.00 -1.00 -1 0 0.9604 0.9749 0.001690
180.00 C 20260805 -1.00 -1.00 -1 0 0.8896 0.9703 0.002082
185.00 C 20260805 -1.00 -1.00 -1 0 0.7879 0.9708 0.002326
190.00 C 20260805 -1.00 -1.00 -1 0 0.7488 0.9587 0.003225
195.00 C 20260805 -1.00 -1.00 -1 0 0.6961 0.9483 0.004192
200.00 C 20260805 -1.00 -1.00 130 11 0.6764 0.9235 0.005827
202.50 C 20260805 -1.00 -1.00 -1 0 0.6684 0.9070 0.006828
205.00 C 20260805 -1.00 -1.00 226 0 0.6397 0.8961 0.007777
207.50 C 20260805 -1.00 -1.00 100 0 0.6635 0.8654 0.009016
210.00 C 20260805 -1.00 -1.00 190 1 0.6243 0.8510 0.010220
212.50 C 20260805 -1.00 -1.00 -1 0 0.6481 0.8134 0.011431
215.00 C 20260805 -1.00 -1.00 63 18 0.6463 0.7840 0.012640
217.50 C 20260805 -1.00 -1.00 -1 0 0.6099 0.7579 0.014130
220.00 C 20260805 -1.00 -1.00 154 0 0.6248 0.7145 0.014976
222.50 C 20260805 -1.00 -1.00 66 3 0.6294 0.6751 0.015936
225.00 C 20260805 -1.00 -1.00 135 7 0.6379 0.6318 0.016329
227.50 C 20260805 -1.00 -1.00 5 5 0.6144 0.5912 0.017403
230.00 C 20260805 -1.00 -1.00 100 19 0.6102 0.5470 0.018007
232.50 C 20260805 -1.00 -1.00 27 63 0.6086 0.5027 0.018206
235.00 C 20260805 -1.00 -1.00 65 78 0.6004 0.4577 0.018185
237.50 C 20260805 -1.00 -1.00 38 46 0.5957 0.4121 0.018053
240.00 C 20260805 -1.00 -1.00 20 59 0.6236 0.3752 0.017003
242.50 C 20260805 -1.00 -1.00 2 16 0.6156 0.3359 0.016338
245.00 C 20260805 -1.00 -1.00 49 64 0.5814 0.2852 0.016089
247.50 C 20260805 -1.00 -1.00 8 39 0.5968 0.2526 0.014913
250.00 C 20260805 -1.00 -1.00 39 67 0.5855 0.2173 0.013850
252.50 C 20260805 -1.00 -1.00 13 31 0.5941 0.1915 0.012595
255.00 C 20260805 -1.00 -1.00 11 67 0.5929 0.1615 0.011397
257.50 C 20260805 -1.00 -1.00 33 12 0.5942 0.1370 0.010233
260.00 C 20260805 -1.00 -1.00 81 67 0.6099 0.1239 0.009229
262.50 C 20260805 -1.00 -1.00 7 26 0.6033 0.1024 0.008097
265.00 C 20260805 -1.00 -1.00 15 34 0.6060 0.0846 0.007051
267.50 C 20260805 -1.00 -1.00 3 3 0.6407 0.0819 0.006523
270.00 C 20260805 -1.00 -1.00 14 28 0.6106 0.0606 0.005387
272.50 C 20260805 -1.00 -1.00 4 3 0.6503 0.0619 0.005140
275.00 C 20260805 -1.00 -1.00 18 122 0.6244 0.0438 0.004061
277.50 C 20260805 -1.00 -1.00 10 20 0.6300 0.0353 0.003419
280.00 C 20260805 -1.00 -1.00 3 47 0.6811 0.0417 0.003584
282.50 C 20260805 -1.00 -1.00 2 2 0.6653 0.0312 0.002899
285.00 C 20260805 -1.00 -1.00 4 199 0.6099 0.0158 0.001776
287.50 C 20260805 -1.00 -1.00 12 1 0.7131 0.0298 0.002595
290.00 C 20260805 -1.00 -1.00 12 2 0.6231 0.0115 0.001319
292.50 C 20260805 -1.00 -1.00 1 1 0.8396 0.0433 0.002996
170.00 P 20260805 -1.00 -1.00 1 3 0.9005 -0.0111 0.000892
175.00 P 20260805 -1.00 -1.00 1 1 0.9039 -0.0203 0.001481
180.00 P 20260805 -1.00 -1.00 3 1 0.8150 -0.0208 0.001681
185.00 P 20260805 -1.00 -1.00 2 1 0.7073 -0.0189 0.001775
190.00 P 20260805 -1.00 -1.00 -1 0 0.7467 -0.0409 0.003211
195.00 P 20260805 -1.00 -1.00 -1 0 0.7337 -0.0589 0.004450
200.00 P 20260805 -1.00 -1.00 4 23 0.6497 -0.0678 0.005567
202.50 P 20260805 -1.00 -1.00 1 0 0.6372 -0.0834 0.006596
205.00 P 20260805 -1.00 -1.00 8 10 0.6481 -0.1065 0.007829
207.50 P 20260805 -1.00 -1.00 11 15 0.6323 -0.1226 0.008953
210.00 P 20260805 -1.00 -1.00 51 11 0.6155 -0.1459 0.010235
212.50 P 20260805 -1.00 -1.00 1 12 0.6303 -0.1812 0.011527
215.00 P 20260805 -1.00 -1.00 29 33 0.6266 -0.2099 0.012852
217.50 P 20260805 -1.00 -1.00 77 34 0.6224 -0.2465 0.013981
220.00 P 20260805 -1.00 -1.00 9 27 0.5723 -0.2714 0.015947
222.50 P 20260805 -1.00 -1.00 3 3 0.5916 -0.3178 0.016763
225.00 P 20260805 -1.00 -1.00 20 124 0.5856 -0.3606 0.017739
227.50 P 20260805 -1.00 -1.00 1 5 0.5835 -0.4067 0.018335
230.00 P 20260805 -1.00 -1.00 24 42 0.5952 -0.4535 0.018505
232.50 P 20260805 -1.00 -1.00 6 20 0.5745 -0.5004 0.019333
235.00 P 20260805 -1.00 -1.00 6 91 0.5906 -0.5448 0.018536
237.50 P 20260805 -1.00 -1.00 5 5 0.5945 -0.5893 0.018152
240.00 P 20260805 -1.00 -1.00 9 84 0.5522 -0.6449 0.018823
242.50 P 20260805 -1.00 -1.00 5 3 0.5870 -0.6747 0.016996
245.00 P 20260805 -1.00 -1.00 2 72 0.5984 -0.7098 0.015867
247.50 P 20260805 -1.00 -1.00 132 133 0.5960 -0.7498 0.015013
250.00 P 20260805 -1.00 -1.00 1 103 0.5775 -0.7883 0.013997
252.50 P 20260805 -1.00 -1.00 -1 0 0.5481 -0.8338 0.012777
255.00 P 20260805 -1.00 -1.00 87 7 0.5624 -0.8577 0.011426
257.50 P 20260805 -1.00 -1.00 3 3 0.5385 -0.8892 0.009973
260.00 P 20260805 -1.00 -1.00 476 0 0.5764 -0.8930 0.009071
262.50 P 20260805 -1.00 -1.00 -1 0 0.5770 -0.9130 0.007897
265.00 P 20260805 -1.00 -1.00 240 0 0.5817 -0.9297 0.006823
267.50 P 20260805 -1.00 -1.00 -1 0 0.5846 -0.9403 0.006006
270.00 P 20260805 -1.00 -1.00 400 0 0.5805 -0.9533 0.005083
272.50 P 20260805 -1.00 -1.00 -1 0 0.5671 -0.9701 0.003943
275.00 P 20260805 -1.00 -1.00 146 0 0.5643 -0.9768 0.003316
277.50 P 20260805 -1.00 -1.00 58 0 0.5735 -0.9809 0.002928
280.00 P 20260805 -1.00 -1.00 116 0 0.5653 -0.9889 0.002198
282.50 P 20260805 -1.00 -1.00 74 0 -1.0000 -1.0000 -1.000000
285.00 P 20260805 -1.00 -1.00 1280 0 -1.0000 -1.0000 -1.000000
287.50 P 20260805 -1.00 -1.00 730 0 -1.0000 -1.0000 -1.000000
290.00 P 20260805 -1.00 -1.00 728 0 -1.0000 -1.0000 -1.000000
292.50 P 20260805 -1.00 -1.00 814 0 -1.0000 -1.0000 -1.000000
170.00 C 20260807 -1.00 -1.00 1 3 0.8973 0.9807 0.001293
175.00 C 20260807 -1.00 -1.00 -1 0 0.8510 0.9767 0.001615
180.00 C 20260807 -1.00 -1.00 2 4 0.7893 0.9736 0.001943
185.00 C 20260807 -1.00 -1.00 1 11 0.7453 0.9643 0.002608
190.00 C 20260807 -1.00 -1.00 2 30 0.7094 0.9525 0.003470
195.00 C 20260807 -1.00 -1.00 1 4 0.6763 0.9381 0.004533
200.00 C 20260807 -1.00 -1.00 123 287 0.6379 0.9154 0.006032
205.00 C 20260807 -1.00 -1.00 610 27 0.6231 0.8832 0.007944
210.00 C 20260807 -1.00 -1.00 171 47 0.5944 0.8401 0.010179
212.50 C 20260807 -1.00 -1.00 -1 0 0.5986 0.8102 0.011351
215.00 C 20260807 -1.00 -1.00 6 76 0.5924 0.7820 0.012541
217.50 C 20260807 -1.00 -1.00 -1 0 0.5854 0.7473 0.013612
220.00 C 20260807 -1.00 -1.00 108 381 0.5675 0.7148 0.014931
222.50 C 20260807 -1.00 -1.00 42 7 0.5773 0.6743 0.015767
225.00 C 20260807 -1.00 -1.00 36 91 0.5873 0.6311 0.016071
227.50 C 20260807 -1.00 -1.00 42 10 0.5676 0.5909 0.017067
230.00 C 20260807 -1.00 -1.00 260 351 0.5718 0.5475 0.017412
232.50 C 20260807 -1.00 -1.00 291 119 0.5703 0.5047 0.017604
235.00 C 20260807 -1.00 -1.00 314 2581 0.5644 0.4614 0.017545
237.50 C 20260807 -1.00 -1.00 41 284 0.5663 0.4189 0.017248
240.00 C 20260807 -1.00 -1.00 473 2153 0.5743 0.3784 0.016786
242.50 C 20260807 -1.00 -1.00 89 425 0.5653 0.3391 0.016185
245.00 C 20260807 -1.00 -1.00 181 2220 0.5600 0.3000 0.015466
247.50 C 20260807 -1.00 -1.00 91 251 0.5684 0.2665 0.014500
250.00 C 20260807 -1.00 -1.00 577 1696 0.5670 0.2336 0.013576
252.50 C 20260807 -1.00 -1.00 91 274 0.5592 0.2022 0.012540
255.00 C 20260807 -1.00 -1.00 866 2995 0.5611 0.1750 0.011436
257.50 C 20260807 -1.00 -1.00 100 181 0.5679 0.1506 0.010364
260.00 C 20260807 -1.00 -1.00 979 3512 0.5603 0.1276 0.009304
262.50 C 20260807 -1.00 -1.00 60 50 0.5602 0.1090 0.008271
265.00 C 20260807 -1.00 -1.00 456 2335 0.5608 0.0908 0.007247
267.50 C 20260807 -1.00 -1.00 72 63 0.5682 0.0762 0.006350
270.00 C 20260807 -1.00 -1.00 769 3923 0.5669 0.0653 0.005590
272.50 C 20260807 -1.00 -1.00 33 35 0.5644 0.0541 0.004805
275.00 C 20260807 -1.00 -1.00 375 3154 0.5674 0.0446 0.004107
280.00 C 20260807 -1.00 -1.00 339 2912 0.5726 0.0305 0.002997
285.00 C 20260807 -1.00 -1.00 221 1045 0.5992 0.0258 0.002470
290.00 C 20260807 -1.00 -1.00 51 1861 0.6041 0.0172 0.001739
170.00 P 20260807 -1.00 -1.00 64 271 0.8190 -0.0115 0.000908
175.00 P 20260807 -1.00 -1.00 19 413 0.7428 -0.0117 0.001023
180.00 P 20260807 -1.00 -1.00 15 251 0.7109 -0.0175 0.001500
185.00 P 20260807 -1.00 -1.00 6 493 0.6854 -0.0245 0.002094
190.00 P 20260807 -1.00 -1.00 76 493 0.6457 -0.0338 0.002881
195.00 P 20260807 -1.00 -1.00 126 224 0.6225 -0.0498 0.004112
200.00 P 20260807 -1.00 -1.00 421 598 0.6082 -0.0748 0.005775
205.00 P 20260807 -1.00 -1.00 283 782 0.5932 -0.1080 0.007843
210.00 P 20260807 -1.00 -1.00 181 878 0.5771 -0.1535 0.010217
212.50 P 20260807 -1.00 -1.00 28 0 0.5758 -0.1824 0.011489
215.00 P 20260807 -1.00 -1.00 390 1125 0.5803 -0.2139 0.012711
217.50 P 20260807 -1.00 -1.00 46 0 0.5665 -0.2469 0.013927
220.00 P 20260807 -1.00 -1.00 326 1974 0.5637 -0.2847 0.015038
222.50 P 20260807 -1.00 -1.00 19 149 0.5681 -0.3244 0.016009
225.00 P 20260807 -1.00 -1.00 155 2115 0.5617 -0.3656 0.016805
227.50 P 20260807 -1.00 -1.00 37 388 0.5597 -0.4092 0.017348
230.00 P 20260807 -1.00 -1.00 294 1202 0.5609 -0.4532 0.017803
232.50 P 20260807 -1.00 -1.00 103 317 0.5639 -0.4969 0.017861
235.00 P 20260807 -1.00 -1.00 599 849 0.5535 -0.5414 0.017948
237.50 P 20260807 -1.00 -1.00 13 144 0.5617 -0.5835 0.017457
240.00 P 20260807 -1.00 -1.00 118 3159 0.5633 -0.6261 0.017128
242.50 P 20260807 -1.00 -1.00 2 68 0.5597 -0.6646 0.016388
245.00 P 20260807 -1.00 -1.00 16 658 0.5562 -0.7036 0.015631
247.50 P 20260807 -1.00 -1.00 2 118 0.5593 -0.7401 0.014745
250.00 P 20260807 -1.00 -1.00 88 1508 0.5414 -0.7798 0.013899
252.50 P 20260807 -1.00 -1.00 2 20 0.5528 -0.8036 0.012682
255.00 P 20260807 -1.00 -1.00 80 190 0.5572 -0.8301 0.011560
257.50 P 20260807 -1.00 -1.00 2 1 0.5609 -0.8567 0.010463
260.00 P 20260807 -1.00 -1.00 133 417 0.5492 -0.8808 0.009363
262.50 P 20260807 -1.00 -1.00 5 5 0.5500 -0.8997 0.008310
265.00 P 20260807 -1.00 -1.00 769 40 0.5535 -0.9172 0.007295
267.50 P 20260807 -1.00 -1.00 20 0 0.6071 -0.9092 0.007022
270.00 P 20260807 -1.00 -1.00 378 74 0.5434 -0.9476 0.005431
272.50 P 20260807 -1.00 -1.00 30 0 0.5447 -0.9585 0.004651
275.00 P 20260807 -1.00 -1.00 250 57 0.5507 -0.9675 0.003969
280.00 P 20260807 -1.00 -1.00 430 3 0.5358 -0.9842 0.002733
285.00 P 20260807 -1.00 -1.00 270 3 0.5779 -0.9852 0.002397
290.00 P 20260807 -1.00 -1.00 264 2 -1.0000 -1.0000 -1.000000
170.00 C 20260810 -1.00 -1.00 -1 0 0.7328 0.9879 0.000941
175.00 C 20260810 -1.00 -1.00 -1 0 0.7172 0.9810 0.001416
180.00 C 20260810 -1.00 -1.00 5 0 0.7189 0.9698 0.002099
185.00 C 20260810 -1.00 -1.00 -1 0 0.6425 0.9689 0.002408
190.00 C 20260810 -1.00 -1.00 -1 0 0.6108 0.9570 0.003288
195.00 C 20260810 -1.00 -1.00 -1 0 0.5999 0.9386 0.004510
200.00 C 20260810 -1.00 -1.00 1 0 0.5828 0.9100 0.006142
205.00 C 20260810 -1.00 -1.00 -1 0 0.5644 0.8797 0.007954
210.00 C 20260810 -1.00 -1.00 -1 0 0.5386 0.8362 0.010130
215.00 C 20260810 -1.00 -1.00 -1 0 0.5576 0.7703 0.012110
220.00 C 20260810 -1.00 -1.00 -1 0 0.5582 0.7005 0.013835
225.00 C 20260810 -1.00 -1.00 6 0 0.5219 0.6321 0.016039
230.00 C 20260810 -1.00 -1.00 65 0 0.5293 0.5484 0.016697
235.00 C 20260810 -1.00 -1.00 19 0 0.5407 0.4684 0.016290
240.00 C 20260810 -1.00 -1.00 31 0 0.5193 0.3825 0.016511
245.00 C 20260810 -1.00 -1.00 10 0 0.5327 0.3159 0.014764
250.00 C 20260810 -1.00 -1.00 32 0 0.5203 0.2419 0.013434
255.00 C 20260810 -1.00 -1.00 22 0 0.5222 0.1891 0.011432
260.00 C 20260810 -1.00 -1.00 15 0 0.5236 0.1399 0.009481
265.00 C 20260810 -1.00 -1.00 11 0 0.5486 0.1166 0.007875
270.00 C 20260810 -1.00 -1.00 13 0 0.5180 0.0708 0.005808
275.00 C 20260810 -1.00 -1.00 14 0 0.5301 0.0550 0.004605
280.00 C 20260810 -1.00 -1.00 41 0 0.4923 0.0271 0.002784
285.00 C 20260810 -1.00 -1.00 10 0 0.5124 0.0215 0.002191
290.00 C 20260810 -1.00 -1.00 -1 0 0.5415 0.0185 0.001832
170.00 P 20260810 -1.00 -1.00 -1 0 0.7351 -0.0124 0.000958
175.00 P 20260810 -1.00 -1.00 1 0 0.6851 -0.0151 0.001215
180.00 P 20260810 -1.00 -1.00 2 0 0.6417 -0.0188 0.001574
185.00 P 20260810 -1.00 -1.00 8 0 0.6414 -0.0309 0.002400
190.00 P 20260810 -1.00 -1.00 -1 0 0.6077 -0.0423 0.003263
195.00 P 20260810 -1.00 -1.00 100 0 0.5928 -0.0591 0.004444
200.00 P 20260810 -1.00 -1.00 22 0 0.5310 -0.0708 0.005647
205.00 P 20260810 -1.00 -1.00 3 0 0.5571 -0.1177 0.007947
210.00 P 20260810 -1.00 -1.00 12 0 0.5348 -0.1625 0.010162
215.00 P 20260810 -1.00 -1.00 274 0 0.5363 -0.2221 0.012414
220.00 P 20260810 -1.00 -1.00 7 0 0.5213 -0.2901 0.014589
225.00 P 20260810 -1.00 -1.00 35 0 0.5170 -0.3681 0.016240
230.00 P 20260810 -1.00 -1.00 26 0 0.5121 -0.4526 0.017325
235.00 P 20260810 -1.00 -1.00 194 0 0.4905 -0.5408 0.018008
240.00 P 20260810 -1.00 -1.00 -1 0 0.5226 -0.6187 0.016512
245.00 P 20260810 -1.00 -1.00 11 0 0.5132 -0.6945 0.015268
250.00 P 20260810 -1.00 -1.00 4 0 0.4920 -0.7741 0.013857
255.00 P 20260810 -1.00 -1.00 11 0 0.5002 -0.8271 0.011631
260.00 P 20260810 -1.00 -1.00 -1 0 0.5073 -0.8718 0.009567
265.00 P 20260810 -1.00 -1.00 -1 0 0.5054 -0.9102 0.007584
270.00 P 20260810 -1.00 -1.00 -1 0 0.5108 -0.9378 0.005921
275.00 P 20260810 -1.00 -1.00 -1 0 0.5017 -0.9634 0.004326
280.00 P 20260810 -1.00 -1.00 -1 0 0.4867 -0.9832 0.002954
285.00 P 20260810 -1.00 -1.00 -1 0 0.5093 -0.9885 0.002265
290.00 P 20260810 -1.00 -1.00 -1 0 0.5459 -0.9892 0.002005
170.00 C 20260814 -1.00 -1.00 1 2 0.7777 0.9712 0.001648
175.00 C 20260814 -1.00 -1.00 2 2 0.6477 0.9793 0.001496
180.00 C 20260814 -1.00 -1.00 20 60 0.6582 0.9647 0.002295
185.00 C 20260814 -1.00 -1.00 4 4 0.6227 0.9555 0.002932
190.00 C 20260814 -1.00 -1.00 1 50 0.6169 0.9375 0.003917
195.00 C 20260814 -1.00 -1.00 50 50 0.5668 0.9245 0.004885
200.00 C 20260814 -1.00 -1.00 1 101 0.5573 0.8955 0.006379
205.00 C 20260814 -1.00 -1.00 4 24 0.5463 0.8581 0.008032
210.00 C 20260814 -1.00 -1.00 7 121 0.5406 0.8112 0.009830
212.50 C 20260814 -1.00 -1.00 -1 0 0.5204 0.7930 0.010900
215.00 C 20260814 -1.00 -1.00 15 121 0.5416 0.7527 0.011404
217.50 C 20260814 -1.00 -1.00 -1 0 0.5168 0.7285 0.012532
220.00 C 20260814 -1.00 -1.00 1 44 0.5142 0.6960 0.013379
222.50 C 20260814 -1.00 -1.00 -1 0 0.5252 0.6593 0.013799
225.00 C 20260814 -1.00 -1.00 1 70 0.5082 0.6251 0.014604
227.50 C 20260814 -1.00 -1.00 -1 0 0.4828 0.5895 0.015747
230.00 C 20260814 -1.00 -1.00 96 174 0.4910 0.5495 0.015895
232.50 C 20260814 -1.00 -1.00 68 0 0.4898 0.5105 0.016070
235.00 C 20260814 -1.00 -1.00 174 452 0.4852 0.4710 0.016038
237.50 C 20260814 -1.00 -1.00 13 0 0.4867 0.4322 0.015807
240.00 C 20260814 -1.00 -1.00 105 305 0.4905 0.3944 0.015507
242.50 C 20260814 -1.00 -1.00 -1 0 0.4879 0.3584 0.015066
245.00 C 20260814 -1.00 -1.00 117 2310 0.4824 0.3225 0.014524
247.50 C 20260814 -1.00 -1.00 42 0 0.4849 0.2898 0.013799
250.00 C 20260814 -1.00 -1.00 546 1047 0.4888 0.2581 0.013068
252.50 C 20260814 -1.00 -1.00 24 0 0.4860 0.2297 0.012263
255.00 C 20260814 -1.00 -1.00 73 687 0.4792 0.2006 0.011406
257.50 C 20260814 -1.00 -1.00 72 0 0.4842 0.1778 0.010492
260.00 C 20260814 -1.00 -1.00 152 1509 0.4857 0.1532 0.009603
265.00 C 20260814 -1.00 -1.00 132 881 0.4813 0.1157 0.007880
270.00 C 20260814 -1.00 -1.00 1316 1468 0.4872 0.0853 0.006274
275.00 C 20260814 -1.00 -1.00 77 1309 0.4859 0.0625 0.004923
280.00 C 20260814 -1.00 -1.00 110 1619 0.4906 0.0454 0.003774
285.00 C 20260814 -1.00 -1.00 31 2782 0.4949 0.0322 0.002848
290.00 C 20260814 -1.00 -1.00 173 725 0.5005 0.0244 0.002206
170.00 P 20260814 -1.00 -1.00 19 52 0.6724 -0.0154 0.001110
175.00 P 20260814 -1.00 -1.00 127 46 0.6415 -0.0199 0.001462
180.00 P 20260814 -1.00 -1.00 37 401 0.6160 -0.0255 0.001901
185.00 P 20260814 -1.00 -1.00 1 156 0.5789 -0.0340 0.002533
190.00 P 20260814 -1.00 -1.00 12 50 0.5535 -0.0465 0.003422
195.00 P 20260814 -1.00 -1.00 53 115 0.5363 -0.0639 0.004582
200.00 P 20260814 -1.00 -1.00 50 257 0.5114 -0.0884 0.006103
205.00 P 20260814 -1.00 -1.00 11 386 0.5068 -0.1242 0.007980
210.00 P 20260814 -1.00 -1.00 39 372 0.4894 -0.1694 0.010085
212.50 P 20260814 -1.00 -1.00 27 0 0.4947 -0.1985 0.011138
215.00 P 20260814 -1.00 -1.00 40 414 0.4894 -0.2281 0.012162
217.50 P 20260814 -1.00 -1.00 13 0 0.4828 -0.2607 0.013164
220.00 P 20260814 -1.00 -1.00 139 501 0.4792 -0.2950 0.014152
222.50 P 20260814 -1.00 -1.00 10 0 0.4871 -0.3330 0.014856
225.00 P 20260814 -1.00 -1.00 31 686 0.4781 -0.3710 0.015542
227.50 P 20260814 -1.00 -1.00 2 0 0.4791 -0.4115 0.015939
230.00 P 20260814 -1.00 -1.00 20 490 0.4837 -0.4519 0.016217
232.50 P 20260814 -1.00 -1.00 20 0 0.4823 -0.4919 0.016409
235.00 P 20260814 -1.00 -1.00 208 430 0.4766 -0.5323 0.016420
237.50 P 20260814 -1.00 -1.00 6 0 0.4758 -0.5726 0.016266
240.00 P 20260814 -1.00 -1.00 4 290 0.4832 -0.6105 0.015853
242.50 P 20260814 -1.00 -1.00 4 0 0.4887 -0.6441 0.015163
245.00 P 20260814 -1.00 -1.00 8 132 0.4737 -0.6844 0.014853
247.50 P 20260814 -1.00 -1.00 132 0 0.4830 -0.7146 0.013982
250.00 P 20260814 -1.00 -1.00 22 411 0.4664 -0.7577 0.013549
252.50 P 20260814 -1.00 -1.00 -1 0 0.4701 -0.7826 0.012563
255.00 P 20260814 -1.00 -1.00 1 213 0.4754 -0.8062 0.011603
257.50 P 20260814 -1.00 -1.00 -1 0 0.4699 -0.8364 0.010694
260.00 P 20260814 -1.00 -1.00 2 37 0.4919 -0.8481 0.009809
265.00 P 20260814 -1.00 -1.00 1 4 0.4887 -0.8866 0.008156
270.00 P 20260814 -1.00 -1.00 1 20 0.4363 -0.9463 0.005842
275.00 P 20260814 -1.00 -1.00 1 2 0.4612 -0.9567 0.004807
280.00 P 20260814 -1.00 -1.00 3 45 0.4788 -0.9695 0.003816
285.00 P 20260814 -1.00 -1.00 -1 0 0.4614 -0.9879 0.002501
290.00 P 20260814 -1.00 -1.00 -1 0 -1.0000 -1.0000 -1.000000
170.00 C 20260821 -1.00 -1.00 3 150 0.6435 0.9753 0.001502
175.00 C 20260821 -1.00 -1.00 1 1849 0.6204 0.9659 0.002010
180.00 C 20260821 -1.00 -1.00 12 1592 0.5838 0.9589 0.002487
185.00 C 20260821 -1.00 -1.00 7 277 0.5623 0.9479 0.003163
190.00 C 20260821 -1.00 -1.00 1 1233 0.5350 0.9337 0.003997
195.00 C 20260821 -1.00 -1.00 81 1103 0.5079 0.9146 0.005082
200.00 C 20260821 -1.00 -1.00 40 4406 0.5021 0.8862 0.006450
205.00 C 20260821 -1.00 -1.00 9 1457 0.4764 0.8533 0.007989
210.00 C 20260821 -1.00 -1.00 11 1732 0.4716 0.8078 0.009703
212.50 C 20260821 -1.00 -1.00 -1 0 0.4671 0.7828 0.010543
215.00 C 20260821 -1.00 -1.00 21 1136 0.4597 0.7546 0.011366
217.50 C 20260821 -1.00 -1.00 -1 0 0.4563 0.7242 0.012162
220.00 C 20260821 -1.00 -1.00 29 3325 0.4528 0.6934 0.012980
222.50 C 20260821 -1.00 -1.00 99 0 0.4539 0.6595 0.013550
225.00 C 20260821 -1.00 -1.00 64 2887 0.4491 0.6243 0.014041
227.50 C 20260821 -1.00 -1.00 39 19 0.4466 0.5881 0.014480
230.00 C 20260821 -1.00 -1.00 1078 3207 0.4483 0.5515 0.014787
232.50 C 20260821 -1.00 -1.00 116 352 0.4473 0.5152 0.014951
235.00 C 20260821 -1.00 -1.00 1470 5788 0.4433 0.4786 0.014936
237.50 C 20260821 -1.00 -1.00 83 771 0.4426 0.4420 0.014814
240.00 C 20260821 -1.00 -1.00 1943 9892 0.4428 0.4056 0.014658
242.50 C 20260821 -1.00 -1.00 63 263 0.4443 0.3720 0.014284
245.00 C 20260821 -1.00 -1.00 1846 9727 0.4419 0.3396 0.013775
247.50 C 20260821 -1.00 -1.00 119 376 0.4384 0.3063 0.013276
250.00 C 20260821 -1.00 -1.00 14149 46749 0.4417 0.2765 0.012635
252.50 C 20260821 -1.00 -1.00 43 332 0.4445 0.2485 0.011977
255.00 C 20260821 -1.00 -1.00 2920 16076 0.4374 0.2208 0.011274
257.50 C 20260821 -1.00 -1.00 89 221 0.4392 0.1980 0.010484
260.00 C 20260821 -1.00 -1.00 2087 47660 0.4408 0.1751 0.009709
262.50 C 20260821 -1.00 -1.00 113 247 0.4450 0.1543 0.008952
265.00 C 20260821 -1.00 -1.00 954 11177 0.4418 0.1357 0.008214
267.50 C 20260821 -1.00 -1.00 856 103 0.4392 0.1186 0.007465
270.00 C 20260821 -1.00 -1.00 3520 45979 0.4396 0.1031 0.006737
272.50 C 20260821 -1.00 -1.00 19 233 0.4438 0.0900 0.006072
275.00 C 20260821 -1.00 -1.00 13450 13077 0.4508 0.0791 0.005484
280.00 C 20260821 -1.00 -1.00 6577 40023 0.4434 0.0584 0.004332
285.00 C 20260821 -1.00 -1.00 884 25851 0.4522 0.0448 0.003445
290.00 C 20260821 -1.00 -1.00 251 17010 0.4643 0.0351 0.002775
170.00 P 20260821 -1.00 -1.00 78 8233 0.5878 -0.0176 0.001213
175.00 P 20260821 -1.00 -1.00 69 3650 0.5693 -0.0232 0.001604
180.00 P 20260821 -1.00 -1.00 30 5659 0.5403 -0.0301 0.002088
185.00 P 20260821 -1.00 -1.00 38 8688 0.5152 -0.0404 0.002782
190.00 P 20260821 -1.00 -1.00 70 4925 0.5001 -0.0542 0.003678
195.00 P 20260821 -1.00 -1.00 123 7101 0.4813 -0.0748 0.004862
200.00 P 20260821 -1.00 -1.00 383 7849 0.4690 -0.1020 0.006330
205.00 P 20260821 -1.00 -1.00 332 6949 0.4579 -0.1380 0.008009
210.00 P 20260821 -1.00 -1.00 278 8018 0.4519 -0.1848 0.009863
212.50 P 20260821 -1.00 -1.00 228 0 0.4508 -0.2104 0.010795
215.00 P 20260821 -1.00 -1.00 1159 7268 0.4452 -0.2402 0.011648
217.50 P 20260821 -1.00 -1.00 157 0 0.4421 -0.2717 0.012490
220.00 P 20260821 -1.00 -1.00 7045 23526 0.4427 -0.3048 0.013274
222.50 P 20260821 -1.00 -1.00 74 0 0.4427 -0.3393 0.013944
225.00 P 20260821 -1.00 -1.00 757 24149 0.4383 -0.3755 0.014456
227.50 P 20260821 -1.00 -1.00 30 951 0.4371 -0.4128 0.014881
230.00 P 20260821 -1.00 -1.00 3376 21297 0.4389 -0.4505 0.015211
232.50 P 20260821 -1.00 -1.00 92 479 0.4387 -0.4879 0.015358
235.00 P 20260821 -1.00 -1.00 289 8997 0.4339 -0.5257 0.015382
237.50 P 20260821 -1.00 -1.00 45 199 0.4374 -0.5622 0.015122
240.00 P 20260821 -1.00 -1.00 123 9046 0.4386 -0.5991 0.014949
242.50 P 20260821 -1.00 -1.00 14 123 0.4228 -0.6400 0.015035
245.00 P 20260821 -1.00 -1.00 76 7502 0.4378 -0.6663 0.014041
247.50 P 20260821 -1.00 -1.00 14 142 0.4343 -0.7004 0.013553
250.00 P 20260821 -1.00 -1.00 102 16156 0.4328 -0.7341 0.013009
252.50 P 20260821 -1.00 -1.00 9 389 0.4333 -0.7629 0.012311
255.00 P 20260821 -1.00 -1.00 46 3233 0.4379 -0.7848 0.011492
257.50 P 20260821 -1.00 -1.00 3 145 0.4289 -0.8154 0.010769
260.00 P 20260821 -1.00 -1.00 127 6373 0.4329 -0.8377 0.009970
262.50 P 20260821 -1.00 -1.00 1 5 0.4421 -0.8555 0.009201
265.00 P 20260821 -1.00 -1.00 7 2729 0.4302 -0.8791 0.008421
267.50 P 20260821 -1.00 -1.00 1 2 0.4325 -0.8944 0.007703
270.00 P 20260821 -1.00 -1.00 3 1796 0.4412 -0.9054 0.007065
272.50 P 20260821 -1.00 -1.00 -1 0 0.4036 -0.9432 0.005867
275.00 P 20260821 -1.00 -1.00 58 1810 0.4484 -0.9321 0.005766
280.00 P 20260821 -1.00 -1.00 5 1926 0.4999 -0.9282 0.005256
285.00 P 20260821 -1.00 -1.00 2 338 -1.0000 -1.0000 -1.000000
290.00 P 20260821 -1.00 -1.00 94 1993 0.4609 -0.9790 0.003013
160.00 C 20260727 -1.00 -1.00 217 27 7.0811 0.9966 0.000310
165.00 C 20260727 -1.00 -1.00 288 74 6.8057 0.9944 0.000494
160.00 P 20260727 -1.00 -1.00 93 68 6.3979 -0.0016 0.000168
165.00 P 20260727 -1.00 -1.00 2 2 -1.0000 -1.0000 -1.000000
140.00 C 20260731 -1.00 -1.00 10 21 1.9315 0.9951 0.000297
145.00 C 20260731 -1.00 -1.00 5 42 2.0667 0.9882 0.000603
150.00 C 20260731 -1.00 -1.00 1 49 1.9276 0.9875 0.000679
155.00 C 20260731 -1.00 -1.00 3 31 1.8176 0.9856 0.000812
160.00 C 20260731 -1.00 -1.00 1 46 1.6871 0.9846 0.000924
165.00 C 20260731 -1.00 -1.00 1 16 1.6081 0.9811 0.001161
140.00 P 20260731 -1.00 -1.00 88 435 1.6440 -0.0012 0.000097
145.00 P 20260731 -1.00 -1.00 432 356 1.5344 -0.0013 0.000110
150.00 P 20260731 -1.00 -1.00 6 213 1.4924 -0.0021 0.000180
155.00 P 20260731 -1.00 -1.00 99 212 1.3890 -0.0023 0.000207
160.00 P 20260731 -1.00 -1.00 65 297 1.3199 -0.0029 0.000269
165.00 P 20260731 -1.00 -1.00 20 72 1.2667 -0.0043 0.000401
160.00 C 20260803 -1.00 -1.00 -1 0 1.2879 0.9845 0.000928
165.00 C 20260803 -1.00 -1.00 10 0 0.9697 0.9955 0.000414
160.00 P 20260803 -1.00 -1.00 5 3 1.2430 -0.0125 0.000801
165.00 P 20260803 -1.00 -1.00 7 1 1.0166 -0.0065 0.000551
160.00 C 20260805 -1.00 -1.00 -1 0 1.1997 0.9804 0.001085
165.00 C 20260805 -1.00 -1.00 -1 0 1.0800 0.9815 0.001145
160.00 P 20260805 -1.00 -1.00 -1 0 1.3405 -0.0312 0.001434
165.00 P 20260805 -1.00 -1.00 -1 0 1.0224 -0.0140 0.000947
140.00 C 20260807 -1.00 -1.00 4 5 1.4625 0.9828 0.000719
145.00 C 20260807 -1.00 -1.00 80 38 1.3705 0.9819 0.000803
150.00 C 20260807 -1.00 -1.00 1 15 1.2970 0.9801 0.000926
155.00 C 20260807 -1.00 -1.00 3 13 1.1658 0.9818 0.000950
160.00 C 20260807 -1.00 -1.00 1 7 0.0012 1.0000 0.000000
165.00 C 20260807 -1.00 -1.00 1 5 0.9597 0.9831 0.001077
140.00 P 20260807 -1.00 -1.00 15 96 1.2138 -0.0060 0.000346
145.00 P 20260807 -1.00 -1.00 2 275 1.0173 -0.0026 0.000197
150.00 P 20260807 -1.00 -1.00 11 260 0.9775 -0.0035 0.000262
155.00 P 20260807 -1.00 -1.00 1 166 0.9497 -0.0056 0.000413
160.00 P 20260807 -1.00 -1.00 2 169 0.9089 -0.0073 0.000548
165.00 P 20260807 -1.00 -1.00 3 223 0.8627 -0.0088 0.000688
160.00 C 20260810 -1.00 -1.00 -1 0 0.9109 0.9851 0.000903
165.00 C 20260810 -1.00 -1.00 -1 0 0.8530 0.9831 0.001078
160.00 P 20260810 -1.00 -1.00 -1 0 0.8013 -0.0070 0.000530
165.00 P 20260810 -1.00 -1.00 -1 0 0.7483 -0.0079 0.000633
140.00 C 20260814 -1.00 -1.00 -1 0 1.1241 0.9844 0.000675
145.00 C 20260814 -1.00 -1.00 5 5 1.1120 0.9796 0.000867
150.00 C 20260814 -1.00 -1.00 -1 0 1.0402 0.9786 0.000967
155.00 C 20260814 -1.00 -1.00 10 10 0.9708 0.9774 0.001084
160.00 C 20260814 -1.00 -1.00 2 2 0.9164 0.9744 0.001275
165.00 C 20260814 -1.00 -1.00 1 2 0.8402 0.9739 0.001413
140.00 P 20260814 -1.00 -1.00 3 15 0.8684 -0.0028 0.000189
145.00 P 20260814 -1.00 -1.00 1 8 0.8524 -0.0046 0.000304
150.00 P 20260814 -1.00 -1.00 1 3 0.8178 -0.0061 0.000404
155.00 P 20260814 -1.00 -1.00 1 8 0.7788 -0.0073 0.000505
160.00 P 20260814 -1.00 -1.00 2 11 0.7521 -0.0093 0.000652
165.00 P 20260814 -1.00 -1.00 99 162 0.7112 -0.0120 0.000852
140.00 C 20260821 -1.00 -1.00 1 156 0.9999 0.9812 0.000761
145.00 C 20260821 -1.00 -1.00 1 93 0.7069 0.9964 0.000251
150.00 C 20260821 -1.00 -1.00 4 133 0.9760 0.9670 0.001241
155.00 C 20260821 -1.00 -1.00 4 258 0.7927 0.9805 0.000989
160.00 C 20260821 -1.00 -1.00 11 147 0.7548 0.9776 0.001174
165.00 C 20260821 -1.00 -1.00 2 106 0.6690 0.9798 0.001206
140.00 P 20260821 -1.00 -1.00 39 2416 0.7390 -0.0027 0.000189
145.00 P 20260821 -1.00 -1.00 5 680 0.7396 -0.0054 0.000342
150.00 P 20260821 -1.00 -1.00 26 2514 0.7054 -0.0066 0.000430
155.00 P 20260821 -1.00 -1.00 95 2356 0.6819 -0.0084 0.000557
160.00 P 20260821 -1.00 -1.00 25 6192 0.6488 -0.0104 0.000702
165.00 P 20260821 -1.00 -1.00 102 5240 0.6168 -0.0137 0.000930
295.00 C 20260727 -1.00 -1.00 1 2 5.5261 0.0162 0.001551
300.00 C 20260727 -1.00 -1.00 1 84 4.7516 0.0036 0.000476
305.00 C 20260727 -1.00 -1.00 -1 0 6.4888 0.0206 0.001611
310.00 C 20260727 -1.00 -1.00 1 0 -1.0000 -1.0000 -1.000000
315.00 C 20260727 -1.00 -1.00 1 100 7.5634 0.0264 0.001704
320.00 C 20260727 -1.00 -1.00 -1 0 -1.0000 -1.0000 -1.000000
295.00 P 20260727 -1.00 -1.00 8 0 -1.0000 -1.0000 -1.000000
300.00 P 20260727 -1.00 -1.00 6 0 -1.0000 -1.0000 -1.000000
305.00 P 20260727 -1.00 -1.00 3 0 -1.0000 -1.0000 -1.000000
310.00 P 20260727 -1.00 -1.00 4 0 -1.0000 -1.0000 -1.000000
315.00 P 20260727 -1.00 -1.00 14 0 -1.0000 -1.0000 -1.000000
320.00 P 20260727 -1.00 -1.00 11 0 -1.0000 -1.0000 -1.000000
295.00 C 20260729 -1.00 -1.00 3 1 1.3122 0.0084 0.000966
300.00 C 20260729 -1.00 -1.00 1 1 -1.0000 -1.0000 -1.000000
305.00 C 20260729 -1.00 -1.00 2 2 -1.0000 -1.0000 -1.000000
310.00 C 20260729 -1.00 -1.00 -1 0 -1.0000 -1.0000 -1.000000
315.00 C 20260729 -1.00 -1.00 23 0 -1.0000 -1.0000 -1.000000
320.00 C 20260729 -1.00 -1.00 1 0 -1.0000 -1.0000 -1.000000
325.00 C 20260729 -1.00 -1.00 -1 0 -1.0000 -1.0000 -1.000000
295.00 P 20260729 -1.00 -1.00 6 0 -1.0000 -1.0000 -1.000000
300.00 P 20260729 -1.00 -1.00 104 0 -1.0000 -1.0000 -1.000000
305.00 P 20260729 -1.00 -1.00 10 0 -1.0000 -1.0000 -1.000000
310.00 P 20260729 -1.00 -1.00 722 0 -1.0000 -1.0000 -1.000000
315.00 P 20260729 -1.00 -1.00 1702 0 -1.0000 -1.0000 -1.000000
320.00 P 20260729 -1.00 -1.00 1138 0 -1.0000 -1.0000 -1.000000
325.00 P 20260729 -1.00 -1.00 220 0 -1.0000 -1.0000 -1.000000
295.00 C 20260731 -1.00 -1.00 68 2349 0.8954 0.0050 0.000657
297.50 C 20260731 -1.00 -1.00 11 27 0.9244 0.0049 0.000623
300.00 C 20260731 -1.00 -1.00 721 2214 0.9092 0.0036 0.000477
302.50 C 20260731 -1.00 -1.00 3 66 0.9343 0.0035 0.000453
305.00 C 20260731 -1.00 -1.00 44 619 0.9372 0.0028 0.000370
307.50 C 20260731 -1.00 -1.00 6 6 1.0775 0.0069 0.000717
310.00 C 20260731 -1.00 -1.00 30 325 0.9866 0.0027 0.000337
312.50 C 20260731 -1.00 -1.00 300 305 1.1879 0.0097 0.000875
315.00 C 20260731 -1.00 -1.00 304 708 1.0352 0.0026 0.000309
320.00 C 20260731 -1.00 -1.00 150 171 1.0615 0.0019 0.000232
325.00 C 20260731 -1.00 -1.00 23 261 1.3283 0.0092 0.000746
295.00 P 20260731 -1.00 -1.00 1620 30 -1.0000 -1.0000 -1.000000
297.50 P 20260731 -1.00 -1.00 1100 5 -1.0000 -1.0000 -1.000000
300.00 P 20260731 -1.00 -1.00 1656 13 -1.0000 -1.0000 -1.000000
302.50 P 20260731 -1.00 -1.00 140 0 -1.0000 -1.0000 -1.000000
305.00 P 20260731 -1.00 -1.00 292 0 -1.0000 -1.0000 -1.000000
307.50 P 20260731 -1.00 -1.00 88 0 1.1765 -0.9895 0.001135
310.00 P 20260731 -1.00 -1.00 340 0 -1.0000 -1.0000 -1.000000
312.50 P 20260731 -1.00 -1.00 120 0 -1.0000 -1.0000 -1.000000
315.00 P 20260731 -1.00 -1.00 20 0 1.3320 -0.9859 0.001233
320.00 P 20260731 -1.00 -1.00 40 0 -1.0000 -1.0000 -1.000000
325.00 P 20260731 -1.00 -1.00 -1 0 -1.0000 -1.0000 -1.000000
295.00 C 20260803 -1.00 -1.00 403 503 0.7064 0.0073 0.000873
297.50 C 20260803 -1.00 -1.00 6 3 0.7284 0.0071 0.000827
300.00 C 20260803 -1.00 -1.00 9 95 0.7441 0.0064 0.000739
302.50 C 20260803 -1.00 -1.00 2 4 0.8022 0.0092 0.000943
305.00 C 20260803 -1.00 -1.00 5 4 0.8174 0.0085 0.000864
310.00 C 20260803 -1.00 -1.00 7 7 0.8655 0.0086 0.000822
315.00 C 20260803 -1.00 -1.00 4 4 1.0612 0.0216 0.001496
320.00 C 20260803 -1.00 -1.00 -1 0 1.0190 0.0125 0.000979
295.00 P 20260803 -1.00 -1.00 764 0 -1.0000 -1.0000 -1.000000
297.50 P 20260803 -1.00 -1.00 964 0 -1.0000 -1.0000 -1.000000
300.00 P 20260803 -1.00 -1.00 1006 0 -1.0000 -1.0000 -1.000000
302.50 P 20260803 -1.00 -1.00 476 0 0.8537 -0.9907 0.001299
305.00 P 20260803 -1.00 -1.00 200 0 -1.0000 -1.0000 -1.000000
310.00 P 20260803 -1.00 -1.00 110 0 1.0450 -0.9764 0.001844
315.00 P 20260803 -1.00 -1.00 -1 0 -1.0000 -1.0000 -1.000000
320.00 P 20260803 -1.00 -1.00 -1 0 -1.0000 -1.0000 -1.000000
295.00 C 20260805 -1.00 -1.00 2 1 0.7491 0.0227 0.001953
297.50 C 20260805 -1.00 -1.00 -1 0 0.8844 0.0399 0.002675
300.00 C 20260805 -1.00 -1.00 1 31 0.7766 0.0190 0.001623
302.50 C 20260805 -1.00 -1.00 2 2 0.7982 0.0186 0.001549
305.00 C 20260805 -1.00 -1.00 2 0 0.7967 0.0144 0.001267
310.00 C 20260805 -1.00 -1.00 -1 0 0.9923 0.0348 0.002136
315.00 C 20260805 -1.00 -1.00 -1 0 0.9876 0.0282 0.001781
320.00 C 20260805 -1.00 -1.00 -1 0 1.0822 0.0335 0.001890
325.00 C 20260805 -1.00 -1.00 2 1 0.9457 0.0127 0.000950
295.00 P 20260805 -1.00 -1.00 1350 0 -1.0000 -1.0000 -1.000000
297.50 P 20260805 -1.00 -1.00 399 0 -1.0000 -1.0000 -1.000000
300.00 P 20260805 -1.00 -1.00 838 0 -1.0000 -1.0000 -1.000000
302.50 P 20260805 -1.00 -1.00 270 0 -1.0000 -1.0000 -1.000000
305.00 P 20260805 -1.00 -1.00 80 0 -1.0000 -1.0000 -1.000000
310.00 P 20260805 -1.00 -1.00 20 0 -1.0000 -1.0000 -1.000000
315.00 P 20260805 -1.00 -1.00 -1 0 -1.0000 -1.0000 -1.000000
320.00 P 20260805 -1.00 -1.00 -1 0 -1.0000 -1.0000 -1.000000
325.00 P 20260805 -1.00 -1.00 -1 0 -1.0000 -1.0000 -1.000000
295.00 C 20260807 -1.00 -1.00 27 880 0.5797 0.0089 0.001016
300.00 C 20260807 -1.00 -1.00 315 2927 0.6389 0.0108 0.001100
305.00 C 20260807 -1.00 -1.00 5 201 0.6731 0.0103 0.001000
310.00 C 20260807 -1.00 -1.00 9 212 0.6829 0.0077 0.000758
315.00 C 20260807 -1.00 -1.00 1 31 0.7304 0.0087 0.000786
320.00 C 20260807 -1.00 -1.00 4 67 0.7866 0.0103 0.000852
325.00 C 20260807 -1.00 -1.00 6 74 0.8280 0.0107 0.000835
295.00 P 20260807 -1.00 -1.00 1178 0 -1.0000 -1.0000 -1.000000
300.00 P 20260807 -1.00 -1.00 280 0 -1.0000 -1.0000 -1.000000
305.00 P 20260807 -1.00 -1.00 175 0 0.7446 -0.9869 0.001641
310.00 P 20260807 -1.00 -1.00 20 0 0.7325 -0.9941 0.001082
315.00 P 20260807 -1.00 -1.00 10 0 -1.0000 -1.0000 -1.000000
320.00 P 20260807 -1.00 -1.00 -1 0 -1.0000 -1.0000 -1.000000
325.00 P 20260807 -1.00 -1.00 -1 0 0.8323 -0.9947 0.000870
295.00 C 20260810 -1.00 -1.00 -1 0 0.8065 0.0722 0.003779
300.00 C 20260810 -1.00 -1.00 -1 0 0.5751 0.0117 0.001167
305.00 C 20260810 -1.00 -1.00 -1 0 -1.0000 -1.0000 -1.000000
295.00 P 20260810 -1.00 -1.00 -1 0 0.6022 -0.9846 0.002153
300.00 P 20260810 -1.00 -1.00 -1 0 -1.0000 -1.0000 -1.000000
305.00 P 20260810 -1.00 -1.00 -1 0 0.6402 -0.9935 0.001294
295.00 C 20260814 -1.00 -1.00 12 238 0.5125 0.0184 0.001700
300.00 C 20260814 -1.00 -1.00 66 722 0.5389 0.0163 0.001468
305.00 C 20260814 -1.00 -1.00 13 99 0.5451 0.0125 0.001149
310.00 C 20260814 -1.00 -1.00 1 148 0.5455 0.0090 0.000857
315.00 C 20260814 -1.00 -1.00 1 461 0.5715 0.0087 0.000788
320.00 C 20260814 -1.00 -1.00 1 126 0.5662 0.0049 0.000491
325.00 C 20260814 -1.00 -1.00 2 21 0.6187 0.0077 0.000652
295.00 P 20260814 -1.00 -1.00 -1 0 -1.0000 -1.0000 -1.000000
300.00 P 20260814 -1.00 -1.00 -1 0 -1.0000 -1.0000 -1.000000
305.00 P 20260814 -1.00 -1.00 -1 0 -1.0000 -1.0000 -1.000000
310.00 P 20260814 -1.00 -1.00 -1 0 -1.0000 -1.0000 -1.000000
315.00 P 20260814 -1.00 -1.00 -1 0 -1.0000 -1.0000 -1.000000
320.00 P 20260814 -1.00 -1.00 -1 0 -1.0000 -1.0000 -1.000000
325.00 P 20260814 -1.00 -1.00 -1 0 -1.0000 -1.0000 -1.000000
295.00 C 20260821 -1.00 -1.00 57 32322 0.4593 0.0254 0.002115
300.00 C 20260821 -1.00 -1.00 441 19395 0.4693 0.0198 0.001679
305.00 C 20260821 -1.00 -1.00 1740 7709 0.4832 0.0156 0.001345
310.00 C 20260821 -1.00 -1.00 38 29871 0.4780 0.0112 0.001004
315.00 C 20260821 -1.00 -1.00 8 5168 0.4847 0.0087 0.000791
320.00 C 20260821 -1.00 -1.00 109 44711 0.5095 0.0088 0.000757
325.00 C 20260821 -1.00 -1.00 1 3560 0.5279 0.0081 0.000679
295.00 P 20260821 -1.00 -1.00 200 319 0.4559 -0.9911 0.002099
300.00 P 20260821 -1.00 -1.00 2 184 -1.0000 -1.0000 -1.000000
305.00 P 20260821 -1.00 -1.00 10 0 -1.0000 -1.0000 -1.000000
310.00 P 20260821 -1.00 -1.00 210 0 -1.0000 -1.0000 -1.000000
315.00 P 20260821 -1.00 -1.00 57 0 0.6776 -0.9588 0.002657
320.00 P 20260821 -1.00 -1.00 2 0 -1.0000 -1.0000 -1.000000
325.00 P 20260821 -1.00 -1.00 1 0 -1.0000 -1.0000 -1.000000
110.00 C 20260821 -1.00 -1.00 1 501 1.3570 0.9892 0.000346
115.00 C 20260821 -1.00 -1.00 1 85 1.3236 0.9864 0.000430
120.00 C 20260821 -1.00 -1.00 1 1431 1.1532 0.9913 0.000339
125.00 C 20260821 -1.00 -1.00 2 223 1.1594 0.9861 0.000501
130.00 C 20260821 -1.00 -1.00 1 183 1.0989 0.9849 0.000568
135.00 C 20260821 -1.00 -1.00 1 131 1.0517 0.9829 0.000664
110.00 P 20260821 -1.00 -1.00 3 882 0.9915 -0.0011 0.000058
115.00 P 20260821 -1.00 -1.00 20 324 0.9498 -0.0014 0.000077
120.00 P 20260821 -1.00 -1.00 31 934 0.9249 -0.0019 0.000108
125.00 P 20260821 -1.00 -1.00 1 548 0.8573 -0.0018 0.000109
130.00 P 20260821 -1.00 -1.00 5 1644 0.8354 -0.0024 0.000149
135.00 P 20260821 -1.00 -1.00 2 645 0.8376 -0.0045 0.000258
330.00 C 20260731 -1.00 -1.00 1 21 1.4494 0.0120 0.000871
335.00 C 20260731 -1.00 -1.00 1 22 1.4154 0.0079 0.000612
340.00 C 20260731 -1.00 -1.00 2 30 1.4200 0.0055 0.000447
345.00 C 20260731 -1.00 -1.00 23 82 1.5378 0.0084 0.000598
350.00 C 20260731 -1.00 -1.00 1 2855 1.3756 0.0025 0.000222
355.00 C 20260731 -1.00 -1.00 1 520 1.3777 0.0016 0.000147
330.00 P 20260731 -1.00 -1.00 -1 0 -1.0000 -1.0000 -1.000000
335.00 P 20260731 -1.00 -1.00 -1 0 -1.0000 -1.0000 -1.000000
340.00 P 20260731 -1.00 -1.00 -1 0 -1.0000 -1.0000 -1.000000
345.00 P 20260731 -1.00 -1.00 -1 0 -1.0000 -1.0000 -1.000000
350.00 P 20260731 -1.00 -1.00 -1 0 -1.0000 -1.0000 -1.000000
355.00 P 20260731 -1.00 -1.00 -1 0 -1.0000 -1.0000 -1.000000
330.00 C 20260807 -1.00 -1.00 6 38 0.8594 0.0103 0.000781
335.00 C 20260807 -1.00 -1.00 6 4 0.7954 0.0040 0.000369
340.00 C 20260807 -1.00 -1.00 5 30 0.8703 0.0058 0.000470
345.00 C 20260807 -1.00 -1.00 16 155 0.8618 0.0042 0.000353
330.00 P 20260807 -1.00 -1.00 -1 0 -1.0000 -1.0000 -1.000000
335.00 P 20260807 -1.00 -1.00 3 0 -1.0000 -1.0000 -1.000000
340.00 P 20260807 -1.00 -1.00 3 3 -1.0000 -1.0000 -1.000000
345.00 P 20260807 -1.00 -1.00 -1 0 -1.0000 -1.0000 -1.000000
330.00 C 20260814 -1.00 -1.00 12 20 0.6400 0.0070 0.000585
335.00 C 20260814 -1.00 -1.00 1 14 0.6645 0.0068 0.000548
340.00 C 20260814 -1.00 -1.00 1 4 0.6993 0.0077 0.000578
345.00 C 20260814 -1.00 -1.00 1 18 0.7053 0.0057 0.000445
330.00 P 20260814 -1.00 -1.00 -1 0 -1.0000 -1.0000 -1.000000
335.00 P 20260814 -1.00 -1.00 -1 0 -1.0000 -1.0000 -1.000000
340.00 P 20260814 -1.00 -1.00 -1 0 -1.0000 -1.0000 -1.000000
345.00 P 20260814 -1.00 -1.00 -1 0 -1.0000 -1.0000 -1.000000
330.00 C 20260821 -1.00 -1.00 26 2489 0.5309 0.0054 0.000484
335.00 C 20260821 -1.00 -1.00 3 7587 0.5578 0.0060 0.000503
340.00 C 20260821 -1.00 -1.00 776 2961 0.5621 0.0047 0.000402
345.00 C 20260821 -1.00 -1.00 2 90 0.5880 0.0050 0.000403
350.00 C 20260821 -1.00 -1.00 13 10791 0.5571 0.0025 0.000223
355.00 C 20260821 -1.00 -1.00 2 40 0.6471 0.0064 0.000456
360.00 C 20260821 -1.00 -1.00 11 1220 0.5998 0.0028 0.000228
365.00 C 20260821 -1.00 -1.00 2 29 0.6856 0.0061 0.000413
370.00 C 20260821 -1.00 -1.00 45 37805 0.6414 0.0030 0.000230
330.00 P 20260821 -1.00 -1.00 2 0 -1.0000 -1.0000 -1.000000
335.00 P 20260821 -1.00 -1.00 5 0 0.7890 -0.9634 0.002088
340.00 P 20260821 -1.00 -1.00 2 0 0.8158 -0.9643 0.001983
345.00 P 20260821 -1.00 -1.00 -1 0 0.8421 -0.9651 0.001888
350.00 P 20260821 -1.00 -1.00 -1 0 -1.0000 -1.0000 -1.000000
355.00 P 20260821 -1.00 -1.00 -1 0 -1.0000 -1.0000 -1.000000
360.00 P 20260821 -1.00 -1.00 1 0 -1.0000 -1.0000 -1.000000
365.00 P 20260821 -1.00 -1.00 -1 0 -1.0000 -1.0000 -1.000000
370.00 P 20260821 -1.00 -1.00 1 0 -1.0000 -1.0000 -1.000000
