# opt_chain SPCX | epoch 1785156340 | 2026-07-27 08:45:40 | spot 113.24 | exps 20260731 20260807 20260814 20260821
# fuente polygon_snapshot_v3 | greeks polygon_directo | iv polygon_directo | oi polygon_directo | vol day.volume(-1 si no cotizo) | bid/ask NO_ENTITLED(-1) | spot_src ibkr_bridge spot_edad_s 99 | band 0.6000 vencimientos 4 exp_hasta 2026-08-21
# strike right exp bid ask vol oi iv delta gamma
68.00 C 20260731 -1.00 -1.00 -1 0 3.4669 0.9375 0.002827
69.00 C 20260731 -1.00 -1.00 -1 0 3.6212 0.9260 0.003086
70.00 C 20260731 -1.00 -1.00 2 9 3.1294 0.9433 0.002914
71.00 C 20260731 -1.00 -1.00 -1 0 3.0226 0.9436 0.003009
72.00 C 20260731 -1.00 -1.00 -1 0 3.3778 0.9208 0.003494
73.00 C 20260731 -1.00 -1.00 -1 0 3.1276 0.9268 0.003540
74.00 C 20260731 -1.00 -1.00 -1 0 3.2215 0.9170 0.003801
75.00 C 20260731 -1.00 -1.00 1 69 2.6106 0.9454 0.003412
76.00 C 20260731 -1.00 -1.00 -1 0 2.9299 0.9199 0.004057
77.00 C 20260731 -1.00 -1.00 -1 0 2.9953 0.9108 0.004327
78.00 C 20260731 -1.00 -1.00 -1 0 2.8944 0.9100 0.004508
79.00 C 20260731 -1.00 -1.00 -1 0 2.8771 0.9050 0.004740
80.00 C 20260731 -1.00 -1.00 9 7 2.8055 0.9026 0.004957
81.00 C 20260731 -1.00 -1.00 2 0 2.5190 0.9125 0.005053
82.00 C 20260731 -1.00 -1.00 -1 0 2.6652 0.8976 0.005432
83.00 C 20260731 -1.00 -1.00 -1 0 2.5165 0.8995 0.005659
84.00 C 20260731 -1.00 -1.00 -1 0 2.4226 0.8984 0.005925
85.00 C 20260731 -1.00 -1.00 2 1 2.7549 0.8653 0.006288
86.00 C 20260731 -1.00 -1.00 -1 0 2.3101 0.8911 0.006554
87.00 C 20260731 -1.00 -1.00 -1 0 2.2350 0.8881 0.006896
88.00 C 20260731 -1.00 -1.00 -1 0 2.1436 0.8866 0.007253
89.00 C 20260731 -1.00 -1.00 -1 0 2.1046 0.8797 0.007668
90.00 C 20260731 -1.00 -1.00 164 166 2.2022 0.8595 0.008098
91.00 C 20260731 -1.00 -1.00 52 8 1.7972 0.8905 0.008448
92.00 C 20260731 -1.00 -1.00 2 2 1.7886 0.8803 0.009017
93.00 C 20260731 -1.00 -1.00 52 8 1.7190 0.8763 0.009579
94.00 C 20260731 -1.00 -1.00 20 0 1.8329 0.8497 0.010183
95.00 C 20260731 -1.00 -1.00 159 142 1.9456 0.8263 0.010596
96.00 C 20260731 -1.00 -1.00 33 1 1.7118 0.8372 0.011506
97.00 C 20260731 -1.00 -1.00 42 6 1.5788 0.8392 0.012369
98.00 C 20260731 -1.00 -1.00 40 4 1.5447 0.8289 0.013186
99.00 C 20260731 -1.00 -1.00 43 13 1.3655 0.8378 0.014379
100.00 C 20260731 -1.00 -1.00 240 445 1.6118 0.7917 0.014444
101.00 C 20260731 -1.00 -1.00 59 8 1.5692 0.7789 0.015266
102.00 C 20260731 -1.00 -1.00 45 4 1.4175 0.7796 0.016896
103.00 C 20260731 -1.00 -1.00 56 107 1.6065 0.7386 0.016215
104.00 C 20260731 -1.00 -1.00 49 19 1.4439 0.7362 0.018127
105.00 C 20260731 -1.00 -1.00 254 158 1.4270 0.7180 0.018998
106.00 C 20260731 -1.00 -1.00 122 168 1.3385 0.7059 0.020706
107.00 C 20260731 -1.00 -1.00 64 37 1.3816 0.6812 0.020982
108.00 C 20260731 -1.00 -1.00 150 70 1.3924 0.6584 0.021357
109.00 C 20260731 -1.00 -1.00 197 89 1.3700 0.6367 0.022042
110.00 C 20260731 -1.00 -1.00 1249 896 1.3581 0.6140 0.022589
111.00 C 20260731 -1.00 -1.00 167 274 1.3463 0.5908 0.023148
112.00 C 20260731 -1.00 -1.00 1512 883 1.3448 0.5672 0.023542
113.00 C 20260731 -1.00 -1.00 2069 914 1.3534 0.5437 0.023758
114.00 C 20260731 -1.00 -1.00 2248 1174 1.3504 0.5203 0.023970
115.00 C 20260731 -1.00 -1.00 7733 7462 1.3400 0.4969 0.023998
116.00 C 20260731 -1.00 -1.00 1707 1052 1.3397 0.4738 0.023846
117.00 C 20260731 -1.00 -1.00 1033 740 1.3196 0.4490 0.024039
118.00 C 20260731 -1.00 -1.00 1239 1199 1.3392 0.4275 0.023541
119.00 C 20260731 -1.00 -1.00 825 698 1.3390 0.4044 0.023388
120.00 C 20260731 -1.00 -1.00 7526 5821 1.3583 0.3838 0.022921
121.00 C 20260731 -1.00 -1.00 1512 2852 1.3512 0.3635 0.022459
122.00 C 20260731 -1.00 -1.00 911 1180 1.3438 0.3429 0.021984
123.00 C 20260731 -1.00 -1.00 636 1323 1.3587 0.3257 0.021247
124.00 C 20260731 -1.00 -1.00 757 1092 1.3514 0.3050 0.020764
125.00 C 20260731 -1.00 -1.00 6139 8313 1.3661 0.2883 0.020063
126.00 C 20260731 -1.00 -1.00 573 883 1.3862 0.2730 0.019344
127.00 C 20260731 -1.00 -1.00 1392 1378 1.4061 0.2582 0.018663
128.00 C 20260731 -1.00 -1.00 1894 2736 1.4102 0.2437 0.018006
129.00 C 20260731 -1.00 -1.00 349 794 1.4133 0.2303 0.017317
130.00 C 20260731 -1.00 -1.00 5853 11051 1.4234 0.2184 0.016615
131.00 C 20260731 -1.00 -1.00 404 770 1.4334 0.2066 0.015933
132.00 C 20260731 -1.00 -1.00 307 885 1.4433 0.1950 0.015270
133.00 C 20260731 -1.00 -1.00 475 2235 1.4602 0.1850 0.014623
134.00 C 20260731 -1.00 -1.00 248 711 1.4769 0.1752 0.014004
135.00 C 20260731 -1.00 -1.00 2810 7339 1.5004 0.1672 0.013418
136.00 C 20260731 -1.00 -1.00 986 1402 1.5169 0.1579 0.012854
137.00 C 20260731 -1.00 -1.00 966 864 1.5469 0.1518 0.012340
138.00 C 20260731 -1.00 -1.00 166 490 1.5523 0.1444 0.011834
139.00 C 20260731 -1.00 -1.00 171 1597 1.5567 0.1370 0.011334
140.00 C 20260731 -1.00 -1.00 2676 9235 1.5714 0.1313 0.010872
141.00 C 20260731 -1.00 -1.00 204 596 1.5859 0.1258 0.010426
142.00 C 20260731 -1.00 -1.00 270 420 1.6003 0.1203 0.009996
143.00 C 20260731 -1.00 -1.00 532 1303 1.6247 0.1166 0.009622
144.00 C 20260731 -1.00 -1.00 149 292 1.6389 0.1113 0.009224
145.00 C 20260731 -1.00 -1.00 25313 25744 1.6530 0.1062 0.008840
146.00 C 20260731 -1.00 -1.00 628 3902 1.6870 0.1045 0.008566
147.00 C 20260731 -1.00 -1.00 105 380 1.7008 0.0996 0.008212
148.00 C 20260731 -1.00 -1.00 385 514 1.7145 0.0947 0.007869
149.00 C 20260731 -1.00 -1.00 164 989 1.7480 0.0933 0.007644
150.00 C 20260731 -1.00 -1.00 8612 10536 1.7615 0.0886 0.007327
152.50 C 20260731 -1.00 -1.00 153 829 1.8241 0.0824 0.006746
155.00 C 20260731 -1.00 -1.00 1872 2067 1.8588 0.0765 0.006220
157.50 C 20260731 -1.00 -1.00 126 812 1.8916 0.0708 0.005730
68.00 P 20260731 -1.00 -1.00 108 106 -1.0000 -1.0000 -1.000000
69.00 P 20260731 -1.00 -1.00 217 217 2.0112 -0.0082 0.000888
70.00 P 20260731 -1.00 -1.00 2611 5218 1.9607 -0.0084 0.000933
71.00 P 20260731 -1.00 -1.00 11 11 1.9110 -0.0086 0.000980
72.00 P 20260731 -1.00 -1.00 19 19 1.8619 -0.0088 0.001030
73.00 P 20260731 -1.00 -1.00 48 43 1.8136 -0.0091 0.001083
74.00 P 20260731 -1.00 -1.00 125 256 1.7659 -0.0093 0.001140
75.00 P 20260731 -1.00 -1.00 955 3381 1.7154 -0.0096 0.001201
76.00 P 20260731 -1.00 -1.00 346 339 1.6643 -0.0098 0.001266
77.00 P 20260731 -1.00 -1.00 16 18 1.6139 -0.0101 0.001336
78.00 P 20260731 -1.00 -1.00 2579 2586 1.5641 -0.0104 0.001411
79.00 P 20260731 -1.00 -1.00 827 803 1.5619 -0.0134 0.001739
80.00 P 20260731 -1.00 -1.00 643 9227 1.5597 -0.0163 0.002069
81.00 P 20260731 -1.00 -1.00 274 230 1.4649 -0.0142 0.001952
82.00 P 20260731 -1.00 -1.00 51 55 1.4174 -0.0146 0.002071
83.00 P 20260731 -1.00 -1.00 510 510 1.4161 -0.0179 0.002469
84.00 P 20260731 -1.00 -1.00 332 324 1.3694 -0.0185 0.002626
85.00 P 20260731 -1.00 -1.00 505 1015 1.3684 -0.0219 0.003051
86.00 P 20260731 -1.00 -1.00 25 29 1.3675 -0.0253 0.003478
87.00 P 20260731 -1.00 -1.00 74 68 1.3436 -0.0287 0.003916
88.00 P 20260731 -1.00 -1.00 228 195 1.3148 -0.0323 0.004388
89.00 P 20260731 -1.00 -1.00 312 355 1.2864 -0.0360 0.004895
90.00 P 20260731 -1.00 -1.00 1415 1875 1.2583 -0.0399 0.005442
91.00 P 20260731 -1.00 -1.00 207 122 1.2524 -0.0465 0.006204
92.00 P 20260731 -1.00 -1.00 163 116 1.2465 -0.0531 0.006981
93.00 P 20260731 -1.00 -1.00 230 189 1.2396 -0.0598 0.007771
94.00 P 20260731 -1.00 -1.00 744 845 1.2208 -0.0689 0.008716
95.00 P 20260731 -1.00 -1.00 1851 2392 1.2022 -0.0783 0.009713
96.00 P 20260731 -1.00 -1.00 434 629 1.1838 -0.0879 0.010765
97.00 P 20260731 -1.00 -1.00 548 639 1.1779 -0.0998 0.011936
98.00 P 20260731 -1.00 -1.00 1712 839 1.1720 -0.1119 0.013129
99.00 P 20260731 -1.00 -1.00 709 537 1.1638 -0.1258 0.014371
100.00 P 20260731 -1.00 -1.00 6555 8365 1.1484 -0.1418 0.015687
101.00 P 20260731 -1.00 -1.00 1254 1376 1.1331 -0.1583 0.017065
102.00 P 20260731 -1.00 -1.00 721 631 1.1259 -0.1767 0.018480
103.00 P 20260731 -1.00 -1.00 394 337 1.1266 -0.1966 0.019881
104.00 P 20260731 -1.00 -1.00 702 1131 1.1192 -0.2164 0.021284
105.00 P 20260731 -1.00 -1.00 3686 3498 1.1039 -0.2392 0.022611
106.00 P 20260731 -1.00 -1.00 2490 5345 1.0888 -0.2626 0.023999
107.00 P 20260731 -1.00 -1.00 1732 2279 1.0856 -0.2882 0.025248
108.00 P 20260731 -1.00 -1.00 2656 3835 1.0943 -0.3154 0.026285
109.00 P 20260731 -1.00 -1.00 619 1239 1.0826 -0.3411 0.027540
110.00 P 20260731 -1.00 -1.00 7852 14892 1.0722 -0.3696 0.028339
111.00 P 20260731 -1.00 -1.00 2344 2624 1.0618 -0.3987 0.029159
112.00 P 20260731 -1.00 -1.00 5511 5075 1.0616 -0.4286 0.029719
113.00 P 20260731 -1.00 -1.00 2788 2972 1.0615 -0.4585 0.030280
114.00 P 20260731 -1.00 -1.00 1935 1723 1.0597 -0.4883 0.030551
115.00 P 20260731 -1.00 -1.00 2832 17202 1.0607 -0.5175 0.030237
116.00 P 20260731 -1.00 -1.00 1193 1840 1.0418 -0.5485 0.030480
117.00 P 20260731 -1.00 -1.00 966 1657 1.0429 -0.5783 0.030153
118.00 P 20260731 -1.00 -1.00 352 1342 1.0242 -0.6109 0.030369
119.00 P 20260731 -1.00 -1.00 213 1944 1.0413 -0.6360 0.029241
120.00 P 20260731 -1.00 -1.00 2627 9399 1.0353 -0.6627 0.028370
121.00 P 20260731 -1.00 -1.00 89 805 1.0293 -0.6897 0.027474
122.00 P 20260731 -1.00 -1.00 563 1518 1.0345 -0.7143 0.026372
123.00 P 20260731 -1.00 -1.00 1220 1514 1.0286 -0.7417 0.025450
124.00 P 20260731 -1.00 -1.00 78 638 1.0469 -0.7600 0.024097
125.00 P 20260731 -1.00 -1.00 475 4876 1.0372 -0.7813 0.022875
126.00 P 20260731 -1.00 -1.00 57 482 1.0848 -0.7888 0.021380
127.00 P 20260731 -1.00 -1.00 122 894 1.0181 -0.8252 0.020268
128.00 P 20260731 -1.00 -1.00 191 599 1.0228 -0.8434 0.018922
129.00 P 20260731 -1.00 -1.00 66 227 1.0981 -0.8401 0.017847
130.00 P 20260731 -1.00 -1.00 932 4115 0.9916 -0.8804 0.016127
131.00 P 20260731 -1.00 -1.00 52 416 1.0510 -0.8791 0.015337
132.00 P 20260731 -1.00 -1.00 112 390 1.1937 -0.8606 0.015032
133.00 P 20260731 -1.00 -1.00 50 195 1.0432 -0.9059 0.012874
134.00 P 20260731 -1.00 -1.00 67 526 1.0601 -0.9139 0.011918
135.00 P 20260731 -1.00 -1.00 882 3847 0.7360 -0.9830 0.004696
136.00 P 20260731 -1.00 -1.00 39 348 -1.0000 -1.0000 -1.000000
137.00 P 20260731 -1.00 -1.00 46 882 1.2130 -0.9101 0.010733
138.00 P 20260731 -1.00 -1.00 39 617 -1.0000 -1.0000 -1.000000
139.00 P 20260731 -1.00 -1.00 37 252 1.1006 -0.9457 0.007991
140.00 P 20260731 -1.00 -1.00 307 2357 -1.0000 -1.0000 -1.000000
141.00 P 20260731 -1.00 -1.00 19 481 -1.0000 -1.0000 -1.000000
142.00 P 20260731 -1.00 -1.00 39 146 0.9980 -0.9766 0.004471
143.00 P 20260731 -1.00 -1.00 62 245 -1.0000 -1.0000 -1.000000
144.00 P 20260731 -1.00 -1.00 39 303 -1.0000 -1.0000 -1.000000
145.00 P 20260731 -1.00 -1.00 208 1221 -1.0000 -1.0000 -1.000000
146.00 P 20260731 -1.00 -1.00 1 151 -1.0000 -1.0000 -1.000000
147.00 P 20260731 -1.00 -1.00 5 263 -1.0000 -1.0000 -1.000000
148.00 P 20260731 -1.00 -1.00 9 202 1.1531 -0.9792 0.003508
149.00 P 20260731 -1.00 -1.00 15 401 -1.0000 -1.0000 -1.000000
150.00 P 20260731 -1.00 -1.00 225 2426 -1.0000 -1.0000 -1.000000
152.50 P 20260731 -1.00 -1.00 26 372 -1.0000 -1.0000 -1.000000
155.00 P 20260731 -1.00 -1.00 49 3109 0.0001 -1.0000 -0.000000
157.50 P 20260731 -1.00 -1.00 38 198 -1.0000 -1.0000 -1.000000
68.00 C 20260807 -1.00 -1.00 -1 0 2.2251 0.9330 0.002895
69.00 C 20260807 -1.00 -1.00 -1 0 2.1919 0.9303 0.003034
70.00 C 20260807 -1.00 -1.00 11 11 2.1592 0.9274 0.003179
71.00 C 20260807 -1.00 -1.00 -1 0 2.1451 0.9232 0.003344
72.00 C 20260807 -1.00 -1.00 -1 0 2.0951 0.9215 0.003486
73.00 C 20260807 -1.00 -1.00 -1 0 2.0460 0.9196 0.003636
74.00 C 20260807 -1.00 -1.00 -1 0 2.0330 0.9152 0.003820
75.00 C 20260807 -1.00 -1.00 3 10 2.0025 0.9119 0.003998
76.00 C 20260807 -1.00 -1.00 -1 0 1.9725 0.9086 0.004182
77.00 C 20260807 -1.00 -1.00 1 0 1.9777 0.9028 0.004390
78.00 C 20260807 -1.00 -1.00 -1 0 1.9559 0.8981 0.004593
79.00 C 20260807 -1.00 -1.00 -1 0 1.9261 0.8933 0.004804
80.00 C 20260807 -1.00 -1.00 24 631 1.8852 0.8895 0.005021
81.00 C 20260807 -1.00 -1.00 40 0 1.7998 0.8904 0.005237
82.00 C 20260807 -1.00 -1.00 44 0 1.8387 0.8781 0.005492
83.00 C 20260807 -1.00 -1.00 44 0 1.8103 0.8727 0.005742
84.00 C 20260807 -1.00 -1.00 44 1 1.7933 0.8660 0.005998
85.00 C 20260807 -1.00 -1.00 44 1 1.7106 0.8660 0.006291
86.00 C 20260807 -1.00 -1.00 40 0 1.8693 0.8428 0.006438
87.00 C 20260807 -1.00 -1.00 40 1 1.7435 0.8454 0.006814
88.00 C 20260807 -1.00 -1.00 44 1 1.7381 0.8373 0.007088
89.00 C 20260807 -1.00 -1.00 44 1 1.7220 0.8301 0.007381
90.00 C 20260807 -1.00 -1.00 92 1022 1.7274 0.8210 0.007645
91.00 C 20260807 -1.00 -1.00 44 1 1.7202 0.8128 0.007928
92.00 C 20260807 -1.00 -1.00 44 1 1.6480 0.8094 0.008359
93.00 C 20260807 -1.00 -1.00 89 48 1.6328 0.7998 0.008646
94.00 C 20260807 -1.00 -1.00 44 3 1.6815 0.7839 0.008723
95.00 C 20260807 -1.00 -1.00 49 12 1.5551 0.7847 0.009425
96.00 C 20260807 -1.00 -1.00 48 0 1.5801 0.7706 0.009587
97.00 C 20260807 -1.00 -1.00 48 1 1.5733 0.7595 0.009874
98.00 C 20260807 -1.00 -1.00 44 0 1.5823 0.7472 0.010092
99.00 C 20260807 -1.00 -1.00 44 0 1.5445 0.7383 0.010538
100.00 C 20260807 -1.00 -1.00 78 186 1.5999 0.7229 0.010516
101.00 C 20260807 -1.00 -1.00 40 1 1.5855 0.7122 0.010846
102.00 C 20260807 -1.00 -1.00 40 0 1.5636 0.7017 0.011230
103.00 C 20260807 -1.00 -1.00 20 101 1.6116 0.6873 0.011122
105.00 C 20260807 -1.00 -1.00 117 182 1.5958 0.6630 0.011484
106.00 C 20260807 -1.00 -1.00 17 1 1.5715 0.6511 0.011787
107.00 C 20260807 -1.00 -1.00 25 1 1.5671 0.6385 0.011952
108.00 C 20260807 -1.00 -1.00 1 70 1.5693 0.6258 0.012067
109.00 C 20260807 -1.00 -1.00 6 6 1.5649 0.6131 0.012233
110.00 C 20260807 -1.00 -1.00 165 445 1.5735 0.6004 0.012298
111.00 C 20260807 -1.00 -1.00 7 15 1.5692 0.5877 0.012463
112.00 C 20260807 -1.00 -1.00 143 100 1.5649 0.5749 0.012630
113.00 C 20260807 -1.00 -1.00 407 355 1.5670 0.5622 0.012745
114.00 C 20260807 -1.00 -1.00 136 140 1.5745 0.5500 0.012754
115.00 C 20260807 -1.00 -1.00 395 409 1.5585 0.5372 0.012868
116.00 C 20260807 -1.00 -1.00 158 160 1.5741 0.5259 0.012720
117.00 C 20260807 -1.00 -1.00 225 81 1.5270 0.5109 0.013094
118.00 C 20260807 -1.00 -1.00 84 85 1.5363 0.4991 0.012993
119.00 C 20260807 -1.00 -1.00 63 109 1.5579 0.4885 0.012794
120.00 C 20260807 -1.00 -1.00 2144 2897 1.5485 0.4755 0.012851
121.00 C 20260807 -1.00 -1.00 150 147 1.5638 0.4647 0.012708
122.00 C 20260807 -1.00 -1.00 62 212 1.5422 0.4503 0.012862
123.00 C 20260807 -1.00 -1.00 71 180 1.5513 0.4391 0.012769
124.00 C 20260807 -1.00 -1.00 33 661 1.5663 0.4286 0.012631
125.00 C 20260807 -1.00 -1.00 745 1287 1.5631 0.4161 0.012637
126.00 C 20260807 -1.00 -1.00 38 162 1.5679 0.4052 0.012549
127.00 C 20260807 -1.00 -1.00 126 214 1.5605 0.3942 0.012461
128.00 C 20260807 -1.00 -1.00 103 493 1.5532 0.3831 0.012369
129.00 C 20260807 -1.00 -1.00 110 321 1.5595 0.3738 0.012192
130.00 C 20260807 -1.00 -1.00 422 1331 1.5522 0.3627 0.012097
131.00 C 20260807 -1.00 -1.00 117 211 1.5585 0.3535 0.011922
132.00 C 20260807 -1.00 -1.00 35 223 1.5513 0.3422 0.011823
133.00 C 20260807 -1.00 -1.00 11 226 1.5575 0.3330 0.011651
134.00 C 20260807 -1.00 -1.00 15 670 1.5637 0.3240 0.011482
135.00 C 20260807 -1.00 -1.00 1450 1893 1.5632 0.3138 0.011348
136.00 C 20260807 -1.00 -1.00 72 198 1.5627 0.3036 0.011213
137.00 C 20260807 -1.00 -1.00 27 1053 1.5754 0.2960 0.011021
138.00 C 20260807 -1.00 -1.00 12 223 1.5815 0.2872 0.010862
139.00 C 20260807 -1.00 -1.00 53 82 1.5940 0.2798 0.010680
140.00 C 20260807 -1.00 -1.00 348 2975 1.5955 0.2712 0.010527
141.00 C 20260807 -1.00 -1.00 15 238 1.5948 0.2639 0.010350
142.00 C 20260807 -1.00 -1.00 19 557 1.5941 0.2566 0.010173
143.00 C 20260807 -1.00 -1.00 47 162 1.5934 0.2493 0.009995
144.00 C 20260807 -1.00 -1.00 20 340 1.5927 0.2420 0.009817
145.00 C 20260807 -1.00 -1.00 372 881 1.5920 0.2347 0.009639
146.00 C 20260807 -1.00 -1.00 6 98 1.5996 0.2290 0.009450
147.00 C 20260807 -1.00 -1.00 38 132 1.5989 0.2217 0.009272
148.00 C 20260807 -1.00 -1.00 41 165 1.6065 0.2161 0.009089
149.00 C 20260807 -1.00 -1.00 46 171 1.6141 0.2105 0.008909
150.00 C 20260807 -1.00 -1.00 628 5857 1.6215 0.2050 0.008733
152.50 C 20260807 -1.00 -1.00 18 884 1.6360 0.1905 0.008306
155.00 C 20260807 -1.00 -1.00 282 728 1.6583 0.1781 0.007899
157.50 C 20260807 -1.00 -1.00 34 200 1.6842 0.1670 0.007519
68.00 P 20260807 -1.00 -1.00 6 6 1.5609 -0.0212 0.001638
69.00 P 20260807 -1.00 -1.00 4 5 1.5480 -0.0231 0.001778
70.00 P 20260807 -1.00 -1.00 268 1177 1.5230 -0.0250 0.001923
71.00 P 20260807 -1.00 -1.00 410 410 1.4983 -0.0270 0.002077
72.00 P 20260807 -1.00 -1.00 1 33 1.5049 -0.0318 0.002354
73.00 P 20260807 -1.00 -1.00 9 59 1.4961 -0.0352 0.002575
74.00 P 20260807 -1.00 -1.00 2 28 1.5026 -0.0399 0.002849
75.00 P 20260807 -1.00 -1.00 256 625 1.4788 -0.0421 0.003034
76.00 P 20260807 -1.00 -1.00 4 9 1.5153 -0.0491 0.003382
77.00 P 20260807 -1.00 -1.00 27 29 1.5047 -0.0526 0.003613
78.00 P 20260807 -1.00 -1.00 14 21 1.4873 -0.0573 0.003883
79.00 P 20260807 -1.00 -1.00 17 38 1.4787 -0.0632 0.004191
80.00 P 20260807 -1.00 -1.00 798 2116 1.4617 -0.0680 0.004481
81.00 P 20260807 -1.00 -1.00 32 33 1.4618 -0.0751 0.004826
82.00 P 20260807 -1.00 -1.00 22 19 1.4619 -0.0821 0.005171
83.00 P 20260807 -1.00 -1.00 17 57 1.4620 -0.0891 0.005517
84.00 P 20260807 -1.00 -1.00 6 168 1.4703 -0.0970 0.005872
85.00 P 20260807 -1.00 -1.00 668 1549 1.4703 -0.1039 0.006214
86.00 P 20260807 -1.00 -1.00 42 58 1.4689 -0.1125 0.006568
87.00 P 20260807 -1.00 -1.00 57 160 1.4544 -0.1205 0.006925
88.00 P 20260807 -1.00 -1.00 31 33 1.4508 -0.1301 0.007294
89.00 P 20260807 -1.00 -1.00 5 12 1.4420 -0.1390 0.007669
90.00 P 20260807 -1.00 -1.00 2272 6514 1.4385 -0.1487 0.008046
91.00 P 20260807 -1.00 -1.00 44 64 1.4404 -0.1591 0.008420
92.00 P 20260807 -1.00 -1.00 15 54 1.4423 -0.1695 0.008792
93.00 P 20260807 -1.00 -1.00 38 42 1.4494 -0.1804 0.009150
94.00 P 20260807 -1.00 -1.00 12 72 1.4564 -0.1912 0.009502
95.00 P 20260807 -1.00 -1.00 1557 3160 1.4439 -0.2020 0.009856
96.00 P 20260807 -1.00 -1.00 28 47 1.4380 -0.2140 0.010184
97.00 P 20260807 -1.00 -1.00 8 18 1.4322 -0.2260 0.010516
98.00 P 20260807 -1.00 -1.00 38 97 1.4264 -0.2382 0.010853
99.00 P 20260807 -1.00 -1.00 280 228 1.4207 -0.2504 0.011193
100.00 P 20260807 -1.00 -1.00 7143 11383 1.4150 -0.2628 0.011538
101.00 P 20260807 -1.00 -1.00 29 75 1.4247 -0.2764 0.011790
102.00 P 20260807 -1.00 -1.00 68 87 1.4267 -0.2894 0.012086
103.00 P 20260807 -1.00 -1.00 270 247 1.4287 -0.3023 0.012381
105.00 P 20260807 -1.00 -1.00 746 2689 1.4252 -0.3294 0.012805
106.00 P 20260807 -1.00 -1.00 49 58 1.4216 -0.3432 0.012991
107.00 P 20260807 -1.00 -1.00 23 53 1.4116 -0.3569 0.013237
108.00 P 20260807 -1.00 -1.00 188 480 1.4016 -0.3708 0.013487
109.00 P 20260807 -1.00 -1.00 203 200 1.4046 -0.3851 0.013616
110.00 P 20260807 -1.00 -1.00 5665 18055 1.4076 -0.3993 0.013744
111.00 P 20260807 -1.00 -1.00 134 427 1.4105 -0.4134 0.013872
112.00 P 20260807 -1.00 -1.00 477 348 1.4135 -0.4275 0.013999
113.00 P 20260807 -1.00 -1.00 372 323 1.4164 -0.4415 0.014126
114.00 P 20260807 -1.00 -1.00 295 301 1.4119 -0.4555 0.014253
115.00 P 20260807 -1.00 -1.00 3724 11246 1.4094 -0.4691 0.014250
116.00 P 20260807 -1.00 -1.00 191 599 1.3943 -0.4835 0.014374
117.00 P 20260807 -1.00 -1.00 81 305 1.3919 -0.4974 0.014367
118.00 P 20260807 -1.00 -1.00 166 611 1.3894 -0.5113 0.014361
119.00 P 20260807 -1.00 -1.00 47 469 1.3870 -0.5252 0.014354
120.00 P 20260807 -1.00 -1.00 5085 5892 1.3846 -0.5392 0.014346
121.00 P 20260807 -1.00 -1.00 105 417 1.3823 -0.5532 0.014338
122.00 P 20260807 -1.00 -1.00 26 158 1.3860 -0.5665 0.014269
123.00 P 20260807 -1.00 -1.00 144 239 1.3897 -0.5798 0.014201
124.00 P 20260807 -1.00 -1.00 52 181 1.3995 -0.5922 0.014077
125.00 P 20260807 -1.00 -1.00 3338 5834 1.4061 -0.6035 0.013898
126.00 P 20260807 -1.00 -1.00 30 271 1.4269 -0.6120 0.013562
127.00 P 20260807 -1.00 -1.00 37 143 1.3997 -0.6271 0.013594
128.00 P 20260807 -1.00 -1.00 26 126 1.3795 -0.6417 0.013564
129.00 P 20260807 -1.00 -1.00 9 321 1.3934 -0.6510 0.013282
130.00 P 20260807 -1.00 -1.00 365 2802 1.3937 -0.6624 0.013101
131.00 P 20260807 -1.00 -1.00 42 67 1.3401 -0.6841 0.013270
132.00 P 20260807 -1.00 -1.00 46 153 1.3808 -0.6878 0.012821
133.00 P 20260807 -1.00 -1.00 7 50 1.4546 -0.6847 0.012217
134.00 P 20260807 -1.00 -1.00 16 472 1.3747 -0.7122 0.012488
135.00 P 20260807 -1.00 -1.00 175 3687 1.3750 -0.7238 0.012301
136.00 P 20260807 -1.00 -1.00 9 220 1.4083 -0.7277 0.011954
137.00 P 20260807 -1.00 -1.00 18 340 1.3534 -0.7471 0.011915
138.00 P 20260807 -1.00 -1.00 19 290 1.4395 -0.7395 0.011402
139.00 P 20260807 -1.00 -1.00 6 251 1.4309 -0.7492 0.011199
140.00 P 20260807 -1.00 -1.00 347 2181 1.4139 -0.7607 0.011009
141.00 P 20260807 -1.00 -1.00 3 545 1.4309 -0.7655 0.010740
142.00 P 20260807 -1.00 -1.00 6 184 1.3379 -0.7940 0.010628
143.00 P 20260807 -1.00 -1.00 13 151 1.4309 -0.7817 0.010282
144.00 P 20260807 -1.00 -1.00 16 143 1.3721 -0.8033 0.010089
145.00 P 20260807 -1.00 -1.00 47 992 1.3136 -0.8266 0.009812
146.00 P 20260807 -1.00 -1.00 4 456 1.3474 -0.8266 0.009569
147.00 P 20260807 -1.00 -1.00 140 303 1.4392 -0.8123 0.009367
148.00 P 20260807 -1.00 -1.00 163 524 1.3892 -0.8329 0.009102
149.00 P 20260807 -1.00 -1.00 37 885 1.3108 -0.8553 0.008737
150.00 P 20260807 -1.00 -1.00 110 2328 1.5379 -0.8127 0.008759
152.50 P 20260807 -1.00 -1.00 28 406 1.4423 -0.8495 0.008163
155.00 P 20260807 -1.00 -1.00 42 435 1.2600 -0.9018 0.006897
157.50 P 20260807 -1.00 -1.00 5 147 1.4304 -0.8776 0.007076
70.00 C 20260814 -1.00 -1.00 2 1 1.7631 0.9221 0.003242
75.00 C 20260814 -1.00 -1.00 2 3 1.6901 0.9024 0.004061
80.00 C 20260814 -1.00 -1.00 620 612 1.5771 0.8782 0.005032
85.00 C 20260814 -1.00 -1.00 1 101 1.5143 0.8462 0.006159
90.00 C 20260814 -1.00 -1.00 4 1008 1.4335 0.8133 0.007469
95.00 C 20260814 -1.00 -1.00 11 514 1.4203 0.7635 0.008532
100.00 C 20260814 -1.00 -1.00 4 267 1.3406 0.7169 0.010014
105.00 C 20260814 -1.00 -1.00 10 16 1.3725 0.6589 0.010542
106.00 C 20260814 -1.00 -1.00 1 2 1.3736 0.6474 0.010646
107.00 C 20260814 -1.00 -1.00 1 3 1.3694 0.6360 0.010790
108.00 C 20260814 -1.00 -1.00 4 1 1.3653 0.6246 0.010935
109.00 C 20260814 -1.00 -1.00 2 4 1.2743 0.6128 0.011835
110.00 C 20260814 -1.00 -1.00 12 363 1.3471 0.6013 0.011313
111.00 C 20260814 -1.00 -1.00 1 2 1.3533 0.5898 0.011375
112.00 C 20260814 -1.00 -1.00 85 68 1.3493 0.5781 0.011523
113.00 C 20260814 -1.00 -1.00 111 60 1.3605 0.5668 0.011541
114.00 C 20260814 -1.00 -1.00 173 90 1.3659 0.5558 0.011557
115.00 C 20260814 -1.00 -1.00 68 302 1.3527 0.5442 0.011660
116.00 C 20260814 -1.00 -1.00 26 63 1.3496 0.5330 0.011676
117.00 C 20260814 -1.00 -1.00 26 31 1.3366 0.5210 0.011779
118.00 C 20260814 -1.00 -1.00 7 7 1.3336 0.5096 0.011793
119.00 C 20260814 -1.00 -1.00 6 11 1.3354 0.4986 0.011764
120.00 C 20260814 -1.00 -1.00 259 537 1.3470 0.4886 0.011651
121.00 C 20260814 -1.00 -1.00 8 14 1.3294 0.4757 0.011791
122.00 C 20260814 -1.00 -1.00 13 239 1.3265 0.4642 0.011804
123.00 C 20260814 -1.00 -1.00 30 31 1.3283 0.4532 0.011775
124.00 C 20260814 -1.00 -1.00 13 47 1.3254 0.4416 0.011787
125.00 C 20260814 -1.00 -1.00 62 642 1.3464 0.4334 0.011597
126.00 C 20260814 -1.00 -1.00 6 17 1.3529 0.4233 0.011532
127.00 C 20260814 -1.00 -1.00 6 13 1.3594 0.4133 0.011468
128.00 C 20260814 -1.00 -1.00 5 81 1.3533 0.4034 0.011403
129.00 C 20260814 -1.00 -1.00 2 65 1.3471 0.3933 0.011336
130.00 C 20260814 -1.00 -1.00 163 1017 1.3462 0.3840 0.011232
131.00 C 20260814 -1.00 -1.00 27 19 1.3454 0.3747 0.011127
132.00 C 20260814 -1.00 -1.00 25 129 1.3446 0.3654 0.011022
134.00 C 20260814 -1.00 -1.00 2 190 1.3429 0.3468 0.010811
135.00 C 20260814 -1.00 -1.00 88 562 1.3421 0.3375 0.010705
136.00 C 20260814 -1.00 -1.00 97 328 1.3465 0.3292 0.010570
137.00 C 20260814 -1.00 -1.00 383 564 1.3509 0.3210 0.010437
138.00 C 20260814 -1.00 -1.00 16 182 1.3552 0.3128 0.010307
139.00 C 20260814 -1.00 -1.00 6 129 1.3595 0.3047 0.010178
140.00 C 20260814 -1.00 -1.00 106 685 1.3638 0.2967 0.010051
141.00 C 20260814 -1.00 -1.00 8 89 1.3732 0.2899 0.009904
142.00 C 20260814 -1.00 -1.00 4 77 1.3826 0.2832 0.009761
143.00 C 20260814 -1.00 -1.00 5 70 1.3823 0.2754 0.009641
144.00 C 20260814 -1.00 -1.00 2 394 1.3880 0.2700 0.009482
145.00 C 20260814 -1.00 -1.00 62 1576 1.3803 0.2621 0.009360
146.00 C 20260814 -1.00 -1.00 24 2061 1.3860 0.2569 0.009204
147.00 C 20260814 -1.00 -1.00 7 245 1.3784 0.2489 0.009076
148.00 C 20260814 -1.00 -1.00 9 76 1.3840 0.2436 0.008923
149.00 C 20260814 -1.00 -1.00 4 66 1.3895 0.2384 0.008772
150.00 C 20260814 -1.00 -1.00 143 1146 1.3885 0.2318 0.008632
152.50 C 20260814 -1.00 -1.00 31 203 1.3893 0.2161 0.008277
155.00 C 20260814 -1.00 -1.00 41 1010 1.4093 0.2051 0.007921
157.50 C 20260814 -1.00 -1.00 37 190 1.4226 0.1928 0.007583
70.00 P 20260814 -1.00 -1.00 103 642 1.3364 -0.0383 0.002440
75.00 P 20260814 -1.00 -1.00 488 932 1.3106 -0.0580 0.003492
80.00 P 20260814 -1.00 -1.00 418 1824 1.2927 -0.0872 0.004841
85.00 P 20260814 -1.00 -1.00 145 725 1.2818 -0.1238 0.006290
90.00 P 20260814 -1.00 -1.00 2341 11879 1.2770 -0.1687 0.007811
95.00 P 20260814 -1.00 -1.00 125 1698 1.2634 -0.2192 0.009232
100.00 P 20260814 -1.00 -1.00 2078 5912 1.2558 -0.2758 0.010539
105.00 P 20260814 -1.00 -1.00 1391 1960 1.2435 -0.3354 0.011605
106.00 P 20260814 -1.00 -1.00 353 239 1.2349 -0.3478 0.011815
107.00 P 20260814 -1.00 -1.00 85 141 1.2368 -0.3605 0.011930
108.00 P 20260814 -1.00 -1.00 118 103 1.2335 -0.3732 0.012094
109.00 P 20260814 -1.00 -1.00 124 148 1.2302 -0.3859 0.012259
110.00 P 20260814 -1.00 -1.00 405 2243 1.2320 -0.3987 0.012374
111.00 P 20260814 -1.00 -1.00 23 80 1.2339 -0.4114 0.012489
112.00 P 20260814 -1.00 -1.00 56 90 1.2357 -0.4241 0.012603
113.00 P 20260814 -1.00 -1.00 382 420 1.2374 -0.4367 0.012718
114.00 P 20260814 -1.00 -1.00 61 81 1.2433 -0.4489 0.012728
115.00 P 20260814 -1.00 -1.00 194 1270 1.2309 -0.4617 0.012841
116.00 P 20260814 -1.00 -1.00 21 66 1.2284 -0.4740 0.012848
117.00 P 20260814 -1.00 -1.00 14 191 1.2210 -0.4867 0.012906
118.00 P 20260814 -1.00 -1.00 8 41 1.2186 -0.4992 0.012912
119.00 P 20260814 -1.00 -1.00 7 66 1.2163 -0.5117 0.012917
120.00 P 20260814 -1.00 -1.00 4239 4157 1.2139 -0.5242 0.012922
121.00 P 20260814 -1.00 -1.00 9 33 1.2116 -0.5368 0.012927
122.00 P 20260814 -1.00 -1.00 5 50 1.2141 -0.5488 0.012881
123.00 P 20260814 -1.00 -1.00 39 20 1.2165 -0.5608 0.012836
124.00 P 20260814 -1.00 -1.00 11 10 1.2238 -0.5720 0.012745
125.00 P 20260814 -1.00 -1.00 1627 2748 1.2262 -0.5838 0.012702
126.00 P 20260814 -1.00 -1.00 12 15 1.2237 -0.5957 0.012660
127.00 P 20260814 -1.00 -1.00 7 18 1.2289 -0.6050 0.012479
128.00 P 20260814 -1.00 -1.00 19 48 1.2125 -0.6179 0.012474
129.00 P 20260814 -1.00 -1.00 8 25 1.2177 -0.6273 0.012292
130.00 P 20260814 -1.00 -1.00 74 2770 1.2068 -0.6396 0.012234
131.00 P 20260814 -1.00 -1.00 1 8 1.2119 -0.6489 0.012053
132.00 P 20260814 -1.00 -1.00 6 7 1.2118 -0.6592 0.011913
134.00 P 20260814 -1.00 -1.00 5 495 1.2167 -0.6786 0.011599
135.00 P 20260814 -1.00 -1.00 98 1411 1.2217 -0.6877 0.011428
136.00 P 20260814 -1.00 -1.00 2 167 1.2215 -0.6980 0.011291
137.00 P 20260814 -1.00 -1.00 4 2058 1.2212 -0.7082 0.011155
138.00 P 20260814 -1.00 -1.00 1 98 1.2261 -0.7172 0.010990
139.00 P 20260814 -1.00 -1.00 5 1050 1.2309 -0.7261 0.010828
140.00 P 20260814 -1.00 -1.00 39 1944 1.2380 -0.7321 0.010618
141.00 P 20260814 -1.00 -1.00 7 107 1.3047 -0.7256 0.010215
142.00 P 20260814 -1.00 -1.00 11 388 1.3242 -0.7286 0.009991
143.00 P 20260814 -1.00 -1.00 18 122 1.2437 -0.7527 0.010050
144.00 P 20260814 -1.00 -1.00 1 45 1.3097 -0.7452 0.009713
145.00 P 20260814 -1.00 -1.00 19 350 1.2297 -0.7706 0.009710
146.00 P 20260814 -1.00 -1.00 1 108 1.2690 -0.7683 0.009463
147.00 P 20260814 -1.00 -1.00 5 74 1.2949 -0.7692 0.009251
148.00 P 20260814 -1.00 -1.00 2 77 1.2616 -0.7844 0.009123
149.00 P 20260814 -1.00 -1.00 3 115 1.3069 -0.7801 0.008907
150.00 P 20260814 -1.00 -1.00 25 933 1.3193 -0.7839 0.008735
152.50 P 20260814 -1.00 -1.00 4 301 1.2629 -0.8163 0.008331
155.00 P 20260814 -1.00 -1.00 15 300 1.2278 -0.8416 0.007851
157.50 P 20260814 -1.00 -1.00 8 542 1.2083 -0.8578 0.007369
70.00 C 20260821 -1.00 -1.00 1 7 1.5539 0.9172 0.003289
75.00 C 20260821 -1.00 -1.00 1 4 1.4888 0.8958 0.004084
80.00 C 20260821 -1.00 -1.00 4 57 1.4058 0.8701 0.005015
85.00 C 20260821 -1.00 -1.00 1 113 1.3131 0.8433 0.006128
90.00 C 20260821 -1.00 -1.00 25 85 1.2930 0.8037 0.007215
95.00 C 20260821 -1.00 -1.00 13 548 1.2958 0.7552 0.008114
100.00 C 20260821 -1.00 -1.00 195 583 1.2983 0.7070 0.009009
105.00 C 20260821 -1.00 -1.00 302 154 1.2893 0.6557 0.009569
110.00 C 20260821 -1.00 -1.00 166 410 1.2517 0.6030 0.010356
111.00 C 20260821 -1.00 -1.00 6 10 1.2954 0.5936 0.010097
112.00 C 20260821 -1.00 -1.00 44 83 1.2483 0.5815 0.010586
113.00 C 20260821 -1.00 -1.00 1091 1060 1.2573 0.5712 0.010608
114.00 C 20260821 -1.00 -1.00 69 105 1.2615 0.5610 0.010629
115.00 C 20260821 -1.00 -1.00 299 1331 1.2541 0.5506 0.010687
116.00 C 20260821 -1.00 -1.00 44 313 1.2425 0.5397 0.010783
117.00 C 20260821 -1.00 -1.00 40 137 1.2479 0.5300 0.010729
118.00 C 20260821 -1.00 -1.00 103 8723 1.2406 0.5192 0.010786
119.00 C 20260821 -1.00 -1.00 368 576 1.2250 0.5075 0.010916
120.00 C 20260821 -1.00 -1.00 2967 5738 1.2387 0.4987 0.010789
121.00 C 20260821 -1.00 -1.00 22 156 1.2482 0.4896 0.010701
122.00 C 20260821 -1.00 -1.00 89 334 1.2410 0.4786 0.010755
123.00 C 20260821 -1.00 -1.00 5 733 1.2298 0.4670 0.010845
124.00 C 20260821 -1.00 -1.00 47 141 1.2392 0.4581 0.010758
125.00 C 20260821 -1.00 -1.00 786 3752 1.2403 0.4481 0.010741
126.00 C 20260821 -1.00 -1.00 43 406 1.2414 0.4381 0.010725
127.00 C 20260821 -1.00 -1.00 134 505 1.2466 0.4288 0.010676
128.00 C 20260821 -1.00 -1.00 29 159 1.2557 0.4203 0.010595
129.00 C 20260821 -1.00 -1.00 22 850 1.2480 0.4104 0.010579
130.00 C 20260821 -1.00 -1.00 1860 9790 1.2469 0.4019 0.010497
131.00 C 20260821 -1.00 -1.00 25 415 1.2458 0.3933 0.010415
132.00 C 20260821 -1.00 -1.00 20 126 1.2402 0.3840 0.010363
133.00 C 20260821 -1.00 -1.00 61 150 1.2436 0.3763 0.010250
134.00 C 20260821 -1.00 -1.00 304 517 1.2380 0.3668 0.010195
135.00 C 20260821 -1.00 -1.00 881 8611 1.2415 0.3591 0.010084
136.00 C 20260821 -1.00 -1.00 10 66 1.2404 0.3505 0.010000
137.00 C 20260821 -1.00 -1.00 27 234 1.2393 0.3419 0.009915
138.00 C 20260821 -1.00 -1.00 9 858 1.2427 0.3343 0.009807
139.00 C 20260821 -1.00 -1.00 7 72 1.2461 0.3267 0.009699
140.00 C 20260821 -1.00 -1.00 1696 7591 1.2494 0.3192 0.009593
145.00 C 20260821 -1.00 -1.00 535 4772 1.2744 0.2845 0.009046
150.00 C 20260821 -1.00 -1.00 2113 14697 1.2714 0.2540 0.008469
155.00 C 20260821 -1.00 -1.00 148 8232 1.2822 0.2275 0.007863
70.00 P 20260821 -1.00 -1.00 213 2061 1.2439 -0.0480 0.002718
75.00 P 20260821 -1.00 -1.00 336 5413 1.2048 -0.0709 0.003761
80.00 P 20260821 -1.00 -1.00 2230 9494 1.2040 -0.1003 0.004965
85.00 P 20260821 -1.00 -1.00 341 5623 1.1732 -0.1370 0.006260
90.00 P 20260821 -1.00 -1.00 655 14437 1.1812 -0.1806 0.007572
95.00 P 20260821 -1.00 -1.00 1179 7775 1.1565 -0.2294 0.008792
100.00 P 20260821 -1.00 -1.00 4134 22640 1.1637 -0.2834 0.009852
105.00 P 20260821 -1.00 -1.00 506 4694 1.1484 -0.3390 0.010720
110.00 P 20260821 -1.00 -1.00 2532 17214 1.1454 -0.3973 0.011328
111.00 P 20260821 -1.00 -1.00 322 2446 1.1465 -0.4089 0.011433
112.00 P 20260821 -1.00 -1.00 229 784 1.1477 -0.4206 0.011538
113.00 P 20260821 -1.00 -1.00 1209 1330 1.1530 -0.4320 0.011599
114.00 P 20260821 -1.00 -1.00 199 657 1.1491 -0.4436 0.011704
115.00 P 20260821 -1.00 -1.00 911 8887 1.1466 -0.4548 0.011719
116.00 P 20260821 -1.00 -1.00 284 332 1.1399 -0.4663 0.011778
117.00 P 20260821 -1.00 -1.00 124 397 1.1333 -0.4780 0.011836
118.00 P 20260821 -1.00 -1.00 332 9046 1.1309 -0.4894 0.011849
119.00 P 20260821 -1.00 -1.00 44 717 1.1326 -0.5005 0.011818
120.00 P 20260821 -1.00 -1.00 614 15535 1.1261 -0.5124 0.011874
121.00 P 20260821 -1.00 -1.00 66 369 1.1279 -0.5234 0.011843
122.00 P 20260821 -1.00 -1.00 228 513 1.1297 -0.5344 0.011813
123.00 P 20260821 -1.00 -1.00 156 877 1.1273 -0.5460 0.011825
124.00 P 20260821 -1.00 -1.00 418 761 1.1332 -0.5563 0.011754
125.00 P 20260821 -1.00 -1.00 253 41117 1.1349 -0.5673 0.011726
126.00 P 20260821 -1.00 -1.00 3 306 1.1365 -0.5781 0.011698
127.00 P 20260821 -1.00 -1.00 6 374 1.1400 -0.5883 0.011632
128.00 P 20260821 -1.00 -1.00 6 249 1.1349 -0.5984 0.011563
129.00 P 20260821 -1.00 -1.00 4 113 1.1344 -0.6077 0.011455
130.00 P 20260821 -1.00 -1.00 223 15783 1.1385 -0.6162 0.011311
131.00 P 20260821 -1.00 -1.00 25 101 1.1289 -0.6274 0.011273
132.00 P 20260821 -1.00 -1.00 6 14 1.1104 -0.6407 0.011299
133.00 P 20260821 -1.00 -1.00 5 31 1.1235 -0.6472 0.011086
134.00 P 20260821 -1.00 -1.00 1 111 1.1230 -0.6567 0.010975
135.00 P 20260821 -1.00 -1.00 373 17933 1.1270 -0.6651 0.010833
136.00 P 20260821 -1.00 -1.00 2 179 1.1265 -0.6746 0.010723
137.00 P 20260821 -1.00 -1.00 11 71 1.1305 -0.6829 0.010585
138.00 P 20260821 -1.00 -1.00 6 790 1.1344 -0.6912 0.010449
139.00 P 20260821 -1.00 -1.00 25 94 1.1913 -0.6854 0.010020
140.00 P 20260821 -1.00 -1.00 110 13390 1.1378 -0.7088 0.010208
145.00 P 20260821 -1.00 -1.00 265 10596 1.1513 -0.7427 0.009462
150.00 P 20260821 -1.00 -1.00 523 19731 1.1097 -0.7878 0.008760
155.00 P 20260821 -1.00 -1.00 41 13212 1.1456 -0.8107 0.007967
50.00 C 20260731 -1.00 -1.00 43 43 5.3101 0.9556 0.001410
55.00 C 20260731 -1.00 -1.00 30 30 4.7289 0.9513 0.001704
60.00 C 20260731 -1.00 -1.00 15 15 4.1699 0.9477 0.002045
65.00 C 20260731 -1.00 -1.00 15 17 3.8417 0.9368 0.002570
66.00 C 20260731 -1.00 -1.00 -1 0 3.8459 0.9320 0.002720
67.00 C 20260731 -1.00 -1.00 -1 0 3.7598 0.9304 0.002832
50.00 P 20260731 -1.00 -1.00 2 51 3.4031 -0.0077 0.000500
55.00 P 20260731 -1.00 -1.00 1 37 2.9425 -0.0073 0.000550
60.00 P 20260731 -1.00 -1.00 7 78 2.6293 -0.0082 0.000685
65.00 P 20260731 -1.00 -1.00 2 54 2.4758 -0.0141 0.001152
66.00 P 20260731 -1.00 -1.00 3210 3060 2.1674 -0.0076 0.000770
67.00 P 20260731 -1.00 -1.00 11 11 -1.0000 -1.0000 -1.000000
50.00 C 20260807 -1.00 -1.00 6 6 3.2798 0.9567 0.001397
55.00 C 20260807 -1.00 -1.00 2 0 2.9600 0.9507 0.001713
60.00 C 20260807 -1.00 -1.00 -1 0 2.6498 0.9450 0.002085
65.00 C 20260807 -1.00 -1.00 -1 0 2.3468 0.9398 0.002528
66.00 C 20260807 -1.00 -1.00 -1 0 2.3119 0.9372 0.002651
67.00 C 20260807 -1.00 -1.00 -1 0 2.2775 0.9345 0.002779
50.00 P 20260807 -1.00 -1.00 4 89 1.9652 -0.0052 0.000376
55.00 P 20260807 -1.00 -1.00 40 383 1.7545 -0.0058 0.000467
60.00 P 20260807 -1.00 -1.00 223 782 1.6767 -0.0097 0.000770
65.00 P 20260807 -1.00 -1.00 111 546 1.5132 -0.0126 0.001063
66.00 P 20260807 -1.00 -1.00 4 6 1.5079 -0.0145 0.001205
67.00 P 20260807 -1.00 -1.00 1 1 1.5346 -0.0179 0.001429
50.00 C 20260814 -1.00 -1.00 -1 0 2.4169 0.9636 0.001302
55.00 C 20260814 -1.00 -1.00 -1 0 2.2890 0.9531 0.001682
60.00 C 20260814 -1.00 -1.00 -1 0 1.9830 0.9524 0.001975
65.00 C 20260814 -1.00 -1.00 -1 0 1.8840 0.9368 0.002572
50.00 P 20260814 -1.00 -1.00 106 129 1.5489 -0.0052 0.000376
55.00 P 20260814 -1.00 -1.00 44 405 1.4896 -0.0086 0.000619
60.00 P 20260814 -1.00 -1.00 142 278 1.3750 -0.0125 0.000919
65.00 P 20260814 -1.00 -1.00 1189 1355 1.3787 -0.0234 0.001582
50.00 C 20260821 -1.00 -1.00 2 3 1.9648 0.9674 0.001240
55.00 C 20260821 -1.00 -1.00 1 0 1.8974 0.9567 0.001632
60.00 C 20260821 -1.00 -1.00 2 5 1.7737 0.9450 0.002089
65.00 C 20260821 -1.00 -1.00 2 1 1.6595 0.9319 0.002636
50.00 P 20260821 -1.00 -1.00 337 1789 1.4259 -0.0077 0.000500
55.00 P 20260821 -1.00 -1.00 264 588 1.2926 -0.0099 0.000681
60.00 P 20260821 -1.00 -1.00 379 1791 1.3082 -0.0198 0.001237
65.00 P 20260821 -1.00 -1.00 65 566 1.2510 -0.0310 0.001861
160.00 C 20260731 -1.00 -1.00 2080 3561 1.9404 0.0671 0.005342
162.50 C 20260731 -1.00 -1.00 518 1128 1.9884 0.0636 0.004988
165.00 C 20260731 -1.00 -1.00 815 7468 2.0195 0.0585 0.004593
167.50 C 20260731 -1.00 -1.00 177 949 2.0824 0.0571 0.004367
170.00 C 20260731 -1.00 -1.00 1577 7252 2.1123 0.0524 0.004023
172.50 C 20260731 -1.00 -1.00 1343 4538 2.1736 0.0512 0.003843
175.00 C 20260731 -1.00 -1.00 276 2136 2.2183 0.0485 0.003610
177.50 C 20260731 -1.00 -1.00 36 538 2.2623 0.0458 0.003394
180.00 C 20260731 -1.00 -1.00 387 2755 2.3057 0.0433 0.003194
160.00 P 20260731 -1.00 -1.00 30 809 -1.0000 -1.0000 -1.000000
162.50 P 20260731 -1.00 -1.00 99 513 -1.0000 -1.0000 -1.000000
165.00 P 20260731 -1.00 -1.00 28 298 -1.0000 -1.0000 -1.000000
167.50 P 20260731 -1.00 -1.00 6 90 -1.0000 -1.0000 -1.000000
170.00 P 20260731 -1.00 -1.00 48 388 -1.0000 -1.0000 -1.000000
172.50 P 20260731 -1.00 -1.00 10 47 1.5786 -0.9907 0.001327
175.00 P 20260731 -1.00 -1.00 5 192 0.0001 -1.0000 -0.000000
177.50 P 20260731 -1.00 -1.00 7 43 -1.0000 -1.0000 -1.000000
180.00 P 20260731 -1.00 -1.00 78 206 -1.0000 -1.0000 -1.000000
160.00 C 20260807 -1.00 -1.00 454 1083 1.6828 0.1560 0.007149
162.50 C 20260807 -1.00 -1.00 144 1295 1.6925 0.1470 0.006798
165.00 C 20260807 -1.00 -1.00 314 1409 1.7021 0.1381 0.006455
167.50 C 20260807 -1.00 -1.00 20 775 1.7233 0.1313 0.006147
170.00 C 20260807 -1.00 -1.00 150 826 1.7325 0.1227 0.005824
172.50 C 20260807 -1.00 -1.00 689 618 1.7532 0.1162 0.005543
175.00 C 20260807 -1.00 -1.00 554 2073 1.7735 0.1099 0.005275
177.50 C 20260807 -1.00 -1.00 77 224 1.8050 0.1060 0.005057
180.00 C 20260807 -1.00 -1.00 1116 2560 1.8247 0.1000 0.004814
160.00 P 20260807 -1.00 -1.00 20 440 1.4186 -0.8931 0.006491
162.50 P 20260807 -1.00 -1.00 7 198 1.3616 -0.9177 0.005659
165.00 P 20260807 -1.00 -1.00 5 158 1.4214 -0.9166 0.005472
167.50 P 20260807 -1.00 -1.00 4 81 1.2981 -0.9434 0.004402
170.00 P 20260807 -1.00 -1.00 12 142 1.6052 -0.9020 0.005422
172.50 P 20260807 -1.00 -1.00 1 109 1.3155 -0.9565 0.003579
175.00 P 20260807 -1.00 -1.00 2 43 1.6129 -0.9177 0.004757
177.50 P 20260807 -1.00 -1.00 2 21 1.4518 -0.9479 0.003703
180.00 P 20260807 -1.00 -1.00 5 71 1.3167 -0.9702 0.002647
160.00 C 20260814 -1.00 -1.00 90 788 1.4357 0.1808 0.007258
162.50 C 20260814 -1.00 -1.00 8 414 1.4611 0.1724 0.006958
165.00 C 20260814 -1.00 -1.00 62 581 1.4672 0.1633 0.006669
167.50 C 20260814 -1.00 -1.00 12 144 1.4737 0.1552 0.006389
170.00 C 20260814 -1.00 -1.00 24 723 1.4801 0.1471 0.006115
172.50 C 20260814 -1.00 -1.00 19 116 1.4910 0.1400 0.005855
175.00 C 20260814 -1.00 -1.00 21 743 1.4973 0.1321 0.005593
177.50 C 20260814 -1.00 -1.00 3 284 1.5124 0.1262 0.005360
180.00 C 20260814 -1.00 -1.00 92 458 1.5273 0.1204 0.005137
160.00 P 20260814 -1.00 -1.00 3 383 1.2458 -0.8609 0.007027
162.50 P 20260814 -1.00 -1.00 2 38 1.2076 -0.8819 0.006459
165.00 P 20260814 -1.00 -1.00 2 87 1.2445 -0.8844 0.006177
167.50 P 20260814 -1.00 -1.00 6 27 1.2157 -0.9037 0.005600
170.00 P 20260814 -1.00 -1.00 10 558 1.2982 -0.8934 0.005608
172.50 P 20260814 -1.00 -1.00 1 33 1.2037 -0.9229 0.004802
175.00 P 20260814 -1.00 -1.00 3 138 1.2019 -0.9299 0.004463
177.50 P 20260814 -1.00 -1.00 1 13 1.2780 -0.9229 0.004519
180.00 P 20260814 -1.00 -1.00 1 51 1.1978 -0.9442 0.003770
160.00 C 20260821 -1.00 -1.00 640 22743 1.2980 0.2029 0.007281
165.00 C 20260821 -1.00 -1.00 109 17258 1.3239 0.1821 0.006736
170.00 C 20260821 -1.00 -1.00 271 8116 1.3467 0.1660 0.006247
175.00 C 20260821 -1.00 -1.00 236 5297 1.3524 0.1501 0.005775
180.00 C 20260821 -1.00 -1.00 564 9275 1.3693 0.1371 0.005340
160.00 P 20260821 -1.00 -1.00 31 17228 1.2072 -0.8235 0.007294
165.00 P 20260821 -1.00 -1.00 20 3620 1.1915 -0.8495 0.006630
170.00 P 20260821 -1.00 -1.00 36 3391 1.2280 -0.8604 0.006093
175.00 P 20260821 -1.00 -1.00 12 2766 1.2711 -0.8687 0.005639
180.00 P 20260821 -1.00 -1.00 7 4120 1.2900 -0.8823 0.005161
