# opt_chain TXN | epoch 1785183630 | 2026-07-27 16:20:30 | spot 279.51 | exps 20260731 20260807 20260814 20260821
# fuente polygon_snapshot_v3 | greeks polygon_directo | iv polygon_directo | oi polygon_directo | vol day.volume(-1 si no cotizo) | bid/ask NO_ENTITLED(-1) | spot_src ibkr_bridge spot_edad_s 89 | band 0.6000 vencimientos 4 exp_hasta 2026-08-21
# strike right exp bid ask vol oi iv delta gamma
170.00 C 20260731 -1.00 -1.00 1 3 2.2232 0.9871 0.000499
175.00 C 20260731 -1.00 -1.00 10 188 2.4698 0.9728 0.000855
180.00 C 20260731 -1.00 -1.00 -1 0 2.1950 0.9782 0.000801
185.00 C 20260731 -1.00 -1.00 1 1 1.9577 0.9816 0.000771
190.00 C 20260731 -1.00 -1.00 1 1 1.7671 0.9841 0.000749
195.00 C 20260731 -1.00 -1.00 15 15 1.7397 0.9795 0.000955
200.00 C 20260731 -1.00 -1.00 1 30 1.6544 0.9773 0.001097
205.00 C 20260731 -1.00 -1.00 2 5 1.4749 0.9800 0.001096
210.00 C 20260731 -1.00 -1.00 1 1 1.3569 0.9799 0.001197
212.50 C 20260731 -1.00 -1.00 -1 0 1.2705 0.9817 0.001173
215.00 C 20260731 -1.00 -1.00 -1 0 1.2603 0.9785 0.001365
217.50 C 20260731 -1.00 -1.00 1 1 1.2503 0.9753 0.001562
220.00 C 20260731 -1.00 -1.00 1 1 1.2032 0.9744 0.001674
222.50 C 20260731 -1.00 -1.00 -1 0 1.1381 0.9748 0.001744
225.00 C 20260731 -1.00 -1.00 2 1 1.1168 0.9711 0.001989
227.50 C 20260731 -1.00 -1.00 -1 0 1.0838 0.9673 0.002258
230.00 C 20260731 -1.00 -1.00 1 0 1.0058 0.9702 0.002263
232.50 C 20260731 -1.00 -1.00 -1 0 0.9558 0.9690 0.002460
235.00 C 20260731 -1.00 -1.00 -1 0 1.0591 0.9444 0.003588
237.50 C 20260731 -1.00 -1.00 -1 0 0.9736 0.9469 0.003751
240.00 C 20260731 -1.00 -1.00 1 3 0.9731 0.9367 0.004346
242.50 C 20260731 -1.00 -1.00 -1 0 0.9117 0.9349 0.004734
245.00 C 20260731 -1.00 -1.00 1 8 0.8509 0.9329 0.005185
247.50 C 20260731 -1.00 -1.00 -1 0 0.8263 0.9208 0.006013
250.00 C 20260731 -1.00 -1.00 5 9 0.7969 0.9093 0.006899
252.50 C 20260731 -1.00 -1.00 2 2 0.7477 0.9022 0.007786
255.00 C 20260731 -1.00 -1.00 10 12 0.7825 0.8718 0.009150
257.50 C 20260731 -1.00 -1.00 1 1 0.7156 0.8643 0.010359
260.00 C 20260731 -1.00 -1.00 11 12 0.6790 0.8444 0.011886
262.50 C 20260731 -1.00 -1.00 1 1 0.6395 0.8234 0.013701
265.00 C 20260731 -1.00 -1.00 2 3 0.6721 0.7777 0.015205
267.50 C 20260731 -1.00 -1.00 2 2 0.6262 0.7474 0.017302
270.00 C 20260731 -1.00 -1.00 5 23 0.6130 0.7036 0.019122
272.50 C 20260731 -1.00 -1.00 24 21 0.6457 0.6487 0.019702
275.00 C 20260731 -1.00 -1.00 21 324 0.6520 0.5963 0.020121
277.50 C 20260731 -1.00 -1.00 86 14 0.6347 0.5456 0.021273
280.00 C 20260731 -1.00 -1.00 24 91 0.6350 0.4932 0.021469
282.50 C 20260731 -1.00 -1.00 43 40 0.6213 0.4393 0.021497
285.00 C 20260731 -1.00 -1.00 49 108 0.6287 0.3878 0.020821
287.50 C 20260731 -1.00 -1.00 32 1385 0.6264 0.3392 0.019902
290.00 C 20260731 -1.00 -1.00 142 997 0.6001 0.2842 0.019137
292.50 C 20260731 -1.00 -1.00 16 1238 0.6256 0.2477 0.017315
295.00 C 20260731 -1.00 -1.00 18 551 0.6131 0.2064 0.015777
297.50 C 20260731 -1.00 -1.00 9 206 0.6183 0.1735 0.014018
300.00 C 20260731 -1.00 -1.00 149 156 0.5979 0.1320 0.012206
302.50 C 20260731 -1.00 -1.00 7 73 0.6239 0.1181 0.010733
305.00 C 20260731 -1.00 -1.00 10 249 0.6088 0.0890 0.008933
307.50 C 20260731 -1.00 -1.00 16 82 0.6436 0.0810 0.007911
310.00 C 20260731 -1.00 -1.00 50 309 0.6436 0.0649 0.006671
312.50 C 20260731 -1.00 -1.00 62 135 0.6220 0.0459 0.005198
315.00 C 20260731 -1.00 -1.00 13 71 0.6871 0.0520 0.005202
317.50 C 20260731 -1.00 -1.00 4 10 0.7208 0.0494 0.004759
320.00 C 20260731 -1.00 -1.00 32 1176 0.6421 0.0236 0.002909
322.50 C 20260731 -1.00 -1.00 1 16 0.9591 0.0835 0.005431
325.00 C 20260731 -1.00 -1.00 14 111 0.7691 0.0318 0.003155
327.50 C 20260731 -1.00 -1.00 1 4 1.0035 0.0713 0.004624
330.00 C 20260731 -1.00 -1.00 11 185 0.7554 0.0194 0.002089
332.50 C 20260731 -1.00 -1.00 7 44 1.1198 0.0753 0.004336
335.00 C 20260731 -1.00 -1.00 52 129 0.7571 0.0116 0.001351
337.50 C 20260731 -1.00 -1.00 6 1 1.2283 0.0785 0.004077
340.00 C 20260731 -1.00 -1.00 4 102 1.0267 0.0370 0.002672
342.50 C 20260731 -1.00 -1.00 3 3 1.1871 0.0589 0.003330
345.00 C 20260731 -1.00 -1.00 14 60 1.0904 0.0350 0.002415
347.50 C 20260731 -1.00 -1.00 2 2 1.0943 0.0319 0.002213
350.00 C 20260731 -1.00 -1.00 38 367 1.1363 0.0326 0.002175
352.50 C 20260731 -1.00 -1.00 5 6 1.1546 0.0311 0.002050
355.00 C 20260731 -1.00 -1.00 48 107 0.9063 0.0063 0.000650
357.50 C 20260731 -1.00 -1.00 42 43 1.2025 0.0293 0.001867
360.00 C 20260731 -1.00 -1.00 2 52 1.4705 0.0601 0.002727
362.50 C 20260731 -1.00 -1.00 1 3 1.2555 0.0282 0.001729
365.00 C 20260731 -1.00 -1.00 2 54 1.5525 0.0609 0.002610
367.50 C 20260731 -1.00 -1.00 -1 0 1.3020 0.0267 0.001588
370.00 C 20260731 -1.00 -1.00 3 69 1.3508 0.0283 0.001610
372.50 C 20260731 -1.00 -1.00 2 1 1.3536 0.0258 0.001483
375.00 C 20260731 -1.00 -1.00 1 519 1.3792 0.0254 0.001435
377.50 C 20260731 -1.00 -1.00 1 1 1.4045 0.0250 0.001390
380.00 C 20260731 -1.00 -1.00 2 23 1.5653 0.0354 0.001695
382.50 C 20260731 -1.00 -1.00 -1 0 1.5590 0.0327 0.001582
385.00 C 20260731 -1.00 -1.00 1 7 1.6888 0.0420 0.001795
387.50 C 20260731 -1.00 -1.00 -1 0 1.5324 0.0259 0.001313
390.00 C 20260731 -1.00 -1.00 1 7 1.5457 0.0246 0.001246
170.00 P 20260731 -1.00 -1.00 2 44 1.9083 -0.0050 0.000254
175.00 P 20260731 -1.00 -1.00 6 33 2.2323 -0.0179 0.000665
180.00 P 20260731 -1.00 -1.00 10 50 1.8687 -0.0092 0.000449
185.00 P 20260731 -1.00 -1.00 2 11 1.8360 -0.0131 0.000615
190.00 P 20260731 -1.00 -1.00 50 10 1.2843 -0.0017 0.000139
195.00 P 20260731 -1.00 -1.00 35 10 1.3290 -0.0038 0.000287
200.00 P 20260731 -1.00 -1.00 334 26 1.1741 -0.0027 0.000236
205.00 P 20260731 -1.00 -1.00 45 32 1.5066 -0.0215 0.001154
210.00 P 20260731 -1.00 -1.00 70 9 1.3208 -0.0176 0.001103
212.50 P 20260731 -1.00 -1.00 1 1 1.4246 -0.0288 0.001564
215.00 P 20260731 -1.00 -1.00 1 18 1.3125 -0.0246 0.001492
217.50 P 20260731 -1.00 -1.00 6 4 1.2655 -0.0255 0.001597
220.00 P 20260731 -1.00 -1.00 1 77 0.9939 -0.0095 0.000867
222.50 P 20260731 -1.00 -1.00 2 4 1.0768 -0.0203 0.001530
225.00 P 20260731 -1.00 -1.00 2 29 1.0650 -0.0238 0.001785
227.50 P 20260731 -1.00 -1.00 2 32 0.9436 -0.0180 0.001571
230.00 P 20260731 -1.00 -1.00 62 182 0.9000 -0.0188 0.001712
232.50 P 20260731 -1.00 -1.00 9 4 0.9183 -0.0258 0.002218
235.00 P 20260731 -1.00 -1.00 48 72 0.8855 -0.0283 0.002496
237.50 P 20260731 -1.00 -1.00 113 64 0.9765 -0.0533 0.003765
240.00 P 20260731 -1.00 -1.00 92 214 0.8157 -0.0367 0.003311
242.50 P 20260731 -1.00 -1.00 9 11 0.8442 -0.0530 0.004331
245.00 P 20260731 -1.00 -1.00 14 51 0.7720 -0.0514 0.004612
247.50 P 20260731 -1.00 -1.00 16 24 0.7770 -0.0651 0.005579
250.00 P 20260731 -1.00 -1.00 231 420 0.7198 -0.0681 0.006217
252.50 P 20260731 -1.00 -1.00 9 40 0.7043 -0.0851 0.007454
255.00 P 20260731 -1.00 -1.00 28 131 0.7150 -0.1100 0.008938
257.50 P 20260731 -1.00 -1.00 28 41 0.7263 -0.1393 0.010382
260.00 P 20260731 -1.00 -1.00 107 974 0.6925 -0.1600 0.011881
262.50 P 20260731 -1.00 -1.00 36 150 0.6977 -0.1947 0.013433
265.00 P 20260731 -1.00 -1.00 104 320 0.6949 -0.2296 0.014929
267.50 P 20260731 -1.00 -1.00 21 23 0.6888 -0.2707 0.016274
270.00 P 20260731 -1.00 -1.00 49 219 0.6803 -0.3119 0.017709
272.50 P 20260731 -1.00 -1.00 46 31 0.6807 -0.3573 0.018762
275.00 P 20260731 -1.00 -1.00 147 158 0.6761 -0.4060 0.019438
277.50 P 20260731 -1.00 -1.00 185 33 0.6758 -0.4554 0.020004
280.00 P 20260731 -1.00 -1.00 24 159 0.6781 -0.5045 0.020126
282.50 P 20260731 -1.00 -1.00 2 52 0.6790 -0.5531 0.019736
285.00 P 20260731 -1.00 -1.00 17 94 0.6799 -0.6015 0.019350
287.50 P 20260731 -1.00 -1.00 5 34 0.6918 -0.6447 0.018438
290.00 P 20260731 -1.00 -1.00 6 35 0.6943 -0.6852 0.017338
292.50 P 20260731 -1.00 -1.00 1 33 0.6944 -0.7263 0.016291
295.00 P 20260731 -1.00 -1.00 2 139 0.7154 -0.7590 0.015000
297.50 P 20260731 -1.00 -1.00 3 13 0.6913 -0.7975 0.013838
300.00 P 20260731 -1.00 -1.00 5 53 0.7225 -0.8165 0.012441
302.50 P 20260731 -1.00 -1.00 6 16 0.7320 -0.8424 0.011209
305.00 P 20260731 -1.00 -1.00 2 185 0.7656 -0.8574 0.010126
307.50 P 20260731 -1.00 -1.00 4 5 0.7777 -0.8727 0.009143
310.00 P 20260731 -1.00 -1.00 9 13 0.7973 -0.8847 0.008267
312.50 P 20260731 -1.00 -1.00 5 6 0.9203 -0.8678 0.007939
315.00 P 20260731 -1.00 -1.00 4 3 0.8496 -0.9030 0.006836
317.50 P 20260731 -1.00 -1.00 6 18 0.8731 -0.9121 0.006211
320.00 P 20260731 -1.00 -1.00 2 9 0.8964 -0.9206 0.005643
322.50 P 20260731 -1.00 -1.00 4 3 0.9417 -0.9219 0.005315
325.00 P 20260731 -1.00 -1.00 15 16 0.9762 -0.9257 0.004955
327.50 P 20260731 -1.00 -1.00 -1 0 1.0025 -0.9291 0.004634
330.00 P 20260731 -1.00 -1.00 3 12 1.0285 -0.9324 0.004340
332.50 P 20260731 -1.00 -1.00 -1 0 1.0468 -0.9368 0.004032
335.00 P 20260731 -1.00 -1.00 1 1 1.1026 -0.9347 0.003932
337.50 P 20260731 -1.00 -1.00 1 1 1.1654 -0.9315 0.003864
340.00 P 20260731 -1.00 -1.00 2 16 1.1382 -0.9427 0.003422
342.50 P 20260731 -1.00 -1.00 -1 0 1.1781 -0.9428 0.003301
345.00 P 20260731 -1.00 -1.00 2 3 1.2104 -0.9440 0.003155
347.50 P 20260731 -1.00 -1.00 2 2 1.2424 -0.9452 0.003021
350.00 P 20260731 -1.00 -1.00 12 10 1.2668 -0.9475 0.002864
352.50 P 20260731 -1.00 -1.00 -1 0 1.2984 -0.9485 0.002751
355.00 P 20260731 -1.00 -1.00 2 2 1.4469 -0.9329 0.003052
357.50 P 20260731 -1.00 -1.00 -1 0 1.2799 -0.9635 0.002154
360.00 P 20260731 -1.00 -1.00 2 6 1.3991 -0.9502 0.002486
362.50 P 20260731 -1.00 -1.00 -1 0 1.4443 -0.9490 0.002455
365.00 P 20260731 -1.00 -1.00 1 30 1.4603 -0.9519 0.002320
367.50 P 20260731 -1.00 -1.00 -1 0 1.4325 -0.9613 0.002009
370.00 P 20260731 -1.00 -1.00 10 9 1.5206 -0.9534 0.002174
372.50 P 20260731 -1.00 -1.00 -1 0 1.4573 -0.9658 0.001790
375.00 P 20260731 -1.00 -1.00 2 1 1.5657 -0.9568 0.001995
377.50 P 20260731 -1.00 -1.00 -1 0 1.5592 -0.9625 0.001805
380.00 P 20260731 -1.00 -1.00 1 9 1.6102 -0.9600 0.001833
382.50 P 20260731 -1.00 -1.00 -1 0 1.6750 -0.9557 0.001901
385.00 P 20260731 -1.00 -1.00 16 8 1.5690 -0.9692 0.001516
387.50 P 20260731 -1.00 -1.00 -1 0 1.8030 -0.9480 0.001995
390.00 P 20260731 -1.00 -1.00 1 5 1.7610 -0.9573 0.001758
170.00 C 20260807 -1.00 -1.00 -1 0 1.4765 0.9806 0.000653
175.00 C 20260807 -1.00 -1.00 10 69 1.3244 0.9839 0.000618
180.00 C 20260807 -1.00 -1.00 2 1 1.3280 0.9787 0.000789
185.00 C 20260807 -1.00 -1.00 -1 0 1.2444 0.9783 0.000853
190.00 C 20260807 -1.00 -1.00 1 1 1.1385 0.9796 0.000880
195.00 C 20260807 -1.00 -1.00 1 1 1.0596 0.9794 0.000952
200.00 C 20260807 -1.00 -1.00 15 15 1.0786 0.9697 0.001296
205.00 C 20260807 -1.00 -1.00 -1 0 0.8488 0.9847 0.000905
210.00 C 20260807 -1.00 -1.00 -1 0 0.9146 0.9697 0.001527
215.00 C 20260807 -1.00 -1.00 1 2 0.8470 0.9677 0.001730
220.00 C 20260807 -1.00 -1.00 -1 0 0.7980 0.9623 0.002080
225.00 C 20260807 -1.00 -1.00 -1 0 0.7332 0.9596 0.002396
230.00 C 20260807 -1.00 -1.00 -1 0 0.6753 0.9553 0.002831
235.00 C 20260807 -1.00 -1.00 1 2 0.6462 0.9442 0.003576
240.00 C 20260807 -1.00 -1.00 12 0 0.6375 0.9210 0.004724
245.00 C 20260807 -1.00 -1.00 -1 0 0.6152 0.8973 0.005982
250.00 C 20260807 -1.00 -1.00 2 10 0.6051 0.8641 0.007448
255.00 C 20260807 -1.00 -1.00 1 25 0.5867 0.8236 0.009097
257.50 C 20260807 -1.00 -1.00 -1 0 0.5898 0.7985 0.009920
260.00 C 20260807 -1.00 -1.00 3 7 0.5757 0.7764 0.010819
262.50 C 20260807 -1.00 -1.00 -1 0 0.5712 0.7463 0.011575
265.00 C 20260807 -1.00 -1.00 1 2 0.5621 0.7170 0.012423
267.50 C 20260807 -1.00 -1.00 -1 0 0.5729 0.6823 0.012961
270.00 C 20260807 -1.00 -1.00 2 0 0.5563 0.6523 0.013880
272.50 C 20260807 -1.00 -1.00 2 1 0.5647 0.6145 0.014004
275.00 C 20260807 -1.00 -1.00 10 13 0.5546 0.5790 0.014573
277.50 C 20260807 -1.00 -1.00 12 0 0.5564 0.5422 0.014853
280.00 C 20260807 -1.00 -1.00 7 15 0.5572 0.5058 0.014955
282.50 C 20260807 -1.00 -1.00 14 3 0.5623 0.4705 0.014643
285.00 C 20260807 -1.00 -1.00 3 113 0.5507 0.4326 0.014760
287.50 C 20260807 -1.00 -1.00 12 13 0.5545 0.3971 0.014479
290.00 C 20260807 -1.00 -1.00 48 28 0.5500 0.3615 0.014232
292.50 C 20260807 -1.00 -1.00 42 11 0.5582 0.3329 0.013480
295.00 C 20260807 -1.00 -1.00 5 72 0.5462 0.2971 0.013086
297.50 C 20260807 -1.00 -1.00 7 401 0.5486 0.2666 0.012441
300.00 C 20260807 -1.00 -1.00 9 45 0.5535 0.2394 0.011738
302.50 C 20260807 -1.00 -1.00 2 3 0.5470 0.2130 0.010996
305.00 C 20260807 -1.00 -1.00 4 5 0.5483 0.1899 0.010197
307.50 C 20260807 -1.00 -1.00 1 3 0.5371 0.1600 0.009391
310.00 C 20260807 -1.00 -1.00 3 32 0.5524 0.1448 0.008628
312.50 C 20260807 -1.00 -1.00 1 1 0.5486 0.1274 0.007878
315.00 C 20260807 -1.00 -1.00 2 38 0.5455 0.1105 0.007114
317.50 C 20260807 -1.00 -1.00 -1 0 0.5473 0.0957 0.006387
320.00 C 20260807 -1.00 -1.00 145 82 0.5507 0.0818 0.005692
325.00 C 20260807 -1.00 -1.00 1 210 0.5586 0.0638 0.004614
330.00 C 20260807 -1.00 -1.00 2 99 0.5704 0.0505 0.003731
335.00 C 20260807 -1.00 -1.00 6 16 0.5775 0.0361 0.002845
340.00 C 20260807 -1.00 -1.00 12 38 0.6234 0.0361 0.002637
345.00 C 20260807 -1.00 -1.00 6 3 0.6539 0.0332 0.002346
350.00 C 20260807 -1.00 -1.00 4 27 0.7660 0.0511 0.002804
355.00 C 20260807 -1.00 -1.00 2 9 0.7133 0.0293 0.001923
360.00 C 20260807 -1.00 -1.00 5 9 0.7459 0.0282 0.001775
365.00 C 20260807 -1.00 -1.00 1 39 0.7781 0.0272 0.001647
370.00 C 20260807 -1.00 -1.00 1 17 0.9169 0.0444 0.002101
375.00 C 20260807 -1.00 -1.00 1 18 0.9323 0.0382 0.001845
380.00 C 20260807 -1.00 -1.00 1 25 0.9374 0.0333 0.001635
385.00 C 20260807 -1.00 -1.00 2 1 0.9469 0.0298 0.001468
390.00 C 20260807 -1.00 -1.00 1 13 0.9666 0.0277 0.001349
170.00 P 20260807 -1.00 -1.00 1 3 1.6582 -0.0309 0.000863
175.00 P 20260807 -1.00 -1.00 1 13 1.6045 -0.0349 0.000985
180.00 P 20260807 -1.00 -1.00 50 51 1.3322 -0.0212 0.000789
185.00 P 20260807 -1.00 -1.00 10 5 1.1805 -0.0173 0.000741
190.00 P 20260807 -1.00 -1.00 20 1 0.8724 -0.0039 0.000270
195.00 P 20260807 -1.00 -1.00 30 15 1.0686 -0.0208 0.000965
200.00 P 20260807 -1.00 -1.00 72 25 1.0576 -0.0269 0.001218
205.00 P 20260807 -1.00 -1.00 13 14 1.1128 -0.0451 0.001760
210.00 P 20260807 -1.00 -1.00 10 6 1.0127 -0.0441 0.001896
215.00 P 20260807 -1.00 -1.00 15 116 0.8275 -0.0281 0.001612
220.00 P 20260807 -1.00 -1.00 13 28 0.8481 -0.0457 0.002328
225.00 P 20260807 -1.00 -1.00 1 202 0.8244 -0.0559 0.002846
230.00 P 20260807 -1.00 -1.00 1 18 0.7545 -0.0592 0.003265
235.00 P 20260807 -1.00 -1.00 1 6 0.6777 -0.0622 0.003770
240.00 P 20260807 -1.00 -1.00 28 13 0.6597 -0.0854 0.004872
245.00 P 20260807 -1.00 -1.00 22 84 0.6584 -0.1144 0.006130
250.00 P 20260807 -1.00 -1.00 6 83 0.6303 -0.1450 0.007474
255.00 P 20260807 -1.00 -1.00 10 105 0.6341 -0.1912 0.008928
257.50 P 20260807 -1.00 -1.00 -1 0 0.6238 -0.2108 0.009721
260.00 P 20260807 -1.00 -1.00 28 165 0.6155 -0.2370 0.010413
262.50 P 20260807 -1.00 -1.00 1 5 0.6002 -0.2622 0.011216
265.00 P 20260807 -1.00 -1.00 9 196 0.6064 -0.2940 0.011771
267.50 P 20260807 -1.00 -1.00 -1 0 0.6080 -0.3244 0.012378
270.00 P 20260807 -1.00 -1.00 10 16 0.5830 -0.3524 0.013297
272.50 P 20260807 -1.00 -1.00 6 4 0.5914 -0.3884 0.013412
275.00 P 20260807 -1.00 -1.00 7 9 0.5944 -0.4232 0.013636
277.50 P 20260807 -1.00 -1.00 7 6 0.6131 -0.4575 0.013506
280.00 P 20260807 -1.00 -1.00 16 11 0.5980 -0.4915 0.013955
282.50 P 20260807 -1.00 -1.00 2 4 0.5914 -0.5258 0.013953
285.00 P 20260807 -1.00 -1.00 8 12 0.5811 -0.5616 0.014035
287.50 P 20260807 -1.00 -1.00 2 1 0.6014 -0.5914 0.013426
290.00 P 20260807 -1.00 -1.00 3 13 0.6033 -0.6243 0.013230
292.50 P 20260807 -1.00 -1.00 40 3 0.6158 -0.6493 0.012537
295.00 P 20260807 -1.00 -1.00 10 23 0.6007 -0.6824 0.012280
297.50 P 20260807 -1.00 -1.00 1 0 0.6030 -0.7102 0.011753
300.00 P 20260807 -1.00 -1.00 2 11 0.6052 -0.7379 0.011236
302.50 P 20260807 -1.00 -1.00 -1 0 0.6066 -0.7628 0.010667
305.00 P 20260807 -1.00 -1.00 1 55 0.6044 -0.7851 0.010038
307.50 P 20260807 -1.00 -1.00 -1 0 0.6097 -0.8042 0.009384
310.00 P 20260807 -1.00 -1.00 6 55 0.6332 -0.8146 0.008737
312.50 P 20260807 -1.00 -1.00 -1 0 0.6217 -0.8407 0.008143
315.00 P 20260807 -1.00 -1.00 1 14 0.6394 -0.8525 0.007588
317.50 P 20260807 -1.00 -1.00 -1 0 0.6342 -0.8685 0.007030
320.00 P 20260807 -1.00 -1.00 2 4 0.6401 -0.8796 0.006519
325.00 P 20260807 -1.00 -1.00 2 1 0.6894 -0.8866 0.005790
330.00 P 20260807 -1.00 -1.00 4 4 0.7138 -0.9014 0.005060
335.00 P 20260807 -1.00 -1.00 -1 0 0.7214 -0.9219 0.004284
340.00 P 20260807 -1.00 -1.00 2 1 0.7508 -0.9287 0.003833
345.00 P 20260807 -1.00 -1.00 -1 0 0.7676 -0.9371 0.003387
350.00 P 20260807 -1.00 -1.00 28 14 0.8112 -0.9385 0.003145
355.00 P 20260807 -1.00 -1.00 2 6 0.8180 -0.9484 0.002722
360.00 P 20260807 -1.00 -1.00 2 2 0.8651 -0.9480 0.002586
365.00 P 20260807 -1.00 -1.00 -1 0 0.8937 -0.9518 0.002363
370.00 P 20260807 -1.00 -1.00 -1 0 0.9352 -0.9523 0.002242
375.00 P 20260807 -1.00 -1.00 1 1 0.9717 -0.9536 0.002111
380.00 P 20260807 -1.00 -1.00 -1 0 0.9944 -0.9579 0.001924
385.00 P 20260807 -1.00 -1.00 -1 0 1.0344 -0.9580 0.001846
390.00 P 20260807 -1.00 -1.00 -1 0 1.0739 -0.9581 0.001776
170.00 C 20260814 -1.00 -1.00 1 1 1.1187 0.9829 0.000602
175.00 C 20260814 -1.00 -1.00 -1 0 1.0696 0.9814 0.000676
180.00 C 20260814 -1.00 -1.00 -1 0 1.0021 0.9813 0.000724
185.00 C 20260814 -1.00 -1.00 1 1 0.9461 0.9804 0.000797
190.00 C 20260814 -1.00 -1.00 6 5 0.8820 0.9803 0.000857
195.00 C 20260814 -1.00 -1.00 12 6 0.9161 0.9690 0.001213
200.00 C 20260814 -1.00 -1.00 -1 0 0.8302 0.9721 0.001230
205.00 C 20260814 -1.00 -1.00 12 6 0.7359 0.9761 0.001211
210.00 C 20260814 -1.00 -1.00 2 1 0.7377 0.9652 0.001646
215.00 C 20260814 -1.00 -1.00 1 1 0.6976 0.9602 0.001941
220.00 C 20260814 -1.00 -1.00 -1 0 0.6494 0.9566 0.002237
225.00 C 20260814 -1.00 -1.00 2 1 0.6375 0.9449 0.002800
230.00 C 20260814 -1.00 -1.00 2 25 0.6197 0.9300 0.003468
235.00 C 20260814 -1.00 -1.00 3 12 0.6052 0.9097 0.004300
240.00 C 20260814 -1.00 -1.00 2 28 0.5961 0.8870 0.005217
245.00 C 20260814 -1.00 -1.00 40 21 0.5802 0.8584 0.006229
250.00 C 20260814 -1.00 -1.00 5 14 0.5871 0.8175 0.007290
255.00 C 20260814 -1.00 -1.00 22 29 0.5608 0.7859 0.008505
257.50 C 20260814 -1.00 -1.00 -1 0 0.5567 0.7618 0.009009
260.00 C 20260814 -1.00 -1.00 3 15 0.5587 0.7355 0.009456
262.50 C 20260814 -1.00 -1.00 -1 0 0.5498 0.7122 0.010040
265.00 C 20260814 -1.00 -1.00 8 15 0.5505 0.6861 0.010509
267.50 C 20260814 -1.00 -1.00 -1 0 0.5574 0.6578 0.010785
270.00 C 20260814 -1.00 -1.00 47 50 0.5448 0.6310 0.011239
272.50 C 20260814 -1.00 -1.00 -1 0 0.5468 0.6014 0.011419
275.00 C 20260814 -1.00 -1.00 3 15 0.5405 0.5724 0.011771
277.50 C 20260814 -1.00 -1.00 -1 0 0.5424 0.5428 0.011951
280.00 C 20260814 -1.00 -1.00 5 150 0.5497 0.5140 0.011883
282.50 C 20260814 -1.00 -1.00 -1 0 0.5370 0.4840 0.012055
285.00 C 20260814 -1.00 -1.00 93 74 0.5386 0.4550 0.011913
287.50 C 20260814 -1.00 -1.00 -1 0 0.5361 0.4253 0.011857
290.00 C 20260814 -1.00 -1.00 2 46 0.5406 0.3974 0.011655
292.50 C 20260814 -1.00 -1.00 -1 0 0.5366 0.3687 0.011516
295.00 C 20260814 -1.00 -1.00 1 59 0.5325 0.3422 0.011205
297.50 C 20260814 -1.00 -1.00 -1 0 0.5295 0.3158 0.010865
300.00 C 20260814 -1.00 -1.00 2 42 0.5309 0.2910 0.010458
302.50 C 20260814 -1.00 -1.00 -1 0 0.5324 0.2664 0.010056
305.00 C 20260814 -1.00 -1.00 2 46 0.5240 0.2394 0.009697
310.00 C 20260814 -1.00 -1.00 12 44 0.5337 0.2057 0.008627
315.00 C 20260814 -1.00 -1.00 5 77 0.5361 0.1693 0.007627
320.00 C 20260814 -1.00 -1.00 2 37 0.5436 0.1399 0.006685
325.00 C 20260814 -1.00 -1.00 5 19 0.5379 0.1131 0.005747
330.00 C 20260814 -1.00 -1.00 7 3 0.5474 0.0934 0.004923
335.00 C 20260814 -1.00 -1.00 1 17 0.5416 0.0708 0.004063
340.00 C 20260814 -1.00 -1.00 2 13 0.5422 0.0572 0.003401
345.00 C 20260814 -1.00 -1.00 1 21 0.5597 0.0499 0.002952
350.00 C 20260814 -1.00 -1.00 4 4 0.6120 0.0550 0.002920
355.00 C 20260814 -1.00 -1.00 4 1 0.5946 0.0369 0.002204
360.00 C 20260814 -1.00 -1.00 1 7 0.5953 0.0304 0.001862
365.00 C 20260814 -1.00 -1.00 2 7 0.6287 0.0308 0.001785
370.00 C 20260814 -1.00 -1.00 1 31 0.6453 0.0283 0.001612
375.00 C 20260814 -1.00 -1.00 35 6 0.6644 0.0264 0.001474
380.00 C 20260814 -1.00 -1.00 12 7 0.6832 0.0246 0.001349
385.00 C 20260814 -1.00 -1.00 60 22 0.7071 0.0239 0.001270
390.00 C 20260814 -1.00 -1.00 -1 0 0.7307 0.0232 0.001200
170.00 P 20260814 -1.00 -1.00 1 1 1.0954 -0.0150 0.000553
175.00 P 20260814 -1.00 -1.00 -1 0 1.0668 -0.0178 0.000661
180.00 P 20260814 -1.00 -1.00 12 6 0.9794 -0.0163 0.000667
185.00 P 20260814 -1.00 -1.00 1 1 0.9219 -0.0169 0.000731
190.00 P 20260814 -1.00 -1.00 2 0 0.8698 -0.0179 0.000814
195.00 P 20260814 -1.00 -1.00 18 8 0.8268 -0.0197 0.000932
200.00 P 20260814 -1.00 -1.00 4 0 0.7980 -0.0230 0.001108
205.00 P 20260814 -1.00 -1.00 2 1 0.7254 -0.0219 0.001165
210.00 P 20260814 -1.00 -1.00 18 31 0.6967 -0.0254 0.001389
215.00 P 20260814 -1.00 -1.00 2 7045 0.6879 -0.0367 0.001879
220.00 P 20260814 -1.00 -1.00 1 40 0.6975 -0.0520 0.002478
225.00 P 20260814 -1.00 -1.00 1 22 0.6837 -0.0660 0.003044
230.00 P 20260814 -1.00 -1.00 9 32 0.6612 -0.0822 0.003700
235.00 P 20260814 -1.00 -1.00 7 29 0.6262 -0.0957 0.004390
240.00 P 20260814 -1.00 -1.00 4 381 0.6218 -0.1198 0.005270
245.00 P 20260814 -1.00 -1.00 2 23 0.6162 -0.1541 0.006227
250.00 P 20260814 -1.00 -1.00 27 26 0.5968 -0.1846 0.007264
255.00 P 20260814 -1.00 -1.00 2 318 0.5917 -0.2244 0.008261
257.50 P 20260814 -1.00 -1.00 2 0 0.5852 -0.2466 0.008742
260.00 P 20260814 -1.00 -1.00 7 48 0.5860 -0.2713 0.009162
262.50 P 20260814 -1.00 -1.00 1 0 0.5784 -0.2940 0.009683
265.00 P 20260814 -1.00 -1.00 70 115 0.5577 -0.3146 0.010417
267.50 P 20260814 -1.00 -1.00 -1 0 0.5772 -0.3450 0.010453
270.00 P 20260814 -1.00 -1.00 29 46 0.5802 -0.3732 0.010599
272.50 P 20260814 -1.00 -1.00 -1 0 0.5781 -0.4006 0.010837
275.00 P 20260814 -1.00 -1.00 1 40 0.5677 -0.4280 0.011235
277.50 P 20260814 -1.00 -1.00 7 0 0.5717 -0.4562 0.011362
280.00 P 20260814 -1.00 -1.00 5 11 0.5676 -0.4843 0.011529
282.50 P 20260814 -1.00 -1.00 -1 0 0.5672 -0.5120 0.011445
285.00 P 20260814 -1.00 -1.00 1 8 0.5597 -0.5409 0.011500
287.50 P 20260814 -1.00 -1.00 -1 0 0.5612 -0.5686 0.011373
290.00 P 20260814 -1.00 -1.00 5 3 0.5738 -0.5934 0.011044
292.50 P 20260814 -1.00 -1.00 -1 0 0.5742 -0.6204 0.010930
295.00 P 20260814 -1.00 -1.00 2 12 0.5666 -0.6462 0.010716
297.50 P 20260814 -1.00 -1.00 -1 0 0.5625 -0.6714 0.010438
300.00 P 20260814 -1.00 -1.00 2 36 0.5718 -0.6916 0.009987
302.50 P 20260814 -1.00 -1.00 -1 0 0.5833 -0.7102 0.009539
305.00 P 20260814 -1.00 -1.00 4 12 0.5779 -0.7358 0.009278
310.00 P 20260814 -1.00 -1.00 1 53 0.5772 -0.7746 0.008499
315.00 P 20260814 -1.00 -1.00 1 3 0.5632 -0.8166 0.007674
320.00 P 20260814 -1.00 -1.00 2 26 0.5689 -0.8493 0.006799
325.00 P 20260814 -1.00 -1.00 -1 0 0.5959 -0.8629 0.006071
330.00 P 20260814 -1.00 -1.00 22 21 0.6001 -0.8831 0.005360
335.00 P 20260814 -1.00 -1.00 22 21 0.6167 -0.8976 0.004753
340.00 P 20260814 -1.00 -1.00 2 1 0.6329 -0.9113 0.004204
345.00 P 20260814 -1.00 -1.00 -1 0 0.6490 -0.9237 0.003717
350.00 P 20260814 -1.00 -1.00 -1 0 0.6796 -0.9265 0.003440
355.00 P 20260814 -1.00 -1.00 -1 0 0.6814 -0.9368 0.003045
360.00 P 20260814 -1.00 -1.00 -1 0 0.7042 -0.9409 0.002796
365.00 P 20260814 -1.00 -1.00 -1 0 0.7302 -0.9438 0.002596
370.00 P 20260814 -1.00 -1.00 -1 0 0.7627 -0.9444 0.002460
375.00 P 20260814 -1.00 -1.00 -1 0 0.7739 -0.9508 0.002219
380.00 P 20260814 -1.00 -1.00 -1 0 0.8092 -0.9502 0.002139
385.00 P 20260814 -1.00 -1.00 -1 0 0.8406 -0.9505 0.002049
390.00 P 20260814 -1.00 -1.00 -1 0 0.8647 -0.9526 0.001932
170.00 C 20260821 -1.00 -1.00 2 5 0.8997 0.9870 0.000502
175.00 C 20260821 -1.00 -1.00 1 2 0.9013 0.9819 0.000665
180.00 C 20260821 -1.00 -1.00 6 6 0.8434 0.9818 0.000709
185.00 C 20260821 -1.00 -1.00 1 0 0.8203 0.9787 0.000840
190.00 C 20260821 -1.00 -1.00 1 7 0.7404 0.9810 0.000833
195.00 C 20260821 -1.00 -1.00 1 2 0.7432 0.9750 0.001065
200.00 C 20260821 -1.00 -1.00 15 10 0.7123 0.9704 0.001268
205.00 C 20260821 -1.00 -1.00 -1 0 0.6721 0.9671 0.001458
210.00 C 20260821 -1.00 -1.00 6 20 0.6718 0.9553 0.001886
215.00 C 20260821 -1.00 -1.00 -1 0 0.6290 0.9518 0.002144
220.00 C 20260821 -1.00 -1.00 6 10 0.6317 0.9369 0.002669
225.00 C 20260821 -1.00 -1.00 2 1 0.6005 0.9259 0.003158
230.00 C 20260821 -1.00 -1.00 2 33 0.6065 0.9021 0.003877
235.00 C 20260821 -1.00 -1.00 1 61 0.6100 0.8776 0.004576
240.00 C 20260821 -1.00 -1.00 1 87 0.5740 0.8593 0.005312
245.00 C 20260821 -1.00 -1.00 1 35 0.5693 0.8275 0.006136
250.00 C 20260821 -1.00 -1.00 1 192 0.5592 0.7968 0.007012
255.00 C 20260821 -1.00 -1.00 3 4 0.5502 0.7573 0.007800
257.50 C 20260821 -1.00 -1.00 -1 0 0.5525 0.7344 0.008131
260.00 C 20260821 -1.00 -1.00 6 800 0.5455 0.7141 0.008562
262.50 C 20260821 -1.00 -1.00 14 7 0.5509 0.6906 0.008854
265.00 C 20260821 -1.00 -1.00 1 6 0.5646 0.6654 0.008973
267.50 C 20260821 -1.00 -1.00 -1 0 0.5418 0.6449 0.009492
270.00 C 20260821 -1.00 -1.00 5 69 0.5405 0.6199 0.009683
272.50 C 20260821 -1.00 -1.00 10 1 0.5479 0.5942 0.009721
275.00 C 20260821 -1.00 -1.00 49 26 0.5369 0.5697 0.010085
277.50 C 20260821 -1.00 -1.00 51 2 0.5382 0.5444 0.010231
280.00 C 20260821 -1.00 -1.00 25 96 0.5467 0.5199 0.010146
282.50 C 20260821 -1.00 -1.00 24 43 0.5321 0.4939 0.010351
285.00 C 20260821 -1.00 -1.00 229 1035 0.5391 0.4701 0.010148
287.50 C 20260821 -1.00 -1.00 84 93 0.5315 0.4439 0.010217
290.00 C 20260821 -1.00 -1.00 27 679 0.5316 0.4189 0.010141
292.50 C 20260821 -1.00 -1.00 10 43 0.5360 0.3952 0.009991
295.00 C 20260821 -1.00 -1.00 9 790 0.5248 0.3688 0.009988
297.50 C 20260821 -1.00 -1.00 26 37 0.5257 0.3475 0.009697
300.00 C 20260821 -1.00 -1.00 40 1047 0.5333 0.3289 0.009324
302.50 C 20260821 -1.00 -1.00 20 13 0.5248 0.3039 0.009156
305.00 C 20260821 -1.00 -1.00 12 816 0.5191 0.2794 0.008938
307.50 C 20260821 -1.00 -1.00 2 7 0.5399 0.2684 0.008460
310.00 C 20260821 -1.00 -1.00 159 1726 0.5282 0.2436 0.008251
315.00 C 20260821 -1.00 -1.00 22 458 0.5316 0.2132 0.007518
320.00 C 20260821 -1.00 -1.00 60 2654 0.5224 0.1761 0.006807
325.00 C 20260821 -1.00 -1.00 46 1783 0.5328 0.1501 0.006097
330.00 C 20260821 -1.00 -1.00 406 646 0.5267 0.1261 0.005405
335.00 C 20260821 -1.00 -1.00 1 120 0.5236 0.1035 0.004703
340.00 C 20260821 -1.00 -1.00 25 789 0.5269 0.0842 0.004050
345.00 C 20260821 -1.00 -1.00 2 337 0.5350 0.0725 0.003559
350.00 C 20260821 -1.00 -1.00 1609 6241 0.5350 0.0608 0.003075
355.00 C 20260821 -1.00 -1.00 1 573 0.5468 0.0536 0.002716
360.00 C 20260821 -1.00 -1.00 1 519 0.5479 0.0426 0.002267
365.00 C 20260821 -1.00 -1.00 1 295 0.5611 0.0366 0.001978
370.00 C 20260821 -1.00 -1.00 1 349 0.5767 0.0343 0.001816
375.00 C 20260821 -1.00 -1.00 317 361 0.5802 0.0298 0.001594
380.00 C 20260821 -1.00 -1.00 53 1717 0.5642 0.0210 0.001216
385.00 C 20260821 -1.00 -1.00 4 19 0.5948 0.0227 0.001228
390.00 C 20260821 -1.00 -1.00 6 439 0.6036 0.0196 0.001072
170.00 P 20260821 -1.00 -1.00 1 11 1.2192 -0.0423 0.001018
175.00 P 20260821 -1.00 -1.00 1 120 1.0025 -0.0267 0.000846
180.00 P 20260821 -1.00 -1.00 8 196 0.9519 -0.0286 0.000941
185.00 P 20260821 -1.00 -1.00 1 159 0.7203 -0.0101 0.000511
190.00 P 20260821 -1.00 -1.00 2 36 0.7377 -0.0177 0.000808
195.00 P 20260821 -1.00 -1.00 4 475 0.7607 -0.0269 0.001125
200.00 P 20260821 -1.00 -1.00 25 124 0.7001 -0.0259 0.001189
205.00 P 20260821 -1.00 -1.00 -1 0 0.6464 -0.0259 0.001289
210.00 P 20260821 -1.00 -1.00 1 144 0.6699 -0.0430 0.001868
215.00 P 20260821 -1.00 -1.00 3 73 0.6549 -0.0521 0.002248
220.00 P 20260821 -1.00 -1.00 139 4486 0.6386 -0.0639 0.002704
225.00 P 20260821 -1.00 -1.00 13 35 0.6227 -0.0798 0.003265
230.00 P 20260821 -1.00 -1.00 19 200 0.6148 -0.0988 0.003901
235.00 P 20260821 -1.00 -1.00 6 162 0.6144 -0.1226 0.004585
240.00 P 20260821 -1.00 -1.00 53 774 0.5986 -0.1485 0.005313
245.00 P 20260821 -1.00 -1.00 31 174 0.5929 -0.1788 0.006082
250.00 P 20260821 -1.00 -1.00 1580 495 0.5943 -0.2135 0.006814
255.00 P 20260821 -1.00 -1.00 38 278 0.5792 -0.2504 0.007557
257.50 P 20260821 -1.00 -1.00 23 0 0.5702 -0.2692 0.007966
260.00 P 20260821 -1.00 -1.00 499 2919 0.5583 -0.2877 0.008430
262.50 P 20260821 -1.00 -1.00 33 17 0.5679 -0.3116 0.008660
265.00 P 20260821 -1.00 -1.00 151 592 0.5758 -0.3354 0.008824
267.50 P 20260821 -1.00 -1.00 59 21 0.5630 -0.3573 0.009170
270.00 P 20260821 -1.00 -1.00 18 507 0.5618 -0.3813 0.009348
272.50 P 20260821 -1.00 -1.00 29 75 0.5517 -0.4049 0.009675
275.00 P 20260821 -1.00 -1.00 172 567 0.5514 -0.4296 0.009845
277.50 P 20260821 -1.00 -1.00 61 41 0.5563 -0.4542 0.009923
280.00 P 20260821 -1.00 -1.00 55 369 0.5568 -0.4786 0.009984
282.50 P 20260821 -1.00 -1.00 21 151 0.5484 -0.5034 0.010071
285.00 P 20260821 -1.00 -1.00 12 109 0.5589 -0.5260 0.009821
287.50 P 20260821 -1.00 -1.00 6 117 0.5472 -0.5521 0.009963
290.00 P 20260821 -1.00 -1.00 19 1495 0.5533 -0.5750 0.009791
292.50 P 20260821 -1.00 -1.00 64 47 0.5493 -0.6002 0.009798
295.00 P 20260821 -1.00 -1.00 28 511 0.5493 -0.6232 0.009661
297.50 P 20260821 -1.00 -1.00 2 173 0.5542 -0.6423 0.009347
300.00 P 20260821 -1.00 -1.00 1 577 0.5495 -0.6646 0.009161
302.50 P 20260821 -1.00 -1.00 1 1 0.5429 -0.6880 0.008988
305.00 P 20260821 -1.00 -1.00 2 97 0.5610 -0.7009 0.008548
307.50 P 20260821 -1.00 -1.00 -1 0 0.5525 -0.7253 0.008391
310.00 P 20260821 -1.00 -1.00 15 265 0.5369 -0.7528 0.008246
315.00 P 20260821 -1.00 -1.00 2 73 0.5382 -0.7839 0.007550
320.00 P 20260821 -1.00 -1.00 3 239 0.5514 -0.8085 0.006848
325.00 P 20260821 -1.00 -1.00 1 20 0.5583 -0.8355 0.006203
330.00 P 20260821 -1.00 -1.00 2 33 0.5674 -0.8571 0.005605
335.00 P 20260821 -1.00 -1.00 1 24 0.5583 -0.8809 0.004992
340.00 P 20260821 -1.00 -1.00 1 61 0.5809 -0.8899 0.004539
345.00 P 20260821 -1.00 -1.00 2 3 0.5907 -0.9041 0.004066
350.00 P 20260821 -1.00 -1.00 6 20 0.5981 -0.9192 0.003602
355.00 P 20260821 -1.00 -1.00 -1 0 0.6219 -0.9237 0.003325
360.00 P 20260821 -1.00 -1.00 1 4 0.6262 -0.9324 0.003005
365.00 P 20260821 -1.00 -1.00 -1 0 0.6453 -0.9363 0.002787
370.00 P 20260821 -1.00 -1.00 6 3 0.6611 -0.9409 0.002574
375.00 P 20260821 -1.00 -1.00 -1 0 0.6796 -0.9444 0.002396
380.00 P 20260821 -1.00 -1.00 9 7 0.6977 -0.9477 0.002234
385.00 P 20260821 -1.00 -1.00 -1 0 0.7036 -0.9547 0.002006
390.00 P 20260821 -1.00 -1.00 1 1 0.7598 -0.9457 0.002101
160.00 C 20260731 -1.00 -1.00 158 1 2.2361 0.9934 0.000275
165.00 C 20260731 -1.00 -1.00 -1 0 2.4754 0.9837 0.000550
160.00 P 20260731 -1.00 -1.00 1 97 2.2977 -0.0074 0.000302
165.00 P 20260731 -1.00 -1.00 78 218 1.9440 -0.0034 0.000176
160.00 C 20260807 -1.00 -1.00 158 1 1.6478 0.9818 0.000556
165.00 C 20260807 -1.00 -1.00 -1 0 1.5278 0.9827 0.000571
160.00 P 20260807 -1.00 -1.00 62 0 1.8284 -0.0276 0.000713
165.00 P 20260807 -1.00 -1.00 2 81 1.7360 -0.0288 0.000777
160.00 C 20260814 -1.00 -1.00 1 1 1.2425 0.9844 0.000504
165.00 C 20260814 -1.00 -1.00 1 1 1.1797 0.9837 0.000550
160.00 P 20260814 -1.00 -1.00 -1 0 1.2060 -0.0130 0.000445
165.00 P 20260814 -1.00 -1.00 -1 0 1.2640 -0.0207 0.000640
145.00 C 20260821 -1.00 -1.00 1 1 1.2312 0.9859 0.000399
150.00 C 20260821 -1.00 -1.00 1 1 1.1716 0.9853 0.000433
155.00 C 20260821 -1.00 -1.00 1 1 1.0957 0.9859 0.000446
160.00 C 20260821 -1.00 -1.00 1 22 1.0584 0.9841 0.000511
165.00 C 20260821 -1.00 -1.00 1 1 1.0134 0.9827 0.000571
145.00 P 20260821 -1.00 -1.00 8 49 1.0943 -0.0068 0.000238
150.00 P 20260821 -1.00 -1.00 1 14 1.0917 -0.0091 0.000310
155.00 P 20260821 -1.00 -1.00 4 9 1.0833 -0.0128 0.000414
160.00 P 20260821 -1.00 -1.00 1 276 1.0159 -0.0124 0.000430
165.00 P 20260821 -1.00 -1.00 4 13 0.9737 -0.0137 0.000489
395.00 C 20260731 -1.00 -1.00 2 5 1.5832 0.0231 0.001151
400.00 C 20260731 -1.00 -1.00 23 4147 1.1959 0.0024 0.000203
405.00 C 20260731 -1.00 -1.00 1 22 1.6733 0.0215 0.001028
410.00 C 20260731 -1.00 -1.00 14 18 1.7202 0.0210 0.000981
415.00 C 20260731 -1.00 -1.00 5 5 1.8776 0.0287 0.001169
420.00 C 20260731 -1.00 -1.00 1 6 2.1221 0.0417 0.001422
425.00 C 20260731 -1.00 -1.00 14 5 2.1228 0.0373 0.001300
430.00 C 20260731 -1.00 -1.00 7 13 2.2630 0.0443 0.001396
440.00 C 20260731 -1.00 -1.00 1 37 1.7810 0.0097 0.000485
395.00 P 20260731 -1.00 -1.00 1 8 1.8034 -0.9601 0.001634
400.00 P 20260731 -1.00 -1.00 6 13 1.8261 -0.9637 0.001499
405.00 P 20260731 -1.00 -1.00 1 44 1.8729 -0.9645 0.001434
410.00 P 20260731 -1.00 -1.00 7 4 1.9603 -0.9626 0.001431
415.00 P 20260731 -1.00 -1.00 6 3 1.9649 -0.9659 0.001318
420.00 P 20260731 -1.00 -1.00 2 1 2.0102 -0.9665 0.001268
425.00 P 20260731 -1.00 -1.00 2 1 2.0953 -0.9646 0.001274
430.00 P 20260731 -1.00 -1.00 1 36 2.1124 -0.9668 0.001194
440.00 P 20260731 -1.00 -1.00 9 10 2.1992 -0.9679 0.001115
395.00 C 20260807 -1.00 -1.00 18 7 0.9623 0.0226 0.001137
400.00 C 20260807 -1.00 -1.00 2 7 1.1753 0.0475 0.001727
405.00 C 20260807 -1.00 -1.00 2 0 1.0307 0.0228 0.001069
410.00 C 20260807 -1.00 -1.00 2 4 1.0526 0.0215 0.000994
415.00 C 20260807 -1.00 -1.00 12 15 1.0776 0.0206 0.000938
420.00 C 20260807 -1.00 -1.00 6 20 1.2122 0.0323 0.001227
425.00 C 20260807 -1.00 -1.00 6 11 1.0686 0.0136 0.000671
430.00 C 20260807 -1.00 -1.00 2 5 1.3781 0.0438 0.001389
440.00 C 20260807 -1.00 -1.00 15 16 1.4309 0.0409 0.001273
445.00 C 20260807 -1.00 -1.00 -1 0 1.2406 0.0184 0.000743
395.00 P 20260807 -1.00 -1.00 -1 0 1.1085 -0.9590 0.001692
400.00 P 20260807 -1.00 -1.00 -1 0 1.1427 -0.9599 0.001616
405.00 P 20260807 -1.00 -1.00 1 1 1.1670 -0.9626 0.001510
410.00 P 20260807 -1.00 -1.00 -1 0 1.2040 -0.9624 0.001467
415.00 P 20260807 -1.00 -1.00 -1 0 1.2155 -0.9648 0.001376
420.00 P 20260807 -1.00 -1.00 -1 0 1.2837 -0.9613 0.001406
425.00 P 20260807 -1.00 -1.00 1 1 1.2794 -0.9652 0.001294
430.00 P 20260807 -1.00 -1.00 -1 0 1.3067 -0.9657 0.001250
440.00 P 20260807 -1.00 -1.00 -1 0 1.3685 -0.9660 0.001185
445.00 P 20260807 -1.00 -1.00 -1 0 1.3948 -0.9665 0.001149
395.00 C 20260814 -1.00 -1.00 1 5 0.7567 0.0231 0.001153
400.00 C 20260814 -1.00 -1.00 1 3 0.7770 0.0220 0.001080
405.00 C 20260814 -1.00 -1.00 -1 0 0.7998 0.0215 0.001029
410.00 C 20260814 -1.00 -1.00 -1 0 0.8586 0.0268 0.001153
415.00 C 20260814 -1.00 -1.00 18 18 0.8754 0.0254 0.001082
420.00 C 20260814 -1.00 -1.00 2 1 0.8894 0.0237 0.001004
425.00 C 20260814 -1.00 -1.00 -1 0 0.9084 0.0229 0.000953
430.00 C 20260814 -1.00 -1.00 -1 0 0.9247 0.0217 0.000896
440.00 C 20260814 -1.00 -1.00 -1 0 0.9616 0.0202 0.000812
445.00 C 20260814 -1.00 -1.00 -1 0 0.9822 0.0198 0.000784
395.00 P 20260814 -1.00 -1.00 -1 0 0.8781 -0.9573 0.001770
400.00 P 20260814 -1.00 -1.00 2 1 0.9188 -0.9547 0.001762
405.00 P 20260814 -1.00 -1.00 -1 0 0.9280 -0.9600 0.001602
410.00 P 20260814 -1.00 -1.00 -1 0 0.9506 -0.9616 0.001519
415.00 P 20260814 -1.00 -1.00 -1 0 0.9974 -0.9572 0.001560
420.00 P 20260814 -1.00 -1.00 -1 0 1.0054 -0.9622 0.001423
425.00 P 20260814 -1.00 -1.00 -1 0 1.0211 -0.9636 0.001358
430.00 P 20260814 -1.00 -1.00 -1 0 1.0428 -0.9642 0.001313
440.00 P 20260814 -1.00 -1.00 -1 0 1.0853 -0.9652 0.001232
445.00 P 20260814 -1.00 -1.00 -1 0 1.1320 -0.9626 0.001248
395.00 C 20260821 -1.00 -1.00 4 34 0.6302 0.0205 0.001066
400.00 C 20260821 -1.00 -1.00 5 846 0.6387 0.0177 0.000930
405.00 C 20260821 -1.00 -1.00 2 11 0.7434 0.0332 0.001362
410.00 C 20260821 -1.00 -1.00 23 37 0.6677 0.0150 0.000781
420.00 C 20260821 -1.00 -1.00 2 33 0.7554 0.0237 0.001005
430.00 C 20260821 -1.00 -1.00 4 598 0.7606 0.0172 0.000765
440.00 C 20260821 -1.00 -1.00 1 41 0.7626 0.0133 0.000611
395.00 P 20260821 -1.00 -1.00 1 2 0.7594 -0.9539 0.001877
400.00 P 20260821 -1.00 -1.00 -1 0 0.7793 -0.9558 0.001778
405.00 P 20260821 -1.00 -1.00 1 1 0.8050 -0.9558 0.001721
410.00 P 20260821 -1.00 -1.00 2 2 0.8243 -0.9575 0.001636
420.00 P 20260821 -1.00 -1.00 -1 0 0.8946 -0.9517 0.001642
430.00 P 20260821 -1.00 -1.00 5 6 0.9110 -0.9603 0.001414
440.00 P 20260821 -1.00 -1.00 2 1 0.9428 -0.9631 0.001302
