# opt_chain XLK | epoch 1785156337 | 2026-07-27 08:45:37 | spot 178.53 | exps 20260731 20260807 20260814 20260821
# fuente polygon_snapshot_v3 | greeks polygon_directo | iv polygon_directo | oi polygon_directo | vol day.volume(-1 si no cotizo) | bid/ask NO_ENTITLED(-1) | spot_src ibkr_bridge spot_edad_s 96 | band 0.4050 vencimientos 4 exp_hasta 2026-08-21
# strike right exp bid ask vol oi iv delta gamma
135.00 C 20260731 -1.00 -1.00 1 1 -1.0000 -1.0000 -1.000000
140.00 C 20260731 -1.00 -1.00 2 2 -1.0000 -1.0000 -1.000000
145.00 C 20260731 -1.00 -1.00 13 14 -1.0000 -1.0000 -1.000000
150.00 C 20260731 -1.00 -1.00 2 8 -1.0000 -1.0000 -1.000000
152.00 C 20260731 -1.00 -1.00 83 83 -1.0000 -1.0000 -1.000000
152.50 C 20260731 -1.00 -1.00 83 83 -1.0000 -1.0000 -1.000000
153.00 C 20260731 -1.00 -1.00 -1 0 -1.0000 -1.0000 -1.000000
154.00 C 20260731 -1.00 -1.00 -1 0 -1.0000 -1.0000 -1.000000
155.00 C 20260731 -1.00 -1.00 -1 0 -1.0000 -1.0000 -1.000000
156.00 C 20260731 -1.00 -1.00 4 4 -1.0000 -1.0000 -1.000000
157.00 C 20260731 -1.00 -1.00 48 48 -1.0000 -1.0000 -1.000000
157.50 C 20260731 -1.00 -1.00 48 48 -1.0000 -1.0000 -1.000000
158.00 C 20260731 -1.00 -1.00 -1 0 -1.0000 -1.0000 -1.000000
159.00 C 20260731 -1.00 -1.00 -1 0 -1.0000 -1.0000 -1.000000
160.00 C 20260731 -1.00 -1.00 1 5 -1.0000 -1.0000 -1.000000
161.00 C 20260731 -1.00 -1.00 -1 0 -1.0000 -1.0000 -1.000000
162.00 C 20260731 -1.00 -1.00 2 2 -1.0000 -1.0000 -1.000000
162.50 C 20260731 -1.00 -1.00 2 2 -1.0000 -1.0000 -1.000000
163.00 C 20260731 -1.00 -1.00 2 7 -1.0000 -1.0000 -1.000000
164.00 C 20260731 -1.00 -1.00 3 3 -1.0000 -1.0000 -1.000000
165.00 C 20260731 -1.00 -1.00 2 10 -1.0000 -1.0000 -1.000000
166.00 C 20260731 -1.00 -1.00 2 1 -1.0000 -1.0000 -1.000000
167.00 C 20260731 -1.00 -1.00 2 4 -1.0000 -1.0000 -1.000000
167.50 C 20260731 -1.00 -1.00 14 7 -1.0000 -1.0000 -1.000000
168.00 C 20260731 -1.00 -1.00 16 15 -1.0000 -1.0000 -1.000000
169.00 C 20260731 -1.00 -1.00 2 2 -1.0000 -1.0000 -1.000000
170.00 C 20260731 -1.00 -1.00 16 30 -1.0000 -1.0000 -1.000000
171.00 C 20260731 -1.00 -1.00 1 4 -1.0000 -1.0000 -1.000000
172.00 C 20260731 -1.00 -1.00 4 5 -1.0000 -1.0000 -1.000000
172.50 C 20260731 -1.00 -1.00 2 33 -1.0000 -1.0000 -1.000000
173.00 C 20260731 -1.00 -1.00 2 6 -1.0000 -1.0000 -1.000000
174.00 C 20260731 -1.00 -1.00 14 32 0.0006 0.9999 0.000000
175.00 C 20260731 -1.00 -1.00 426 456 0.2233 0.8010 0.064071
176.00 C 20260731 -1.00 -1.00 18 190 0.2195 0.7329 0.076424
177.00 C 20260731 -1.00 -1.00 8 62 0.2662 0.6282 0.072965
177.50 C 20260731 -1.00 -1.00 5 49 0.2418 0.5986 0.081666
178.00 C 20260731 -1.00 -1.00 24 134 0.2785 0.5512 0.072760
179.00 C 20260731 -1.00 -1.00 251 309 0.2954 0.4812 0.069273
180.00 C 20260731 -1.00 -1.00 195 435 0.2891 0.4114 0.068806
181.00 C 20260731 -1.00 -1.00 37 326 0.3209 0.3601 0.060341
182.00 C 20260731 -1.00 -1.00 19 1254 0.3086 0.2981 0.057272
182.50 C 20260731 -1.00 -1.00 257 719 0.3158 0.2750 0.053975
183.00 C 20260731 -1.00 -1.00 15 215 0.3115 0.2439 0.052002
184.00 C 20260731 -1.00 -1.00 68 303 0.2848 0.1774 0.046469
185.00 C 20260731 -1.00 -1.00 42 449 0.3089 0.1545 0.039415
186.00 C 20260731 -1.00 -1.00 19 191 0.3550 0.1541 0.034242
187.00 C 20260731 -1.00 -1.00 38 244 0.3138 0.0957 0.027494
187.50 C 20260731 -1.00 -1.00 35 105 0.3800 0.1268 0.028058
188.00 C 20260731 -1.00 -1.00 141 283 0.3508 0.0964 0.024720
189.00 C 20260731 -1.00 -1.00 8 160 0.3793 0.0916 0.022043
190.00 C 20260731 -1.00 -1.00 59 373 0.3771 0.0690 0.018101
191.00 C 20260731 -1.00 -1.00 15 43 0.3385 0.0357 0.011842
192.00 C 20260731 -1.00 -1.00 1 92 0.4272 0.0642 0.015026
193.00 C 20260731 -1.00 -1.00 3 39 0.4756 0.0706 0.014628
194.00 C 20260731 -1.00 -1.00 2 498 0.4603 0.0544 0.012139
195.00 C 20260731 -1.00 -1.00 40 210 0.3577 0.0122 0.004508
196.00 C 20260731 -1.00 -1.00 1 93 0.5258 0.0576 0.011132
197.00 C 20260731 -1.00 -1.00 1 78 0.4964 0.0371 0.008321
198.00 C 20260731 -1.00 -1.00 2 49 0.5231 0.0376 0.007976
199.00 C 20260731 -1.00 -1.00 1 2 0.5914 0.0520 0.009102
200.00 C 20260731 -1.00 -1.00 14 407 0.4796 0.0161 0.004240
202.50 C 20260731 -1.00 -1.00 6 75 0.5263 0.0149 0.003625
205.00 C 20260731 -1.00 -1.00 2 612 0.5816 0.0158 0.003444
207.50 C 20260731 -1.00 -1.00 5 15 0.6227 0.0139 0.002909
210.00 C 20260731 -1.00 -1.00 1 842 0.6238 0.0095 0.002061
215.00 C 20260731 -1.00 -1.00 1 12 0.9701 0.0457 0.005005
220.00 C 20260731 -1.00 -1.00 40 90 1.0555 0.0396 0.004123
225.00 C 20260731 -1.00 -1.00 1 3 1.1027 0.0314 0.003265
135.00 P 20260731 -1.00 -1.00 320 765 1.2995 -0.0207 0.001943
140.00 P 20260731 -1.00 -1.00 1 2 1.1407 -0.0219 0.002326
145.00 P 20260731 -1.00 -1.00 1 29 1.0645 -0.0320 0.003427
150.00 P 20260731 -1.00 -1.00 13 56 0.7689 -0.0172 0.002797
152.00 P 20260731 -1.00 -1.00 -1 0 0.8118 -0.0306 0.004347
152.50 P 20260731 -1.00 -1.00 -1 0 0.7973 -0.0311 0.004479
153.00 P 20260731 -1.00 -1.00 -1 0 0.7883 -0.0327 0.004712
154.00 P 20260731 -1.00 -1.00 1 1 0.6626 -0.0189 0.003512
155.00 P 20260731 -1.00 -1.00 3 31 0.6863 -0.0261 0.004522
156.00 P 20260731 -1.00 -1.00 1 1 0.7212 -0.0403 0.006088
157.00 P 20260731 -1.00 -1.00 -1 0 0.6396 -0.0288 0.005273
157.50 P 20260731 -1.00 -1.00 4 5 0.6948 -0.0462 0.007060
158.00 P 20260731 -1.00 -1.00 2 2 0.6861 -0.0482 0.007412
159.00 P 20260731 -1.00 -1.00 -1 0 0.6661 -0.0518 0.008117
160.00 P 20260731 -1.00 -1.00 123 260 0.6436 -0.0551 0.008849
161.00 P 20260731 -1.00 -1.00 3 20 0.6734 -0.0745 0.010667
162.00 P 20260731 -1.00 -1.00 102 104 0.6610 -0.0844 0.011892
162.50 P 20260731 -1.00 -1.00 -1 0 0.6147 -0.0755 0.011799
163.00 P 20260731 -1.00 -1.00 5 19 0.6275 -0.0875 0.012877
164.00 P 20260731 -1.00 -1.00 2 151 0.6409 -0.1065 0.014649
165.00 P 20260731 -1.00 -1.00 491 619 0.5866 -0.1040 0.015713
166.00 P 20260731 -1.00 -1.00 34 214 0.6185 -0.1318 0.017770
167.00 P 20260731 -1.00 -1.00 29 314 0.6029 -0.1478 0.019550
167.50 P 20260731 -1.00 -1.00 12 366 0.6041 -0.1597 0.020488
168.00 P 20260731 -1.00 -1.00 72 528 0.6033 -0.1707 0.021429
169.00 P 20260731 -1.00 -1.00 31 145 0.6116 -0.1962 0.023217
170.00 P 20260731 -1.00 -1.00 59 1695 0.6222 -0.2231 0.024804
171.00 P 20260731 -1.00 -1.00 9 405 0.5948 -0.2424 0.026944
172.00 P 20260731 -1.00 -1.00 34 154 0.5953 -0.2724 0.028468
172.50 P 20260731 -1.00 -1.00 12 376 0.5795 -0.2828 0.029791
173.00 P 20260731 -1.00 -1.00 19 70 0.6740 -0.3201 0.027321
174.00 P 20260731 -1.00 -1.00 140 239 0.6044 -0.3340 0.031168
175.00 P 20260731 -1.00 -1.00 147 647 0.6005 -0.3657 0.032218
176.00 P 20260731 -1.00 -1.00 585 580 0.5955 -0.3986 0.033126
177.00 P 20260731 -1.00 -1.00 224 420 0.6035 -0.4329 0.033349
177.50 P 20260731 -1.00 -1.00 29 159 0.6427 -0.4510 0.031641
178.00 P 20260731 -1.00 -1.00 119 220 0.6273 -0.4666 0.032705
179.00 P 20260731 -1.00 -1.00 20 360 0.6364 -0.4982 0.032405
180.00 P 20260731 -1.00 -1.00 23 209 0.6384 -0.5293 0.031937
181.00 P 20260731 -1.00 -1.00 4 222 0.6436 -0.5598 0.031325
182.00 P 20260731 -1.00 -1.00 35 227 0.6837 -0.5837 0.029234
182.50 P 20260731 -1.00 -1.00 5 112 0.6846 -0.5980 0.029041
183.00 P 20260731 -1.00 -1.00 19 226 0.6855 -0.6124 0.028851
184.00 P 20260731 -1.00 -1.00 2 131 0.7187 -0.6328 0.027196
185.00 P 20260731 -1.00 -1.00 8 319 0.7303 -0.6540 0.025998
186.00 P 20260731 -1.00 -1.00 2 129 0.7704 -0.6675 0.024176
187.00 P 20260731 -1.00 -1.00 6 87 0.8067 -0.6804 0.022663
187.50 P 20260731 -1.00 -1.00 7 70 0.7874 -0.6962 0.022700
188.00 P 20260731 -1.00 -1.00 3 40 0.8143 -0.6996 0.021836
189.00 P 20260731 -1.00 -1.00 2 8 0.8397 -0.7134 0.020749
190.00 P 20260731 -1.00 -1.00 2 57 0.8684 -0.7253 0.019707
191.00 P 20260731 -1.00 -1.00 2 6 0.8863 -0.7396 0.018893
192.00 P 20260731 -1.00 -1.00 1 3 0.9359 -0.7438 0.017779
193.00 P 20260731 -1.00 -1.00 9 9 0.9675 -0.7527 0.016966
194.00 P 20260731 -1.00 -1.00 5 0 0.9950 -0.7599 0.016188
195.00 P 20260731 -1.00 -1.00 1 5 1.0623 -0.7577 0.015244
196.00 P 20260731 -1.00 -1.00 -1 0 1.0379 -0.7752 0.014854
197.00 P 20260731 -1.00 -1.00 2 0 1.0592 -0.7823 0.014251
198.00 P 20260731 -1.00 -1.00 77 0 1.1258 -0.7788 0.013541
199.00 P 20260731 -1.00 -1.00 1 0 1.2056 -0.7727 0.012858
200.00 P 20260731 -1.00 -1.00 40 0 1.1766 -0.7895 0.012548
202.50 P 20260731 -1.00 -1.00 11 0 1.2372 -0.8021 0.011481
205.00 P 20260731 -1.00 -1.00 22 0 1.3149 -0.8094 0.010555
207.50 P 20260731 -1.00 -1.00 11 0 1.3828 -0.8177 0.009772
210.00 P 20260731 -1.00 -1.00 -1 0 1.4543 -0.8242 0.009098
215.00 P 20260731 -1.00 -1.00 -1 0 1.6166 -0.8308 0.008012
220.00 P 20260731 -1.00 -1.00 1 0 1.7318 -0.8443 0.007149
225.00 P 20260731 -1.00 -1.00 -1 0 1.9087 -0.8437 0.006509
135.00 C 20260807 -1.00 -1.00 -1 0 -1.0000 -1.0000 -1.000000
140.00 C 20260807 -1.00 -1.00 2 1 -1.0000 -1.0000 -1.000000
145.00 C 20260807 -1.00 -1.00 -1 0 -1.0000 -1.0000 -1.000000
150.00 C 20260807 -1.00 -1.00 -1 0 -1.0000 -1.0000 -1.000000
155.00 C 20260807 -1.00 -1.00 -1 0 -1.0000 -1.0000 -1.000000
160.00 C 20260807 -1.00 -1.00 5 10 -1.0000 -1.0000 -1.000000
163.00 C 20260807 -1.00 -1.00 -1 0 -1.0000 -1.0000 -1.000000
164.00 C 20260807 -1.00 -1.00 -1 0 -1.0000 -1.0000 -1.000000
165.00 C 20260807 -1.00 -1.00 -1 0 -1.0000 -1.0000 -1.000000
166.00 C 20260807 -1.00 -1.00 1 1 -1.0000 -1.0000 -1.000000
167.00 C 20260807 -1.00 -1.00 -1 0 -1.0000 -1.0000 -1.000000
167.50 C 20260807 -1.00 -1.00 -1 0 -1.0000 -1.0000 -1.000000
168.00 C 20260807 -1.00 -1.00 -1 0 -1.0000 -1.0000 -1.000000
169.00 C 20260807 -1.00 -1.00 -1 0 0.0010 0.9998 0.000000
170.00 C 20260807 -1.00 -1.00 3 5 0.0010 0.9998 0.000000
171.00 C 20260807 -1.00 -1.00 -1 0 0.2204 0.8785 0.029490
172.00 C 20260807 -1.00 -1.00 1 1 0.2299 0.8318 0.034734
172.50 C 20260807 -1.00 -1.00 2 2 0.2218 0.8216 0.037440
173.00 C 20260807 -1.00 -1.00 -1 0 0.2384 0.7884 0.039168
174.00 C 20260807 -1.00 -1.00 2 2 0.2499 0.7346 0.041747
175.00 C 20260807 -1.00 -1.00 63 65 0.2505 0.6905 0.045038
176.00 C 20260807 -1.00 -1.00 7 17 0.2619 0.6395 0.045893
177.00 C 20260807 -1.00 -1.00 3 35 0.2796 0.5872 0.044351
177.50 C 20260807 -1.00 -1.00 4 6 0.2784 0.5650 0.045132
178.00 C 20260807 -1.00 -1.00 16 22 0.2551 0.5448 0.049832
179.00 C 20260807 -1.00 -1.00 1 6 0.2777 0.4977 0.046187
180.00 C 20260807 -1.00 -1.00 5 127 0.2817 0.4537 0.044819
181.00 C 20260807 -1.00 -1.00 1 20 0.2845 0.4105 0.043689
182.00 C 20260807 -1.00 -1.00 1 256 0.2951 0.3723 0.041528
182.50 C 20260807 -1.00 -1.00 3 8 0.2955 0.3540 0.040453
183.00 C 20260807 -1.00 -1.00 6 21 0.3054 0.3411 0.038450
184.00 C 20260807 -1.00 -1.00 15 77 0.2808 0.2880 0.038702
185.00 C 20260807 -1.00 -1.00 6 91 0.2950 0.2615 0.035361
186.00 C 20260807 -1.00 -1.00 22 36 0.3036 0.2351 0.032616
187.00 C 20260807 -1.00 -1.00 14 72 0.2925 0.1987 0.030324
187.50 C 20260807 -1.00 -1.00 1 6 0.2982 0.1895 0.028870
188.00 C 20260807 -1.00 -1.00 3 35 0.3067 0.1832 0.027479
189.00 C 20260807 -1.00 -1.00 2 14 0.3156 0.1644 0.025015
190.00 C 20260807 -1.00 -1.00 12 121 0.3037 0.1314 0.022485
191.00 C 20260807 -1.00 -1.00 1 113 0.3187 0.1244 0.020531
192.00 C 20260807 -1.00 -1.00 3 56 0.3218 0.1095 0.018466
192.50 C 20260807 -1.00 -1.00 8 29 0.3208 0.1002 0.017354
193.00 C 20260807 -1.00 -1.00 1 52 0.3333 0.1013 0.016841
194.00 C 20260807 -1.00 -1.00 10 16 0.3506 0.0980 0.015633
195.00 C 20260807 -1.00 -1.00 3 87 0.2910 0.0470 0.010644
196.00 C 20260807 -1.00 -1.00 1 1 0.3380 0.0638 0.011771
197.00 C 20260807 -1.00 -1.00 3 14 0.3518 0.0616 0.010983
197.50 C 20260807 -1.00 -1.00 8 142 0.3759 0.0687 0.011257
198.00 C 20260807 -1.00 -1.00 32 2 0.3440 0.0485 0.009239
199.00 C 20260807 -1.00 -1.00 -1 0 0.3519 0.0438 0.008338
200.00 C 20260807 -1.00 -1.00 7 325 0.3912 0.0554 0.009036
202.50 C 20260807 -1.00 -1.00 1 2 0.4134 0.0464 0.007422
205.00 C 20260807 -1.00 -1.00 5 6 0.4155 0.0315 0.005440
207.50 C 20260807 -1.00 -1.00 2 2 0.4522 0.0317 0.005026
210.00 C 20260807 -1.00 -1.00 1 3 0.5186 0.0417 0.005450
215.00 C 20260807 -1.00 -1.00 1 2 0.5320 0.0267 0.003664
220.00 C 20260807 -1.00 -1.00 8 1 0.6495 0.0370 0.003977
225.00 C 20260807 -1.00 -1.00 -1 0 0.7029 0.0341 0.003436
135.00 P 20260807 -1.00 -1.00 377 542 0.8453 -0.0238 0.002118
140.00 P 20260807 -1.00 -1.00 6 20 0.7350 -0.0242 0.002474
145.00 P 20260807 -1.00 -1.00 10 13 0.6778 -0.0347 0.003584
150.00 P 20260807 -1.00 -1.00 2 214 0.6370 -0.0523 0.005353
155.00 P 20260807 -1.00 -1.00 1 194 0.5268 -0.0558 0.006839
160.00 P 20260807 -1.00 -1.00 5 111 0.5275 -0.1079 0.011245
163.00 P 20260807 -1.00 -1.00 3 13 0.5169 -0.1460 0.014115
164.00 P 20260807 -1.00 -1.00 1 1 0.4917 -0.1512 0.015174
165.00 P 20260807 -1.00 -1.00 17 640 0.4968 -0.1709 0.016274
166.00 P 20260807 -1.00 -1.00 12 11 0.4894 -0.1852 0.017443
167.00 P 20260807 -1.00 -1.00 11 12 0.4645 -0.1928 0.018887
167.50 P 20260807 -1.00 -1.00 1 8 0.4677 -0.2033 0.019470
168.00 P 20260807 -1.00 -1.00 65 71 0.4864 -0.2213 0.019698
169.00 P 20260807 -1.00 -1.00 46 591 0.5358 -0.2626 0.019395
170.00 P 20260807 -1.00 -1.00 34 453 0.4839 -0.2661 0.021617
171.00 P 20260807 -1.00 -1.00 204 1890 0.4813 -0.2882 0.022639
172.00 P 20260807 -1.00 -1.00 1 14 0.4651 -0.3065 0.024201
172.50 P 20260807 -1.00 -1.00 1 11 0.4948 -0.3263 0.023540
173.00 P 20260807 -1.00 -1.00 2 16 0.5182 -0.3436 0.022951
174.00 P 20260807 -1.00 -1.00 1 23 0.4587 -0.3552 0.026146
175.00 P 20260807 -1.00 -1.00 6 385 0.4811 -0.3865 0.025423
176.00 P 20260807 -1.00 -1.00 11 99 0.4597 -0.4101 0.027006
177.00 P 20260807 -1.00 -1.00 33 149 0.4747 -0.4384 0.026616
177.50 P 20260807 -1.00 -1.00 2 91 0.4550 -0.4510 0.027982
178.00 P 20260807 -1.00 -1.00 6 13 0.4814 -0.4650 0.026673
179.00 P 20260807 -1.00 -1.00 1 8 0.4848 -0.4909 0.026614
180.00 P 20260807 -1.00 -1.00 3 309 0.5100 -0.5140 0.025105
181.00 P 20260807 -1.00 -1.00 5 270 0.4873 -0.5418 0.026045
182.00 P 20260807 -1.00 -1.00 1 8 0.4846 -0.5679 0.025972
182.50 P 20260807 -1.00 -1.00 2 9 0.4871 -0.5802 0.025732
183.00 P 20260807 -1.00 -1.00 2 25 0.5134 -0.5863 0.024367
184.00 P 20260807 -1.00 -1.00 3 7 0.5144 -0.6103 0.024134
185.00 P 20260807 -1.00 -1.00 2 14 0.5463 -0.6244 0.022605
186.00 P 20260807 -1.00 -1.00 2 113 0.5311 -0.6487 0.022531
187.00 P 20260807 -1.00 -1.00 2 5 0.5360 -0.6672 0.021775
187.50 P 20260807 -1.00 -1.00 2 1 0.5484 -0.6727 0.021118
188.00 P 20260807 -1.00 -1.00 1 8 0.5563 -0.6795 0.020618
189.00 P 20260807 -1.00 -1.00 2 14 0.5589 -0.6978 0.020007
190.00 P 20260807 -1.00 -1.00 1 6 0.5857 -0.7059 0.018869
191.00 P 20260807 -1.00 -1.00 1 9 0.5726 -0.7299 0.018643
192.00 P 20260807 -1.00 -1.00 1 2 0.5992 -0.7364 0.017645
192.50 P 20260807 -1.00 -1.00 2 0 0.6069 -0.7419 0.017279
193.00 P 20260807 -1.00 -1.00 -1 0 0.6212 -0.7443 0.016821
194.00 P 20260807 -1.00 -1.00 -1 0 0.6376 -0.7536 0.016130
195.00 P 20260807 -1.00 -1.00 1 1 0.6511 -0.7613 0.015462
196.00 P 20260807 -1.00 -1.00 -1 0 0.6958 -0.7581 0.014580
197.00 P 20260807 -1.00 -1.00 -1 0 0.6496 -0.7865 0.014434
197.50 P 20260807 -1.00 -1.00 -1 0 0.7384 -0.7610 0.013616
198.00 P 20260807 -1.00 -1.00 -1 0 0.7619 -0.7590 0.013261
199.00 P 20260807 -1.00 -1.00 -1 0 0.7496 -0.7734 0.012959
200.00 P 20260807 -1.00 -1.00 -1 0 0.7289 -0.7913 0.012663
202.50 P 20260807 -1.00 -1.00 -1 0 0.7809 -0.7989 0.011545
205.00 P 20260807 -1.00 -1.00 -1 0 0.8658 -0.7941 0.010548
207.50 P 20260807 -1.00 -1.00 -1 0 0.8970 -0.8063 0.009815
210.00 P 20260807 -1.00 -1.00 -1 0 0.9223 -0.8194 0.009164
215.00 P 20260807 -1.00 -1.00 -1 0 1.0183 -0.8280 0.008073
220.00 P 20260807 -1.00 -1.00 -1 0 1.1148 -0.8339 0.007234
225.00 P 20260807 -1.00 -1.00 -1 0 1.1534 -0.8518 0.006512
135.00 C 20260814 -1.00 -1.00 -1 0 -1.0000 -1.0000 -1.000000
140.00 C 20260814 -1.00 -1.00 -1 0 -1.0000 -1.0000 -1.000000
145.00 C 20260814 -1.00 -1.00 -1 0 -1.0000 -1.0000 -1.000000
150.00 C 20260814 -1.00 -1.00 4 25 -1.0000 -1.0000 -1.000000
155.00 C 20260814 -1.00 -1.00 1 2 -1.0000 -1.0000 -1.000000
160.00 C 20260814 -1.00 -1.00 -1 0 -1.0000 -1.0000 -1.000000
165.00 C 20260814 -1.00 -1.00 5 5 0.0013 0.9997 0.000000
167.50 C 20260814 -1.00 -1.00 -1 0 0.2322 0.9001 0.018911
169.00 C 20260814 -1.00 -1.00 -1 0 0.2515 0.8482 0.023394
170.00 C 20260814 -1.00 -1.00 8 21 0.2160 0.8579 0.026119
171.00 C 20260814 -1.00 -1.00 -1 0 0.2757 0.7764 0.027462
172.00 C 20260814 -1.00 -1.00 -1 0 0.2816 0.7409 0.028839
172.50 C 20260814 -1.00 -1.00 1 1 0.2855 0.7231 0.029415
173.00 C 20260814 -1.00 -1.00 -1 0 0.2763 0.7134 0.030934
174.00 C 20260814 -1.00 -1.00 2 23 0.3006 0.6710 0.030624
175.00 C 20260814 -1.00 -1.00 1 4 0.3035 0.6380 0.031182
176.00 C 20260814 -1.00 -1.00 2 5 0.2870 0.6101 0.033570
177.00 C 20260814 -1.00 -1.00 12 6 0.3056 0.5728 0.032272
177.50 C 20260814 -1.00 -1.00 2 6 0.3109 0.5561 0.032052
178.00 C 20260814 -1.00 -1.00 9 4 0.3051 0.5405 0.032975
179.00 C 20260814 -1.00 -1.00 1 8 0.2958 0.5077 0.034218
180.00 C 20260814 -1.00 -1.00 1 30 0.2926 0.4740 0.034218
181.00 C 20260814 -1.00 -1.00 2 2 0.3143 0.4465 0.031566
182.00 C 20260814 -1.00 -1.00 1 11 0.3032 0.4111 0.032335
182.50 C 20260814 -1.00 -1.00 2 6 0.3039 0.3953 0.032089
183.00 C 20260814 -1.00 -1.00 2 5 0.3080 0.3811 0.031513
184.00 C 20260814 -1.00 -1.00 3 31 0.2870 0.3413 0.032205
185.00 C 20260814 -1.00 -1.00 5 66 0.2824 0.3082 0.031243
186.00 C 20260814 -1.00 -1.00 3 246 0.3231 0.3074 0.027274
187.00 C 20260814 -1.00 -1.00 2 96 0.2976 0.2610 0.027639
187.50 C 20260814 -1.00 -1.00 11 2 0.3196 0.2651 0.025894
188.00 C 20260814 -1.00 -1.00 1 8 0.3161 0.2488 0.025531
189.00 C 20260814 -1.00 -1.00 1 3 0.2887 0.2064 0.024783
190.00 C 20260814 -1.00 -1.00 15 60 0.2926 0.1874 0.023016
191.00 C 20260814 -1.00 -1.00 1 6 0.3263 0.1950 0.021153
192.00 C 20260814 -1.00 -1.00 1 5 0.3122 0.1624 0.019805
192.50 C 20260814 -1.00 -1.00 2 14 0.3165 0.1561 0.019099
193.00 C 20260814 -1.00 -1.00 1 4 0.3186 0.1479 0.018404
194.00 C 20260814 -1.00 -1.00 1 19 0.2993 0.1192 0.016661
195.00 C 20260814 -1.00 -1.00 3 32 0.3056 0.1099 0.015360
196.00 C 20260814 -1.00 -1.00 2 4 0.3047 0.0950 0.013863
197.00 C 20260814 -1.00 -1.00 2 1 0.3214 0.0952 0.013160
197.50 C 20260814 -1.00 -1.00 2 5 0.3264 0.0926 0.012713
198.00 C 20260814 -1.00 -1.00 6 7 0.3406 0.0974 0.012621
199.00 C 20260814 -1.00 -1.00 1 13 0.3141 0.0676 0.010461
200.00 C 20260814 -1.00 -1.00 10 98 0.3371 0.0721 0.010282
202.50 C 20260814 -1.00 -1.00 1 3 0.3291 0.0492 0.007690
205.00 C 20260814 -1.00 -1.00 3 12 0.3366 0.0351 0.005816
207.50 C 20260814 -1.00 -1.00 2 2 0.3735 0.0394 0.005707
210.00 C 20260814 -1.00 -1.00 1 4 0.3445 0.0197 0.003430
215.00 C 20260814 -1.00 -1.00 -1 0 0.4567 0.0376 0.004514
220.00 C 20260814 -1.00 -1.00 1 1 0.4688 0.0268 0.003279
225.00 C 20260814 -1.00 -1.00 -1 0 0.5801 0.0427 0.003914
135.00 P 20260814 -1.00 -1.00 2 2 0.6447 -0.0210 0.001954
140.00 P 20260814 -1.00 -1.00 6 10 0.6189 -0.0325 0.002931
145.00 P 20260814 -1.00 -1.00 11 24 0.5670 -0.0431 0.004032
150.00 P 20260814 -1.00 -1.00 1 25 0.5313 -0.0596 0.005660
155.00 P 20260814 -1.00 -1.00 14 26 0.5031 -0.0930 0.008288
160.00 P 20260814 -1.00 -1.00 10 89 0.4777 -0.1370 0.011554
165.00 P 20260814 -1.00 -1.00 109 424 0.4648 -0.2035 0.015488
167.50 P 20260814 -1.00 -1.00 1 201 0.4516 -0.2435 0.017476
169.00 P 20260814 -1.00 -1.00 1 8 0.4306 -0.2644 0.019099
170.00 P 20260814 -1.00 -1.00 1 26 0.4433 -0.2893 0.019433
171.00 P 20260814 -1.00 -1.00 1 58 0.4252 -0.3034 0.020785
172.00 P 20260814 -1.00 -1.00 1 49 0.4331 -0.3263 0.021247
172.50 P 20260814 -1.00 -1.00 3 362 0.4392 -0.3388 0.021264
173.00 P 20260814 -1.00 -1.00 2 112 0.4314 -0.3481 0.021786
174.00 P 20260814 -1.00 -1.00 3 7 0.4225 -0.3691 0.022570
175.00 P 20260814 -1.00 -1.00 7 139 0.4439 -0.3958 0.021859
176.00 P 20260814 -1.00 -1.00 1 30 0.4238 -0.4161 0.023208
177.00 P 20260814 -1.00 -1.00 2 8 0.4292 -0.4398 0.023273
177.50 P 20260814 -1.00 -1.00 9 14 0.4342 -0.4515 0.023177
178.00 P 20260814 -1.00 -1.00 8 7 0.4376 -0.4630 0.023167
179.00 P 20260814 -1.00 -1.00 1 8 0.4417 -0.4855 0.023061
180.00 P 20260814 -1.00 -1.00 4 32 0.4505 -0.5067 0.022467
181.00 P 20260814 -1.00 -1.00 4 155 0.4420 -0.5298 0.022749
182.00 P 20260814 -1.00 -1.00 1 8 0.4476 -0.5508 0.022327
182.50 P 20260814 -1.00 -1.00 2 21 0.4511 -0.5610 0.022086
183.00 P 20260814 -1.00 -1.00 -1 0 0.4484 -0.5725 0.022145
184.00 P 20260814 -1.00 -1.00 -1 0 0.4555 -0.5924 0.021681
185.00 P 20260814 -1.00 -1.00 1 2 0.4639 -0.6111 0.021174
186.00 P 20260814 -1.00 -1.00 4 114 0.4684 -0.6294 0.020685
187.00 P 20260814 -1.00 -1.00 5 4 0.4757 -0.6448 0.019966
187.50 P 20260814 -1.00 -1.00 6 7 0.4855 -0.6500 0.019426
188.00 P 20260814 -1.00 -1.00 2 7 0.4708 -0.6646 0.019667
189.00 P 20260814 -1.00 -1.00 2 1 0.4850 -0.6764 0.018787
190.00 P 20260814 -1.00 -1.00 2 26 0.4835 -0.6945 0.018392
191.00 P 20260814 -1.00 -1.00 15 8 0.4855 -0.7111 0.017907
192.00 P 20260814 -1.00 -1.00 4 4 0.4943 -0.7240 0.017273
192.50 P 20260814 -1.00 -1.00 35 24 0.4934 -0.7331 0.017083
193.00 P 20260814 -1.00 -1.00 50 25 0.5220 -0.7265 0.016289
194.00 P 20260814 -1.00 -1.00 -1 0 0.5114 -0.7486 0.016108
195.00 P 20260814 -1.00 -1.00 4 4 0.5424 -0.7479 0.015197
196.00 P 20260814 -1.00 -1.00 -1 0 0.5276 -0.7668 0.014914
197.00 P 20260814 -1.00 -1.00 -1 0 0.5784 -0.7567 0.013943
197.50 P 20260814 -1.00 -1.00 -1 0 0.5569 -0.7713 0.013939
198.00 P 20260814 -1.00 -1.00 -1 0 0.5622 -0.7746 0.013680
199.00 P 20260814 -1.00 -1.00 -1 0 0.5748 -0.7801 0.013169
200.00 P 20260814 -1.00 -1.00 -1 0 0.5941 -0.7824 0.012651
202.50 P 20260814 -1.00 -1.00 -1 0 0.6396 -0.7883 0.011539
205.00 P 20260814 -1.00 -1.00 -1 0 0.6802 -0.7950 0.010631
207.50 P 20260814 -1.00 -1.00 -1 0 0.7158 -0.8026 0.009870
210.00 P 20260814 -1.00 -1.00 -1 0 0.7358 -0.8157 0.009228
215.00 P 20260814 -1.00 -1.00 -1 0 0.8051 -0.8271 0.008134
220.00 P 20260814 -1.00 -1.00 -1 0 0.8899 -0.8298 0.007293
225.00 P 20260814 -1.00 -1.00 -1 0 0.9536 -0.8387 0.006615
131.00 C 20260821 -1.00 -1.00 2 16 -1.0000 -1.0000 -1.000000
132.00 C 20260821 -1.00 -1.00 2 1 -1.0000 -1.0000 -1.000000
133.00 C 20260821 -1.00 -1.00 5 5 -1.0000 -1.0000 -1.000000
134.00 C 20260821 -1.00 -1.00 3 0 -1.0000 -1.0000 -1.000000
135.00 C 20260821 -1.00 -1.00 4 10 -1.0000 -1.0000 -1.000000
136.00 C 20260821 -1.00 -1.00 2 14 -1.0000 -1.0000 -1.000000
137.00 C 20260821 -1.00 -1.00 1 5 -1.0000 -1.0000 -1.000000
138.00 C 20260821 -1.00 -1.00 5 21 -1.0000 -1.0000 -1.000000
139.00 C 20260821 -1.00 -1.00 2 200 -1.0000 -1.0000 -1.000000
140.00 C 20260821 -1.00 -1.00 1 112 -1.0000 -1.0000 -1.000000
141.00 C 20260821 -1.00 -1.00 1 14 -1.0000 -1.0000 -1.000000
142.00 C 20260821 -1.00 -1.00 1 26 -1.0000 -1.0000 -1.000000
143.00 C 20260821 -1.00 -1.00 42 68 -1.0000 -1.0000 -1.000000
144.00 C 20260821 -1.00 -1.00 2 49 -1.0000 -1.0000 -1.000000
145.00 C 20260821 -1.00 -1.00 1 25 -1.0000 -1.0000 -1.000000
146.00 C 20260821 -1.00 -1.00 2 12 -1.0000 -1.0000 -1.000000
147.00 C 20260821 -1.00 -1.00 1 22 -1.0000 -1.0000 -1.000000
148.00 C 20260821 -1.00 -1.00 10 9 -1.0000 -1.0000 -1.000000
149.00 C 20260821 -1.00 -1.00 1 6 -1.0000 -1.0000 -1.000000
150.00 C 20260821 -1.00 -1.00 1 174 -1.0000 -1.0000 -1.000000
151.00 C 20260821 -1.00 -1.00 1 63 -1.0000 -1.0000 -1.000000
152.00 C 20260821 -1.00 -1.00 1 80 -1.0000 -1.0000 -1.000000
153.00 C 20260821 -1.00 -1.00 2 194 -1.0000 -1.0000 -1.000000
154.00 C 20260821 -1.00 -1.00 1 96 -1.0000 -1.0000 -1.000000
155.00 C 20260821 -1.00 -1.00 24 96 -1.0000 -1.0000 -1.000000
156.00 C 20260821 -1.00 -1.00 1 27 -1.0000 -1.0000 -1.000000
157.00 C 20260821 -1.00 -1.00 1 20 -1.0000 -1.0000 -1.000000
158.00 C 20260821 -1.00 -1.00 1 35 -1.0000 -1.0000 -1.000000
159.00 C 20260821 -1.00 -1.00 10 379 -1.0000 -1.0000 -1.000000
160.00 C 20260821 -1.00 -1.00 13 845 -1.0000 -1.0000 -1.000000
163.00 C 20260821 -1.00 -1.00 1 1 0.2072 0.9587 0.008995
164.00 C 20260821 -1.00 -1.00 -1 0 0.2071 0.9485 0.010833
165.00 C 20260821 -1.00 -1.00 30 147 0.2389 0.9060 0.014916
166.00 C 20260821 -1.00 -1.00 -1 0 0.2289 0.8987 0.016508
167.00 C 20260821 -1.00 -1.00 -1 0 0.2639 0.8472 0.019044
168.00 C 20260821 -1.00 -1.00 -1 0 0.2759 0.8165 0.020600
169.00 C 20260821 -1.00 -1.00 -1 0 0.2793 0.7938 0.022091
170.00 C 20260821 -1.00 -1.00 7 491 0.2761 0.7712 0.023560
171.00 C 20260821 -1.00 -1.00 18 17 0.2795 0.7423 0.024663
172.00 C 20260821 -1.00 -1.00 1 1 0.2956 0.7069 0.024926
172.50 C 20260821 -1.00 -1.00 -1 0 0.2972 0.6937 0.025387
173.00 C 20260821 -1.00 -1.00 -1 0 0.3004 0.6799 0.025733
174.00 C 20260821 -1.00 -1.00 1 4 0.2896 0.6581 0.027416
175.00 C 20260821 -1.00 -1.00 19 2360 0.2796 0.6326 0.028891
176.00 C 20260821 -1.00 -1.00 8 85 0.2711 0.6050 0.030356
177.00 C 20260821 -1.00 -1.00 7 106 0.2842 0.5720 0.029574
177.50 C 20260821 -1.00 -1.00 7 7 0.2847 0.5572 0.029807
178.00 C 20260821 -1.00 -1.00 7 23 0.3013 0.5419 0.028440
179.00 C 20260821 -1.00 -1.00 11 19 0.3001 0.5140 0.028732
180.00 C 20260821 -1.00 -1.00 570 2116 0.2946 0.4854 0.029018
181.00 C 20260821 -1.00 -1.00 7 156 0.3091 0.4605 0.027451
182.00 C 20260821 -1.00 -1.00 316 1126 0.3076 0.4330 0.027357
183.00 C 20260821 -1.00 -1.00 67 371 0.2897 0.3981 0.028728
184.00 C 20260821 -1.00 -1.00 9 204 0.3111 0.3805 0.026612
185.00 C 20260821 -1.00 -1.00 47 828 0.2858 0.3433 0.027585
186.00 C 20260821 -1.00 -1.00 508 647 0.2973 0.3254 0.025883
187.00 C 20260821 -1.00 -1.00 3 68 0.3025 0.3046 0.024713
188.00 C 20260821 -1.00 -1.00 2 288 0.2979 0.2769 0.024108
189.00 C 20260821 -1.00 -1.00 21 93 0.3033 0.2573 0.022991
190.00 C 20260821 -1.00 -1.00 12 2687 0.2932 0.2296 0.022242
191.00 C 20260821 -1.00 -1.00 1 152 0.3010 0.2171 0.020892
192.00 C 20260821 -1.00 -1.00 3 34 0.2951 0.1935 0.019823
193.00 C 20260821 -1.00 -1.00 1 99 0.3092 0.1878 0.018571
194.00 C 20260821 -1.00 -1.00 4 277 0.2902 0.1509 0.017419
195.00 C 20260821 -1.00 -1.00 24 1959 0.2912 0.1376 0.016255
196.00 C 20260821 -1.00 -1.00 1 623 0.2860 0.1208 0.014979
197.00 C 20260821 -1.00 -1.00 1 197 0.2858 0.1077 0.013773
198.00 C 20260821 -1.00 -1.00 17 143 0.2818 0.0910 0.012392
199.00 C 20260821 -1.00 -1.00 2 98 0.2954 0.0909 0.011815
200.00 C 20260821 -1.00 -1.00 8 1062 0.2781 0.0677 0.010053
205.00 C 20260821 -1.00 -1.00 2 5306 0.2819 0.0339 0.005718
210.00 C 20260821 -1.00 -1.00 14 2703 0.2908 0.0189 0.003354
215.00 C 20260821 -1.00 -1.00 1 3491 0.3164 0.0135 0.002332
220.00 C 20260821 -1.00 -1.00 1 553 0.3767 0.0200 0.002711
225.00 C 20260821 -1.00 -1.00 100 642 0.5347 0.0595 0.004690
131.00 P 20260821 -1.00 -1.00 2 15 0.6191 -0.0219 0.001803
132.00 P 20260821 -1.00 -1.00 130 131 0.6945 -0.0394 0.002604
133.00 P 20260821 -1.00 -1.00 4 28 0.7074 -0.0453 0.002877
134.00 P 20260821 -1.00 -1.00 6 35 0.5996 -0.0261 0.002169
135.00 P 20260821 -1.00 -1.00 1 458 0.5895 -0.0276 0.002303
136.00 P 20260821 -1.00 -1.00 2 18 0.5696 -0.0265 0.002315
137.00 P 20260821 -1.00 -1.00 3 72 0.5840 -0.0344 0.002767
138.00 P 20260821 -1.00 -1.00 2 13 0.5473 -0.0290 0.002584
139.00 P 20260821 -1.00 -1.00 1 234 0.5666 -0.0384 0.003119
140.00 P 20260821 -1.00 -1.00 5 1265 0.5737 -0.0443 0.003470
141.00 P 20260821 -1.00 -1.00 1 62 0.5351 -0.0388 0.003337
142.00 P 20260821 -1.00 -1.00 1 419 0.5242 -0.0404 0.003518
143.00 P 20260821 -1.00 -1.00 1 80 0.5266 -0.0455 0.003871
144.00 P 20260821 -1.00 -1.00 2 301 0.5254 -0.0497 0.004180
145.00 P 20260821 -1.00 -1.00 3 435 0.5006 -0.0477 0.004239
146.00 P 20260821 -1.00 -1.00 1 353 0.5333 -0.0626 0.004962
147.00 P 20260821 -1.00 -1.00 2 90 0.5462 -0.0750 0.005521
148.00 P 20260821 -1.00 -1.00 1 2074 0.5049 -0.0663 0.005462
149.00 P 20260821 -1.00 -1.00 1 729 0.5090 -0.0759 0.005977
150.00 P 20260821 -1.00 -1.00 2 4517 0.4822 -0.0728 0.006118
151.00 P 20260821 -1.00 -1.00 3 936 0.4791 -0.0796 0.006586
152.00 P 20260821 -1.00 -1.00 16 72 0.4840 -0.0899 0.007148
153.00 P 20260821 -1.00 -1.00 2 503 0.4702 -0.0926 0.007532
154.00 P 20260821 -1.00 -1.00 5 527 0.4645 -0.0988 0.008018
155.00 P 20260821 -1.00 -1.00 4 1404 0.4674 -0.1084 0.008580
156.00 P 20260821 -1.00 -1.00 11 2531 0.4671 -0.1170 0.009127
157.00 P 20260821 -1.00 -1.00 11 902 0.4538 -0.1224 0.009653
158.00 P 20260821 -1.00 -1.00 3 547 0.4628 -0.1398 0.010281
159.00 P 20260821 -1.00 -1.00 2 344 0.4665 -0.1541 0.010867
160.00 P 20260821 -1.00 -1.00 9 1366 0.4413 -0.1547 0.011518
163.00 P 20260821 -1.00 -1.00 4 70 0.4682 -0.2048 0.013186
164.00 P 20260821 -1.00 -1.00 5 108 0.4488 -0.2114 0.013991
165.00 P 20260821 -1.00 -1.00 23 1357 0.4545 -0.2307 0.014393
166.00 P 20260821 -1.00 -1.00 3 54 0.4367 -0.2396 0.015263
167.00 P 20260821 -1.00 -1.00 1 55 0.4206 -0.2499 0.016184
168.00 P 20260821 -1.00 -1.00 4 215 0.4191 -0.2670 0.016802
169.00 P 20260821 -1.00 -1.00 14 38 0.4398 -0.2920 0.016788
170.00 P 20260821 -1.00 -1.00 17 3185 0.4204 -0.3031 0.017926
171.00 P 20260821 -1.00 -1.00 1 2 0.4084 -0.3175 0.018938
172.00 P 20260821 -1.00 -1.00 1 1 0.4114 -0.3378 0.019308
172.50 P 20260821 -1.00 -1.00 6 7 0.4116 -0.3481 0.019438
173.00 P 20260821 -1.00 -1.00 5 7 0.4228 -0.3609 0.019089
174.00 P 20260821 -1.00 -1.00 7 89 0.4178 -0.3800 0.019578
175.00 P 20260821 -1.00 -1.00 88 1304 0.4537 -0.4044 0.018329
176.00 P 20260821 -1.00 -1.00 10 599 0.4378 -0.4219 0.019231
177.00 P 20260821 -1.00 -1.00 18 69 0.4314 -0.4411 0.019774
177.50 P 20260821 -1.00 -1.00 15 20 0.4153 -0.4508 0.020673
178.00 P 20260821 -1.00 -1.00 13 359 0.4317 -0.4608 0.020026
179.00 P 20260821 -1.00 -1.00 41 181 0.4269 -0.4808 0.020341
180.00 P 20260821 -1.00 -1.00 716 3202 0.4424 -0.4987 0.019530
181.00 P 20260821 -1.00 -1.00 9 241 0.4257 -0.5200 0.020191
182.00 P 20260821 -1.00 -1.00 7 911 0.4092 -0.5430 0.020889
183.00 P 20260821 -1.00 -1.00 5 1078 0.4205 -0.5605 0.020229
184.00 P 20260821 -1.00 -1.00 1 318 0.4173 -0.5815 0.020282
185.00 P 20260821 -1.00 -1.00 26 942 0.4258 -0.5986 0.019788
186.00 P 20260821 -1.00 -1.00 600 788 0.4446 -0.6113 0.018883
187.00 P 20260821 -1.00 -1.00 4 64 0.4296 -0.6341 0.019140
188.00 P 20260821 -1.00 -1.00 4 38 0.4313 -0.6501 0.018682
189.00 P 20260821 -1.00 -1.00 2 62 0.4346 -0.6654 0.018186
190.00 P 20260821 -1.00 -1.00 10 2730 0.4466 -0.6762 0.017442
191.00 P 20260821 -1.00 -1.00 1 72 0.4453 -0.6931 0.017116
192.00 P 20260821 -1.00 -1.00 2 11 0.4514 -0.7061 0.016597
193.00 P 20260821 -1.00 -1.00 10 12 0.4588 -0.7179 0.016067
194.00 P 20260821 -1.00 -1.00 9 9 0.4676 -0.7286 0.015536
195.00 P 20260821 -1.00 -1.00 6 1111 0.4851 -0.7338 0.014861
196.00 P 20260821 -1.00 -1.00 -1 0 0.4697 -0.7563 0.014763
197.00 P 20260821 -1.00 -1.00 2 8 0.4730 -0.7661 0.014283
198.00 P 20260821 -1.00 -1.00 3 2 0.4745 -0.7769 0.013836
199.00 P 20260821 -1.00 -1.00 -1 0 0.4910 -0.7794 0.013265
200.00 P 20260821 -1.00 -1.00 2 173 0.5056 -0.7827 0.012757
205.00 P 20260821 -1.00 -1.00 4 11 0.5772 -0.7962 0.010719
210.00 P 20260821 -1.00 -1.00 1 0 0.6674 -0.7969 0.009220
215.00 P 20260821 -1.00 -1.00 65 0 0.7116 -0.8154 0.008188
220.00 P 20260821 -1.00 -1.00 1 0 0.7582 -0.8300 0.007347
225.00 P 20260821 -1.00 -1.00 1 0 0.8143 -0.8381 0.006666
110.00 C 20260731 -1.00 -1.00 1 1 -1.0000 -1.0000 -1.000000
115.00 C 20260731 -1.00 -1.00 14 100 -1.0000 -1.0000 -1.000000
120.00 C 20260731 -1.00 -1.00 -1 0 -1.0000 -1.0000 -1.000000
125.00 C 20260731 -1.00 -1.00 -1 0 -1.0000 -1.0000 -1.000000
130.00 C 20260731 -1.00 -1.00 58 280 -1.0000 -1.0000 -1.000000
110.00 P 20260731 -1.00 -1.00 1 139 2.0242 -0.0101 0.000673
115.00 P 20260731 -1.00 -1.00 290 840 1.8642 -0.0115 0.000816
120.00 P 20260731 -1.00 -1.00 1 7 1.8514 -0.0194 0.001295
125.00 P 20260731 -1.00 -1.00 110 274 1.6002 -0.0169 0.001324
130.00 P 20260731 -1.00 -1.00 2 208 1.5171 -0.0224 0.001795
110.00 C 20260807 -1.00 -1.00 -1 0 -1.0000 -1.0000 -1.000000
115.00 C 20260807 -1.00 -1.00 -1 0 -1.0000 -1.0000 -1.000000
120.00 C 20260807 -1.00 -1.00 -1 0 -1.0000 -1.0000 -1.000000
125.00 C 20260807 -1.00 -1.00 -1 0 -1.0000 -1.0000 -1.000000
130.00 C 20260807 -1.00 -1.00 -1 0 -1.0000 -1.0000 -1.000000
110.00 P 20260807 -1.00 -1.00 -1 0 1.2804 -0.0111 0.000718
115.00 P 20260807 -1.00 -1.00 19 19 1.1881 -0.0131 0.000893
120.00 P 20260807 -1.00 -1.00 -1 0 1.0998 -0.0154 0.001110
125.00 P 20260807 -1.00 -1.00 1 253 0.9890 -0.0160 0.001272
130.00 P 20260807 -1.00 -1.00 1 160 0.8899 -0.0173 0.001512
110.00 C 20260814 -1.00 -1.00 -1 0 -1.0000 -1.0000 -1.000000
115.00 C 20260814 -1.00 -1.00 -1 0 -1.0000 -1.0000 -1.000000
120.00 C 20260814 -1.00 -1.00 -1 0 -1.0000 -1.0000 -1.000000
125.00 C 20260814 -1.00 -1.00 -1 0 -1.0000 -1.0000 -1.000000
130.00 C 20260814 -1.00 -1.00 -1 0 -1.0000 -1.0000 -1.000000
110.00 P 20260814 -1.00 -1.00 -1 0 1.0288 -0.0125 0.000782
115.00 P 20260814 -1.00 -1.00 -1 0 0.9558 -0.0146 0.000963
120.00 P 20260814 -1.00 -1.00 -1 0 0.9406 -0.0216 0.001379
125.00 P 20260814 -1.00 -1.00 28 173 0.7953 -0.0175 0.001350
130.00 P 20260814 -1.00 -1.00 266 133 0.6995 -0.0169 0.001488
110.00 C 20260821 -1.00 -1.00 1 7 -1.0000 -1.0000 -1.000000
115.00 C 20260821 -1.00 -1.00 4 223 -1.0000 -1.0000 -1.000000
120.00 C 20260821 -1.00 -1.00 3 60 -1.0000 -1.0000 -1.000000
125.00 C 20260821 -1.00 -1.00 2 29 -1.0000 -1.0000 -1.000000
130.00 C 20260821 -1.00 -1.00 2 17 -1.0000 -1.0000 -1.000000
110.00 P 20260821 -1.00 -1.00 2 225 0.9610 -0.0193 0.001041
115.00 P 20260821 -1.00 -1.00 2 43 0.8227 -0.0154 0.000994
120.00 P 20260821 -1.00 -1.00 1 99 0.7242 -0.0137 0.001021
125.00 P 20260821 -1.00 -1.00 3 497 0.6986 -0.0198 0.001462
130.00 P 20260821 -1.00 -1.00 2 680 0.6810 -0.0296 0.002103
230.00 C 20260731 -1.00 -1.00 20 40 1.1270 0.0237 0.002495
235.00 C 20260731 -1.00 -1.00 -1 0 1.1243 0.0138 0.001597
240.00 C 20260731 -1.00 -1.00 1 1 -1.0000 -1.0000 -1.000000
245.00 C 20260731 -1.00 -1.00 -1 0 -1.0000 -1.0000 -1.000000
230.00 P 20260731 -1.00 -1.00 3 0 2.0404 -0.8472 0.005974
235.00 P 20260731 -1.00 -1.00 -1 0 2.1312 -0.8546 0.005503
240.00 P 20260731 -1.00 -1.00 -1 0 2.1391 -0.8716 0.005003
245.00 P 20260731 -1.00 -1.00 -1 0 2.4121 -0.8552 0.004835
230.00 C 20260807 -1.00 -1.00 -1 0 -1.0000 -1.0000 -1.000000
235.00 C 20260807 -1.00 -1.00 -1 0 -1.0000 -1.0000 -1.000000
240.00 C 20260807 -1.00 -1.00 -1 0 0.7426 0.0131 0.001435
245.00 C 20260807 -1.00 -1.00 -1 0 -1.0000 -1.0000 -1.000000
230.00 P 20260807 -1.00 -1.00 -1 0 1.2361 -0.8550 0.005969
235.00 P 20260807 -1.00 -1.00 -1 0 1.3014 -0.8607 0.005497
240.00 P 20260807 -1.00 -1.00 -1 0 1.3964 -0.8596 0.005143
245.00 P 20260807 -1.00 -1.00 -1 0 1.4356 -0.8687 0.004763
230.00 C 20260814 -1.00 -1.00 -1 0 -1.0000 -1.0000 -1.000000
235.00 C 20260814 -1.00 -1.00 -1 0 -1.0000 -1.0000 -1.000000
240.00 C 20260814 -1.00 -1.00 -1 0 -1.0000 -1.0000 -1.000000
245.00 C 20260814 -1.00 -1.00 -1 0 -1.0000 -1.0000 -1.000000
230.00 P 20260814 -1.00 -1.00 -1 0 1.0127 -0.8456 0.006060
235.00 P 20260814 -1.00 -1.00 -1 0 1.0640 -0.8514 0.005597
240.00 P 20260814 -1.00 -1.00 -1 0 1.1144 -0.8566 0.005201
245.00 P 20260814 -1.00 -1.00 -1 0 1.1697 -0.8598 0.004870
230.00 C 20260821 -1.00 -1.00 30 367 0.4430 0.0163 0.001950
235.00 C 20260821 -1.00 -1.00 2 13 0.4996 0.0215 0.002172
240.00 C 20260821 -1.00 -1.00 3 159 0.5708 0.0292 0.002470
245.00 C 20260821 -1.00 -1.00 4 8 0.5611 0.0186 0.001714
250.00 C 20260821 -1.00 -1.00 10 12 0.5399 0.0105 0.001084
230.00 P 20260821 -1.00 -1.00 1 0 0.8854 -0.8381 0.006129
235.00 P 20260821 -1.00 -1.00 -1 0 0.9150 -0.8493 0.005649
240.00 P 20260821 -1.00 -1.00 1 0 0.9580 -0.8545 0.005253
245.00 P 20260821 -1.00 -1.00 -1 0 1.0001 -0.8592 0.004911
250.00 P 20260821 -1.00 -1.00 -1 0 1.0362 -0.8648 0.004603
