1785830400 1660.5500 1671.0000 1660.5500 1671.0000 0
1785830460 1671.3000 1674.3600 1671.3000 1674.3600 0
1785830520 1675.0000 1675.0000 1674.4399 1674.4399 0
1785830580 1675.2500 1678.0000 1675.2500 1678.0000 0
1785830640 1676.2700 1676.2700 1676.2700 1676.2700 0
1785830760 1678.2100 1678.2100 1678.0000 1678.0000 0
1785830880 1679.0000 1679.0000 1679.0000 1679.0000 0
1785830940 1680.0000 1680.9600 1680.0000 1680.9600 0
1785831000 1679.0000 1679.0000 1679.0000 1679.0000 0
1785831240 1676.2700 1676.2700 1676.2700 1676.2700 0
1785831720 1677.6000 1677.6000 1674.8800 1674.8800 0
1785831780 1676.3800 1676.3800 1676.0900 1676.0900 0
1785831840 1675.4900 1675.4900 1675.4900 1675.4900 0
1785831960 1675.0000 1675.0000 1675.0000 1675.0000 0
1785832020 1676.0000 1676.0000 1676.0000 1676.0000 0
1785832080 1676.0000 1676.0000 1676.0000 1676.0000 0
1785832140 1678.0800 1678.0800 1678.0800 1678.0800 0
1785832200 1677.7500 1677.7500 1677.7500 1677.7500 0
1785832500 1676.0000 1676.0000 1676.0000 1676.0000 0
1785832620 1675.4500 1676.5100 1675.4500 1676.5100 0
1785832680 1674.9900 1674.9900 1674.9900 1674.9900 0
1785832740 1675.9900 1675.9900 1675.9900 1675.9900 0
1785832800 1675.7100 1675.7100 1675.7100 1675.7100 0
1785832920 1676.9301 1676.9301 1676.2400 1676.2400 0
1785833100 1675.7800 1675.7800 1675.4900 1675.4900 0
1785833280 1676.6100 1677.7200 1676.6100 1677.7200 0
1785833580 1676.2700 1676.2700 1675.0000 1675.0000 0
1785833700 1672.8400 1673.2500 1672.8400 1673.2500 0
1785833760 1671.6000 1672.7500 1671.6000 1672.3500 0
1785833880 1671.5400 1671.5400 1670.0000 1670.0000 0
1785833940 1670.0000 1671.0000 1670.0000 1671.0000 0
1785834000 1671.0000 1671.0000 1671.0000 1671.0000 0
1785834120 1671.0500 1671.0500 1671.0500 1671.0500 0
1785834480 1668.5900 1668.5900 1668.5900 1668.5900 0
1785834540 1668.2000 1668.2000 1668.2000 1668.2000 0
1785834660 1666.7900 1666.7900 1666.7000 1666.7000 0
1785834780 1663.0300 1663.0300 1662.0699 1662.0699 0
1785834840 1663.2000 1663.4600 1663.2000 1663.4600 0
1785834900 1663.5699 1663.5699 1662.3500 1662.3500 0
1785834960 1662.0000 1662.0000 1660.3600 1660.3600 0
1785835500 1661.7800 1661.7800 1661.7800 1661.7800 0
1785835620 1663.8700 1663.8700 1663.8700 1663.8700 0
1785835740 1664.2900 1664.5000 1664.2900 1664.5000 0
1785835920 1666.7700 1666.7700 1666.7700 1666.7700 0
1785836520 1669.5800 1669.5800 1669.5800 1669.5800 0
1785836640 1669.7100 1669.7100 1669.5699 1669.5699 0
1785836700 1669.6700 1669.6899 1669.6700 1669.6899 0
1785837060 1668.4900 1668.4900 1668.2800 1668.2800 0
1785837120 1668.4200 1668.4200 1668.4200 1668.4200 0
1785837240 1668.0000 1668.0000 1668.0000 1668.0000 0
1785837600 1668.6801 1668.6801 1668.6801 1668.6801 0
1785837960 1669.2300 1671.0000 1669.2300 1671.0000 0
1785838020 1670.4500 1670.4500 1669.7200 1669.7200 0
1785838080 1670.6801 1671.1500 1670.6801 1671.1500 0
1785838140 1671.6400 1672.0000 1670.7400 1670.7400 0
1785838200 1670.0200 1670.0200 1670.0200 1670.0200 0
1785838260 1669.0100 1669.0100 1669.0100 1669.0100 0
1785838500 1671.3600 1673.1100 1671.3600 1673.1100 0
1785838560 1672.7300 1672.7300 1672.7300 1672.7300 0
1785838620 1670.5000 1670.5000 1670.5000 1670.5000 0
1785838680 1671.9800 1671.9800 1671.7400 1671.7400 0
1785838800 1671.8500 1671.8500 1671.8500 1671.8500 0
1785838980 1672.8700 1672.8700 1672.8700 1672.8700 0
1785839100 1674.6500 1674.6500 1674.6500 1674.6500 0
1785839220 1674.4500 1675.4100 1674.4500 1675.0000 0
1785839280 1674.3900 1674.3900 1674.3900 1674.3900 0
1785839400 1676.5000 1676.5000 1675.9399 1676.4700 0
1785839580 1678.0000 1678.1801 1677.9200 1677.9200 0
1785839640 1677.4900 1677.4900 1677.4900 1677.4900 0
1785839700 1677.6200 1677.6200 1677.6200 1677.6200 0
1785839760 1677.2000 1677.2000 1677.2000 1677.2000 0
1785839820 1675.7700 1675.7700 1675.7700 1675.7700 0
1785840060 1676.6801 1676.6801 1676.6801 1676.6801 0
1785840180 1673.7700 1674.0400 1673.7700 1674.0400 0
1785840240 1675.7500 1679.0900 1675.7500 1679.0900 0
1785840300 1679.5000 1680.0000 1679.5000 1679.8500 0
1785840360 1682.0000 1682.0000 1682.0000 1682.0000 0
1785840420 1680.8199 1680.8199 1680.3300 1680.3300 0
1785840480 1683.0000 1683.0000 1681.9500 1681.9500 0
1785840540 1681.4399 1681.4399 1681.4399 1681.4399 0
1785840600 1682.2500 1682.2500 1681.2700 1681.6300 0
1785840660 1680.0000 1680.0000 1680.0000 1680.0000 0
1785840780 1680.6801 1680.6801 1680.5200 1680.5200 0
1785840840 1678.9200 1680.2400 1678.9200 1680.2400 0
1785840960 1680.2400 1680.2400 1679.4100 1679.4100 0
1785841020 1678.8900 1678.8900 1678.8900 1678.8900 0
1785841140 1681.0000 1681.0000 1681.0000 1681.0000 0
1785841200 1683.4301 1685.0000 1683.4301 1683.5100 0
1785841260 1683.0900 1684.4500 1683.0601 1684.4500 0
1785841320 1682.4399 1684.0200 1682.4399 1684.0200 0
1785841380 1684.6400 1685.0699 1684.4600 1685.0000 0
1785841440 1685.0000 1685.0000 1684.5900 1684.7600 0
1785841560 1684.1200 1684.1200 1684.1200 1684.1200 0
1785841740 1685.4399 1685.4399 1685.4399 1685.4399 0
1785841860 1682.6899 1682.6899 1682.6899 1682.6899 0
1785841920 1682.3000 1682.3000 1682.3000 1682.3000 0
1785842040 1684.8500 1684.8500 1684.8500 1684.8500 0
1785842280 1684.3700 1684.3700 1684.3700 1684.3700 0
1785842340 1685.0200 1685.4200 1685.0200 1685.4200 0
1785842400 1684.5000 1684.7500 1684.5000 1684.7500 0
1785842460 1685.7700 1686.2200 1685.7700 1686.2200 0
1785842520 1686.3000 1686.3000 1685.7000 1685.7000 0
1785842640 1683.5000 1683.5000 1683.5000 1683.5000 0
1785842880 1683.8300 1684.2900 1683.8300 1684.2900 0
1785842940 1685.4301 1685.6500 1685.4301 1685.6500 0
1785843060 1684.8101 1684.8101 1684.8101 1684.8101 0
1785843120 1685.1600 1685.1600 1685.0000 1685.0000 0
1785843180 1684.8300 1684.8300 1684.2700 1684.5601 0
1785843240 1683.6500 1684.1801 1683.6500 1684.1801 0
1785843360 1683.9399 1683.9399 1683.3400 1683.3400 0
1785843420 1681.3000 1681.5200 1681.3000 1681.5200 0
1785843480 1681.8800 1681.8800 1681.2500 1681.2500 0
1785843540 1681.9200 1681.9200 1681.5601 1681.5601 0
1785843600 1680.6899 1680.6899 1680.2200 1680.2200 0
1785843660 1680.0000 1680.0000 1680.0000 1680.0000 0
1785843780 1684.2400 1686.5500 1684.2400 1686.5500 0
1785843840 1684.2600 1685.0000 1683.9600 1685.0000 0
1785843900 1686.8700 1686.8700 1686.6700 1686.6700 0
1785843960 1687.2100 1687.2900 1687.2100 1687.2900 0
1785844020 1687.3900 1688.0000 1687.3900 1687.8700 0
1785844080 1688.8800 1688.8800 1688.0900 1688.1500 0
1785844140 1689.0000 1689.0000 1689.0000 1689.0000 0
1785844200 1689.7600 1690.1200 1689.0000 1689.0000 0
1785844260 1688.8101 1692.0100 1688.8101 1692.0100 0
1785844320 1690.9100 1690.9100 1690.6600 1690.6600 0
1785844380 1690.2600 1690.2600 1690.2600 1690.2600 0
1785844500 1692.1500 1693.0000 1691.5000 1693.0000 0
1785844560 1692.0000 1692.0000 1692.0000 1692.0000 0
1785844620 1691.3900 1691.8000 1691.3900 1691.8000 0
1785844680 1691.0000 1691.0000 1691.0000 1691.0000 0
1785844800 1691.1801 1691.1801 1690.9500 1690.9500 0
1785844920 1691.1700 1691.1700 1691.0000 1691.0000 0
1785844980 1691.2400 1691.2400 1691.2400 1691.2400 0
1785845040 1691.3600 1691.3600 1691.3600 1691.3600 0
1785845100 1692.0500 1692.0500 1692.0500 1692.0500 0
1785845160 1691.0000 1691.0000 1691.0000 1691.0000 0
1785845340 1690.0000 1690.0000 1690.0000 1690.0000 0
1785845460 1689.7000 1689.7000 1689.7000 1689.7000 0
1785845580 1688.5800 1688.5800 1688.5800 1688.5800 0
1785845640 1689.6801 1689.6801 1687.9900 1688.5800 0
1785845700 1689.1500 1689.1500 1689.1500 1689.1500 0
1785845760 1689.0800 1689.8900 1688.5900 1688.5900 0
1785845820 1688.8000 1690.1400 1688.8000 1690.1400 0
1785845880 1690.5000 1691.1000 1690.5000 1691.1000 0
1785845940 1691.6899 1693.6300 1691.1700 1693.6300 0
1785846000 1693.6000 1693.6000 1693.6000 1693.6000 0
1785846060 1693.6000 1693.6000 1693.3700 1693.3700 0
1785846120 1693.0800 1693.0800 1693.0800 1693.0800 0
1785846180 1693.3300 1693.3300 1693.3300 1693.3300 0
1785846420 1693.2700 1693.2700 1693.2700 1693.2700 0
1785846540 1695.0000 1695.0000 1695.0000 1695.0000 0
1785846660 1693.7600 1693.7600 1692.4399 1692.6100 0
1785846720 1692.0800 1692.0800 1692.0800 1692.0800 0
1785846840 1692.6300 1692.6300 1692.6300 1692.6300 0
1785846900 1692.9500 1692.9500 1692.6700 1692.6700 0
1785847020 1693.1100 1693.1100 1693.1100 1693.1100 0
1785847140 1692.9399 1693.8101 1692.9399 1693.7200 0
1785847200 1693.2300 1693.4500 1693.2300 1693.4500 0
1785847260 1694.0400 1694.0400 1693.8300 1693.8300 0
1785847380 1694.6801 1695.0000 1694.6801 1695.0000 0
1785847500 1693.9200 1693.9200 1693.9200 1693.9200 0
1785847620 1694.0000 1694.0000 1694.0000 1694.0000 0
1785847860 1692.5900 1692.5900 1692.5000 1692.5000 0
1785847920 1692.9600 1692.9600 1692.8300 1692.8300 0
1785847980 1691.9700 1691.9700 1691.9700 1691.9700 0
1785848040 1691.7600 1692.1500 1691.3900 1692.1500 0
1785848100 1691.5400 1691.5400 1691.5400 1691.5400 0
1785848160 1693.0000 1693.0000 1693.0000 1693.0000 0
1785848220 1695.0000 1695.0000 1694.6000 1694.6000 0
1785848280 1692.8700 1694.1300 1692.8700 1694.1300 0
1785848400 1693.5800 1693.9100 1693.3000 1693.3000 0
1785848460 1692.8400 1692.8400 1692.8400 1692.8400 0
1785848520 1693.9100 1695.6700 1693.9100 1694.9399 0
1785848580 1695.6801 1695.8800 1695.6801 1695.8800 0
1785848640 1695.7500 1695.7500 1695.7500 1695.7500 0
1785849540 1695.7500 1695.7522 1695.7500 1695.7500 0
1785849600 1695.9252 1695.9252 1695.7543 1695.9252 0
1785850080 1695.9437 1695.9983 1695.9437 1695.9620 0
1785850200 1696.0162 1698.0869 1696.0162 1698.0851 0
1785850260 1698.0887 1698.2468 1698.0887 1698.2458 0
1785850320 1698.2473 1698.3630 1698.1122 1698.3630 0
1785850380 1698.3685 1698.7429 1698.3685 1698.6493 0
1785850440 1698.6436 1698.6436 1698.1791 1698.1791 0
1785850500 1698.1772 1699.2596 1698.0880 1699.2596 0
1785850560 1699.3048 1702.1296 1699.3048 1701.6810 0
1785850620 1701.6752 1701.6752 1700.8560 1700.9010 0
1785850680 1700.9019 1701.1215 1700.9019 1701.0535 0
1785850740 1701.0461 1701.0461 1700.8101 1700.8101 0
1785850800 1700.8085 1701.2200 1700.7994 1701.2200 0
1785850860 1701.2112 1701.4279 1701.0891 1701.4232 0
1785850920 1701.4326 1701.7220 1701.4326 1701.5565 0
1785850980 1701.5540 1701.5566 1699.0756 1699.0756 0
1785851040 1699.0544 1699.0544 1697.7690 1698.5383 0
1785851100 1698.5450 1698.5831 1695.8828 1697.0870 0
1785851160 1697.2476 1699.5789 1697.2476 1699.3739 0
1785851220 1699.3682 1700.3026 1698.5258 1698.8688 0
1785851280 1698.7069 1698.7069 1695.7024 1696.0337 0
1785851340 1696.0815 1696.6538 1694.8461 1694.8525 0
1785851400 1694.8397 1695.8798 1694.7419 1695.8798 0
1785851460 1695.8829 1696.7905 1695.8829 1696.4348 0
1785851520 1696.4087 1696.4087 1693.7909 1693.8112 0
1785851580 1693.8160 1696.4744 1693.8160 1696.3708 0
1785851640 1696.3641 1696.3641 1695.6315 1695.6412 0
1785851700 1695.6432 1697.4404 1695.5858 1697.4253 0
1785851760 1697.4553 1699.1565 1697.4553 1699.1565 0
1785851820 1699.1705 1702.9202 1699.1705 1702.9202 0
1785851880 1702.9430 1704.9141 1702.9430 1704.8539 0
1785851940 1704.9338 1705.9558 1704.9338 1705.1295 0
1785852000 1705.1141 1705.1141 1704.3496 1704.7136 0
1785852060 1704.7048 1706.5695 1704.6389 1706.5665 0
1785852120 1706.5664 1706.5664 1706.1307 1706.1307 0
1785852180 1706.1368 1707.4354 1706.1368 1707.4354 0
1785852240 1707.4659 1708.8311 1707.4659 1708.8311 0
1785852300 1708.8344 1710.1525 1708.8344 1710.0879 0
1785852360 1710.0603 1710.0603 1708.3365 1708.3365 0
1785852420 1708.3224 1708.3224 1707.6022 1708.1869 0
1785852480 1708.2026 1708.4977 1707.7076 1707.7462 0
1785852540 1707.7509 1708.5400 1707.7509 1708.5212 0
1785852600 1708.5586 1708.8271 1708.4321 1708.4355 0
1785852660 1708.4288 1708.4288 1702.8647 1703.0759 0
1785852720 1703.0846 1704.1277 1703.0846 1704.1239 0
1785852780 1704.1316 1704.4882 1704.1316 1704.3246 0
1785852840 1704.3064 1704.3064 1702.1957 1702.1957 0
1785852900 1702.1604 1702.1604 1699.7621 1699.7745 0
1785852960 1699.7498 1699.7498 1698.4854 1698.9746 0
1785853020 1698.9994 1700.6000 1698.9994 1700.5912 0
1785853080 1700.6044 1701.2078 1700.6044 1701.2078 0
1785853140 1701.2148 1701.7617 1701.2148 1701.7456 0
1785853200 1701.7693 1703.2538 1701.7693 1703.2538 0
1785853260 1703.2567 1703.3076 1702.4492 1702.4492 0
1785853320 1702.4269 1702.4269 1701.3601 1701.3601 0
1785853380 1701.3597 1701.3597 1700.1235 1700.1235 0
1785853440 1700.1051 1700.1051 1698.4064 1698.4199 0
1785853500 1698.3929 1698.3929 1696.3983 1696.4023 0
1785853560 1696.3962 1696.5197 1696.3673 1696.4869 0
1785853620 1696.4884 1696.8309 1696.4884 1696.8309 0
1785853680 1696.8407 1697.0612 1696.8407 1697.0151 0
1785853740 1696.9843 1696.9843 1696.5114 1696.5983 0
1785853800 1696.6038 1696.9650 1696.6038 1696.9650 0
1785853860 1696.9679 1697.1597 1696.8727 1696.9158 0
1785853920 1696.8500 1696.8500 1694.8419 1694.8419 0
1785853980 1694.8278 1694.8278 1693.5198 1693.5198 0
1785854040 1693.4978 1693.4978 1691.9156 1691.9156 0
1785854100 1691.9053 1691.9053 1690.5743 1690.5941 0
1785854160 1690.5547 1690.5547 1689.7538 1689.7560 0
1785854220 1689.7516 1689.9689 1689.6754 1689.9529 0
1785854280 1689.9768 1689.9973 1689.3344 1689.5017 0
1785854340 1689.5175 1689.6062 1689.3373 1689.3373 0
1785854400 1689.3257 1689.5802 1689.1732 1689.5802 0
1785854460 1689.5994 1690.6006 1689.5994 1690.6006 0
1785854520 1690.6149 1691.2557 1690.6149 1691.2379 0
1785854580 1691.2734 1692.7871 1691.2734 1692.7871 0
1785854640 1692.7887 1692.7949 1692.4502 1692.4502 0
1785854700 1692.4458 1692.4458 1691.8927 1691.9167 0
1785854760 1691.8826 1692.1350 1691.6171 1692.1350 0
1785854820 1692.1475 1692.2311 1692.0951 1692.1469 0
1785854880 1692.1674 1692.6702 1692.1674 1692.4475 0
1785854940 1692.4491 1692.4635 1692.2457 1692.2698 0
1785855000 1692.2219 1692.2219 1691.1963 1691.2186 0
1785855060 1691.1854 1691.1854 1691.0906 1691.1005 0
1785855120 1691.0857 1691.0857 1690.9065 1690.9376 0
1785855180 1690.9395 1691.6145 1690.9006 1691.6006 0
1785855240 1691.6222 1691.6881 1691.6222 1691.6310 0
1785855300 1691.6277 1691.9281 1691.5853 1691.9281 0
1785855360 1691.9335 1691.9771 1691.9326 1691.9482 0
1785855420 1691.9502 1692.1245 1691.9502 1692.1245 0
1785855480 1692.1272 1692.2434 1692.1272 1692.2417 0
1785855540 1692.2450 1692.6780 1692.2450 1692.6685 0
1785855600 1692.6875 1693.3114 1692.6875 1693.3114 0
1785855660 1693.3181 1693.5693 1693.3181 1693.5591 0
1785855720 1693.5796 1693.9855 1693.5796 1693.9393 0
1785855780 1694.0031 1694.1144 1693.7975 1693.8009 0
1785855840 1693.8008 1693.8088 1693.5590 1693.5590 0
1785855900 1693.5551 1693.5551 1692.7678 1692.7745 0
1785855960 1692.7611 1692.7611 1692.6160 1692.6268 0
1785856020 1692.6218 1693.0610 1692.6141 1693.0364 0
1785856080 1693.0856 1694.2069 1693.0856 1694.1968 0
1785856140 1694.2118 1694.3612 1694.2118 1694.3612 0
1785856200 1694.3485 1694.3485 1693.6763 1693.7021 0
1785856260 1693.6506 1693.6506 1692.9093 1692.9093 0
1785856320 1692.9041 1692.9041 1692.6610 1692.6610 0
1785856380 1692.6578 1692.6578 1692.1355 1692.1355 0
1785856440 1692.1305 1693.2195 1692.0737 1693.2195 0
1785856500 1693.2360 1694.4292 1693.2360 1694.4170 0
1785856560 1694.4413 1695.1960 1694.4413 1695.1960 0
1785856620 1695.2067 1695.7484 1695.2067 1695.7484 0
1785856680 1695.7522 1698.7252 1695.7522 1698.7252 0
1785856740 1698.7166 1698.8835 1698.7166 1698.8835 0
1785856800 1698.8955 1699.0939 1698.8955 1699.0663 0
1785856860 1699.0653 1699.6427 1699.0643 1699.6306 0
1785856920 1699.6547 1700.4529 1699.6547 1700.4529 0
1785856980 1700.4540 1700.5068 1699.2798 1699.4940 0
1785857040 1699.4844 1699.4844 1699.0092 1699.0225 0
1785857100 1699.0253 1699.0394 1698.9225 1698.9225 0
1785857160 1698.9208 1699.0304 1698.8975 1699.0304 0
1785857220 1699.0320 1699.9293 1699.0320 1699.9293 0
1785857280 1699.9393 1700.6254 1699.9393 1700.6254 0
1785857340 1700.6340 1700.7550 1700.4164 1700.4194 0
1785857400 1700.4148 1700.4271 1700.1375 1700.1375 0
1785857460 1700.1299 1700.1299 1699.8374 1699.8489 0
1785857520 1699.8260 1699.8260 1699.3339 1699.3713 0
1785857580 1699.3215 1699.3215 1699.0703 1699.0706 0
1785857640 1699.0702 1699.5873 1699.0698 1699.5205 0
1785857700 1699.5930 1699.8103 1696.3771 1697.0188 0
1785857760 1697.0723 1697.8497 1697.0723 1697.8099 0
1785857820 1697.8624 1698.4030 1697.8624 1698.4030 0
1785857880 1698.4058 1698.4395 1698.3873 1698.3900 0
1785857940 1698.3859 1698.3859 1698.3212 1698.3295 0
1785858000 1698.3170 1698.4706 1698.3010 1698.4645 0
1785858060 1698.4718 1698.4937 1698.4718 1698.4734 0
1785858120 1698.4695 1698.5685 1698.4695 1698.5685 0
1785858180 1698.5685 1698.5896 1698.5615 1698.5721 0
1785858240 1698.5576 1698.5576 1698.0356 1698.2264 0
1785858300 1698.0216 1698.0216 1697.7437 1697.7668 0
1785858360 1697.7323 1697.7323 1697.6079 1697.6102 0
1785858420 1697.6057 1697.6057 1697.3568 1697.3649 0
1785858480 1697.3488 1697.3488 1696.7263 1696.9233 0
1785858540 1696.7026 1696.7026 1695.9515 1696.5479 0
1785858600 1695.9437 1695.9437 1695.8282 1695.8282 0
1785858660 1695.8280 1695.8925 1695.8270 1695.8906 0
1785858720 1695.8905 1695.9318 1695.8899 1695.9318 0
1785858780 1695.9370 1696.1035 1695.9370 1696.1035 0
1785858840 1696.1113 1696.5533 1696.1113 1696.5533 0
1785858900 1696.5692 1697.1906 1696.5692 1697.1906 0
1785858960 1697.2009 1697.2614 1697.1886 1697.1886 0
1785859020 1697.1858 1697.2170 1697.1830 1697.2170 0
1785859080 1697.2180 1697.3092 1697.2180 1697.3092 0
1785859140 1697.3138 1697.5549 1697.3138 1697.5399 0
1785859200 1697.5697 1698.4125 1697.5697 1698.4125 0
1785859260 1698.4187 1698.5369 1698.4187 1698.5311 0
1785859320 1698.5260 1698.5260 1698.0522 1698.4624 0
1785859380 1698.0598 1698.1589 1698.0598 1698.1531 0
1785859440 1698.1617 1698.2095 1698.1617 1698.2026 0
1785859500 1698.2015 1698.3315 1698.1954 1698.3315 0
1785859560 1698.3334 1698.3679 1698.0669 1698.0752 0
1785859620 1698.0585 1698.0585 1697.8168 1697.8168 0
1785859680 1697.8157 1697.8793 1697.8075 1697.8685 0
1785859740 1697.8810 1697.9227 1697.8810 1697.9227 0
1785859800 1697.9242 1697.9308 1697.7207 1697.7209 0
1785859860 1697.7206 1697.7206 1697.7186 1697.7186 0
1785859920 1697.7185 1697.7185 1697.3582 1697.3873 0
1785859980 1697.3452 1697.3452 1697.0779 1697.0779 0
1785860040 1697.0648 1697.0648 1696.7440 1696.7979 0
1785860100 1696.7294 1696.7294 1696.4622 1696.6057 0
1785860160 1696.6376 1696.8973 1696.6376 1696.8973 0
1785860220 1696.9108 1697.0508 1695.7465 1695.9515 0
1785860280 1695.9945 1696.3401 1695.9945 1696.3401 0
1785860340 1696.3552 1696.9442 1696.3552 1696.8989 0
1785860400 1696.9565 1697.2346 1696.9565 1697.2346 0
1785860460 1697.2316 1697.2632 1697.0951 1697.2618 0
1785860520 1697.1005 1697.1005 1696.9500 1696.9656 0
1785860580 1696.9460 1696.9460 1696.8893 1696.8926 0
1785860640 1696.8860 1696.8860 1696.6813 1696.7581 0
1785860700 1696.6658 1696.6658 1694.8632 1694.8762 0
1785860760 1694.8573 1694.8573 1694.7045 1694.7594 0
1785860820 1694.6910 1694.6910 1694.4891 1694.4993 0
1785860880 1694.4790 1694.4790 1694.3488 1694.4181 0
1785860940 1694.4167 1694.4167 1694.4027 1694.4027 0
1785861000 1694.4022 1694.4984 1693.9745 1694.2947 0
1785861060 1694.2729 1694.2729 1693.6725 1693.6808 0
1785861120 1693.6642 1693.6642 1693.5667 1693.5721 0
1785861180 1693.5641 1693.7240 1693.5436 1693.7240 0
1785861240 1693.7324 1694.0433 1693.7324 1694.0320 0
1785861300 1694.0490 1694.1731 1694.0490 1694.1642 0
1785861360 1694.1775 1694.3942 1694.1775 1694.3685 0
1785861420 1694.4067 1694.6111 1694.4067 1694.5945 0
1785861480 1694.6166 1694.7588 1694.6166 1694.7345 0
1785861540 1694.7354 1694.7455 1694.7295 1694.7411 0
1785861600 1694.7478 1694.7521 1694.6982 1694.6982 0
1785861660 1694.6969 1694.6969 1694.4384 1694.4384 0
1785861720 1694.4286 1694.4286 1694.3103 1694.3160 0
1785861780 1694.3076 1694.3076 1694.2581 1694.2583 0
1785861840 1694.2578 1694.2673 1694.2435 1694.2666 0
1785861900 1694.2462 1694.2462 1694.1116 1694.1133 0
1785861960 1694.1100 1694.1101 1694.0956 1694.1050 0
1785862020 1694.1136 1694.2216 1694.1136 1694.2216 0
1785862080 1694.2275 1694.3446 1694.2275 1694.3446 0
1785862140 1694.3488 1694.4713 1694.3488 1694.4479 0
1785862200 1694.4828 1694.7555 1694.4828 1694.7476 0
1785862260 1694.7565 1694.7925 1694.7565 1694.7925 0
1785862320 1694.7944 1694.8322 1694.7944 1694.8306 0
1785862380 1694.8339 1694.8339 1694.5364 1694.5424 0
1785862440 1694.5305 1694.7646 1694.4534 1694.7469 0
1785862500 1694.7699 1694.9213 1694.7699 1694.8857 0
1785862560 1694.9255 1695.0125 1694.9255 1695.0125 0
1785862620 1695.0126 1695.0773 1695.0126 1695.0631 0
1785862680 1695.0820 1695.7748 1695.0820 1695.7748 0
1785862740 1696.0247 1696.3787 1696.0247 1696.3787 0
1785862800 1696.3826 1696.5494 1696.3826 1696.5461 0
1785862860 1696.5454 1696.6986 1696.5398 1696.6986 0
1785862920 1696.7042 1696.9824 1696.7042 1696.9633 0
1785862980 1696.9918 1697.1610 1696.9918 1697.1138 0
1785863040 1697.1764 1697.3425 1697.1764 1697.3112 0
1785863100 1697.3550 1697.5618 1697.3550 1697.5609 0
1785863160 1697.5625 1697.5922 1697.5625 1697.5632 0
1785863220 1697.5967 1697.7125 1697.5967 1697.7090 0
1785863280 1697.7161 1697.7837 1697.7161 1697.7828 0
1785863340 1697.7793 1697.7856 1697.7251 1697.7251 0
1785863400 1697.7211 1697.7211 1697.5537 1697.5537 0
1785863460 1697.5490 1697.5490 1697.3420 1697.3575 0
1785863520 1697.3334 1697.3334 1697.2107 1697.2446 0
1785863580 1697.2052 1697.2052 1697.0908 1697.0924 0
1785863640 1697.0892 1697.0892 1697.0421 1697.0421 0
1785863700 1697.0635 1697.2679 1697.0635 1697.2411 0
1785863760 1697.2946 1698.1301 1697.2946 1698.1122 0
1785863820 1698.1481 1698.5074 1698.1481 1698.4877 0
1785863880 1698.5172 1698.8524 1698.5172 1698.8524 0
1785863940 1698.8604 1699.1340 1698.8604 1699.1340 0
1785864000 1699.1440 1699.4921 1699.1440 1699.4528 0
1785864060 1699.4999 1699.5304 1699.4829 1699.4984 0
1785864120 1699.5006 1699.5564 1699.5006 1699.5552 0
1785864180 1698.9813 1698.9813 1697.7164 1697.9286 0
1785864240 1697.9452 1698.3224 1697.9452 1698.3224 0
1785864300 1698.3311 1698.5249 1698.3311 1698.5109 0
1785864360 1698.5317 1698.6384 1698.5317 1698.6306 0
1785864420 1698.6422 1698.7341 1698.6422 1698.7025 0
1785864480 1698.7496 1698.8979 1698.7496 1698.8979 0
1785864540 1698.9121 1699.4747 1698.9121 1699.4640 0
1785864600 1699.4755 1699.4999 1699.4755 1699.4999 0
1785864660 1699.5004 1699.5129 1699.3446 1699.3524 0
1785864720 1699.3369 1699.3369 1699.2227 1699.2227 0
1785864780 1699.2161 1699.2161 1698.9844 1699.0176 0
1785864840 1698.9734 1700.1781 1698.7080 1700.1781 0
1785864900 1700.1531 1700.1531 1699.7594 1699.8730 0
1785864960 1699.7319 1699.7319 1699.3478 1699.3718 0
1785865020 1699.3239 1699.3239 1698.7423 1698.7423 0
1785865080 1698.7273 1698.7273 1698.1138 1698.1460 0
1785865140 1698.0978 1699.6875 1698.0051 1699.6078 0
1785865200 1699.6825 1699.6825 1699.5950 1699.5992 0
1785865260 1699.5908 1699.6255 1699.5867 1699.6255 0
1785865320 1699.6268 1700.0387 1699.6268 1700.0387 0
1785865380 1700.0469 1700.1685 1700.0469 1700.1685 0
1785865440 1700.1779 1700.3707 1700.1779 1700.2935 0
1785865500 1700.3806 1700.7043 1700.3806 1700.6785 0
1785865560 1700.6552 1700.6552 1700.4634 1700.5299 0
1785865620 1700.4523 1700.4523 1700.0276 1700.0276 0
1785865680 1700.0204 1700.0204 1699.8291 1699.8347 0
1785865740 1699.8235 1699.8235 1699.6216 1699.6216 0
1785865800 1699.6178 1699.6777 1699.5620 1699.6642 0
1785865860 1699.6844 1699.8419 1699.6844 1699.8070 0
1785865920 1699.8541 1699.9929 1699.8541 1699.9818 0
1785865980 1700.0038 1700.2125 1700.0038 1700.1942 0
1785866040 1700.2217 1700.2747 1700.2217 1700.2660 0
1785866100 1700.2832 1700.5588 1700.2832 1700.5082 0
1785866160 1700.5713 1700.7693 1700.5713 1700.7661 0
1785866220 1700.7725 1700.7787 1700.7648 1700.7755 0
1785866280 1700.7620 1700.7620 1700.7310 1700.7310 0
1785866340 1700.7285 1700.7467 1700.7144 1700.7452 0
1785866400 1700.7482 1700.9946 1700.7482 1700.9850 0
1785866460 1701.0042 1701.2139 1701.0042 1701.2139 0
1785866520 1701.2281 1701.5881 1701.2281 1701.5410 0
1785866580 1701.6110 1701.9692 1701.6110 1701.9692 0
1785866640 1701.9888 1702.5276 1701.9888 1702.5233 0
1785866700 1702.5319 1702.5686 1702.5319 1702.5575 0
1785866760 1702.5503 1702.5503 1702.3981 1702.4258 0
1785866820 1702.3881 1702.3881 1702.1411 1702.1411 0
1785866880 1702.1288 1702.1288 1701.9241 1701.9559 0
1785866940 1701.9136 1701.9136 1701.7882 1701.8235 0
1785867000 1701.7755 1701.7755 1701.4922 1701.5024 0
1785867060 1701.4821 1701.4821 1701.3229 1701.3229 0
1785867120 1701.3142 1701.3142 1701.1473 1701.1520 0
1785867180 1701.1450 1701.1450 1701.0626 1701.0725 0
1785867240 1701.0529 1701.0529 1700.7394 1700.8330 0
1785867300 1700.7139 1700.7139 1700.3408 1700.3788 0
1785867360 1700.3031 1700.3031 1699.7665 1699.7665 0
1785867420 1699.7500 1699.7500 1699.3684 1699.3816 0
1785867480 1699.3555 1699.3555 1699.1731 1699.1901 0
1785867540 1699.1654 1699.1654 1698.8021 1698.8021 0
1785867600 1698.7806 1698.7806 1698.1917 1698.2330 0
1785867660 1698.1711 1698.1711 1697.6613 1697.7216 0
1785867720 1697.6439 1697.6439 1697.5502 1697.5610 0
1785867780 1697.5396 1697.5396 1697.4010 1697.4073 0
1785867840 1697.3977 1697.3977 1697.3391 1697.3438 0
1785867900 1697.3369 1697.3369 1697.2695 1697.2695 0
1785867960 1697.2656 1697.2656 1697.2124 1697.2356 0
1785868020 1697.2157 1697.2340 1697.2157 1697.2281 0
1785868080 1697.2355 1697.3149 1697.2355 1697.3149 0
1785868140 1697.3234 1697.5660 1697.3234 1697.5409 0
1785868200 1697.5785 1697.7419 1697.5785 1697.7419 0
1785868260 1697.7529 1698.1323 1697.7529 1698.0649 0
1785868320 1698.1458 1698.4219 1698.1458 1698.3767 0
1785868380 1698.4442 1699.1775 1698.4442 1699.1775 0
1785868440 1699.1937 1700.2069 1699.1937 1700.2069 0
1785868500 1700.2134 1700.4569 1700.2134 1700.4569 0
1785868560 1700.4612 1700.5371 1700.4612 1700.5311 0
1785868620 1700.5402 1700.5920 1700.5402 1700.5870 0
1785868680 1700.5946 1700.6444 1700.5946 1700.6382 0
1785868740 1700.6465 1700.7080 1700.6465 1700.6949 0
1785868800 1700.7211 1700.9900 1700.7211 1700.9900 0
1785868860 1701.0005 1701.4692 1701.0005 1701.4692 0
1785868920 1701.4807 1701.5509 1701.4807 1701.5389 0
1785868980 1701.5270 1702.4165 1701.5270 1702.2921 0
1785869040 1702.2937 1702.3800 1702.2937 1702.3800 0
1785869100 1702.3854 1702.6440 1702.3854 1702.5874 0
1785869160 1702.6665 1703.2325 1702.6665 1703.2325 0
1785869220 1703.2457 1703.5450 1703.2457 1703.5228 0
1785869280 1703.5541 1703.6879 1703.5541 1703.6755 0
1785869340 1703.6940 1703.8156 1703.6940 1703.8054 0
1785869400 1703.8206 1703.9812 1703.8206 1703.9812 0
1785869460 1703.9849 1704.0497 1703.9849 1704.0468 0
1785869520 1704.0526 1704.0670 1703.5715 1703.5715 0
1785869580 1703.5538 1703.5538 1703.3524 1703.3627 0
1785869640 1703.3423 1703.3423 1703.1628 1703.1636 0
1785869700 1703.1621 1703.1621 1703.0865 1703.0865 0
1785869760 1703.0842 1703.1844 1703.0192 1703.1844 0
1785869820 1703.2003 1703.5465 1703.2003 1703.5422 0
1785869880 1703.5507 1703.8237 1703.5507 1703.8237 0
1785869940 1703.8308 1704.2235 1703.8308 1704.2235 0
1785870000 1704.2369 1704.8987 1704.2369 1704.8987 0
1785870060 1704.9092 1705.3058 1704.9092 1705.2822 0
1785870120 1705.3292 1706.0492 1705.3292 1706.0321 0
1785870180 1706.0660 1706.3685 1706.0660 1706.3685 0
1785870240 1706.3818 1706.8193 1706.3818 1706.7921 0
1785870300 1706.8246 1707.3036 1706.8246 1707.3036 0
1785870360 1707.3118 1707.5193 1707.3118 1707.5129 0
1785870420 1707.5255 1707.7617 1707.5255 1707.7617 0
1785870480 1707.7659 1707.8750 1707.7659 1707.8723 0
1785870540 1707.8776 1707.9812 1707.8776 1707.9705 0
1785870600 1707.9902 1708.6134 1707.9902 1708.5342 0
1785870660 1708.6288 1711.4670 1708.6288 1711.1620 0
1785870720 1711.1534 1711.1534 1711.0747 1711.0768 0
1785870780 1711.0726 1711.1410 1710.9860 1711.1410 0
1785870840 1711.1484 1711.4978 1711.1484 1711.4841 0
1785870900 1711.5045 1711.6764 1711.5045 1711.6497 0
1785870960 1711.6487 1712.6881 1711.6388 1712.6664 0
1785871020 1712.7096 1713.1659 1712.7096 1713.1124 0
1785871080 1713.1919 1714.4200 1713.1919 1714.4200 0
1785871140 1714.4388 1714.5205 1714.4031 1714.4955 0
1785871200 1714.5748 1714.9940 1714.5748 1714.9730 0
1785871260 1714.9824 1714.9872 1714.5526 1714.5526 0
1785871320 1714.5505 1715.1166 1714.5408 1715.1166 0
1785871380 1715.1436 1715.4796 1715.1436 1715.4796 0
1785871440 1715.4739 1715.4739 1715.2701 1715.3058 0
1785871500 1715.3965 1716.0125 1715.3965 1716.0125 0
1785871560 1716.0216 1716.1312 1716.0216 1716.1151 0
1785871620 1716.1149 1716.1149 1715.8895 1715.8895 0
1785871680 1715.5819 1715.5819 1714.7759 1714.7759 0
1785871740 1714.7504 1714.7504 1714.1481 1714.1481 0
1785871800 1714.1299 1714.1299 1713.3976 1713.3976 0
1785871860 1713.3895 1713.4058 1713.3303 1713.4058 0
1785871920 1713.4103 1713.7747 1713.4103 1713.7747 0
1785871980 1713.7799 1714.0697 1713.7799 1714.0697 0
1785872040 1714.0870 1714.2561 1714.0870 1714.2533 0
1785872100 1714.2588 1714.5594 1714.2588 1714.5504 0
1785872160 1714.5685 1714.6761 1714.5685 1714.6761 0
1785872220 1714.6777 1714.7135 1714.1814 1714.1814 0
1785872280 1714.1583 1714.1583 1713.8018 1713.8060 0
1785872340 1713.7932 1713.7932 1713.4248 1713.4248 0
1785872400 1713.4205 1713.7224 1713.1196 1713.6121 0
1785872460 1713.7715 1714.4276 1713.6550 1713.6550 0
1785872520 1713.6183 1713.6183 1712.9459 1712.9521 0
1785872580 1712.9398 1712.9398 1712.3594 1712.3594 0
1785872640 1712.3440 1712.3440 1712.0658 1712.0948 0
1785872700 1712.1044 1715.3744 1712.1044 1714.1364 0
1785872760 1714.1304 1714.1304 1713.8107 1713.8107 0
1785872820 1713.8046 1713.8046 1713.4476 1713.4476 0
1785872880 1713.4376 1713.5754 1713.4376 1713.5668 0
1785872940 1713.5782 1713.6808 1713.5782 1713.5789 0
1785873000 1713.5765 1713.5765 1713.4294 1713.4977 0
1785873060 1713.5342 1713.9595 1713.5342 1713.9595 0
1785873120 1713.9624 1714.7972 1713.8861 1714.7922 0
1785873180 1714.8074 1715.1691 1714.7113 1714.7113 0
1785873240 1714.7140 1715.0461 1714.7140 1715.0448 0
1785873300 1715.0447 1715.1262 1714.9053 1714.9053 0
1785873360 1714.8945 1714.8945 1714.7059 1714.7189 0
1785873420 1714.7122 1714.7122 1714.1246 1714.1246 0
1785873480 1714.1174 1714.1174 1713.3336 1713.3434 0
1785873540 1713.3304 1713.3304 1712.5061 1713.2554 0
1785873600 1712.1993 1712.5592 1712.1993 1712.2509 0
