1785211200 477.8300 477.8300 477.8300 477.8300 0
1785211260 477.8300 477.8300 477.8300 477.8300 0
1785211320 477.8300 477.8300 477.8300 477.8300 0
1785211380 477.8300 477.8300 477.8300 477.8300 0
1785211440 477.8300 477.8300 477.8300 477.8300 0
1785211500 477.8300 477.8300 477.8300 477.8300 0
1785211560 477.8300 477.8300 477.8300 477.8300 0
1785211620 477.8300 477.8300 477.8300 477.8300 0
1785211680 477.8300 477.8300 477.8300 477.8300 0
1785211740 477.8300 477.8300 477.8300 477.8300 0
1785211800 477.8300 477.8300 476.0000 476.0000 80
1785211860 476.0000 476.0000 476.0000 476.0000 0
1785211920 476.5500 476.5500 476.5500 476.5500 44
1785211980 476.5500 476.5500 476.5500 476.5500 0
1785212040 476.5500 476.5500 476.5500 476.5500 0
1785212100 476.5500 476.5500 476.5500 476.5500 0
1785212160 476.5500 476.5500 476.5500 476.5500 0
1785212220 476.5500 476.5500 476.5500 476.5500 0
1785212280 476.5500 476.5500 476.5500 476.5500 0
1785212340 476.5500 476.5500 476.5500 476.5500 0
1785212400 476.5500 476.5500 476.5500 476.5500 0
1785212460 476.5500 476.5500 476.5500 476.5500 0
1785212520 476.5500 476.5500 476.5500 476.5500 0
1785212580 476.5500 476.5500 475.2100 475.2100 50
1785212640 475.2100 475.2100 475.2100 475.2100 0
1785212700 475.2100 475.2100 474.8300 474.8300 74
1785212760 474.8300 474.8300 474.8300 474.8300 0
1785212820 474.8300 475.0000 474.8300 475.0000 500
1785212880 475.0000 475.0000 475.0000 475.0000 0
1785212940 475.0000 475.0000 475.0000 475.0000 0
1785213000 475.0000 475.0000 475.0000 475.0000 0
1785213060 475.0000 475.0000 475.0000 475.0000 0
1785213120 475.0000 475.0000 475.0000 475.0000 0
1785213180 475.0000 475.0000 475.0000 475.0000 0
1785213240 475.0000 475.0000 474.0000 474.0000 477
1785213300 474.0000 474.0000 474.0000 474.0000 0
1785213360 474.0000 475.0000 474.0000 475.0000 557
1785213420 475.0000 475.0000 475.0000 475.0000 0
1785213480 475.0000 475.0000 475.0000 475.0000 0
1785213540 475.0000 475.0000 475.0000 475.0000 0
1785213600 475.0000 475.0000 475.0000 475.0000 0
1785213660 475.0000 475.0000 475.0000 475.0000 0
1785213720 475.0000 475.0000 475.0000 475.0000 0
1785213780 475.0000 475.0000 475.0000 475.0000 0
1785213840 475.0000 475.0000 475.0000 475.0000 0
1785213900 475.0000 475.0000 475.0000 475.0000 0
1785213960 475.0000 475.0000 475.0000 475.0000 0
1785214020 475.0000 475.0000 475.0000 475.0000 0
1785214080 475.0000 475.0000 475.0000 475.0000 0
1785214140 475.0000 475.0000 475.0000 475.0000 0
1785214200 475.0000 475.0000 475.0000 475.0000 0
1785214260 475.0000 475.0000 475.0000 475.0000 0
1785214320 475.0000 475.0000 475.0000 475.0000 0
1785214380 475.0000 475.0000 475.0000 475.0000 0
1785214440 475.0000 475.0000 475.0000 475.0000 0
1785214500 475.0000 475.0000 475.0000 475.0000 0
1785214560 475.0000 475.0000 475.0000 475.0000 0
1785214620 475.0000 475.0000 475.0000 475.0000 0
1785214680 475.0000 475.0000 474.0000 474.0000 350
1785214740 474.0000 474.0000 474.0000 474.0000 0
1785214800 474.0000 474.0000 474.0000 474.0000 0
1785214860 474.0000 474.0000 474.0000 474.0000 0
1785214920 474.0000 474.0000 474.0000 474.0000 0
1785214980 474.0000 475.7000 474.0000 475.7000 50
1785215040 475.7000 475.7000 475.7000 475.7000 0
1785215100 475.7000 475.7000 475.7000 475.7000 0
1785215160 475.7000 475.7000 475.7000 475.7000 0
1785215220 475.7000 475.7000 475.7000 475.7000 0
1785215280 475.7000 475.7000 475.7000 475.7000 0
1785215340 475.7000 475.7000 475.7000 475.7000 0
1785215400 475.7000 475.7000 475.2600 475.2600 49
1785215460 475.2600 475.2600 475.2600 475.2600 0
1785215520 475.2600 475.2600 475.2600 475.2600 0
1785215580 475.2600 475.2600 472.6600 472.6600 280
1785215640 472.6600 472.6600 472.6600 472.6600 0
1785215700 472.6600 472.6600 472.6600 472.6600 0
1785215760 472.6600 472.6600 472.6600 472.6600 0
1785215820 472.6600 472.6600 472.6600 472.6600 0
1785215880 472.6600 472.6600 472.6600 472.6600 0
1785215940 472.6600 472.6600 472.6600 472.6600 0
1785216000 472.6600 472.6600 472.6600 472.6600 0
1785216060 472.6600 473.4600 472.6600 473.4600 40
1785216120 473.4600 473.4600 473.4600 473.4600 0
1785216180 473.4600 473.4600 472.6500 472.6500 494
1785216240 472.6500 472.6500 472.2900 472.3000 195
1785216300 472.4900 472.5000 472.4900 472.4900 225
1785216360 472.4900 472.4900 472.4900 472.4900 0
1785216420 472.4900 472.4900 472.4900 472.4900 0
1785216480 472.4900 472.4900 472.4900 472.4900 0
1785216540 472.4900 472.4900 472.4900 472.4900 0
1785216600 472.4900 472.4900 472.4900 472.4900 0
1785216660 472.4900 472.4900 470.5100 470.5100 938
1785216720 470.5100 470.5100 470.5100 470.5100 0
1785216780 470.5100 470.5100 470.5100 470.5100 0
1785216840 470.5100 470.5100 470.5100 470.5100 0
1785216900 470.5100 470.5500 469.8900 470.5500 427
1785216960 470.5500 470.5500 470.5500 470.5500 0
1785217020 471.5300 472.0000 471.5300 472.0000 220
1785217080 472.0000 472.0000 472.0000 472.0000 0
1785217140 472.0000 472.0000 472.0000 472.0000 0
1785217200 472.0000 472.0000 472.0000 472.0000 0
1785217260 472.0000 472.0000 472.0000 472.0000 0
1785217320 472.0000 472.0000 471.5000 471.5000 45
1785217380 471.5000 472.5000 471.5000 472.5000 100
1785217440 472.5000 472.5000 472.5000 472.5000 0
1785217500 472.5000 472.5000 472.5000 472.5000 0
1785217560 472.5000 472.5000 472.5000 472.5000 0
1785217620 472.5000 472.5000 472.5000 472.5000 0
1785217680 472.5000 472.5000 472.5000 472.5000 0
1785217740 472.5000 472.5000 472.5000 472.5000 0
1785217800 472.5000 473.1900 472.5000 473.1900 90
1785217860 473.1900 473.1900 473.1900 473.1900 0
1785217920 473.1900 473.9400 473.1900 473.9400 100
1785217980 473.9400 473.9400 473.9400 473.9400 0
1785218040 473.9400 473.9400 473.9400 473.9400 0
1785218100 473.9400 473.9400 472.0000 472.0000 340
1785218160 472.0000 472.0000 472.0000 472.0000 0
1785218220 472.0000 472.0000 471.7900 471.7900 40
1785218280 471.7900 471.7900 471.7900 471.7900 0
1785218340 471.7900 471.7900 470.9200 470.9200 90
1785218400 470.9200 470.9200 470.9200 470.9200 0
1785218460 470.9200 470.9200 470.9200 470.9200 0
1785218520 470.9200 470.9700 470.7900 470.7900 100
1785218580 470.7900 471.4200 470.7700 471.2000 133
1785218640 471.2000 471.2000 471.2000 471.2000 0
1785218700 471.2000 471.2000 471.2000 471.2000 0
1785218760 471.2000 471.2000 471.2000 471.2000 0
1785218820 471.2000 471.2000 471.2000 471.2000 0
1785218880 471.2000 471.2000 469.7300 469.7300 115
1785218940 469.7300 469.7300 469.7300 469.7300 0
1785219000 469.7300 469.7300 468.9000 468.9000 189
1785219060 468.9000 468.9900 468.9000 468.9900 138
1785219120 468.9900 468.9900 467.9100 468.4200 590
1785219180 468.4200 470.7800 468.4200 470.3400 608
1785219240 470.3400 470.3400 468.5200 468.5900 1235
1785219300 468.5900 469.4000 468.5900 469.4000 40
1785219360 470.0300 470.0300 470.0000 470.0000 95
1785219420 470.0000 470.0000 469.2000 469.3100 430
1785219480 469.3100 469.3100 467.3100 467.3100 851
1785219540 468.4000 468.4000 468.4000 468.4000 41
1785219600 468.4000 468.4000 467.3600 467.3600 100
1785219660 467.4300 467.4300 467.4300 467.4300 50
1785219720 467.4300 467.4300 467.4300 467.4300 0
1785219780 467.4300 467.4300 467.4300 467.4300 0
1785219840 467.4300 469.0000 467.4300 469.0000 68
1785219900 469.0000 469.0000 469.0000 469.0000 0
1785219960 469.0000 470.2200 469.0000 470.2200 1105
1785220020 470.2200 470.2200 470.2200 470.2200 0
1785220080 470.2200 470.7800 470.2200 470.7800 40
1785220140 470.7800 470.7900 470.0000 470.0000 200
1785220200 470.0000 470.0000 470.0000 470.0000 0
1785220260 470.0000 470.0000 470.0000 470.0000 0
1785220320 470.7900 471.0000 470.7900 470.8000 492
1785220380 470.8000 470.8000 470.8000 470.8000 0
1785220440 471.1000 471.2600 471.1000 471.2600 350
1785220500 471.2600 472.2100 471.2600 472.2100 247
1785220560 472.2100 472.2100 472.2100 472.2100 0
1785220620 472.2100 472.2100 471.8200 471.8200 100
1785220680 471.8200 471.8200 471.8200 471.8200 0
1785220740 471.8200 471.8200 471.8200 471.8200 0
1785220800 471.8200 472.6800 471.3800 472.6800 93
1785220860 472.6800 472.6800 471.9900 472.3200 349
1785220920 472.3200 472.3200 472.3200 472.3200 0
1785220980 472.3200 472.3200 472.3200 472.3200 0
1785221040 472.3200 472.3200 472.3200 472.3200 0
1785221100 472.3200 472.3200 472.3200 472.3200 0
1785221160 472.3200 472.3200 472.3200 472.3200 0
1785221220 472.3200 472.3200 472.3200 472.3200 0
1785221280 472.3200 472.3200 472.3200 472.3200 0
1785221340 472.3200 472.3200 472.3200 472.3200 0
1785221400 472.3200 472.3200 472.3200 472.3200 0
1785221460 472.3200 472.3200 472.3200 472.3200 0
1785221520 472.3200 472.3200 472.3200 472.3200 0
1785221580 472.3200 472.3200 472.2400 472.2400 40
1785221640 472.2400 472.2400 472.2400 472.2400 0
1785221700 472.2400 472.9900 472.2400 472.9900 242
1785221760 472.9900 472.9900 472.2200 472.2200 327
1785221820 472.2200 473.1500 472.2200 473.1500 50
1785221880 473.1500 473.1500 473.1500 473.1500 0
1785221940 473.1500 473.1500 472.6600 472.6600 50
1785222000 472.9000 473.2000 472.8200 473.2000 220
1785222060 473.2000 473.2000 473.2000 473.2000 0
1785222120 473.2000 473.2000 473.2000 473.2000 0
1785222180 473.2000 473.2000 473.2000 473.2000 0
1785222240 473.2000 473.7200 473.2000 473.7200 44
1785222300 473.7200 473.8600 473.0000 473.8600 151
1785222360 473.8600 473.8600 473.8600 473.8600 0
1785222420 473.8600 473.8600 473.8600 473.8600 0
1785222480 472.5200 472.5200 472.5200 472.5200 93
1785222540 472.5200 472.5200 472.5200 472.5200 0
1785222600 472.5200 472.5200 472.5200 472.5200 0
1785222660 472.5200 472.5200 472.5200 472.5200 0
1785222720 472.5200 474.0000 472.5200 474.0000 60
1785222780 474.0000 474.0000 474.0000 474.0000 0
1785222840 474.0000 474.1000 474.0000 474.1000 50
1785222900 474.1000 474.4000 474.1000 474.4000 100
1785222960 474.4000 474.4000 474.4000 474.4000 0
1785223020 474.4000 474.4000 474.4000 474.4000 0
1785223080 474.4000 474.4000 474.4000 474.4000 0
1785223140 474.4000 474.4000 474.4000 474.4000 0
1785223200 474.4000 474.4000 474.4000 474.4000 0
1785223260 474.4000 474.4000 474.4000 474.4000 0
1785223320 474.4000 474.4000 474.4000 474.4000 0
1785223380 474.4000 474.4000 474.4000 474.4000 0
1785223440 474.4000 474.4000 471.6200 471.6200 42
1785223500 471.6200 471.6200 471.6200 471.6200 0
1785223560 471.6200 471.6200 471.6200 471.6200 0
1785223620 471.6200 471.6200 471.6200 471.6200 0
1785223680 471.6200 471.6200 471.6200 471.6200 0
1785223740 471.6200 471.6200 471.3500 471.3500 125
1785223800 471.3500 471.3500 471.3500 471.3500 0
1785223860 471.3500 471.3500 471.3500 471.3500 0
1785223920 471.3500 471.3500 471.3500 471.3500 0
1785223980 471.3500 471.3500 471.3500 471.3500 0
1785224040 471.3500 471.3500 471.3500 471.3500 0
1785224100 471.3500 471.5000 471.3500 471.5000 248
1785224160 471.5000 471.5000 471.5000 471.5000 0
1785224220 471.5000 471.5000 471.5000 471.5000 0
1785224280 471.5000 471.5000 471.5000 471.5000 0
1785224340 471.5000 471.5000 471.5000 471.5000 0
1785224400 471.5000 471.5000 471.5000 471.5000 0
1785224460 471.5000 471.5000 471.0200 471.0200 46
1785224520 471.0200 471.0200 471.0200 471.0200 0
1785224580 471.0200 471.4700 471.0200 471.4700 44
1785224640 471.4700 471.4700 471.4700 471.4700 0
1785224700 471.4700 471.4700 471.1000 471.1000 300
1785224760 471.1000 471.1000 471.1000 471.1000 0
1785224820 471.1000 471.1000 471.1000 471.1000 0
1785224880 471.1000 471.1000 471.1000 471.1000 0
1785224940 471.1000 471.1000 470.0000 470.7600 293
1785225600 477.1300 477.1300 467.0800 469.3900 1661
1785225660 470.9500 476.5500 467.3100 470.8000 17416
1785225720 469.3900 474.4000 468.6200 470.7800 10152
1785225780 470.7800 470.7800 470.7800 470.7800 0
1785225840 470.7800 473.1600 470.7800 473.1600 400
1785225900 473.1600 473.1600 470.0100 470.0100 166
1785225960 470.0100 472.4000 470.0100 472.4000 488
1785226020 472.4000 472.4000 471.0000 471.0000 582
1785226080 471.0000 471.0000 471.0000 471.0000 0
1785226140 471.0000 471.0000 471.0000 471.0000 0
1785226200 471.0000 471.0000 469.0000 469.0000 460
1785226260 469.0000 469.0000 468.8700 468.8700 80
1785226320 468.8700 470.3700 468.8700 469.7000 3522
1785226380 469.7000 469.7000 469.7000 469.7000 0
1785226440 469.7000 469.7000 468.5600 468.5600 910
1785226500 468.5000 471.4700 468.5000 471.4700 592
1785226560 472.5000 472.5000 468.8800 468.8800 170
1785226620 468.8800 473.1200 468.8800 473.1200 262
1785226680 473.1200 473.1200 472.8800 472.8800 183
1785226740 473.7200 479.5800 473.7200 479.5800 286
1785226800 479.5800 479.5800 479.5800 479.5800 0
1785226860 479.5800 479.5800 475.7000 475.7000 200
1785226920 475.7000 476.5000 475.7000 476.5000 738
1785226980 476.5000 476.5000 475.0500 475.0500 186
1785227040 475.0500 477.4400 475.0500 477.4400 286
1785227100 477.4400 477.4400 476.0600 476.0600 354
1785227160 476.0000 477.8300 475.1000 475.1500 2094
1785227220 475.1500 475.1500 475.1500 475.1500 80
1785227280 475.1500 475.1500 475.1500 475.1500 0
1785227340 475.1500 475.1500 475.1500 475.1500 0
1785227400 475.1500 475.4800 475.1500 475.3800 354
1785227460 475.3800 475.3800 475.3800 475.3800 0
1785227520 475.3800 475.3800 475.3800 475.3800 0
1785227580 475.3800 475.3800 475.3800 475.3800 0
1785227640 475.3800 475.3800 475.3800 475.3800 0
1785227700 475.3800 475.3800 475.3800 475.3800 0
1785227760 475.3800 475.3800 475.3800 475.3800 0
1785227820 475.3800 475.4200 475.3800 475.4200 85
1785227880 475.4200 476.9900 475.4200 476.9900 322
1785227940 476.9900 476.9900 474.0400 474.0400 140
1785228000 474.7100 474.7100 474.7100 474.7100 112
1785228060 477.2200 478.8200 477.1300 478.8200 1566
1785228120 478.8200 478.8200 478.8200 478.8200 200
1785228180 478.8200 479.4900 478.8200 479.4900 208
1785228240 479.4900 479.4900 476.9200 476.9200 670
1785228300 476.9200 476.9200 476.9200 476.9200 0
1785228360 476.9200 476.9200 476.9200 476.9200 0
1785228420 476.9200 478.9900 476.9200 478.9900 446
1785228480 478.9900 478.9900 477.1200 477.1200 552
1785228540 477.1200 477.1200 476.8300 476.8300 400
1785228600 476.8300 476.8300 476.8300 476.8300 0
1785228660 476.8300 476.8300 476.3500 476.3500 984
1785228720 476.3500 476.3500 476.3500 476.3500 0
1785228780 476.3500 476.3500 476.3500 476.3500 0
1785228840 476.3500 476.3500 476.3500 476.3500 0
1785228900 476.3500 476.3500 476.3500 476.3500 0
1785228960 476.3500 476.3500 476.3500 476.3500 0
1785229020 476.3500 476.3500 475.8000 475.8000 200
1785229080 475.8000 475.8000 475.8000 475.8000 0
1785229140 475.0000 475.8000 475.0000 475.8000 120
1785229200 475.8000 475.8000 475.8000 475.8000 0
1785229260 475.8000 475.8000 475.8000 475.8000 0
1785229320 475.8000 475.8000 475.8000 475.8000 0
1785229380 475.8000 475.8000 475.8000 475.8000 0
1785229440 475.8000 475.8000 475.8000 475.8000 0
1785229500 475.8000 475.8000 475.8000 475.8000 0
1785229560 475.8000 475.8000 475.8000 475.8000 0
1785229620 475.8000 476.0100 475.8000 476.0100 120
1785229680 476.0100 476.0100 476.0100 476.0100 0
1785229740 476.0100 476.0100 476.0100 476.0100 0
1785229800 476.0100 476.0400 476.0100 476.0400 96
1785229860 476.0400 476.0400 476.0400 476.0400 0
1785229920 476.0400 476.4900 476.0400 476.4900 120
1785229980 476.4900 476.4900 475.1300 475.1300 41
1785230040 475.1300 475.1300 475.1300 475.1300 0
1785230100 475.1300 475.1300 475.0000 475.0000 320
1785230160 475.0000 475.0000 475.0000 475.0000 0
1785230220 475.0000 475.1300 475.0000 475.1300 88
1785230280 475.1300 475.1300 475.1300 475.1300 84
1785230340 475.1300 475.1300 475.1300 475.1300 0
1785230400 475.1300 475.1300 475.1300 475.1300 0
1785230460 475.1300 475.1300 475.1300 475.1300 0
1785230520 475.1300 475.1300 475.1300 475.1300 0
1785230580 475.1300 475.1300 475.1300 475.1300 0
1785230640 475.1300 475.1300 475.1300 475.1300 0
1785230700 475.1300 475.1300 475.1300 475.1300 0
1785230760 475.1300 475.1300 475.1300 475.1300 0
1785230820 475.1300 475.6200 475.1300 475.6200 80
1785230880 475.6200 475.6200 475.6200 475.6200 0
1785230940 475.6200 475.6200 475.6200 475.6200 0
1785231000 475.6200 476.0000 475.6200 476.0000 120
1785231060 476.0000 476.0000 476.0000 476.0000 0
1785231120 476.0000 476.0000 475.0000 475.0000 174
1785231180 475.0000 475.0000 475.0000 475.0000 0
1785231240 475.0000 475.0000 475.0000 475.0000 0
1785231300 475.0000 475.0000 475.0000 475.0000 0
1785231360 475.0000 475.0000 475.0000 475.0000 0
1785231420 475.0000 475.0000 475.0000 475.0000 0
1785231480 475.0000 475.0000 474.3200 474.3200 300
1785231540 474.3200 474.3200 474.3200 474.3200 0
1785231600 474.3200 474.3200 474.3200 474.3200 80
1785231660 474.3200 474.3200 474.0100 474.0100 354
1785231720 474.0100 474.0100 474.0100 474.0100 0
1785231780 474.0100 474.0100 474.0100 474.0100 0
1785231840 474.0100 474.0100 474.0100 474.0100 0
1785231900 474.0100 474.0100 474.0100 474.0100 0
1785231960 473.5500 473.5500 473.5500 473.5500 100
1785232020 473.5500 473.5500 473.5500 473.5500 0
1785232080 473.5500 473.5500 473.5500 473.5500 0
1785232140 473.5500 473.5500 473.5500 473.5500 0
1785232200 473.0000 473.0000 473.0000 473.0000 100
1785232260 472.2000 472.2000 472.0000 472.0000 698
1785232320 472.0000 472.0000 472.0000 472.0000 0
1785232380 472.0000 472.0000 471.9800 472.0000 578
1785232440 472.0000 472.0000 471.9800 471.9800 146
1785232500 471.9800 471.9800 471.9800 471.9800 0
1785232560 471.9800 471.9800 471.0500 471.0500 814
1785232620 471.0500 471.0500 470.9900 471.0000 610
1785232680 471.0000 471.0000 471.0000 471.0000 460
1785232740 471.0000 471.0000 471.0000 471.0000 0
1785232800 471.0000 471.0000 470.0100 470.0100 800
1785232860 470.0100 471.0000 470.0100 471.0000 100
1785232920 471.0000 471.0000 470.6200 470.6200 152
1785232980 470.6200 470.6200 470.6000 470.6000 75
1785233040 470.6000 470.6000 470.6000 470.6000 0
1785233100 470.6000 470.6000 470.6000 470.6000 0
1785233160 470.6000 471.0000 470.6000 471.0000 130
1785233220 471.0000 471.2200 471.0000 471.2200 280
1785233280 471.2200 471.2200 471.2200 471.2200 0
1785233340 470.4700 471.7700 470.2300 471.7700 664
1785233400 471.7700 471.7700 471.7700 471.7700 0
1785233460 471.7700 471.7700 470.1200 471.1000 1200
1785233520 471.1000 471.1000 471.1000 471.1000 0
1785233580 471.1000 471.1000 471.1000 471.1000 0
1785233640 471.1000 471.1000 471.1000 471.1000 0
1785233700 471.1000 471.1000 471.1000 471.1000 0
1785233760 471.1000 471.7800 471.1000 471.7800 1242
1785233820 471.7800 471.7800 471.7800 471.7800 0
1785233880 471.7800 471.7800 471.7800 471.7800 0
1785233940 471.7800 471.7800 471.7800 471.7800 0
1785234000 471.7800 471.7800 471.7800 471.7800 0
1785234060 471.7800 471.7800 471.7800 471.7800 0
1785234120 471.7800 471.7800 471.7800 471.7800 0
1785234180 471.7800 471.7800 471.7800 471.7800 0
1785234240 471.7800 471.7800 470.2100 470.4700 129
1785234300 470.4700 470.4700 470.4700 470.4700 0
1785234360 470.4700 470.4700 470.1400 470.4300 1488
1785234420 470.4300 470.4300 470.4300 470.4300 0
1785234480 470.4300 470.6700 470.4300 470.6700 376
1785234540 470.6700 470.6700 470.6700 470.6700 0
1785234600 470.6700 472.5800 470.6700 472.5800 292
1785234660 472.5800 473.0700 472.5800 473.0700 162
1785234720 473.0700 473.0700 473.0700 473.0700 120
1785234780 473.0700 473.0700 473.0700 473.0700 0
1785234840 473.0700 473.0700 471.0000 471.0000 1500
1785234900 471.0100 471.0100 470.0000 470.0000 1306
1785234960 470.0000 470.0000 470.0000 470.0000 0
1785235020 470.0000 470.0000 470.0000 470.0000 0
1785235080 470.0000 470.0000 470.0000 470.0000 0
1785235140 470.0000 470.0000 469.7800 469.7800 216
1785235200 469.7800 469.7800 467.0200 467.0200 160
1785235260 467.0200 468.5400 467.0200 468.0000 1708
1785235320 468.0000 468.4600 468.0000 468.4600 80
1785235380 468.4600 469.0000 468.4600 469.0000 106
1785235440 469.0000 470.7700 469.0000 470.7700 156
1785235500 470.7700 470.7700 470.0000 470.0000 84
1785235560 470.0000 470.9200 470.0000 470.9200 262
1785235620 470.9200 470.9200 470.9000 470.9000 80
1785235680 470.9000 470.9000 469.2900 470.7800 420
1785235740 470.7800 470.8400 470.7800 470.8400 80
1785235800 470.8400 470.8400 470.8400 470.8400 0
1785235860 470.8400 470.8400 470.8400 470.8400 0
1785235920 470.8400 470.8400 470.8400 470.8400 0
1785235980 470.8400 470.8400 470.8400 470.8400 0
1785236040 470.8400 470.8400 470.4700 470.4800 180
1785236100 470.4800 470.4800 470.4800 470.4800 0
1785236160 470.4800 470.5000 470.4800 470.5000 120
1785236220 469.4200 469.5600 469.4200 469.5600 306
1785236280 469.5600 469.6000 469.0800 469.0800 330
1785236340 469.0800 469.3600 469.0800 469.3600 552
1785236400 470.4600 470.4600 469.3000 470.0000 450
1785236460 470.0000 470.0000 468.0000 468.0000 284
1785236520 466.6300 466.6300 464.0000 464.0300 4624
1785236580 464.0300 465.2600 464.0300 464.1900 5244
1785236640 463.0100 464.0300 463.0000 463.0000 608
1785236700 463.0000 463.3900 463.0000 463.1500 460
1785236760 463.1500 464.0000 463.1500 464.0000 2158
1785236820 464.0000 464.8900 463.0000 463.0000 1332
1785236880 463.0000 464.4900 461.7900 461.9000 9062
1785236940 461.9000 462.0000 461.3500 461.3600 1906
1785237000 461.3600 463.1500 461.3600 461.3700 2860
1785237060 462.0000 462.0100 461.1000 461.1000 3118
1785237120 461.7000 462.7500 461.0000 461.0800 3756
1785237180 461.0800 462.2600 460.6300 460.6300 290
1785237240 460.5500 460.9200 458.6700 459.0000 4729
1785237300 459.0000 463.7300 458.5000 461.3800 3060
1785237360 461.3800 463.9600 461.3800 461.5200 916
1785237420 461.5200 461.5200 461.5000 461.5000 94
1785237480 461.5000 462.0000 460.0000 460.1800 936
1785237540 460.1800 463.9900 460.1800 462.0800 1548
1785237600 462.0800 463.9400 462.0000 463.0000 4568
1785237660 463.0000 463.4300 463.0000 463.4300 80
1785237720 463.0000 463.0000 462.9900 462.9900 214
1785237780 462.5000 463.5800 462.5000 463.5800 974
1785237840 462.5200 463.8400 462.5000 462.5000 2992
1785237900 461.4000 461.4000 460.1800 460.1800 360
1785237960 460.1800 461.0000 460.0000 460.1000 496
1785238020 460.1000 460.1000 458.3800 458.8800 1330
1785238080 458.5600 458.8800 458.5000 458.8800 446
1785238140 458.8800 458.8800 457.6000 458.2400 1044
1785238200 458.2400 459.5000 457.0600 459.5000 160
1785238260 459.5000 459.9300 458.4700 458.4800 552
1785238320 458.4700 460.0000 458.4700 458.6200 1136
1785238380 458.6200 459.0400 458.1600 458.2000 690
1785238440 458.2000 461.0000 458.2000 459.6700 1964
1785238500 459.6700 459.6700 458.1100 459.0000 9212
1785238560 459.0000 461.0000 459.0000 461.0000 328
1785238620 461.9400 462.5000 461.9400 462.4500 508
1785238680 462.4500 462.4500 462.4500 462.4500 0
1785238740 461.0000 461.1700 460.0700 460.0700 6184
1785238800 460.0700 460.0700 459.0100 459.0100 164
1785238860 459.0100 459.0100 458.1100 458.1100 852
1785238920 458.9500 459.9200 458.4000 459.9200 859
1785238980 459.9200 459.9200 458.6500 458.6500 300
1785239040 458.6500 460.0000 458.6500 459.1100 3490
1785239100 459.0000 460.0000 458.9900 460.0000 630
1785239160 459.1100 461.2400 459.0700 461.2400 5738
1785239220 461.2400 461.7200 459.9500 461.5900 3118
1785239280 461.5900 461.5900 461.0000 461.0000 878
1785239340 461.0000 461.6200 460.4500 461.6200 290
1785239400 461.6200 462.1800 461.6200 462.1800 340
1785239460 462.1800 462.1800 462.0000 462.0000 544
1785239520 462.0000 462.0000 462.0000 462.0000 0
1785239580 462.3400 463.0800 462.3400 462.5000 1090
1785239640 462.5000 464.0000 461.2100 462.4700 1600
1785239700 462.4700 462.4700 461.9800 461.9800 400
1785239760 462.5000 462.9500 462.0100 462.9500 566
1785239820 462.9500 462.9500 462.0000 462.0000 5274
1785239880 462.0000 463.0000 462.0000 463.0000 80
1785239940 463.0000 463.9200 462.1100 463.9000 819
1785240000 463.6800 464.0000 462.1200 463.9000 1566
1785240060 463.9000 463.9000 463.8400 463.8400 90
1785240120 463.8400 463.8400 463.8400 463.8400 0
1785240180 463.8400 463.8500 462.4100 463.8500 1148
1785240240 462.0700 464.4500 462.0700 464.4500 8018
1785240300 464.4500 464.9900 464.4500 464.9900 400
1785240360 464.9900 465.0000 464.8000 465.0000 1838
1785240420 465.0000 465.2200 464.3800 465.0000 1650
1785240480 465.0000 465.0000 464.0500 465.0000 2280
1785240540 465.0000 465.4600 465.0000 465.0000 720
1785240600 465.0000 465.4600 464.9900 465.4600 3046
1785240660 465.4600 465.4600 464.5100 464.5100 1878
1785240720 464.5100 465.6700 464.3500 464.3500 700
1785240780 464.3500 465.0900 464.3500 465.0000 544
1785240840 465.0000 465.8500 464.8600 465.0000 2366
1785240900 465.0000 465.0000 463.0000 463.0000 2192
1785240960 463.0000 463.2700 461.1100 461.1100 1238
1785241020 461.1100 461.1100 461.1100 461.1100 0
1785241080 464.0000 464.4400 463.2500 464.3400 3304
1785241140 464.3400 464.3400 463.3400 464.0000 1622
1785241200 464.0000 464.0000 462.9700 463.0000 1050
1785241260 463.9700 464.0000 462.5400 462.5400 1418
1785241320 462.5400 462.5400 462.5400 462.5400 0
1785241380 462.5400 463.4100 462.5400 463.4100 766
1785241440 463.4100 463.4100 461.3400 461.3400 964
1785241500 461.3400 465.0000 461.3400 465.0000 4536
1785241560 464.3500 465.0000 464.3500 465.0000 340
1785241620 465.0000 465.0000 462.3100 464.8400 2164
1785241680 464.8400 464.8400 464.8400 464.8400 362
1785241740 464.8400 465.0500 464.8400 465.0500 560
1785241800 465.0500 465.8500 465.0500 465.8500 928
1785241860 465.8500 465.8500 463.0000 463.1000 1962
1785241920 463.1000 463.1000 463.1000 463.1000 0
1785241980 463.1000 464.3400 463.1000 463.1100 440
1785242040 463.0300 463.0300 461.9700 462.0000 2522
1785242100 462.0000 462.3800 462.0000 462.3800 692
1785242160 462.3800 462.3800 461.8800 461.8800 816
1785242220 461.8800 462.0800 461.8800 462.0000 245
1785242280 461.3400 461.9700 460.5800 460.5800 2028
1785242340 460.0100 460.0100 459.6900 459.6900 642
1785242400 459.0000 459.0300 458.9600 458.9600 968
1785242460 458.9600 458.9600 457.9200 457.9200 888
1785242520 457.9200 461.1400 457.9200 460.5000 2758
1785242580 460.6200 461.1400 460.0000 461.1400 712
1785242640 461.1400 462.0000 461.1400 462.0000 2272
1785242700 462.0000 462.0000 461.9900 461.9900 600
1785242760 461.9900 463.1300 461.9100 463.1300 806
1785242820 463.1300 463.1300 463.1300 463.1300 0
1785242880 463.1300 463.1300 461.3700 461.3700 250
1785242940 463.3800 463.3800 463.3800 463.3800 520
1785243000 463.3800 463.3800 460.0700 460.0700 3215
1785243060 460.0700 461.6000 460.0700 461.6000 6000
1785243120 461.6000 461.6000 461.6000 461.6000 0
1785243180 461.6000 461.6000 460.0600 460.1600 1630
1785243240 460.1600 461.9200 460.1600 461.9200 1012
1785243300 461.9200 462.8400 460.2500 462.8400 5002
1785243360 462.8400 462.8900 461.9500 461.9500 500
1785243420 461.9500 462.0400 461.9500 462.0400 80
1785243480 462.0400 462.0400 461.2400 461.2400 1620
1785243540 461.2400 461.2400 461.2400 461.2400 0
1785243600 461.2400 461.2400 460.4000 460.4000 120
1785243660 460.7600 460.7600 460.0100 460.0100 1606
1785243720 460.0000 460.0000 460.0000 460.0000 180
1785243780 460.0000 460.0000 459.5500 459.5500 870
1785243840 459.2800 460.6800 459.2800 460.6800 298
1785243900 460.6800 460.6800 459.2000 459.2000 366
1785243960 459.2000 461.7000 458.2600 461.6200 3656
1785244020 461.6200 463.0000 461.6200 463.0000 2058
1785244080 463.0000 464.5400 463.0000 464.5400 1080
1785244140 464.5400 464.5400 463.0000 463.0000 200
1785244200 463.0000 465.5800 463.0000 465.5800 4544
1785244260 465.5800 465.5800 463.2500 463.2500 2504
1785244320 463.2500 463.2500 463.2500 463.2500 0
1785244380 463.2500 465.0000 463.2500 465.0000 600
1785244440 465.0000 465.0000 465.0000 465.0000 0
1785244500 465.0000 465.0000 464.2300 464.2300 124
1785244560 464.2300 464.5000 463.0100 464.2400 890
1785244620 464.2400 464.2400 464.0000 464.0000 376
1785244680 464.0000 466.0000 464.0000 466.0000 2750
1785244740 466.0000 466.0000 465.0000 465.0000 2546
1785244800 465.0000 465.0000 465.0000 465.0000 0
1785244860 465.0000 465.5000 464.0000 464.8300 546
1785244920 464.8300 465.9600 464.3400 464.3400 250
1785244980 464.3400 464.6200 464.0000 464.0000 2978
1785245040 464.0000 464.0000 463.0000 463.0000 361
1785245100 463.0000 463.0000 462.0000 462.2200 1590
1785245160 462.2200 462.2600 460.2800 460.4200 2158
1785245220 460.4200 462.9500 460.4200 461.8000 2858
1785245280 464.0000 465.5000 463.8400 464.0700 10144
1785245340 465.1900 466.9900 462.6500 463.0000 4542
1785245400 466.0900 467.2600 458.0900 460.5700 325595
1785245460 459.1300 460.0000 455.0100 455.4100 154430
1785245520 455.4600 457.5200 453.4000 454.2900 134017
1785245580 454.2900 455.9700 451.4500 452.4400 133862
1785245640 451.7900 453.0500 447.1500 447.8100 341934
1785245700 447.9000 449.6400 446.5900 448.6700 115273
1785245760 448.7400 449.6900 441.8300 442.0600 132610
1785245820 442.2800 442.5000 438.1200 438.1300 189431
1785245880 438.2600 439.0000 436.6000 436.6800 96173
1785245940 436.6300 438.0000 436.0100 436.3600 76180
1785246000 436.4000 438.5000 436.0000 436.3500 84664
1785246060 436.3500 439.4100 436.0100 438.5200 63407
1785246120 438.5900 438.9400 436.4300 436.4400 53307
1785246180 436.3400 436.8500 435.0200 436.2500 102891
1785246240 436.2700 437.7000 435.5000 435.8000 80944
1785246300 435.7500 436.2100 433.3500 434.3000 107613
1785246360 434.3000 434.3100 430.6000 431.5900 84580
1785246420 431.5100 431.5500 428.8600 429.2000 96645
1785246480 429.2300 434.5000 429.1900 434.4600 67013
1785246540 434.7700 435.6000 433.4600 434.4900 73804
1785246600 434.6800 436.7400 431.7900 432.0600 102075
1785246660 432.2100 433.7700 431.0100 432.3400 73967
1785246720 432.3400 434.8900 432.1900 432.8300 63542
1785246780 432.9700 432.9700 429.1600 431.6200 76016
1785246840 431.6600 433.5100 430.5000 430.7400 30188
1785246900 430.7400 431.1900 429.2100 430.0000 45937
1785246960 430.3100 433.2600 429.8100 433.1300 75619
1785247020 433.2600 434.5000 431.6200 431.8200 37590
1785247080 432.2800 432.2800 428.1900 428.5200 110270
1785247140 428.8100 431.0000 428.1700 428.8900 45091
1785247200 428.8900 431.4400 428.1100 430.5600 58936
1785247260 430.7000 432.4000 430.4500 430.9600 93558
1785247320 430.9700 433.9300 430.9600 433.1300 58950
1785247380 432.8200 435.5000 432.8200 434.4900 84455
1785247440 434.3100 435.2100 433.0300 433.8300 51991
1785247500 433.8300 436.6000 433.0100 436.2500 47144
1785247560 436.0200 437.5800 433.2700 435.1100 61564
1785247620 435.2300 436.1500 430.8300 431.1800 57935
1785247680 431.2500 431.4000 427.7100 429.3400 53028
1785247740 429.3100 429.5000 427.5000 428.0500 47890
1785247800 427.8200 430.1000 426.8000 429.4300 56468
1785247860 429.7100 431.9700 429.5200 431.1500 74577
1785247920 431.1500 431.6300 429.0900 429.5700 36191
1785247980 429.4300 430.8800 428.2900 428.4800 85487
1785248040 428.0000 428.5100 426.1100 427.8400 50166
1785248100 427.2000 428.9900 426.9300 428.3500 47870
1785248160 428.6400 428.7100 425.2100 425.3400 85987
1785248220 425.4400 426.4000 423.2400 423.6500 151545
1785248280 423.4500 424.4100 422.6900 423.5000 87425
1785248340 423.4400 424.4000 422.1100 423.1000 84477
1785248400 423.0700 424.3900 422.3600 423.0000 58521
1785248460 422.7900 426.3700 422.3800 425.9800 80650
1785248520 425.9800 427.3800 424.3900 425.2600 41814
1785248580 425.0500 426.0900 423.7300 425.9100 47527
1785248640 426.0800 427.5100 425.3000 425.5500 42886
1785248700 425.4300 426.0200 424.3700 425.1000 93987
1785248760 425.1000 427.0800 425.0900 426.2700 53253
1785248820 426.2800 427.6200 425.8800 426.5600 78771
1785248880 426.5600 427.7700 426.0200 426.2100 50259
1785248940 426.0200 427.8000 425.7900 427.1000 27989
1785249000 427.1000 428.9900 425.8200 426.9400 46495
1785249060 427.1100 429.0000 426.6000 428.0600 25015
1785249120 428.4900 429.5000 427.1800 428.1500 43658
1785249180 428.1600 428.5000 426.3800 427.9600 30579
1785249240 427.8900 428.4400 426.2700 426.9000 26007
1785249300 426.6700 430.9700 426.3800 430.8000 55451
1785249360 430.6600 432.6100 430.4800 430.4900 48590
1785249420 430.2700 431.7300 429.3100 431.7300 58749
1785249480 431.2100 432.5100 428.6800 428.6900 39193
1785249540 428.2800 429.2500 427.0200 428.7600 45074
1785249600 428.8900 431.0000 428.4600 430.4900 41975
1785249660 430.4000 432.3000 429.8200 430.7600 49747
1785249720 430.7200 430.9300 429.5400 430.3800 34954
1785249780 430.0000 432.0000 429.5300 431.4000 32413
1785249840 431.2800 432.6300 430.8700 431.5700 20431
1785249900 431.7700 432.3300 429.0200 429.9300 28430
1785249960 430.0300 430.9500 429.2500 429.8200 26420
1785250020 429.7900 432.5600 429.7900 432.3200 28549
1785250080 432.2700 435.0000 432.2700 434.5300 33896
1785250140 434.3200 435.5900 433.6300 435.1900 17776
1785250200 435.2500 437.7500 435.2500 437.0600 62742
1785250260 437.2000 438.7800 437.0300 437.8700 45073
1785250320 437.8700 437.9300 436.0000 436.5300 23463
1785250380 436.5000 439.1500 436.4900 439.1500 34712
1785250440 438.8600 438.8600 437.1700 437.3000 30180
1785250500 437.5200 438.6700 437.1800 438.2800 29872
1785250560 438.2900 439.9600 436.7600 439.2900 21107
1785250620 439.6200 439.6200 437.5000 438.8700 14847
1785250680 438.5700 439.3400 437.6800 438.3100 14547
1785250740 438.9600 438.9800 437.3600 437.4700 13784
1785250800 437.3000 438.2600 436.8400 437.9400 27496
1785250860 438.2500 438.2800 436.0000 436.5200 22425
1785250920 436.7900 437.1900 435.0000 435.0700 28747
1785250980 435.3200 436.2900 434.3600 435.2300 30147
1785251040 435.6000 435.7700 434.2700 434.2800 21262
1785251100 434.1000 434.7100 433.0100 434.6400 23732
1785251160 434.7000 437.8800 434.6600 435.7100 75530
1785251220 435.7800 436.5400 434.4500 436.5400 56888
1785251280 436.5700 438.0000 436.5700 437.0600 62155
1785251340 437.0000 437.9500 436.0800 437.0600 26771
1785251400 437.5300 439.8000 437.1000 437.6700 23812
1785251460 437.8900 437.8900 435.5900 436.9200 21301
1785251520 436.2500 438.6000 435.8600 438.1900 10274
1785251580 438.2200 438.4000 437.1900 437.6900 5794
1785251640 438.1000 439.2600 436.9600 437.2400 15684
1785251700 436.7100 437.3400 435.6400 436.9300 11832
1785251760 437.0400 437.5800 436.0700 436.9900 11854
1785251820 437.0200 437.4500 436.0200 436.6600 18152
1785251880 436.4300 438.0800 436.4100 437.3100 14147
1785251940 436.9100 438.0300 436.3300 437.2400 10736
1785252000 437.3600 439.8000 437.3100 439.2600 28649
1785252060 439.0500 439.5700 438.6400 439.5700 17232
1785252120 439.5000 441.9800 439.0000 440.1600 141550
1785252180 440.5800 441.6300 439.9200 440.0700 19870
1785252240 440.0600 441.4000 439.1200 441.2400 14917
1785252300 441.1300 442.9800 441.1200 442.6400 35231
1785252360 442.1500 443.5000 442.1300 442.4700 23585
1785252420 442.6000 442.6800 440.1500 440.2600 34617
1785252480 440.0000 440.8700 439.7500 440.0400 20770
1785252540 440.3000 440.7300 439.3800 440.2500 21126
1785252600 440.0800 440.9300 439.6900 440.0400 10633
1785252660 439.8000 440.1900 438.5600 439.0000 31545
1785252720 438.8900 440.7800 438.8800 440.4000 8020
1785252780 440.6800 442.3100 440.5700 442.1100 14870
1785252840 442.1700 443.0000 440.5300 440.5300 17653
1785252900 440.4700 441.8200 440.3600 441.0000 16501
1785252960 441.4700 441.4800 440.0100 440.5000 15498
1785253020 440.5000 440.8300 439.0000 440.8300 28224
1785253080 440.7400 441.9500 440.5100 441.5100 17810
1785253140 441.4900 442.7700 440.8400 442.5200 16072
1785253200 442.2800 443.1000 441.5700 443.0100 44139
1785253260 442.7100 444.5700 442.3500 444.3000 34707
1785253320 444.5800 444.9800 443.5100 443.7900 47753
1785253380 443.5700 447.2600 443.5500 447.2600 58356
1785253440 447.0600 448.0200 446.6500 448.0100 25059
1785253500 447.7300 450.4200 447.7300 449.9500 94644
1785253560 449.8600 451.7700 449.3500 451.1800 51270
1785253740 451.2300 451.6100 450.6600 450.7600 7180
1785253800 450.5000 450.6900 448.1300 448.1600 12152
1785253860 448.1300 448.2600 447.1900 447.4900 16439
1785253920 447.3400 447.5700 446.3500 447.3600 9882
1785253980 447.2300 449.6700 447.2200 449.6300 11966
1785254040 449.2700 449.8800 448.3200 448.3200 9078
1785254100 448.5300 448.9300 447.3200 448.4100 5645
1785254160 449.0000 450.4500 449.0000 449.7500 11517
1785254220 450.1400 451.3000 449.5000 451.3000 6915
1785254280 451.3500 452.5000 451.2200 452.1100 14156
1785254340 451.9200 452.6200 451.5200 451.8500 6771
1785254400 451.5200 453.6700 451.5200 453.6700 6736
1785254460 453.4000 454.4900 453.3900 454.3400 18061
1785254520 454.5000 457.3000 454.4300 455.9300 43236
1785254580 455.9800 456.2100 454.8300 455.6400 13394
1785254640 455.7100 455.7100 454.6200 455.3300 9217
1785254700 454.9800 457.0000 454.9800 455.9600 14225
1785254760 456.1400 456.3500 454.8300 455.6900 13444
1785254820 455.6900 455.7800 452.2000 453.1100 23999
1785254880 452.9400 453.1200 451.7300 452.2900 19226
1785254940 452.4700 452.5700 450.6700 451.2100 10663
1785255000 451.2200 452.5200 450.8500 451.5900 14951
1785255060 451.2100 453.0000 451.2100 452.9700 9625
1785255120 452.4800 453.2200 451.8000 453.2200 4187
1785255180 453.3400 453.9100 451.6600 452.0700 9694
1785255240 451.9900 452.3800 451.3800 451.8100 8242
1785255300 451.9900 452.3000 451.1900 451.9100 8918
1785255360 451.9000 452.1700 451.3500 451.4100 4095
1785255420 451.5400 452.0600 451.3500 451.3500 5887
1785255480 451.5400 452.6700 451.5400 452.2700 5974
1785255540 452.1000 454.1700 452.1000 454.0500 7488
1785255600 454.0500 454.6600 453.6600 454.1000 8933
1785255660 453.6800 454.3600 453.1400 453.9300 9707
1785255720 454.0000 454.1700 453.4400 453.4700 13476
1785255780 453.4500 453.4700 452.5100 453.2300 6474
1785255840 452.9700 453.7700 452.9700 453.2400 8007
1785255900 453.2000 453.7900 452.7700 453.7900 6118
1785256020 453.8000 455.2900 453.8000 455.0900 5664
1785256080 455.0300 455.5800 454.8000 455.2100 6112
1785256200 452.6500 452.8300 452.4600 452.4600 854
1785256260 452.4500 453.6700 452.0000 453.6700 8595
1785256320 453.6800 454.7500 453.3600 454.2900 5655
1785256380 454.7500 455.4500 454.1900 454.6200 9719
1785256440 454.5300 455.4800 454.4300 454.4500 9360
1785256500 454.8200 455.3600 454.3800 454.5400 5281
1785256560 454.6600 454.9500 454.2800 454.6300 2931
1785256620 454.9200 455.4100 454.4800 455.2100 5949
1785256680 455.3700 456.0800 454.8400 455.4700 10303
1785256740 455.7800 456.5900 455.2900 456.5900 5654
1785256800 456.5900 457.5200 456.1200 457.0000 6938
1785256860 457.5400 457.7900 456.8000 457.1700 9114
1785256920 457.3500 457.4600 456.4300 456.5300 8157
1785256980 456.7100 457.8500 456.7100 457.6800 7838
1785257040 457.8100 458.1300 457.2800 457.6100 15469
1785257100 457.5000 458.1300 456.6800 457.4000 27778
1785257160 457.4200 457.9700 456.0000 456.0000 15139
1785257220 456.1300 457.6100 456.0300 457.5000 8617
1785257280 457.4900 457.4900 456.1900 456.7900 5146
1785257340 456.7800 458.5100 456.7800 457.2600 5594
1785257400 457.2700 459.4200 457.2600 459.4100 9782
1785257460 459.4600 460.9300 459.0700 460.8600 16290
1785257520 460.9300 461.0500 459.7700 459.7900 8500
1785257580 459.9800 460.7300 459.7700 460.0000 6680
1785257640 460.0500 460.8500 459.5500 460.4100 4692
1785257700 460.4600 460.5200 459.6000 460.1300 3623
1785257760 460.4600 460.8500 459.7600 460.8500 2693
1785257820 460.6400 461.2500 460.3600 460.4400 7671
1785257880 460.3700 460.6400 460.1100 460.2200 5567
1785257940 460.4800 460.6900 459.5400 459.8800 5155
1785258000 459.5700 460.4100 459.3400 460.2100 4238
1785258060 460.2100 460.8100 459.7300 460.1700 5382
1785258120 460.3900 460.5500 458.3500 459.1700 10890
1785258180 458.9100 459.9000 458.9100 459.6900 4228
1785258240 459.4000 459.4000 458.3700 458.5400 5420
1785258300 458.3700 458.7800 457.1800 458.3800 12147
1785258360 458.2300 458.7500 457.9100 458.4200 4870
1785258420 458.4300 459.9200 458.3300 459.8600 9496
1785258480 460.0000 460.0900 458.5000 458.5800 5292
1785258540 458.6100 458.6100 457.1900 457.2000 9630
1785258600 456.8900 457.2300 455.8600 456.5300 10932
1785258660 456.5300 456.5300 455.7800 456.1100 3767
1785258720 456.4400 457.7200 456.2600 457.0300 6544
1785258780 457.0600 457.6100 456.2300 456.9900 4314
1785258840 457.0700 457.6600 456.7800 456.8800 6097
1785258900 456.8800 456.9700 456.4200 456.7000 2344
1785258960 456.7000 457.2000 456.1000 456.4300 1616
1785259020 456.4900 456.4900 455.5200 455.9500 3181
1785259080 455.9000 456.5400 455.8300 456.2900 5955
1785259140 456.2900 456.7500 456.0900 456.6300 2334
1785259200 456.4600 458.4200 455.9500 458.0200 12879
1785259260 458.2200 458.9500 457.8500 458.4200 6186
1785259320 458.4000 458.8000 458.1100 458.7600 7846
1785259380 458.7600 459.0600 457.0000 457.6500 8116
1785259440 457.7100 458.1300 457.0000 457.2300 6717
1785259500 457.0000 457.4400 456.3100 457.0500 6701
1785259560 457.3100 457.7800 456.9700 457.7000 5805
1785259620 457.8600 458.1800 457.4500 457.8000 4993
1785259680 457.6600 458.2700 457.2400 457.4200 4090
1785259740 457.4000 457.9100 456.9600 457.0000 4106
1785259800 457.0700 457.3000 456.1600 457.0500 4215
1785259860 457.0500 457.0700 456.6300 456.8600 2890
1785259920 456.7400 457.7200 456.7400 457.3600 6074
1785259980 457.5000 458.3000 457.2000 458.0200 5222
1785260040 458.1900 458.6700 458.0000 458.4900 4975
1785260100 458.0200 459.0000 457.9500 457.9500 8092
1785260160 458.1000 458.1000 456.3900 456.3900 4201
1785260220 456.3200 456.7000 456.0100 456.0300 3921
1785260280 456.0100 456.6100 455.8600 456.1900 7101
1785260340 456.1900 456.3100 455.4600 455.6400 6897
1785260400 455.4600 456.3300 455.3400 455.7900 12215
1785260460 455.5500 455.9500 454.5300 454.5800 10073
1785260520 454.8400 455.2800 454.2900 454.5800 8369
1785260580 454.8900 454.9100 453.4000 454.0800 9086
1785260640 454.0800 454.0900 453.4700 453.5500 3349
1785260700 454.0000 454.0900 452.6700 453.2000 28515
1785260760 453.2000 453.3100 452.6800 453.0000 3664
1785260820 453.0000 453.6300 452.1300 452.5500 5023
1785260880 452.2800 453.0200 451.8400 452.9200 8971
1785260940 452.8300 453.4600 452.8300 453.0300 4376
1785261000 452.8000 452.9100 452.0100 452.4900 4370
1785261060 452.3500 452.4000 451.2800 451.9800 3531
1785261120 451.9800 452.4100 451.2300 451.2300 7747
1785261180 451.3200 451.9100 451.0300 451.8700 7130
1785261240 451.8700 451.9900 451.3600 451.5000 2758
1785261300 451.6400 451.6500 450.2400 450.9000 6174
1785261360 450.8300 451.5400 450.8300 451.4400 4245
1785261420 451.3700 451.5500 450.7100 450.7700 4008
1785261480 450.7700 451.2400 450.6000 451.2400 5476
1785261540 451.3300 452.2700 451.2500 452.2200 7959
1785261600 452.2000 454.0200 452.1800 453.9300 9015
1785261660 453.9300 454.7400 453.2300 453.3000 7959
1785261720 453.0200 454.0600 452.3500 454.0600 5957
1785261780 454.0200 454.3900 453.3900 454.3900 5422
1785261840 454.1500 454.3100 453.3800 453.7100 2463
1785261900 454.3300 454.9600 453.8800 454.0900 7508
1785261960 454.1000 454.3600 453.3300 454.3600 7791
1785262020 454.3600 454.3600 453.3300 453.7500 3927
1785262080 453.7500 454.0000 453.1600 453.7400 3194
1785262140 453.7400 454.9500 453.4800 453.9800 4213
1785262200 454.7900 454.9000 453.9900 454.2900 14436
1785262260 454.2900 454.8100 453.4600 453.8700 7110
1785262320 453.8700 454.9000 453.8700 454.6000 2000
1785262380 454.6000 454.6700 453.8500 454.4200 6087
1785262440 454.6600 454.6700 453.9800 454.2000 5003
1785262500 454.2000 455.1700 453.8100 455.1400 7050
1785262560 455.1300 455.3700 454.2800 455.2800 6341
1785262620 455.3700 455.3700 454.1600 454.3500 4918
1785262680 454.3500 454.6200 454.2600 454.5300 1792
1785262740 454.2600 454.3900 453.8700 454.2000 4124
1785262800 454.2100 455.6600 453.9100 455.5300 42604
1785262860 455.6500 455.7300 455.0700 455.7300 10414
1785262920 455.7300 455.9800 454.9700 455.4200 13041
1785262980 455.4400 455.4400 454.1700 455.0400 9275
1785263040 454.8000 455.2700 454.7000 454.9500 4521
1785263100 454.9300 455.4300 454.5700 455.1900 10762
1785263160 455.4800 455.6300 454.6900 454.6900 5122
1785263220 454.9400 454.9400 454.1700 454.4900 3974
1785263280 454.5000 455.1800 454.2100 454.5700 12069
1785263340 454.5600 455.1200 454.4200 454.7800 5663
1785263400 454.4300 455.4700 454.4300 454.7900 14972
1785263460 454.7900 455.7700 454.7900 455.3400 11965
1785263520 455.4900 456.2800 455.4700 455.6800 8018
1785263580 455.6800 457.1600 455.4200 456.9800 6188
1785263640 457.1800 457.2000 456.1500 456.1500 4348
1785263700 456.1500 457.0500 455.9600 456.5400 8549
1785263760 457.0200 457.8000 456.5700 456.7000 6632
1785263820 457.0300 457.0300 456.0000 456.2500 5833
1785263880 456.4600 457.4400 456.2300 456.9400 7237
1785263940 456.8800 456.8800 455.7800 455.7800 3624
1785264000 455.9800 456.2800 455.5700 455.8100 6236
1785264060 455.8600 456.5800 455.8300 456.3500 5023
1785264120 456.3300 456.8800 456.1000 456.2200 7264
1785264180 456.2500 456.4800 455.9500 456.4800 5187
1785264240 456.5500 456.6000 455.8600 456.3600 4814
1785264300 456.3600 457.3000 456.0700 457.3000 5271
1785264360 457.3000 457.5300 456.5900 457.5300 8135
1785264420 457.2300 457.5400 456.5900 456.6100 5327
1785264480 456.9000 456.9000 456.0000 456.4600 4791
1785264540 456.4700 457.0500 456.4700 456.9200 5381
1785264600 456.9900 457.6300 456.7000 457.0500 5003
1785264660 457.0500 457.7700 456.3200 456.5100 9214
1785264720 456.7100 456.7500 456.0000 456.0400 4589
1785264780 455.8800 456.2700 455.0100 455.3100 6394
1785264840 455.3600 455.9900 455.0100 455.5500 9762
1785264900 455.4600 456.1500 454.7500 456.0600 9304
1785264960 456.2300 456.2600 455.7800 456.0000 6167
1785265020 456.0000 456.5400 455.8400 456.1700 5819
1785265080 456.1700 456.5000 455.6900 455.8000 8655
1785265140 455.9800 456.3800 455.8000 456.0900 4829
1785265200 456.0900 457.3500 456.0800 457.1500 12011
1785265260 457.1500 457.5800 457.0300 457.4900 4658
1785265320 457.5700 457.9700 457.0000 457.3800 12667
1785265380 457.2900 458.4500 457.2600 458.1200 12234
1785265440 458.2900 459.3000 458.2800 459.2200 11482
1785265500 459.1500 459.1500 457.6500 458.9900 10079
1785265560 459.0000 459.2700 458.1800 458.6100 11033
1785265620 458.7100 459.3400 457.6000 457.6600 10289
1785265680 457.5900 457.7500 456.8800 457.3800 9885
1785265740 457.8000 458.4800 457.6600 457.8400 10793
1785265800 457.8600 458.9900 457.6000 458.8000 12136
1785265860 458.8000 459.1200 458.2000 459.1200 9620
1785265920 459.1200 459.1200 458.2000 458.2300 7974
1785265980 458.1700 459.1900 457.9400 459.1900 16242
1785266040 459.1900 459.6600 458.9100 459.3600 10397
1785266100 459.1600 459.4000 458.6300 458.6300 8931
1785266160 458.6300 458.6800 457.4500 457.7200 8752
1785266220 457.7100 458.1000 457.1000 457.4700 9412
1785266280 457.4700 458.3100 457.3500 458.0700 8569
1785266340 458.0700 459.1600 458.0700 459.1500 7629
1785266400 459.1500 460.2600 458.8800 460.2500 24132
1785266460 460.1500 460.6000 459.9000 460.1100 12971
1785266520 460.1100 462.0900 460.1100 462.0800 12392
1785266580 461.8700 462.9900 461.8700 462.3100 12087
1785266640 462.1700 462.7200 462.1700 462.7200 10195
1785266700 462.5800 462.7600 462.1300 462.1600 12798
1785266760 462.1700 462.6900 461.3100 461.8400 14668
1785266820 461.6500 461.9000 460.3600 460.6000 11973
1785266880 460.6000 462.6000 460.4600 462.3300 16124
1785266940 462.4500 462.9600 462.2600 462.7500 14513
1785267000 462.8600 463.1900 461.6200 462.1100 26391
1785267060 461.9800 462.7000 461.4500 462.2100 10732
1785267120 462.1900 462.2800 461.2200 461.4900 12047
1785267180 461.4900 461.7800 461.1000 461.4800 13462
1785267240 461.6200 461.6300 460.7900 461.1200 13160
1785267300 460.9100 461.0400 459.7100 460.0300 25366
1785267360 459.9500 460.1100 459.3000 459.4900 17617
1785267420 459.6500 459.7400 458.4000 458.7500 13280
1785267480 458.8500 459.5200 458.6300 459.3900 9605
1785267540 459.3600 459.5400 458.8300 458.9300 16946
1785267600 458.9300 458.9300 458.1800 458.7300 23583
1785267660 458.7200 459.7500 458.7200 459.6200 12780
1785267720 459.8600 460.5100 459.3600 459.9200 17455
1785267780 459.9200 459.9200 459.3600 459.8500 6516
1785267840 459.9000 460.5200 459.4700 460.2400 12708
1785267900 460.3800 461.7700 459.9800 460.4700 22792
1785267960 460.3500 460.5000 459.9500 460.1100 13395
1785268020 460.2500 461.0500 460.0500 460.0500 18651
1785268080 459.8900 460.0500 459.4600 459.6900 5958
1785268140 459.7700 460.2300 459.0000 460.2300 32267
1785268200 459.9600 460.7000 459.8200 460.1800 25850
1785268260 460.1600 460.1600 458.6900 459.1300 30064
1785268320 459.0800 460.4700 458.8300 459.5600 31438
1785268380 459.7600 460.5900 459.3700 460.2900 24515
1785268440 460.3400 462.9900 460.1100 462.2800 30156
1785268500 461.8000 463.1900 459.9600 462.9900 129695
1785268560 463.1400 464.9500 462.5600 463.6200 117823
1785268620 463.5000 463.6200 462.9900 463.0100 50335
1785268680 462.9900 463.2600 462.2500 463.0100 63445
1785268740 463.4400 464.2900 462.7900 464.0800 185433
1785268800 463.7800 463.7800 462.0000 462.5600 586575
1785268860 462.5500 462.5900 459.7600 459.7600 620
1785268920 459.7600 461.6700 459.7600 460.3100 255
1785268980 461.0000 461.0000 461.0000 461.0000 246
1785269040 460.5200 462.2800 460.5000 462.2800 5520
1785269100 461.7900 467.7600 461.4700 467.0000 10908
1785269160 466.0000 466.9400 453.8300 460.9400 7647
1785269220 460.9400 460.9500 460.0000 460.0000 228
1785269280 460.0000 471.9000 460.0000 471.9000 6126
1785269340 471.0100 472.0000 466.0100 471.0000 5894
