# opt_chain DRAM | epoch 1785352469 | 2026-07-29 15:14:29 | spot 47.47 | exps 20260731 20260807
# fuente ibkr_tws | band 0.1500 | max_strikes 20 | narrow 0 | vencimientos 2 | rows 116 | greeks_ok_pct 1.0000 | bidask_ok_pct 1.0000
# strike right exp bid ask vol oi iv delta gamma
47.50 C 20260731 1.83 1.85 674 172 1.3333 0.5115 0.0851
47.50 P 20260731 1.90 1.94 595 732 1.3333 -0.4888 0.0851
47.00 C 20260731 2.07 2.12 1732 1072 1.3447 0.5586 0.0831
47.00 P 20260731 1.68 1.70 2119 2824 1.3447 -0.4416 0.0832
48.00 C 20260731 1.59 1.61 5812 10735 1.3229 0.4690 0.0853
48.00 P 20260731 2.18 2.20 2435 4045 1.3229 -0.5313 0.0854
46.50 C 20260731 2.37 2.39 624 552 1.3570 0.5957 0.0813
46.50 P 20260731 1.44 1.49 951 988 1.3570 -0.4045 0.0813
48.50 C 20260731 1.37 1.39 538 193 1.3138 0.4266 0.0848
48.50 P 20260731 2.45 2.49 91 1086 1.3138 -0.5737 0.0849
46.00 C 20260731 2.45 3.00 1176 56 1.3703 0.6353 0.0777
46.00 P 20260731 1.26 1.29 2428 2575 1.3703 -0.3649 0.0778
49.00 C 20260731 1.18 1.19 4799 1313 1.3054 0.3902 0.0833
49.00 P 20260731 2.60 2.93 20462 21722 1.3054 -0.6102 0.0834
45.50 C 20260731 2.91 3.30 488 14 1.3846 0.6734 0.0742
45.50 P 20260731 1.07 1.12 662 494 1.3846 -0.3268 0.0742
49.50 C 20260731 1.00 1.02 606 791 1.2977 0.3509 0.0811
49.50 P 20260731 3.00 3.35 31 698 1.2977 -0.6495 0.0811
45.00 C 20260731 3.30 3.55 713 189 1.3996 0.7135 0.0689
45.00 P 20260731 0.95 0.96 4051 7834 1.3996 -0.2867 0.0689
50.00 C 20260731 0.85 0.86 33780 14871 1.2910 0.3109 0.0775
50.00 P 20260731 3.25 3.65 1029 11241 1.2910 -0.6895 0.0776
44.50 C 20260731 3.40 4.35 32 4 1.4152 0.7527 0.0637
44.50 P 20260731 0.81 0.83 743 346 1.4152 -0.2474 0.0637
50.50 C 20260731 0.71 0.73 530 165 1.2855 0.2744 0.0735
50.50 P 20260731 3.70 4.10 32 951 1.2855 -0.7261 0.0736
44.00 C 20260731 3.70 4.70 5 14 1.4316 0.7781 0.0588
44.00 P 20260731 0.69 0.71 1677 1564 1.4316 -0.2220 0.0588
51.00 C 20260731 0.60 0.61 994 2843 1.2815 0.2418 0.0690
51.00 P 20260731 3.95 4.50 54 834 1.2815 -0.7588 0.0691
43.50 C 20260731 4.10 5.20 6 1 1.4488 0.8065 0.0539
43.50 P 20260731 0.57 0.61 220 590 1.4488 -0.1936 0.0539
51.50 C 20260731 0.50 0.51 193 225 1.2789 0.2106 0.0639
51.50 P 20260731 3.75 5.05 11 316 1.2789 -0.7900 0.0640
43.00 C 20260731 4.60 5.85 50 168 1.4670 0.8310 0.0486
43.00 P 20260731 0.50 0.52 2562 2920 1.4670 -0.1691 0.0487
52.00 C 20260731 0.42 0.44 2513 3134 1.2778 0.1871 0.0591
52.00 P 20260731 4.60 5.35 435 3164 1.2778 -0.8133 0.0592
42.50 C 20260731 4.65 6.30 0 2 1.4862 0.8563 0.0436
42.50 P 20260731 0.42 0.44 537 488 1.4862 -0.1437 0.0436
47.50 C 20260807 3.10 3.40 566 130 1.1008 0.5351 0.0487
47.50 P 20260807 3.10 3.35 564 694 1.1008 -0.4654 0.0488
47.00 C 20260807 3.25 3.65 957 564 1.1073 0.5595 0.0479
47.00 P 20260807 2.88 3.10 5208 1536 1.1073 -0.4410 0.0480
48.00 C 20260807 2.85 3.25 970 289 1.0948 0.5109 0.0489
48.00 P 20260807 3.35 3.75 681 1547 1.0948 -0.4897 0.0490
46.50 C 20260807 3.50 4.10 183 71 1.1141 0.5835 0.0470
46.50 P 20260807 2.63 2.96 81 1123 1.1141 -0.4169 0.0471
48.50 C 20260807 2.49 3.05 159 334 1.0892 0.4864 0.0492
48.50 P 20260807 3.60 4.10 66 182 1.0892 -0.5142 0.0493
46.00 C 20260807 3.90 4.25 232 13 1.1213 0.6073 0.0461
46.00 P 20260807 2.39 2.79 436 1021 1.1213 -0.3931 0.0462
49.00 C 20260807 2.45 3.00 90 367 1.0840 0.4617 0.0494
49.00 P 20260807 3.85 4.35 73 254 1.0840 -0.5389 0.0495
45.50 C 20260807 4.05 5.05 115 3 1.1289 0.6304 0.0449
45.50 P 20260807 2.00 2.60 86 169 1.1289 -0.3699 0.0450
49.50 C 20260807 2.10 2.63 23 47 1.0792 0.4379 0.0491
49.50 P 20260807 3.85 4.65 46 1107 1.0792 -0.5628 0.0492
45.00 C 20260807 4.50 4.85 185 66 1.1369 0.6525 0.0436
45.00 P 20260807 1.97 2.30 1044 5114 1.1369 -0.3478 0.0437
50.00 C 20260807 2.00 2.29 9609 4351 1.0747 0.4142 0.0487
50.00 P 20260807 4.50 4.90 381 3080 1.0747 -0.5865 0.0488
44.50 C 20260807 4.55 5.30 14 7 1.1453 0.6748 0.0423
44.50 P 20260807 1.81 2.14 214 136 1.1453 -0.3255 0.0423
50.50 C 20260807 1.78 2.43 174 244 1.0707 0.3904 0.0482
50.50 P 20260807 4.30 5.35 9 535 1.0707 -0.6104 0.0483
44.00 C 20260807 4.95 6.05 10 7 1.1541 0.6967 0.0408
44.00 P 20260807 1.55 1.92 215 1341 1.1541 -0.3035 0.0408
51.00 C 20260807 1.56 2.06 1184 101 1.0670 0.3679 0.0474
51.00 P 20260807 5.15 5.70 5031 5153 1.0670 -0.6330 0.0476
43.50 C 20260807 5.50 5.90 4 0 1.1632 0.7170 0.0391
43.50 P 20260807 1.50 1.86 26 133 1.1632 -0.2833 0.0391
51.50 C 20260807 1.56 2.15 43 201 1.0637 0.3456 0.0465
51.50 P 20260807 5.45 6.00 6 106 1.0637 -0.6527 0.0467
43.00 C 20260807 5.60 6.30 12 21 1.1727 0.7368 0.0374
43.00 P 20260807 1.41 1.67 188 195 1.1727 -0.2634 0.0374
52.00 C 20260807 1.40 1.69 579 557 1.0608 0.3232 0.0455
52.00 P 20260807 5.45 6.35 93 301 1.0608 -0.6778 0.0456
42.50 C 20260807 5.70 7.25 0 1 1.1826 0.7561 0.0358
42.50 P 20260807 1.10 1.54 135 78 1.1826 -0.2441 0.0358
40.50 C 20260731 6.45 8.25 0 6 1.5729 0.9222 0.0262
40.50 P 20260731 0.15 0.41 203 409 1.5729 -0.0779 0.0262
41.00 C 20260731 6.15 7.75 0 123 1.5496 0.9060 0.0307
41.00 P 20260731 0.22 0.27 470 10989 1.5496 -0.0941 0.0307
41.50 C 20260731 5.70 7.30 0 0 1.5274 0.8941 0.0342
41.50 P 20260731 0.30 0.31 371 528 1.5274 -0.1059 0.0342
42.00 C 20260731 5.30 6.75 1 13 1.5063 0.8745 0.0388
42.00 P 20260731 0.35 0.37 2287 4266 1.5063 -0.1256 0.0388
52.50 C 20260731 0.35 0.36 180 2720 1.2788 0.1570 0.0532
52.50 P 20260731 5.10 5.95 1906 3145 1.2788 -0.8438 0.0533
53.00 C 20260731 0.29 0.30 1580 1164 1.2825 0.1329 0.0475
53.00 P 20260731 5.45 6.25 156 2137 1.2825 -0.8679 0.0476
53.50 C 20260731 0.24 0.25 153 561 1.2886 0.1155 0.0428
53.50 P 20260731 5.95 6.75 108 551 1.2886 -0.8851 0.0430
54.00 C 20260731 0.19 0.22 1031 4512 1.2957 0.0996 0.0382
54.00 P 20260731 6.50 7.15 345 1178 1.2957 -0.9013 0.0383
54.50 C 20260731 0.10 0.23 126 531 1.3076 0.0845 0.0336
54.50 P 20260731 6.80 7.75 12 529 1.3076 -0.9161 0.0338
40.50 C 20260807 7.50 8.95 0 1 1.2250 0.8229 0.0286
40.50 P 20260807 0.76 1.04 47 164 1.2250 -0.1773 0.0286
41.00 C 20260807 7.10 8.45 15 4 1.2140 0.8081 0.0303
41.00 P 20260807 0.93 1.25 96 554 1.2140 -0.1920 0.0303
41.50 C 20260807 6.70 8.15 22 7 1.2032 0.7916 0.0320
41.50 P 20260807 0.99 1.28 28 50 1.2032 -0.2085 0.0321
42.00 C 20260807 6.30 7.70 22 3 1.1927 0.7736 0.0339
42.00 P 20260807 0.99 1.40 89 300 1.1927 -0.2265 0.0339
52.50 C 20260807 1.23 1.69 721 206 1.0582 0.3004 0.0443
52.50 P 20260807 6.25 6.85 3 3063 1.0582 -0.6986 0.0445
53.00 C 20260807 1.17 1.62 927 626 1.0560 0.2833 0.0430
53.00 P 20260807 6.50 7.00 112 824 1.0560 -0.7178 0.0431
53.50 C 20260807 1.01 1.30 65 61 1.0541 0.2645 0.0416
53.50 P 20260807 6.30 7.55 10 62 1.0541 -0.7377 0.0418
54.00 C 20260807 0.90 1.18 873 652 1.0526 0.2444 0.0401
54.00 P 20260807 7.30 8.05 89 521 1.0526 -0.7570 0.0403
54.50 C 20260807 0.84 1.08 45 112 1.0515 0.2258 0.0385
54.50 P 20260807 7.00 8.45 35 85 1.0515 -0.7742 0.0387
