# opt_chain WDC | epoch 1785348861 | 2026-07-29 14:14:21 | spot 482.79 | exps 20260731 20260807
# fuente ibkr_tws | band 0.1500 | max_strikes 20 | narrow 0 | vencimientos 2 | rows 156 | greeks_ok_pct 1.0000 | bidask_ok_pct 1.0000
# strike right exp bid ask vol oi iv delta gamma
482.50 C 20260731 21.85 25.60 34 4 1.5923 0.5215 0.0069
482.50 P 20260731 21.50 24.80 52 158 1.5923 -0.4786 0.0069
485.00 C 20260731 20.60 24.45 46 20 1.5879 0.5044 0.0069
485.00 P 20260731 22.60 26.05 5 226 1.5879 -0.4958 0.0069
480.00 C 20260731 23.45 26.90 107 86 1.5970 0.5382 0.0069
480.00 P 20260731 19.55 23.70 6 505 1.5970 -0.4619 0.0069
487.50 C 20260731 19.80 22.00 13 9 1.5836 0.4871 0.0069
487.50 P 20260731 23.55 27.45 0 62 1.5836 -0.5131 0.0069
477.50 C 20260731 24.75 28.60 105 9 1.6019 0.5550 0.0068
477.50 P 20260731 18.50 22.60 7 28 1.6019 -0.4451 0.0068
490.00 C 20260731 18.40 21.00 31 89 1.5796 0.4697 0.0070
490.00 P 20260731 25.45 29.05 12 2117 1.5796 -0.5304 0.0070
475.00 C 20260731 25.85 29.65 37 31 1.6069 0.5721 0.0067
475.00 P 20260731 18.20 21.10 11 302 1.6069 -0.4280 0.0067
492.50 C 20260731 17.55 21.30 35 15 1.5758 0.4523 0.0070
492.50 P 20260731 26.75 30.30 111 104 1.5758 -0.5479 0.0070
472.50 C 20260731 27.55 30.45 24 9 1.6122 0.5891 0.0067
472.50 P 20260731 16.80 20.45 14 40 1.6122 -0.4110 0.0067
495.00 C 20260731 16.50 19.90 21 122 1.5721 0.4353 0.0069
495.00 P 20260731 27.95 31.85 26 187 1.5721 -0.5649 0.0069
470.00 C 20260731 29.15 32.40 113 27 1.6177 0.6058 0.0066
470.00 P 20260731 15.95 19.40 79 2102 1.6177 -0.3943 0.0066
497.50 C 20260731 15.35 19.20 2 31 1.5688 0.4186 0.0069
497.50 P 20260731 29.50 33.35 78 10 1.5688 -0.5816 0.0069
467.50 C 20260731 30.10 34.00 72 12 1.6233 0.6319 0.0064
467.50 P 20260731 14.95 18.30 20 34 1.6233 -0.3682 0.0064
500.00 C 20260731 14.65 17.00 272 507 1.5656 0.4018 0.0068
500.00 P 20260731 30.95 34.85 42 345 1.5656 -0.5984 0.0068
465.00 C 20260731 31.70 35.65 56 36 1.6292 0.6480 0.0063
465.00 P 20260731 14.05 17.40 73 89 1.6292 -0.3521 0.0063
502.50 C 20260731 13.90 17.15 23 61 1.5626 0.3922 0.0068
502.50 P 20260731 32.35 36.85 0 16 1.5626 -0.6080 0.0068
462.50 C 20260731 33.40 37.85 22 9 1.6352 0.6639 0.0061
462.50 P 20260731 13.45 15.80 42 55 1.6352 -0.3362 0.0061
505.00 C 20260731 13.15 16.10 26 122 1.5599 0.3754 0.0067
505.00 P 20260731 34.10 38.30 1 84 1.5599 -0.6249 0.0067
460.00 C 20260731 34.70 38.70 66 205 1.6415 0.6796 0.0060
460.00 P 20260731 12.55 15.55 47 525 1.6415 -0.3205 0.0060
507.50 C 20260731 11.85 15.35 11 21 1.5574 0.3518 0.0066
507.50 P 20260731 35.65 40.00 0 14 1.5574 -0.6411 0.0067
482.50 C 20260807 40.45 44.00 0 1 1.3755 0.5440 0.0038
482.50 P 20260807 39.50 43.05 0 17 1.3755 -0.4509 0.0038
485.00 C 20260807 40.00 42.85 30 33 1.3726 0.5380 0.0038
485.00 P 20260807 41.05 44.70 0 93 1.3726 -0.4612 0.0038
480.00 C 20260807 41.90 44.95 20 95 1.3784 0.5583 0.0038
480.00 P 20260807 38.50 41.75 2 66 1.3784 -0.4432 0.0038
487.50 C 20260807 38.25 41.65 8 4 1.3697 0.5283 0.0038
487.50 P 20260807 42.40 46.15 1 37 1.3697 -0.4719 0.0038
477.50 C 20260807 42.80 46.55 17 1 1.3814 0.5664 0.0038
477.50 P 20260807 37.30 40.40 1 4 1.3814 -0.4326 0.0037
490.00 C 20260807 37.05 40.50 14 10 1.3669 0.5188 0.0038
490.00 P 20260807 43.70 47.30 5 53 1.3669 -0.4816 0.0038
475.00 C 20260807 44.15 47.85 8 11 1.3843 0.5759 0.0037
475.00 P 20260807 36.05 39.15 1 68 1.3843 -0.4244 0.0037
492.50 C 20260807 36.05 39.40 2 0 1.3641 0.5092 0.0038
492.50 P 20260807 45.20 48.60 0 0 1.3641 -0.4912 0.0039
472.50 C 20260807 45.60 49.15 1 2 1.3873 0.5867 0.0037
472.50 P 20260807 34.90 38.00 0 28 1.3873 -0.4149 0.0037
495.00 C 20260807 35.05 38.25 7 31 1.3614 0.5012 0.0038
495.00 P 20260807 46.70 50.05 2 41 1.3614 -0.5008 0.0039
470.00 C 20260807 46.40 50.50 38 8 1.3904 0.5949 0.0037
470.00 P 20260807 34.25 36.65 6 79 1.3904 -0.4043 0.0037
497.50 C 20260807 33.90 37.20 1 3 1.3587 0.4900 0.0039
497.50 P 20260807 47.90 51.50 0 0 1.3587 -0.5104 0.0039
467.50 C 20260807 47.90 52.20 17 3 1.3934 0.6042 0.0036
467.50 P 20260807 32.75 35.50 2 8 1.3934 -0.3961 0.0036
500.00 C 20260807 32.65 36.10 41 137 1.3561 0.4820 0.0039
500.00 P 20260807 49.25 53.10 5 123 1.3561 -0.5201 0.0039
465.00 C 20260807 49.20 53.55 14 10 1.3965 0.6136 0.0036
465.00 P 20260807 31.90 34.40 15 58 1.3965 -0.3867 0.0036
502.50 C 20260807 31.80 35.05 0 1 1.3535 0.4707 0.0039
502.50 P 20260807 50.80 54.35 0 0 1.3535 -0.5298 0.0039
462.50 C 20260807 50.95 54.85 4 7 1.3996 0.6229 0.0036
462.50 P 20260807 30.85 33.25 3 19 1.3996 -0.3774 0.0036
505.00 C 20260807 31.00 33.75 11 14 1.3510 0.4611 0.0039
505.00 P 20260807 52.30 56.15 0 28 1.3510 -0.5394 0.0039
460.00 C 20260807 52.60 55.60 25 147 1.4027 0.6337 0.0035
460.00 P 20260807 29.90 32.20 4 95 1.4027 -0.3683 0.0036
507.50 C 20260807 29.95 33.00 1 4 1.3485 0.4520 0.0039
507.50 P 20260807 53.75 57.60 1 1 1.3485 -0.5486 0.0039
412.50 C 20260731 70.80 78.00 0 0 1.7941 0.8924 0.0028
412.50 P 20260731 0.07 4.40 1 28 1.7941 -0.1076 0.0028
417.50 C 20260731 66.95 74.00 8 0 1.7753 0.8767 0.0032
417.50 P 20260731 3.55 6.75 11 56 1.7753 -0.1233 0.0032
422.50 C 20260731 63.10 70.00 0 1 1.7571 0.8606 0.0035
422.50 P 20260731 0.72 9.00 14 40 1.7571 -0.1395 0.0035
427.50 C 20260731 58.25 64.40 0 43 1.7395 0.8382 0.0039
427.50 P 20260731 4.95 6.80 14 69 1.7395 -0.1619 0.0039
432.50 C 20260731 54.20 60.00 0 3 1.7226 0.8209 0.0042
432.50 P 20260731 5.45 7.35 93 80 1.7226 -0.1792 0.0042
437.50 C 20260731 49.95 55.95 5 11 1.7062 0.7989 0.0045
437.50 P 20260731 6.00 8.40 91 19 1.7062 -0.2012 0.0045
442.50 C 20260731 47.10 52.25 0 10 1.6906 0.7743 0.0049
442.50 P 20260731 7.50 10.25 14 7 1.6906 -0.2257 0.0049
447.50 C 20260731 43.35 47.70 2 4 1.6756 0.7493 0.0053
447.50 P 20260731 8.95 10.50 12 76 1.6756 -0.2508 0.0053
452.50 C 20260731 40.50 44.10 10 39 1.6614 0.7210 0.0056
452.50 P 20260731 10.05 13.10 8 252 1.6614 -0.2790 0.0056
457.50 C 20260731 36.50 39.85 18 10 1.6479 0.6921 0.0059
457.50 P 20260731 11.50 14.75 82 163 1.6479 -0.3080 0.0059
512.50 C 20260731 10.60 13.45 52 83 1.5531 0.3233 0.0064
512.50 P 20260731 39.45 43.70 0 26 1.5531 -0.6769 0.0064
517.50 C 20260731 9.10 12.05 16 100 1.5498 0.2926 0.0061
517.50 P 20260731 43.60 47.55 1 39 1.5498 -0.7076 0.0061
522.50 C 20260731 8.20 10.50 10 33 1.5473 0.2656 0.0058
522.50 P 20260731 46.30 49.80 0 14 1.5473 -0.7347 0.0058
527.50 C 20260731 7.20 9.45 13 46 1.5457 0.2386 0.0055
527.50 P 20260731 50.80 54.65 1 13 1.5457 -0.7617 0.0055
532.50 C 20260731 6.30 8.10 5 31 1.5448 0.2181 0.0053
532.50 P 20260731 54.55 59.00 4 9 1.5448 -0.7860 0.0052
537.50 C 20260731 5.50 7.25 15 38 1.5444 0.1918 0.0049
537.50 P 20260731 58.50 63.10 1 16 1.5444 -0.8086 0.0049
542.50 C 20260731 4.65 5.95 12 185 1.5445 0.1699 0.0045
542.50 P 20260731 60.30 67.60 0 2 1.5445 -0.8306 0.0045
547.50 C 20260731 3.95 5.55 46 8 1.5448 0.1548 0.0042
547.50 P 20260731 66.45 71.90 0 64 1.5448 -0.8456 0.0042
552.50 C 20260731 3.45 4.95 17 22 1.5452 0.1367 0.0039
552.50 P 20260731 69.25 76.75 0 6 1.5452 -0.8638 0.0039
412.50 C 20260807 82.95 90.00 0 0 1.4597 0.7897 0.0026
412.50 P 20260807 13.95 16.05 0 5 1.4597 -0.2101 0.0026
417.50 C 20260807 78.65 86.00 0 0 1.4542 0.7752 0.0027
417.50 P 20260807 15.35 17.25 38 36 1.4542 -0.2246 0.0027
422.50 C 20260807 75.30 83.00 0 0 1.4485 0.7602 0.0028
422.50 P 20260807 16.50 19.00 1 0 1.4485 -0.2400 0.0028
427.50 C 20260807 72.80 79.00 0 0 1.4427 0.7440 0.0029
427.50 P 20260807 18.05 20.35 2 2 1.4427 -0.2561 0.0029
432.50 C 20260807 69.20 76.00 0 4 1.4367 0.7276 0.0030
432.50 P 20260807 19.75 21.85 13 28 1.4367 -0.2736 0.0031
437.50 C 20260807 65.00 72.00 0 0 1.4306 0.7112 0.0031
437.50 P 20260807 21.10 23.70 0 10 1.4306 -0.2901 0.0032
442.50 C 20260807 62.55 67.05 0 33 1.4245 0.6944 0.0033
442.50 P 20260807 22.85 25.30 0 12 1.4245 -0.3086 0.0033
447.50 C 20260807 59.55 63.80 0 34 1.4183 0.6767 0.0033
447.50 P 20260807 24.75 27.15 0 22 1.4183 -0.3268 0.0034
452.50 C 20260807 56.25 60.80 0 69 1.4120 0.6589 0.0034
452.50 P 20260807 26.70 29.15 12 24 1.4120 -0.3447 0.0034
457.50 C 20260807 53.30 57.75 0 31 1.4058 0.6409 0.0035
457.50 P 20260807 28.60 31.10 0 24 1.4058 -0.3594 0.0035
512.50 C 20260807 27.60 31.10 1 35 1.3437 0.4332 0.0039
512.50 P 20260807 56.85 60.50 2 0 1.3437 -0.5673 0.0039
517.50 C 20260807 26.40 29.20 0 11 1.3391 0.4147 0.0038
517.50 P 20260807 60.05 64.00 0 0 1.3391 -0.5860 0.0038
522.50 C 20260807 24.50 27.45 1 3 1.3348 0.3960 0.0038
522.50 P 20260807 63.35 67.25 0 0 1.3348 -0.6047 0.0038
527.50 C 20260807 23.05 25.65 3 7 1.3307 0.3780 0.0038
527.50 P 20260807 66.75 70.70 2 0 1.3307 -0.6228 0.0038
532.50 C 20260807 21.45 24.15 1 1 1.3269 0.3609 0.0037
532.50 P 20260807 70.10 74.10 0 0 1.3269 -0.6399 0.0037
537.50 C 20260807 20.00 22.60 0 0 1.3233 0.3438 0.0037
537.50 P 20260807 73.75 77.40 0 0 1.3233 -0.6570 0.0037
542.50 C 20260807 18.80 21.00 6 4 1.3200 0.3266 0.0036
542.50 P 20260807 77.15 81.20 0 0 1.3200 -0.6742 0.0036
547.50 C 20260807 17.40 19.65 16 0 1.3170 0.3095 0.0035
547.50 P 20260807 80.90 84.95 0 1 1.3170 -0.6914 0.0035
552.50 C 20260807 16.05 18.55 3 12 1.3142 0.2945 0.0035
552.50 P 20260807 83.45 89.30 0 0 1.3142 -0.7064 0.0035
