# opt_chain SPY | epoch 1785339718 | 2026-07-29 11:41:58 | spot 734.15 | exps 20260729 20260730
# fuente ibkr_tws | band 0.1500 | max_strikes 20 | narrow 0 | vencimientos 2 | rows 160 | greeks_ok_pct 0.9812 | bidask_ok_pct 0.8187
# strike right exp bid ask vol oi iv delta gamma
734.00 C 20260729 3.06 3.07 29338 470 0.4360 0.5163 0.0548
734.00 P 20260729 2.77 2.78 117782 3745 0.4360 -0.4837 0.0548
735.00 C 20260729 2.57 2.58 74249 835 0.4344 0.4620 0.0547
735.00 P 20260729 3.27 3.28 149547 15246 0.4344 -0.5380 0.0547
733.00 C 20260729 3.60 3.62 10816 674 0.4359 0.5711 0.0540
733.00 P 20260729 2.31 2.32 68539 2980 0.4359 -0.4289 0.0540
736.00 C 20260729 2.13 2.14 95282 2135 0.4337 0.4089 0.0537
736.00 P 20260729 3.83 3.84 82974 7303 0.4337 -0.5912 0.0537
732.00 C 20260729 4.20 4.22 3816 301 0.4362 0.6259 0.0520
732.00 P 20260729 1.91 1.92 54458 3973 0.4362 -0.3741 0.0520
737.00 C 20260729 1.74 1.75 70491 3519 0.4324 0.3570 0.0517
737.00 P 20260729 4.44 4.46 91535 5721 0.4324 -0.6431 0.0517
731.00 C 20260729 4.85 4.87 2491 177 0.4363 0.6692 0.0499
731.00 P 20260729 1.56 1.57 49503 6762 0.4363 -0.3308 0.0499
738.00 C 20260729 1.40 1.41 79909 6793 0.4305 0.2988 0.0483
738.00 P 20260729 5.10 5.13 56457 6223 0.4305 -0.7012 0.0483
730.00 C 20260729 5.54 5.57 3210 269 0.4360 0.7253 0.0459
730.00 P 20260729 1.25 1.26 68921 9120 0.4360 -0.2747 0.0459
739.00 C 20260729 1.12 1.13 69509 5154 0.4295 0.2602 0.0453
739.00 P 20260729 5.81 5.84 54974 4191 0.4295 -0.7398 0.0453
729.00 C 20260729 6.28 6.31 1609 105 0.4351 0.7703 0.0417
729.00 P 20260729 0.99 1.00 39214 4168 0.4351 -0.2297 0.0417
740.00 C 20260729 0.87 0.88 118164 6429 0.4286 0.2116 0.0406
740.00 P 20260729 6.57 6.60 36733 8058 0.4286 -0.7885 0.0406
728.00 C 20260729 7.06 7.09 1258 229 0.4348 0.8107 0.0372
728.00 P 20260729 0.78 0.79 58159 5873 0.4348 -0.1893 0.0372
741.00 C 20260729 0.67 0.68 76536 5757 0.4281 0.1804 0.0367
741.00 P 20260729 7.37 7.40 12013 6014 0.4281 -0.8197 0.0367
727.00 C 20260729 7.88 7.91 879 76 0.4344 0.8484 0.0324
727.00 P 20260729 0.60 0.61 31895 5892 0.4344 -0.1516 0.0324
742.00 C 20260729 0.51 0.52 64523 8653 0.4280 0.1379 0.0307
742.00 P 20260729 8.21 8.24 6682 4955 0.4280 -0.8622 0.0308
726.00 C 20260729 8.73 8.76 1220 173 0.4328 0.8699 0.0292
726.00 P 20260729 0.45 0.46 26951 3366 0.4328 -0.1301 0.0292
743.00 C 20260729 0.39 0.40 45783 4453 0.4280 0.1090 0.0261
743.00 P 20260729 9.08 9.11 3766 2388 0.4280 -0.8911 0.0262
725.00 C 20260729 9.61 9.64 1140 253 0.4304 0.9052 0.0234
725.00 P 20260729 0.33 0.34 45294 9095 0.4304 -0.0948 0.0234
744.00 C 20260729 0.28 0.29 43295 4421 0.4281 0.0908 0.0228
744.00 P 20260729 9.98 10.02 2832 1978 0.4281 -0.9093 0.0228
734.00 C 20260730 4.81 4.83 5451 289 0.2760 0.5211 0.0346
734.00 P 20260730 4.39 4.41 8418 1877 0.2760 -0.4801 0.0347
735.00 C 20260730 4.29 4.30 11446 568 0.2736 0.4862 0.0349
735.00 P 20260730 4.86 4.88 26116 6225 0.2736 -0.5148 0.0350
733.00 C 20260730 5.36 5.39 2416 442 0.2774 0.5553 0.0341
733.00 P 20260730 3.95 3.97 26196 1646 0.2774 -0.4456 0.0341
736.00 C 20260730 3.79 3.81 7728 1059 0.2717 0.4512 0.0349
736.00 P 20260730 5.36 5.39 7455 4240 0.2717 -0.5500 0.0350
732.00 C 20260730 5.95 5.99 286 73 0.2790 0.5790 0.0336
732.00 P 20260730 3.54 3.56 5953 1889 0.2790 -0.4218 0.0337
737.00 C 20260730 3.33 3.35 6640 1049 0.2700 0.4165 0.0346
737.00 P 20260730 5.90 5.95 7491 2480 0.2700 -0.5848 0.0348
731.00 C 20260730 6.57 6.61 101 17 0.2809 0.6204 0.0324
731.00 P 20260730 3.17 3.19 4327 1273 0.2809 -0.3802 0.0325
738.00 C 20260730 2.91 2.93 12341 2274 0.2679 0.3817 0.0340
738.00 P 20260730 6.48 6.53 17428 3569 0.2679 -0.6197 0.0342
730.00 C 20260730 7.23 7.27 577 105 0.2828 0.6427 0.0316
730.00 P 20260730 2.82 2.84 13324 6766 0.2828 -0.3579 0.0316
739.00 C 20260730 2.53 2.54 7087 2194 0.2659 0.3465 0.0333
739.00 P 20260730 7.09 7.14 7247 2859 0.2659 -0.6551 0.0335
729.00 C 20260730 7.91 7.96 75 17 0.2843 0.6733 0.0304
729.00 P 20260730 2.50 2.52 5201 878 0.2843 -0.3273 0.0305
740.00 C 20260730 2.17 2.19 13019 2713 0.2642 0.3045 0.0317
740.00 P 20260730 7.74 7.79 6796 3428 0.2642 -0.6973 0.0319
728.00 C 20260730 8.62 8.67 37 469 0.2856 0.7015 0.0290
728.00 P 20260730 2.21 2.23 5458 1112 0.2856 -0.2990 0.0291
741.00 C 20260730 1.85 1.87 5944 1024 0.2624 0.2722 0.0303
741.00 P 20260730 8.42 8.48 1724 3333 0.2624 -0.7298 0.0305
727.00 C 20260730 9.35 9.40 39 46 0.2869 0.7299 0.0277
727.00 P 20260730 1.95 1.97 7242 2312 0.2869 -0.2705 0.0277
742.00 C 20260730 1.57 1.59 7438 1926 0.2598 0.2413 0.0287
742.00 P 20260730 9.14 9.20 632 2068 0.2598 -0.7609 0.0289
726.00 C 20260730 10.11 10.16 33 20 0.2876 0.7610 0.0258
726.00 P 20260730 1.70 1.72 30561 6067 0.2876 -0.2394 0.0258
743.00 C 20260730 1.32 1.33 9204 2266 0.2580 0.2173 0.0274
743.00 P 20260730 9.88 9.95 324 1811 0.2580 -0.7903 0.0272
725.00 C 20260730 10.89 10.94 25 161 0.2880 0.7889 0.0241
725.00 P 20260730 1.48 1.50 9742 3667 0.2880 -0.2114 0.0241
744.00 C 20260730 1.10 1.11 8131 1815 0.2559 0.1868 0.0251
744.00 P 20260730 10.66 10.73 295 467 0.2559 -0.8180 0.0251
625.00 C 20260729 107.63 110.95 0 0 0.8044 1.0000 0.0000
625.00 P 20260729 -1.00 0.01 0 2 0.8044 -0.0000 0.0000
635.00 C 20260729 97.63 100.95 0 0 0.7775 1.0000 0.0000
635.00 P 20260729 -1.00 0.01 0 103 0.7775 -0.0000 0.0000
645.00 C 20260729 87.67 90.95 0 0 0.7384 1.0000 -0.0000
645.00 P 20260729 -1.00 0.01 0 12 0.7384 -0.0000 0.0000
655.00 C 20260729 77.66 80.95 0 0 0.7055 1.0000 0.0000
655.00 P 20260729 -1.00 0.01 0 60 0.7055 -0.0000 0.0000
665.00 C 20260729 67.93 70.90 0 1 0.6755 1.0000 0.0000
665.00 P 20260729 -1.00 0.01 0 24 0.6755 -0.0000 0.0000
675.00 C 20260729 57.64 60.95 0 0 0.6443 1.0000 0.0000
675.00 P 20260729 -1.00 0.01 0 2316 0.6443 -0.0000 0.0000
685.00 C 20260729 48.89 50.72 4 1 0.6140 1.0000 0.0000
685.00 P 20260729 -1.00 0.01 5 437 0.6140 -0.0000 0.0000
695.00 C 20260729 38.89 40.72 1 1 0.5908 1.0000 0.0000
695.00 P 20260729 -1.00 0.01 16 1595 0.5908 -0.0000 0.0000
705.00 C 20260729 29.17 29.39 12 54 0.5737 0.9991 0.0003
705.00 P 20260729 -1.00 0.01 126 1475 0.5737 -0.0009 0.0003
715.00 C 20260729 19.15 19.38 41 80 0.4841 0.9921 0.0027
715.00 P 20260729 0.02 0.03 5738 4576 0.4841 -0.0079 0.0027
745.00 C 20260729 0.21 0.22 62282 6771 0.4289 0.0677 0.0182
745.00 P 20260729 10.90 10.93 3032 3775 0.4289 -0.9324 0.0183
755.00 C 20260729 0.01 0.02 1549 7196 0.4776 0.0049 0.0018
755.00 P 20260729 20.65 20.85 67 11 0.4776 -0.9953 0.0018
765.00 C 20260729 -1.00 0.01 5 2048 0.5137 0.0002 0.0001
765.00 P 20260729 30.32 32.30 9 0 0.5137 -1.0000 0.0000
775.00 C 20260729 -1.00 0.01 0 327 0.5099 0.0000 0.0000
775.00 P 20260729 39.05 42.35 10 0 0.5099 -1.0000 -0.0000
785.00 C 20260729 -1.00 0.01 0 0 0.5128 0.0000 0.0000
785.00 P 20260729 49.05 52.35 6 0 0.5128 -1.0000 0.0000
795.00 C 20260729 -1.00 0.01 0 108 0.5421 0.0000 0.0000
795.00 P 20260729 59.78 60.86 2 0 0.5421 -1.0000 0.0000
805.00 C 20260729 -1.00 0.01 0 0 0.5504 0.0000 0.0000
805.00 P 20260729 69.05 72.34 0 0 0.5504 -1.0000 0.0000
815.00 C 20260729 -1.00 0.01 0 57 0.5557 0.0000 0.0000
815.00 P 20260729 79.05 82.34 0 0 0.5557 -1.0000 0.0000
825.00 C 20260729 -1.00 0.01 0 1942 0.5735 0.0000 0.0000
825.00 P 20260729 89.05 92.34 0 0 0.5735 -1.0000 0.0000
835.00 C 20260729 -1.00 0.01 0 1281 0.6088 0.0000 0.0000
835.00 P 20260729 99.05 102.34 0 0 0.6088 -1.0000 0.0000
625.00 C 20260730 107.77 111.07 0 0 0.5928 1.0000 0.0000
625.00 P 20260730 -1.00 0.01 0 126 0.5928 -0.0000 0.0000
635.00 C 20260730 97.86 101.14 0 0 0.5711 1.0000 0.0000
635.00 P 20260730 -1.00 0.01 0 109 0.5711 -0.0000 0.0000
645.00 C 20260730 87.79 91.14 0 0 -1.0000 -1.0000 -1.0000
645.00 P 20260730 -1.00 0.01 0 61 0.5527 -0.0000 0.0000
655.00 C 20260730 77.75 81.15 0 0 0.5415 1.0000 0.0000
655.00 P 20260730 -1.00 0.01 1 432 0.5415 -0.0001 0.0000
665.00 C 20260730 67.80 70.99 1 1 0.5319 0.9996 0.0001
665.00 P 20260730 -1.00 0.01 1 366 0.5319 -0.0005 0.0001
675.00 C 20260730 57.94 61.09 0 0 0.5073 0.9984 0.0002
675.00 P 20260730 0.01 0.02 1021 2100 0.5073 -0.0017 0.0003
685.00 C 20260730 47.81 51.10 3 0 0.4480 0.9970 0.0005
685.00 P 20260730 0.01 0.02 175 617 0.4480 -0.0031 0.0005
695.00 C 20260730 37.79 41.17 1 0 0.3768 0.9951 0.0009
695.00 P 20260730 0.02 0.03 489 1596 0.3768 -0.0050 0.0009
705.00 C 20260730 28.13 31.20 1 0 0.3160 0.9886 0.0023
705.00 P 20260730 0.05 0.06 71 1194 0.3160 -0.0115 0.0023
715.00 C 20260730 19.28 20.68 0 4 0.2906 0.9472 0.0089
715.00 P 20260730 0.27 0.28 6950 2894 0.2906 -0.0529 0.0089
745.00 C 20260730 0.90 0.92 10322 6199 0.2544 0.1639 0.0233
745.00 P 20260730 11.46 11.53 1861 2659 0.2544 -0.8402 0.0235
755.00 C 20260730 0.08 0.09 1419 3647 0.2410 0.0213 0.0051
755.00 P 20260730 19.80 21.18 28 233 0.2410 -0.9852 0.0054
765.00 C 20260730 0.01 0.02 11 1204 0.2665 0.0034 0.0009
765.00 P 20260730 29.05 32.34 9 0 0.2665 -1.0000 0.0000
775.00 C 20260730 -1.00 0.01 0 3094 0.2608 0.0001 0.0000
775.00 P 20260730 39.10 42.34 5 0 0.2608 -1.0000 0.0000
785.00 C 20260730 -1.00 0.01 0 176 0.2533 0.0000 0.0000
785.00 P 20260730 49.10 52.34 6 0 0.2533 -1.0000 0.0000
795.00 C 20260730 -1.00 0.01 0 14 0.2535 0.0000 0.0000
795.00 P 20260730 58.98 62.31 3 0 0.2535 -1.0000 0.0000
805.00 C 20260730 -1.00 0.01 0 1503 0.2590 0.0000 0.0000
805.00 P 20260730 68.98 72.34 3 0 0.2590 -1.0000 -0.0000
815.00 C 20260730 -1.00 0.01 0 238 0.2683 0.0000 0.0000
815.00 P 20260730 79.03 82.31 2 0 -1.0000 -1.0000 -1.0000
825.00 C 20260730 -1.00 0.01 0 1219 0.2801 0.0000 0.0000
825.00 P 20260730 88.98 92.34 3 0 0.2801 -1.0000 -0.0000
835.00 C 20260730 -1.00 0.01 0 2402 0.2940 0.0000 0.0000
835.00 P 20260730 98.98 102.37 2 0 -1.0000 -1.0000 -1.0000
