# opt_chain NVDA | epoch 1785356413 | 2026-07-29 16:20:13 | spot 189.76 | exps 20260729 20260731 20260803 20260805 20260807 20260810 20260812 20260814 20260821
# fuente polygon_snapshot_v3 | greeks polygon_directo | iv polygon_directo | oi polygon_directo | vol day.volume(-1 si no cotizo) | bid/ask NO_ENTITLED(-1) | spot_src ibkr_bridge spot_edad_s 72 | band 0.4050 vencimientos 9 exp_hasta 2026-08-21
# strike right exp bid ask vol oi iv delta gamma
140.00 C 20260729 -1.00 -1.00 552 66 7.1771 0.9854 0.001323
145.00 C 20260729 -1.00 -1.00 339 55 7.0201 0.9766 0.002047
150.00 C 20260729 -1.00 -1.00 255 43 6.6047 0.9671 0.002869
155.00 C 20260729 -1.00 -1.00 252 19 -1.0000 -1.0000 -1.000000
160.00 C 20260729 -1.00 -1.00 68 58 4.5188 0.9741 0.003466
165.00 C 20260729 -1.00 -1.00 22 106 3.8306 0.9700 0.004624
170.00 C 20260729 -1.00 -1.00 679 126 3.3176 0.9542 0.007468
172.50 C 20260729 -1.00 -1.00 154 48 2.6369 0.9685 0.006984
175.00 C 20260729 -1.00 -1.00 75 465 -1.0000 -1.0000 -1.000000
177.50 C 20260729 -1.00 -1.00 280 542 -1.0000 -1.0000 -1.000000
180.00 C 20260729 -1.00 -1.00 666 683 2.6475 0.8501 0.022838
182.50 C 20260729 -1.00 -1.00 1138 320 1.4344 0.9209 0.026610
185.00 C 20260729 -1.00 -1.00 1127 1974 1.1654 0.8769 0.045733
187.50 C 20260729 -1.00 -1.00 6209 1752 0.8758 0.7814 0.088389
190.00 C 20260729 -1.00 -1.00 39405 1143 0.4360 0.5180 0.239725
192.50 C 20260729 -1.00 -1.00 215576 2110 0.4544 0.0852 0.088661
195.00 C 20260729 -1.00 -1.00 386609 8036 0.5989 0.0174 0.018400
197.50 C 20260729 -1.00 -1.00 284966 20309 0.8593 0.0128 0.009946
200.00 C 20260729 -1.00 -1.00 161471 25622 1.0888 0.0102 0.006432
202.50 C 20260729 -1.00 -1.00 41000 21777 1.3115 0.0086 0.004557
205.00 C 20260729 -1.00 -1.00 19886 23168 1.5315 0.0075 0.003433
207.50 C 20260729 -1.00 -1.00 7353 12732 1.7488 0.0066 0.002703
210.00 C 20260729 -1.00 -1.00 5750 28357 1.9634 0.0060 0.002199
212.50 C 20260729 -1.00 -1.00 1635 9074 2.1756 0.0055 0.001836
215.00 C 20260729 -1.00 -1.00 513 8384 2.3852 0.0050 0.001565
217.50 C 20260729 -1.00 -1.00 514 4212 2.8121 0.0094 0.002296
220.00 C 20260729 -1.00 -1.00 67 8986 2.7962 0.0044 0.001192
222.50 C 20260729 -1.00 -1.00 30 3020 3.5279 0.0136 0.002560
225.00 C 20260729 -1.00 -1.00 597 1888 3.1517 0.0039 0.000949
227.50 C 20260729 -1.00 -1.00 41 2753 3.3265 0.0037 0.000857
230.00 C 20260729 -1.00 -1.00 59 7411 3.4994 0.0036 0.000778
232.50 C 20260729 -1.00 -1.00 3 195 3.6705 0.0034 0.000711
235.00 C 20260729 -1.00 -1.00 1 1089 3.8398 0.0033 0.000653
237.50 C 20260729 -1.00 -1.00 2 91 5.9858 0.0358 0.003426
240.00 C 20260729 -1.00 -1.00 104 491 4.1730 0.0030 0.000559
140.00 P 20260729 -1.00 -1.00 382 513 5.4697 -0.0022 0.000325
145.00 P 20260729 -1.00 -1.00 227 609 4.8969 -0.0025 0.000402
150.00 P 20260729 -1.00 -1.00 4 588 4.3437 -0.0028 0.000505
155.00 P 20260729 -1.00 -1.00 27 656 3.8088 -0.0032 0.000650
160.00 P 20260729 -1.00 -1.00 16 1134 3.2910 -0.0037 0.000861
165.00 P 20260729 -1.00 -1.00 242 1940 2.7362 -0.0043 0.001191
170.00 P 20260729 -1.00 -1.00 557 2596 2.1958 -0.0053 0.001761
172.50 P 20260729 -1.00 -1.00 22 881 1.9316 -0.0059 0.002218
175.00 P 20260729 -1.00 -1.00 245 1449 1.6712 -0.0068 0.002888
177.50 P 20260729 -1.00 -1.00 726 1109 1.4145 -0.0079 0.003925
180.00 P 20260729 -1.00 -1.00 3769 3714 1.1614 -0.0095 0.005664
182.50 P 20260729 -1.00 -1.00 8726 3160 0.9089 -0.0120 0.008934
185.00 P 20260729 -1.00 -1.00 27826 9753 0.6300 -0.0165 0.016734
187.50 P 20260729 -1.00 -1.00 141172 5758 0.6208 -0.1373 0.092592
190.00 P 20260729 -1.00 -1.00 408012 30663 0.3934 -0.4805 0.265552
192.50 P 20260729 -1.00 -1.00 244328 14946 -1.0000 -1.0000 -1.000000
195.00 P 20260729 -1.00 -1.00 91381 14498 1.2817 -0.8330 0.050566
197.50 P 20260729 -1.00 -1.00 20405 7972 -1.0000 -1.0000 -1.000000
200.00 P 20260729 -1.00 -1.00 4894 8808 -1.0000 -1.0000 -1.000000
202.50 P 20260729 -1.00 -1.00 1015 2501 -1.0000 -1.0000 -1.000000
205.00 P 20260729 -1.00 -1.00 2218 7362 -1.0000 -1.0000 -1.000000
207.50 P 20260729 -1.00 -1.00 1515 1095 -1.0000 -1.0000 -1.000000
210.00 P 20260729 -1.00 -1.00 1291 3227 -1.0000 -1.0000 -1.000000
212.50 P 20260729 -1.00 -1.00 105 5 -1.0000 -1.0000 -1.000000
215.00 P 20260729 -1.00 -1.00 51 11 -1.0000 -1.0000 -1.000000
217.50 P 20260729 -1.00 -1.00 716 2 -1.0000 -1.0000 -1.000000
220.00 P 20260729 -1.00 -1.00 136 0 -1.0000 -1.0000 -1.000000
222.50 P 20260729 -1.00 -1.00 236 0 -1.0000 -1.0000 -1.000000
225.00 P 20260729 -1.00 -1.00 124 0 -1.0000 -1.0000 -1.000000
227.50 P 20260729 -1.00 -1.00 1 0 -1.0000 -1.0000 -1.000000
230.00 P 20260729 -1.00 -1.00 5 0 -1.0000 -1.0000 -1.000000
232.50 P 20260729 -1.00 -1.00 10 0 -1.0000 -1.0000 -1.000000
235.00 P 20260729 -1.00 -1.00 12 0 -1.0000 -1.0000 -1.000000
237.50 P 20260729 -1.00 -1.00 7 0 -1.0000 -1.0000 -1.000000
240.00 P 20260729 -1.00 -1.00 5 0 -1.0000 -1.0000 -1.000000
140.00 C 20260731 -1.00 -1.00 23 100 2.4971 0.9555 0.002588
145.00 C 20260731 -1.00 -1.00 5 180 -1.0000 -1.0000 -1.000000
150.00 C 20260731 -1.00 -1.00 9 89 -1.0000 -1.0000 -1.000000
155.00 C 20260731 -1.00 -1.00 3 102 2.4912 0.8801 0.005588
160.00 C 20260731 -1.00 -1.00 489 453 -1.0000 -1.0000 -1.000000
165.00 C 20260731 -1.00 -1.00 414 315 1.3181 0.9282 0.007169
170.00 C 20260731 -1.00 -1.00 220 395 1.0620 0.9221 0.009443
172.50 C 20260731 -1.00 -1.00 1242 61 1.2917 0.8488 0.012514
175.00 C 20260731 -1.00 -1.00 1532 594 0.8135 0.9131 0.013366
177.50 C 20260731 -1.00 -1.00 5964 579 0.7979 0.8782 0.017696
180.00 C 20260731 -1.00 -1.00 4039 1231 0.7707 0.8295 0.022674
182.50 C 20260731 -1.00 -1.00 8870 790 0.6992 0.7868 0.029069
185.00 C 20260731 -1.00 -1.00 5592 1709 0.4986 0.7698 0.042555
187.50 C 20260731 -1.00 -1.00 6719 812 0.7775 0.6030 0.034283
190.00 C 20260731 -1.00 -1.00 15219 5095 0.5963 0.5139 0.046931
192.50 C 20260731 -1.00 -1.00 27754 1169 0.5757 0.3964 0.046481
195.00 C 20260731 -1.00 -1.00 65302 11183 0.6663 0.3191 0.037066
197.50 C 20260731 -1.00 -1.00 33778 24238 0.5779 0.2011 0.033572
200.00 C 20260731 -1.00 -1.00 78493 37962 0.5925 0.1340 0.025436
202.50 C 20260731 -1.00 -1.00 34654 19586 0.5991 0.0870 0.018200
205.00 C 20260731 -1.00 -1.00 35688 40031 0.6133 0.0563 0.012687
207.50 C 20260731 -1.00 -1.00 15139 32223 0.6411 0.0374 0.008767
210.00 C 20260731 -1.00 -1.00 22244 47379 0.6510 0.0236 0.005852
212.50 C 20260731 -1.00 -1.00 24759 37484 0.6898 0.0177 0.004307
215.00 C 20260731 -1.00 -1.00 15034 89681 0.7344 0.0134 0.003225
217.50 C 20260731 -1.00 -1.00 3497 14454 0.7478 0.0094 0.002300
220.00 C 20260731 -1.00 -1.00 26555 50189 0.7733 0.0067 0.001642
222.50 C 20260731 -1.00 -1.00 1054 75741 0.7910 0.0042 0.001061
225.00 C 20260731 -1.00 -1.00 2668 26009 0.8381 0.0039 0.000950
227.50 C 20260731 -1.00 -1.00 1000 11344 0.8847 0.0037 0.000858
230.00 C 20260731 -1.00 -1.00 1566 16832 0.9308 0.0036 0.000779
232.50 C 20260731 -1.00 -1.00 240 1824 0.9764 0.0034 0.000712
235.00 C 20260731 -1.00 -1.00 874 11792 1.0216 0.0033 0.000654
237.50 C 20260731 -1.00 -1.00 153 1308 1.0662 0.0031 0.000604
240.00 C 20260731 -1.00 -1.00 589 9729 1.1104 0.0030 0.000560
140.00 P 20260731 -1.00 -1.00 129 1708 1.4573 -0.0022 0.000325
145.00 P 20260731 -1.00 -1.00 620 1869 1.3545 -0.0032 0.000485
150.00 P 20260731 -1.00 -1.00 1423 5510 1.2239 -0.0042 0.000696
155.00 P 20260731 -1.00 -1.00 1406 4633 1.0653 -0.0048 0.000892
160.00 P 20260731 -1.00 -1.00 1758 11471 0.9805 -0.0089 0.001690
165.00 P 20260731 -1.00 -1.00 997 2777 0.8726 -0.0148 0.002924
170.00 P 20260731 -1.00 -1.00 4243 75664 0.7585 -0.0242 0.005170
172.50 P 20260731 -1.00 -1.00 1143 1344 0.7238 -0.0364 0.007575
175.00 P 20260731 -1.00 -1.00 3468 21112 0.6748 -0.0512 0.010724
177.50 P 20260731 -1.00 -1.00 2284 3287 0.6417 -0.0767 0.015474
180.00 P 20260731 -1.00 -1.00 13641 19396 0.6097 -0.1153 0.022144
182.50 P 20260731 -1.00 -1.00 14856 6838 0.5823 -0.1750 0.030532
185.00 P 20260731 -1.00 -1.00 26082 14779 0.5044 -0.2331 0.042321
187.50 P 20260731 -1.00 -1.00 27449 7800 0.5712 -0.3676 0.045954
190.00 P 20260731 -1.00 -1.00 56290 26473 0.5710 -0.4867 0.049070
192.50 P 20260731 -1.00 -1.00 25833 10082 0.5643 -0.6065 0.047443
195.00 P 20260731 -1.00 -1.00 24668 26343 0.5390 -0.7246 0.042969
197.50 P 20260731 -1.00 -1.00 6484 8537 0.3569 -0.9205 0.029592
200.00 P 20260731 -1.00 -1.00 7537 14424 0.4973 -0.9071 0.023405
202.50 P 20260731 -1.00 -1.00 5229 5277 -1.0000 -1.0000 -1.000000
205.00 P 20260731 -1.00 -1.00 14258 19482 -1.0000 -1.0000 -1.000000
207.50 P 20260731 -1.00 -1.00 6527 6832 -1.0000 -1.0000 -1.000000
210.00 P 20260731 -1.00 -1.00 5088 7291 0.9577 -0.9079 0.011975
212.50 P 20260731 -1.00 -1.00 3127 1963 -1.0000 -1.0000 -1.000000
215.00 P 20260731 -1.00 -1.00 5203 3652 -1.0000 -1.0000 -1.000000
217.50 P 20260731 -1.00 -1.00 17566 587 -1.0000 -1.0000 -1.000000
220.00 P 20260731 -1.00 -1.00 1285 1026 -1.0000 -1.0000 -1.000000
222.50 P 20260731 -1.00 -1.00 276 19 -1.0000 -1.0000 -1.000000
225.00 P 20260731 -1.00 -1.00 38 30 -1.0000 -1.0000 -1.000000
227.50 P 20260731 -1.00 -1.00 124 5 -1.0000 -1.0000 -1.000000
230.00 P 20260731 -1.00 -1.00 18 30 -1.0000 -1.0000 -1.000000
232.50 P 20260731 -1.00 -1.00 1 0 -1.0000 -1.0000 -1.000000
235.00 P 20260731 -1.00 -1.00 2 5 1.5747 -0.9573 0.004026
237.50 P 20260731 -1.00 -1.00 6 0 1.8062 -0.9392 0.004615
240.00 P 20260731 -1.00 -1.00 1 10 1.9002 -0.9379 0.004461
140.00 C 20260803 -1.00 -1.00 2 1 1.5569 0.9604 0.002430
145.00 C 20260803 -1.00 -1.00 -1 0 1.4075 0.9566 0.002900
150.00 C 20260803 -1.00 -1.00 2 1 1.7614 0.8945 0.004664
155.00 C 20260803 -1.00 -1.00 2 1 0.9907 0.9649 0.003465
160.00 C 20260803 -1.00 -1.00 2 1 0.8103 0.9693 0.003815
165.00 C 20260803 -1.00 -1.00 216 20 0.9420 0.9076 0.007818
170.00 C 20260803 -1.00 -1.00 178 41 0.6049 0.9461 0.008072
172.50 C 20260803 -1.00 -1.00 192 18 0.6368 0.9079 0.011528
175.00 C 20260803 -1.00 -1.00 485 89 0.5865 0.8913 0.014223
177.50 C 20260803 -1.00 -1.00 322 81 0.5506 0.8633 0.017840
180.00 C 20260803 -1.00 -1.00 247 142 0.5298 0.8170 0.022349
182.50 C 20260803 -1.00 -1.00 127 130 0.5588 0.7431 0.025765
185.00 C 20260803 -1.00 -1.00 327 109 0.4248 0.7154 0.035649
187.50 C 20260803 -1.00 -1.00 452 339 0.4453 0.6154 0.038408
190.00 C 20260803 -1.00 -1.00 3405 174 0.4804 0.5172 0.037649
192.50 C 20260803 -1.00 -1.00 3129 258 0.4591 0.4219 0.038084
195.00 C 20260803 -1.00 -1.00 7512 971 0.4499 0.3289 0.035976
197.50 C 20260803 -1.00 -1.00 2818 921 0.4587 0.2496 0.031226
200.00 C 20260803 -1.00 -1.00 8007 2324 0.4621 0.1865 0.025844
202.50 C 20260803 -1.00 -1.00 2525 2233 0.4582 0.1277 0.020457
205.00 C 20260803 -1.00 -1.00 5875 3200 0.4612 0.0878 0.015393
207.50 C 20260803 -1.00 -1.00 3566 2761 0.4687 0.0605 0.011386
210.00 C 20260803 -1.00 -1.00 7797 3263 0.5006 0.0497 0.009073
212.50 C 20260803 -1.00 -1.00 904 6967 0.4934 0.0292 0.005998
215.00 C 20260803 -1.00 -1.00 2892 2457 0.5061 0.0211 0.004412
217.50 C 20260803 -1.00 -1.00 216 5896 0.5226 0.0144 0.003113
220.00 C 20260803 -1.00 -1.00 240 1959 0.5453 0.0118 0.002498
222.50 C 20260803 -1.00 -1.00 93 403 0.5615 0.0093 0.001954
225.00 C 20260803 -1.00 -1.00 107 505 0.5867 0.0079 0.001615
227.50 C 20260803 -1.00 -1.00 8 942 0.6025 0.0057 0.001183
230.00 C 20260803 -1.00 -1.00 61 612 0.6256 0.0045 0.000938
232.50 C 20260803 -1.00 -1.00 19 400 0.6550 0.0043 0.000860
235.00 C 20260803 -1.00 -1.00 26 5167 0.6841 0.0042 0.000792
240.00 C 20260803 -1.00 -1.00 400 571 0.7169 0.0030 0.000561
140.00 P 20260803 -1.00 -1.00 1 96 0.9756 -0.0028 0.000394
145.00 P 20260803 -1.00 -1.00 5 5 0.8766 -0.0032 0.000484
150.00 P 20260803 -1.00 -1.00 15 41 0.8031 -0.0049 0.000779
155.00 P 20260803 -1.00 -1.00 31 184 0.7233 -0.0071 0.001194
160.00 P 20260803 -1.00 -1.00 58 167 0.6740 -0.0126 0.002143
165.00 P 20260803 -1.00 -1.00 66 183 0.5931 -0.0194 0.003515
170.00 P 20260803 -1.00 -1.00 471 151 0.5471 -0.0385 0.006761
172.50 P 20260803 -1.00 -1.00 499 108 0.5218 -0.0532 0.009256
175.00 P 20260803 -1.00 -1.00 648 265 0.4761 -0.0636 0.011820
177.50 P 20260803 -1.00 -1.00 566 341 0.4763 -0.1057 0.017139
180.00 P 20260803 -1.00 -1.00 3634 2080 0.4604 -0.1507 0.022681
182.50 P 20260803 -1.00 -1.00 1683 660 0.4554 -0.2134 0.028911
185.00 P 20260803 -1.00 -1.00 5031 1915 0.4418 -0.2918 0.034746
187.50 P 20260803 -1.00 -1.00 1763 644 0.4414 -0.3844 0.038813
190.00 P 20260803 -1.00 -1.00 3010 2616 0.4025 -0.4845 0.045061
192.50 P 20260803 -1.00 -1.00 1932 1020 0.4319 -0.5855 0.040520
195.00 P 20260803 -1.00 -1.00 1631 2347 0.2382 -0.8131 0.051655
197.50 P 20260803 -1.00 -1.00 1956 827 0.4675 -0.7473 0.031039
200.00 P 20260803 -1.00 -1.00 874 1288 0.3953 -0.8601 0.026021
202.50 P 20260803 -1.00 -1.00 276 464 -1.0000 -1.0000 -1.000000
205.00 P 20260803 -1.00 -1.00 497 619 0.3676 -0.9617 0.011464
207.50 P 20260803 -1.00 -1.00 928 377 -1.0000 -1.0000 -1.000000
210.00 P 20260803 -1.00 -1.00 646 287 -1.0000 -1.0000 -1.000000
212.50 P 20260803 -1.00 -1.00 303 672 -1.0000 -1.0000 -1.000000
215.00 P 20260803 -1.00 -1.00 238 87 -1.0000 -1.0000 -1.000000
217.50 P 20260803 -1.00 -1.00 226 68 -1.0000 -1.0000 -1.000000
220.00 P 20260803 -1.00 -1.00 1 36 0.6524 -0.9723 0.004850
222.50 P 20260803 -1.00 -1.00 132 36 -1.0000 -1.0000 -1.000000
225.00 P 20260803 -1.00 -1.00 25 24 -1.0000 -1.0000 -1.000000
227.50 P 20260803 -1.00 -1.00 222 0 -1.0000 -1.0000 -1.000000
230.00 P 20260803 -1.00 -1.00 283 0 -1.0000 -1.0000 -1.000000
232.50 P 20260803 -1.00 -1.00 222 0 -1.0000 -1.0000 -1.000000
235.00 P 20260803 -1.00 -1.00 283 0 -1.0000 -1.0000 -1.000000
240.00 P 20260803 -1.00 -1.00 5 0 -1.0000 -1.0000 -1.000000
140.00 C 20260805 -1.00 -1.00 1 0 1.1217 0.9798 0.001636
145.00 C 20260805 -1.00 -1.00 -1 0 1.0665 0.9731 0.002212
150.00 C 20260805 -1.00 -1.00 4 0 0.9564 0.9688 0.002775
155.00 C 20260805 -1.00 -1.00 4 0 0.8190 0.9691 0.003216
160.00 C 20260805 -1.00 -1.00 2 14 0.7368 0.9587 0.004510
165.00 C 20260805 -1.00 -1.00 2 13 0.6673 0.9437 0.006457
170.00 C 20260805 -1.00 -1.00 31 32 0.6285 0.9069 0.009999
172.50 C 20260805 -1.00 -1.00 4 10 0.6073 0.8855 0.012166
175.00 C 20260805 -1.00 -1.00 34 32 0.5706 0.8622 0.014671
177.50 C 20260805 -1.00 -1.00 8 95 0.5818 0.8133 0.017521
180.00 C 20260805 -1.00 -1.00 17 33 0.6235 0.7505 0.019315
182.50 C 20260805 -1.00 -1.00 477 34 0.4938 0.7362 0.025064
185.00 C 20260805 -1.00 -1.00 565 353 0.5017 0.6676 0.027814
187.50 C 20260805 -1.00 -1.00 7 51 0.4839 0.5965 0.030324
190.00 C 20260805 -1.00 -1.00 1381 135 0.4797 0.5194 0.031995
192.50 C 20260805 -1.00 -1.00 1655 221 0.4590 0.4385 0.032542
195.00 C 20260805 -1.00 -1.00 2159 290 0.4692 0.3629 0.030686
197.50 C 20260805 -1.00 -1.00 1646 503 0.4635 0.2918 0.028049
200.00 C 20260805 -1.00 -1.00 3238 1032 0.4606 0.2259 0.024908
202.50 C 20260805 -1.00 -1.00 1055 483 0.4569 0.1708 0.021021
205.00 C 20260805 -1.00 -1.00 5131 2210 0.4938 0.1424 0.017514
207.50 C 20260805 -1.00 -1.00 2263 795 0.4638 0.0942 0.013663
210.00 C 20260805 -1.00 -1.00 937 2674 0.4691 0.0675 0.010577
212.50 C 20260805 -1.00 -1.00 1507 1014 0.4683 0.0475 0.007933
215.00 C 20260805 -1.00 -1.00 567 1297 0.5015 0.0417 0.006689
217.50 C 20260805 -1.00 -1.00 108 353 0.4904 0.0262 0.004657
220.00 C 20260805 -1.00 -1.00 146 1097 0.4973 0.0186 0.003421
222.50 C 20260805 -1.00 -1.00 92 278 0.5176 0.0145 0.002678
225.00 C 20260805 -1.00 -1.00 64 944 0.5284 0.0114 0.002120
227.50 C 20260805 -1.00 -1.00 1 135 0.6068 0.0180 0.002725
230.00 C 20260805 -1.00 -1.00 39 462 0.5702 0.0088 0.001555
232.50 C 20260805 -1.00 -1.00 123 117 0.5831 0.0068 0.001219
235.00 C 20260805 -1.00 -1.00 27 287 0.6110 0.0066 0.001122
240.00 C 20260805 -1.00 -1.00 12 912 0.6492 0.0046 0.000784
140.00 P 20260805 -1.00 -1.00 9 13 0.8959 -0.0055 0.000654
145.00 P 20260805 -1.00 -1.00 4 55 0.8420 -0.0082 0.001001
150.00 P 20260805 -1.00 -1.00 582 96 0.7797 -0.0113 0.001436
155.00 P 20260805 -1.00 -1.00 11 97 0.7054 -0.0161 0.002135
160.00 P 20260805 -1.00 -1.00 68 83 0.6581 -0.0252 0.003400
165.00 P 20260805 -1.00 -1.00 73 131 0.6069 -0.0425 0.005604
170.00 P 20260805 -1.00 -1.00 80 140 0.5480 -0.0632 0.008668
172.50 P 20260805 -1.00 -1.00 160 60 0.5007 -0.0752 0.010723
175.00 P 20260805 -1.00 -1.00 186 179 0.5077 -0.1124 0.014338
177.50 P 20260805 -1.00 -1.00 136 227 0.4760 -0.1416 0.017904
180.00 P 20260805 -1.00 -1.00 339 5200 0.4809 -0.1969 0.022003
182.50 P 20260805 -1.00 -1.00 145 176 0.4599 -0.2509 0.026310
185.00 P 20260805 -1.00 -1.00 1537 609 0.4146 -0.3077 0.032327
187.50 P 20260805 -1.00 -1.00 313 5099 0.4554 -0.4007 0.032240
190.00 P 20260805 -1.00 -1.00 2187 1942 0.4467 -0.4830 0.034496
192.50 P 20260805 -1.00 -1.00 850 372 0.4541 -0.5646 0.032990
195.00 P 20260805 -1.00 -1.00 1811 762 0.4009 -0.6644 0.034864
197.50 P 20260805 -1.00 -1.00 287 416 0.4238 -0.7315 0.029890
200.00 P 20260805 -1.00 -1.00 282 799 0.4154 -0.8016 0.025825
202.50 P 20260805 -1.00 -1.00 229 207 0.3916 -0.8742 0.020808
205.00 P 20260805 -1.00 -1.00 74 493 -1.0000 -1.0000 -1.000000
207.50 P 20260805 -1.00 -1.00 78 242 -1.0000 -1.0000 -1.000000
210.00 P 20260805 -1.00 -1.00 303 186 -1.0000 -1.0000 -1.000000
212.50 P 20260805 -1.00 -1.00 644 78 -1.0000 -1.0000 -1.000000
215.00 P 20260805 -1.00 -1.00 287 212 -1.0000 -1.0000 -1.000000
217.50 P 20260805 -1.00 -1.00 170 28 -1.0000 -1.0000 -1.000000
220.00 P 20260805 -1.00 -1.00 111 89 0.5650 -0.9714 0.005120
222.50 P 20260805 -1.00 -1.00 144 26 -1.0000 -1.0000 -1.000000
225.00 P 20260805 -1.00 -1.00 284 42 -1.0000 -1.0000 -1.000000
227.50 P 20260805 -1.00 -1.00 157 28 -1.0000 -1.0000 -1.000000
230.00 P 20260805 -1.00 -1.00 166 1 -1.0000 -1.0000 -1.000000
232.50 P 20260805 -1.00 -1.00 1 1 -1.0000 -1.0000 -1.000000
235.00 P 20260805 -1.00 -1.00 125 0 -1.0000 -1.0000 -1.000000
240.00 P 20260805 -1.00 -1.00 125 0 -1.0000 -1.0000 -1.000000
140.00 C 20260807 -1.00 -1.00 39 98 1.0630 0.9740 0.001912
145.00 C 20260807 -1.00 -1.00 2 1214 0.9615 0.9702 0.002352
150.00 C 20260807 -1.00 -1.00 40 128 -1.0000 -1.0000 -1.000000
155.00 C 20260807 -1.00 -1.00 257 57 0.7962 0.9549 0.003971
160.00 C 20260807 -1.00 -1.00 429 538 1.0878 0.8630 0.006752
165.00 C 20260807 -1.00 -1.00 174 142 0.6390 0.9289 0.007116
167.50 C 20260807 -1.00 -1.00 74 28 0.8379 0.8473 0.009411
170.00 C 20260807 -1.00 -1.00 29 190 0.6101 0.8889 0.010462
172.50 C 20260807 -1.00 -1.00 75 28 0.5868 0.8658 0.012397
175.00 C 20260807 -1.00 -1.00 472 196 0.5334 0.8486 0.014713
177.50 C 20260807 -1.00 -1.00 802 2 0.5629 0.7959 0.017045
180.00 C 20260807 -1.00 -1.00 1277 608 0.6450 0.7224 0.017407
182.50 C 20260807 -1.00 -1.00 77 53 0.5125 0.7086 0.022455
185.00 C 20260807 -1.00 -1.00 2114 713 0.5058 0.6517 0.024777
187.50 C 20260807 -1.00 -1.00 300 483 0.4868 0.5886 0.026779
190.00 C 20260807 -1.00 -1.00 1887 1133 0.4828 0.5207 0.028116
192.50 C 20260807 -1.00 -1.00 8750 422 0.4597 0.4492 0.028840
195.00 C 20260807 -1.00 -1.00 11339 10155 0.4654 0.3800 0.027792
197.50 C 20260807 -1.00 -1.00 8464 2260 0.4634 0.3174 0.025759
200.00 C 20260807 -1.00 -1.00 27031 10705 0.4559 0.2520 0.023714
202.50 C 20260807 -1.00 -1.00 8264 2616 0.4471 0.1980 0.020812
205.00 C 20260807 -1.00 -1.00 12512 9510 0.4550 0.1552 0.017648
207.50 C 20260807 -1.00 -1.00 18107 7612 0.4472 0.1157 0.014567
210.00 C 20260807 -1.00 -1.00 12977 14703 0.4534 0.0877 0.011744
212.50 C 20260807 -1.00 -1.00 1906 6627 0.4591 0.0662 0.009396
215.00 C 20260807 -1.00 -1.00 5032 8590 0.4628 0.0500 0.007397
217.50 C 20260807 -1.00 -1.00 866 2691 0.4843 0.0416 0.006124
220.00 C 20260807 -1.00 -1.00 8880 12702 0.4840 0.0296 0.004636
222.50 C 20260807 -1.00 -1.00 657 1799 0.4899 0.0227 0.003634
225.00 C 20260807 -1.00 -1.00 860 7146 0.5045 0.0181 0.002921
227.50 C 20260807 -1.00 -1.00 250 2018 0.5306 0.0166 0.002585
230.00 C 20260807 -1.00 -1.00 1382 9691 0.5377 0.0125 0.002013
232.50 C 20260807 -1.00 -1.00 3 196 0.5557 0.0113 0.001776
235.00 C 20260807 -1.00 -1.00 1310 3243 0.5669 0.0095 0.001485
237.50 C 20260807 -1.00 -1.00 64 216 0.5912 0.0092 0.001376
240.00 C 20260807 -1.00 -1.00 639 7448 0.6020 0.0075 0.001130
140.00 P 20260807 -1.00 -1.00 34 668 0.8640 -0.0092 0.000955
145.00 P 20260807 -1.00 -1.00 616 970 0.8063 -0.0132 0.001395
150.00 P 20260807 -1.00 -1.00 287 771 0.7451 -0.0184 0.002005
155.00 P 20260807 -1.00 -1.00 526 1476 0.6934 -0.0253 0.002863
160.00 P 20260807 -1.00 -1.00 1313 1623 0.6300 -0.0362 0.004196
165.00 P 20260807 -1.00 -1.00 135 1477 0.5828 -0.0545 0.006368
167.50 P 20260807 -1.00 -1.00 60 32 0.5553 -0.0655 0.007739
170.00 P 20260807 -1.00 -1.00 1156 7924 0.5330 -0.0845 0.009696
172.50 P 20260807 -1.00 -1.00 219 319 0.5300 -0.1121 0.012128
175.00 P 20260807 -1.00 -1.00 1198 3965 0.5044 -0.1380 0.014694
177.50 P 20260807 -1.00 -1.00 1644 491 0.4892 -0.1762 0.017736
180.00 P 20260807 -1.00 -1.00 6750 74127 0.4863 -0.2234 0.020826
182.50 P 20260807 -1.00 -1.00 1861 4527 0.4810 -0.2815 0.023534
185.00 P 20260807 -1.00 -1.00 11665 14497 0.4690 -0.3397 0.026645
187.50 P 20260807 -1.00 -1.00 2118 1631 0.4526 -0.4079 0.028814
190.00 P 20260807 -1.00 -1.00 6211 11557 0.4572 -0.4810 0.029801
192.50 P 20260807 -1.00 -1.00 2356 3497 0.4363 -0.5565 0.030466
195.00 P 20260807 -1.00 -1.00 2804 5312 0.4200 -0.6370 0.030539
197.50 P 20260807 -1.00 -1.00 557 1671 0.4025 -0.7144 0.028616
200.00 P 20260807 -1.00 -1.00 1320 7083 0.4247 -0.7675 0.024734
202.50 P 20260807 -1.00 -1.00 266 587 0.3710 -0.8584 0.021237
205.00 P 20260807 -1.00 -1.00 3714 6154 0.4256 -0.8666 0.017696
207.50 P 20260807 -1.00 -1.00 141 823 -1.0000 -1.0000 -1.000000
210.00 P 20260807 -1.00 -1.00 1681 8722 0.3124 -0.9876 0.006110
212.50 P 20260807 -1.00 -1.00 97 1210 -1.0000 -1.0000 -1.000000
215.00 P 20260807 -1.00 -1.00 478 888 -1.0000 -1.0000 -1.000000
217.50 P 20260807 -1.00 -1.00 316 190 0.4630 -0.9726 0.005664
220.00 P 20260807 -1.00 -1.00 379 449 0.5343 -0.9596 0.006124
222.50 P 20260807 -1.00 -1.00 321 220 -1.0000 -1.0000 -1.000000
225.00 P 20260807 -1.00 -1.00 123 1217 -1.0000 -1.0000 -1.000000
227.50 P 20260807 -1.00 -1.00 169 46 -1.0000 -1.0000 -1.000000
230.00 P 20260807 -1.00 -1.00 60 112 -1.0000 -1.0000 -1.000000
232.50 P 20260807 -1.00 -1.00 -1 0 -1.0000 -1.0000 -1.000000
235.00 P 20260807 -1.00 -1.00 11 18 -1.0000 -1.0000 -1.000000
237.50 P 20260807 -1.00 -1.00 -1 0 -1.0000 -1.0000 -1.000000
240.00 P 20260807 -1.00 -1.00 36 5 -1.0000 -1.0000 -1.000000
140.00 C 20260810 -1.00 -1.00 -1 0 0.9850 0.9646 0.002282
145.00 C 20260810 -1.00 -1.00 1 1 0.8954 0.9601 0.002769
150.00 C 20260810 -1.00 -1.00 2 0 0.8250 0.9521 0.003503
155.00 C 20260810 -1.00 -1.00 2 0 0.7787 0.9375 0.004612
160.00 C 20260810 -1.00 -1.00 136 0 0.6723 0.9315 0.005711
165.00 C 20260810 -1.00 -1.00 136 11 0.5692 0.9237 0.007299
167.50 C 20260810 -1.00 -1.00 144 19 0.5742 0.8985 0.008986
170.00 C 20260810 -1.00 -1.00 69 13 0.5690 0.8750 0.010616
172.50 C 20260810 -1.00 -1.00 2 19 0.5305 0.8564 0.012406
175.00 C 20260810 -1.00 -1.00 1 5 0.5214 0.8228 0.014486
177.50 C 20260810 -1.00 -1.00 1 0 0.4983 0.7932 0.016880
180.00 C 20260810 -1.00 -1.00 2 14 0.5610 0.7229 0.017351
182.50 C 20260810 -1.00 -1.00 4 5 0.4460 0.7093 0.022368
185.00 C 20260810 -1.00 -1.00 58 59 0.5016 0.6382 0.021852
187.50 C 20260810 -1.00 -1.00 22 16 0.4423 0.5874 0.025596
190.00 C 20260810 -1.00 -1.00 308 121 0.4444 0.5227 0.026500
192.50 C 20260810 -1.00 -1.00 414 117 0.4207 0.4548 0.027395
195.00 C 20260810 -1.00 -1.00 722 257 0.4186 0.3867 0.026899
197.50 C 20260810 -1.00 -1.00 1848 6128 0.4321 0.3323 0.024478
200.00 C 20260810 -1.00 -1.00 1148 10909 0.4239 0.2707 0.022803
202.50 C 20260810 -1.00 -1.00 284 42 0.4176 0.2171 0.020508
205.00 C 20260810 -1.00 -1.00 1138 1700 0.4245 0.1771 0.017749
207.50 C 20260810 -1.00 -1.00 171 53 0.4209 0.1350 0.015100
210.00 C 20260810 -1.00 -1.00 1117 1247 0.4347 0.1137 0.012822
212.50 C 20260810 -1.00 -1.00 129 139 0.4145 0.0734 0.009847
215.00 C 20260810 -1.00 -1.00 499 692 0.4334 0.0643 0.008421
217.50 C 20260810 -1.00 -1.00 76 43 0.4468 0.0538 0.007056
220.00 C 20260810 -1.00 -1.00 261 702 0.4294 0.0322 0.004890
222.50 C 20260810 -1.00 -1.00 54 3 0.4499 0.0293 0.004293
225.00 C 20260810 -1.00 -1.00 35 393 0.4575 0.0235 0.003487
227.50 C 20260810 -1.00 -1.00 95 2 0.4701 0.0193 0.002866
230.00 C 20260810 -1.00 -1.00 220 1012 0.4899 0.0172 0.002501
232.50 C 20260810 -1.00 -1.00 -1 0 0.4989 0.0134 0.001996
235.00 C 20260810 -1.00 -1.00 12 113 0.5086 0.0116 0.001714
240.00 C 20260810 -1.00 -1.00 8 10 0.5391 0.0095 0.001352
140.00 P 20260810 -1.00 -1.00 33 30 0.7719 -0.0108 0.001068
145.00 P 20260810 -1.00 -1.00 21 26 0.7134 -0.0149 0.001513
150.00 P 20260810 -1.00 -1.00 1377 14 0.6538 -0.0192 0.002064
155.00 P 20260810 -1.00 -1.00 1 101 0.6215 -0.0290 0.003101
160.00 P 20260810 -1.00 -1.00 981 13 0.5662 -0.0413 0.004510
165.00 P 20260810 -1.00 -1.00 33 122 0.5317 -0.0613 0.006700
167.50 P 20260810 -1.00 -1.00 16 1 0.5074 -0.0765 0.008215
170.00 P 20260810 -1.00 -1.00 144 705 0.4836 -0.0932 0.009992
172.50 P 20260810 -1.00 -1.00 10 12 0.4828 -0.1203 0.012245
175.00 P 20260810 -1.00 -1.00 164 81 0.4622 -0.1506 0.014699
177.50 P 20260810 -1.00 -1.00 34 6 0.4433 -0.1845 0.017533
180.00 P 20260810 -1.00 -1.00 400 189 0.4538 -0.2382 0.019947
182.50 P 20260810 -1.00 -1.00 214 18 0.4020 -0.2739 0.024119
185.00 P 20260810 -1.00 -1.00 195 122 0.4306 -0.3457 0.025278
187.50 P 20260810 -1.00 -1.00 107 1 0.4403 -0.4134 0.025807
190.00 P 20260810 -1.00 -1.00 1110 107 0.3729 -0.4804 0.031758
192.50 P 20260810 -1.00 -1.00 707 19 0.4096 -0.5491 0.028276
195.00 P 20260810 -1.00 -1.00 223 339 0.4092 -0.6190 0.027676
197.50 P 20260810 -1.00 -1.00 54 133 0.3784 -0.6964 0.027197
200.00 P 20260810 -1.00 -1.00 72 225 0.3932 -0.7520 0.024123
202.50 P 20260810 -1.00 -1.00 6 1 0.3786 -0.8116 0.021282
205.00 P 20260810 -1.00 -1.00 19 70 0.3666 -0.8690 0.017874
207.50 P 20260810 -1.00 -1.00 18 12 0.4197 -0.8704 0.015364
210.00 P 20260810 -1.00 -1.00 5 47 0.3343 -0.9540 0.010244
212.50 P 20260810 -1.00 -1.00 1 0 0.3728 -0.9533 0.009086
215.00 P 20260810 -1.00 -1.00 1 256 -1.0000 -1.0000 -1.000000
217.50 P 20260810 -1.00 -1.00 46 4 -1.0000 -1.0000 -1.000000
220.00 P 20260810 -1.00 -1.00 211 261 0.5801 -0.9124 0.008401
222.50 P 20260810 -1.00 -1.00 208 18 -1.0000 -1.0000 -1.000000
225.00 P 20260810 -1.00 -1.00 211 11 -1.0000 -1.0000 -1.000000
227.50 P 20260810 -1.00 -1.00 -1 0 -1.0000 -1.0000 -1.000000
230.00 P 20260810 -1.00 -1.00 162 15 -1.0000 -1.0000 -1.000000
232.50 P 20260810 -1.00 -1.00 -1 0 -1.0000 -1.0000 -1.000000
235.00 P 20260810 -1.00 -1.00 -1 0 -1.0000 -1.0000 -1.000000
240.00 P 20260810 -1.00 -1.00 -1 0 -1.0000 -1.0000 -1.000000
140.00 C 20260812 -1.00 -1.00 -1 0 1.2133 0.9202 0.003279
145.00 C 20260812 -1.00 -1.00 1 1 0.8523 0.9565 0.002897
150.00 C 20260812 -1.00 -1.00 50 2 0.7790 0.9497 0.003585
155.00 C 20260812 -1.00 -1.00 50 0 0.7170 0.9391 0.004561
160.00 C 20260812 -1.00 -1.00 116 0 0.8149 0.8799 0.006677
165.00 C 20260812 -1.00 -1.00 118 3 0.6096 0.8954 0.008043
167.50 C 20260812 -1.00 -1.00 -1 0 0.5726 0.8854 0.009203
170.00 C 20260812 -1.00 -1.00 18 3 0.5459 0.8667 0.010660
172.50 C 20260812 -1.00 -1.00 -1 0 0.5263 0.8411 0.012370
175.00 C 20260812 -1.00 -1.00 1 0 0.5124 0.8115 0.014261
177.50 C 20260812 -1.00 -1.00 2 0 0.5273 0.7659 0.015731
180.00 C 20260812 -1.00 -1.00 2 0 0.4739 0.7396 0.018443
182.50 C 20260812 -1.00 -1.00 -1 0 0.4770 0.6892 0.020099
185.00 C 20260812 -1.00 -1.00 8 1 0.4685 0.6382 0.021674
187.50 C 20260812 -1.00 -1.00 47 0 0.4512 0.5833 0.023314
190.00 C 20260812 -1.00 -1.00 72 14 0.4529 0.5246 0.024090
192.50 C 20260812 -1.00 -1.00 163 0 0.4391 0.4645 0.024396
195.00 C 20260812 -1.00 -1.00 437 15 0.4668 0.4125 0.022567
197.50 C 20260812 -1.00 -1.00 68 0 0.4086 0.3368 0.024133
200.00 C 20260812 -1.00 -1.00 838 115 0.4246 0.2899 0.021720
202.50 C 20260812 -1.00 -1.00 135 0 0.4216 0.2373 0.019951
205.00 C 20260812 -1.00 -1.00 763 145 0.4451 0.2102 0.017453
207.50 C 20260812 -1.00 -1.00 73 0 0.4272 0.1595 0.015372
210.00 C 20260812 -1.00 -1.00 315 48 0.4086 0.1175 0.012960
212.50 C 20260812 -1.00 -1.00 85 0 0.4185 0.0959 0.010909
215.00 C 20260812 -1.00 -1.00 100 69 0.4295 0.0762 0.009078
217.50 C 20260812 -1.00 -1.00 27 0 0.4267 0.0597 0.007446
220.00 C 20260812 -1.00 -1.00 108 44 0.4318 0.0467 0.006044
222.50 C 20260812 -1.00 -1.00 126 0 0.4558 0.0429 0.005354
225.00 C 20260812 -1.00 -1.00 12 15 0.4747 0.0373 0.004631
227.50 C 20260812 -1.00 -1.00 -1 0 0.4631 0.0267 0.003555
230.00 C 20260812 -1.00 -1.00 3 1 0.4675 0.0209 0.002859
232.50 C 20260812 -1.00 -1.00 -1 0 0.4926 0.0207 0.002685
235.00 C 20260812 -1.00 -1.00 1 0 0.5036 0.0171 0.002241
240.00 C 20260812 -1.00 -1.00 4 3 0.5435 0.0148 0.001856
140.00 P 20260812 -1.00 -1.00 205 0 0.7280 -0.0123 0.001171
145.00 P 20260812 -1.00 -1.00 46 3 0.6798 -0.0172 0.001672
150.00 P 20260812 -1.00 -1.00 11 0 0.6424 -0.0240 0.002377
155.00 P 20260812 -1.00 -1.00 117 2 0.5940 -0.0337 0.003380
160.00 P 20260812 -1.00 -1.00 12 4 0.5397 -0.0453 0.004734
165.00 P 20260812 -1.00 -1.00 104 8 0.5204 -0.0733 0.007190
167.50 P 20260812 -1.00 -1.00 16 0 0.5126 -0.0941 0.008802
170.00 P 20260812 -1.00 -1.00 37 18 0.4960 -0.1123 0.010456
172.50 P 20260812 -1.00 -1.00 6 0 0.4854 -0.1404 0.012402
175.00 P 20260812 -1.00 -1.00 55 14 0.4701 -0.1711 0.014566
177.50 P 20260812 -1.00 -1.00 326 0 0.4681 -0.2091 0.016815
180.00 P 20260812 -1.00 -1.00 70 19 0.4528 -0.2525 0.019046
182.50 P 20260812 -1.00 -1.00 32 0 0.4540 -0.3047 0.020932
185.00 P 20260812 -1.00 -1.00 1049 37 0.4412 -0.3566 0.023014
187.50 P 20260812 -1.00 -1.00 12 0 0.4124 -0.4133 0.025547
190.00 P 20260812 -1.00 -1.00 289 19 0.4278 -0.4777 0.025637
192.50 P 20260812 -1.00 -1.00 63 0 0.3707 -0.5503 0.028981
195.00 P 20260812 -1.00 -1.00 48 106 0.4155 -0.6051 0.025401
197.50 P 20260812 -1.00 -1.00 24 0 0.3334 -0.7070 0.028296
200.00 P 20260812 -1.00 -1.00 24 9 0.3812 -0.7399 0.023554
202.50 P 20260812 -1.00 -1.00 1 0 0.3822 -0.7896 0.020915
205.00 P 20260812 -1.00 -1.00 1 1 0.3781 -0.8390 0.018150
207.50 P 20260812 -1.00 -1.00 10 0 -1.0000 -1.0000 -1.000000
210.00 P 20260812 -1.00 -1.00 13 3 0.3558 -0.9262 0.011989
212.50 P 20260812 -1.00 -1.00 1 0 0.3109 -0.9781 0.007361
215.00 P 20260812 -1.00 -1.00 5 0 0.3785 -0.9552 0.008211
217.50 P 20260812 -1.00 -1.00 -1 0 0.3760 -0.9754 0.006129
220.00 P 20260812 -1.00 -1.00 8 0 -1.0000 -1.0000 -1.000000
222.50 P 20260812 -1.00 -1.00 -1 0 0.4474 -0.9693 0.005395
225.00 P 20260812 -1.00 -1.00 2 0 -1.0000 -1.0000 -1.000000
227.50 P 20260812 -1.00 -1.00 -1 0 -1.0000 -1.0000 -1.000000
230.00 P 20260812 -1.00 -1.00 -1 0 -1.0000 -1.0000 -1.000000
232.50 P 20260812 -1.00 -1.00 -1 0 -1.0000 -1.0000 -1.000000
235.00 P 20260812 -1.00 -1.00 -1 0 -1.0000 -1.0000 -1.000000
240.00 P 20260812 -1.00 -1.00 -1 0 -1.0000 -1.0000 -1.000000
140.00 C 20260814 -1.00 -1.00 6 47 0.8325 0.9684 0.002136
145.00 C 20260814 -1.00 -1.00 3 122 0.7761 0.9604 0.002755
150.00 C 20260814 -1.00 -1.00 1 68 0.9003 0.9122 0.004451
155.00 C 20260814 -1.00 -1.00 75 38 0.6625 0.9419 0.004465
160.00 C 20260814 -1.00 -1.00 42 60 0.6177 0.9199 0.006045
165.00 C 20260814 -1.00 -1.00 15 44 0.5663 0.8970 0.008003
170.00 C 20260814 -1.00 -1.00 54 209 0.6704 0.8095 0.010299
175.00 C 20260814 -1.00 -1.00 7 193 0.5244 0.7954 0.013830
180.00 C 20260814 -1.00 -1.00 139 543 0.4849 0.7247 0.017355
185.00 C 20260814 -1.00 -1.00 145 252 0.4694 0.6324 0.020318
187.50 C 20260814 -1.00 -1.00 72 34 0.4499 0.5812 0.021920
190.00 C 20260814 -1.00 -1.00 2184 371 0.4545 0.5262 0.022465
192.50 C 20260814 -1.00 -1.00 1008 135 0.4283 0.4686 0.023437
195.00 C 20260814 -1.00 -1.00 2087 1428 0.4402 0.4147 0.022419
197.50 C 20260814 -1.00 -1.00 832 548 0.4291 0.3575 0.022108
200.00 C 20260814 -1.00 -1.00 2288 6332 0.4260 0.3064 0.020755
202.50 C 20260814 -1.00 -1.00 2349 6667 0.4593 0.2758 0.018410
205.00 C 20260814 -1.00 -1.00 3464 4910 0.4196 0.2129 0.017466
207.50 C 20260814 -1.00 -1.00 722 1041 0.4204 0.1751 0.015444
210.00 C 20260814 -1.00 -1.00 5675 5050 0.4266 0.1430 0.013496
212.50 C 20260814 -1.00 -1.00 1112 883 0.4178 0.1130 0.011517
215.00 C 20260814 -1.00 -1.00 3059 4006 0.4235 0.0912 0.009740
217.50 C 20260814 -1.00 -1.00 551 226 0.4288 0.0726 0.008169
220.00 C 20260814 -1.00 -1.00 1284 5505 0.4335 0.0604 0.006929
222.50 C 20260814 -1.00 -1.00 54 113 0.4381 0.0485 0.005742
225.00 C 20260814 -1.00 -1.00 943 4603 0.4493 0.0399 0.004818
227.50 C 20260814 -1.00 -1.00 56 88 0.4568 0.0327 0.004042
230.00 C 20260814 -1.00 -1.00 850 4642 0.4630 0.0278 0.003446
232.50 C 20260814 -1.00 -1.00 5 232 0.4713 0.0235 0.002928
235.00 C 20260814 -1.00 -1.00 506 4572 0.4859 0.0210 0.002582
240.00 C 20260814 -1.00 -1.00 563 3741 0.5104 0.0154 0.001905
140.00 P 20260814 -1.00 -1.00 16 311 0.6936 -0.0138 0.001266
145.00 P 20260814 -1.00 -1.00 473 485 0.6599 -0.0202 0.001854
150.00 P 20260814 -1.00 -1.00 296 1083 0.6260 -0.0283 0.002617
155.00 P 20260814 -1.00 -1.00 95 515 0.5816 -0.0402 0.003728
160.00 P 20260814 -1.00 -1.00 208 654 0.5551 -0.0580 0.005325
165.00 P 20260814 -1.00 -1.00 952 3469 0.5166 -0.0852 0.007579
170.00 P 20260814 -1.00 -1.00 882 2552 0.5003 -0.1278 0.010619
175.00 P 20260814 -1.00 -1.00 948 2434 0.4419 -0.1713 0.014516
180.00 P 20260814 -1.00 -1.00 5276 8203 0.4542 -0.2643 0.018184
185.00 P 20260814 -1.00 -1.00 3289 10072 0.4368 -0.3614 0.021820
187.50 P 20260814 -1.00 -1.00 407 191 0.4338 -0.4180 0.022805
190.00 P 20260814 -1.00 -1.00 1362 3833 0.4384 -0.4755 0.023410
192.50 P 20260814 -1.00 -1.00 555 414 0.4335 -0.5325 0.023298
195.00 P 20260814 -1.00 -1.00 711 2091 0.4064 -0.5980 0.024390
197.50 P 20260814 -1.00 -1.00 40 376 0.4185 -0.6495 0.022731
200.00 P 20260814 -1.00 -1.00 153 8149 0.3997 -0.7112 0.021921
202.50 P 20260814 -1.00 -1.00 55 85 0.3133 -0.8247 0.021747
205.00 P 20260814 -1.00 -1.00 91 2192 0.2846 -0.8972 0.017681
207.50 P 20260814 -1.00 -1.00 243 65 0.3821 -0.8599 0.015690
210.00 P 20260814 -1.00 -1.00 268 1293 0.3942 -0.8812 0.013555
212.50 P 20260814 -1.00 -1.00 2 36 0.3661 -0.9308 0.010585
215.00 P 20260814 -1.00 -1.00 154 797 0.3431 -0.9634 0.007883
217.50 P 20260814 -1.00 -1.00 12 10 -1.0000 -1.0000 -1.000000
220.00 P 20260814 -1.00 -1.00 5 274 -1.0000 -1.0000 -1.000000
222.50 P 20260814 -1.00 -1.00 111 0 -1.0000 -1.0000 -1.000000
225.00 P 20260814 -1.00 -1.00 90 151 -1.0000 -1.0000 -1.000000
227.50 P 20260814 -1.00 -1.00 85 85 -1.0000 -1.0000 -1.000000
230.00 P 20260814 -1.00 -1.00 86 98 0.4510 -0.9857 0.003436
232.50 P 20260814 -1.00 -1.00 85 85 -1.0000 -1.0000 -1.000000
235.00 P 20260814 -1.00 -1.00 85 364 -1.0000 -1.0000 -1.000000
240.00 P 20260814 -1.00 -1.00 10 143 -1.0000 -1.0000 -1.000000
140.00 C 20260821 -1.00 -1.00 22 517 0.8715 0.9362 0.003014
145.00 C 20260821 -1.00 -1.00 13 537 0.7000 0.9506 0.003077
150.00 C 20260821 -1.00 -1.00 23 4581 0.6696 0.9350 0.003985
155.00 C 20260821 -1.00 -1.00 208 1539 0.6224 0.9185 0.005072
160.00 C 20260821 -1.00 -1.00 111 2069 0.5769 0.8995 0.006443
165.00 C 20260821 -1.00 -1.00 68 2024 0.5456 0.8687 0.008241
170.00 C 20260821 -1.00 -1.00 307 6711 0.5278 0.8220 0.010417
175.00 C 20260821 -1.00 -1.00 241 3494 0.4818 0.7776 0.013115
180.00 C 20260821 -1.00 -1.00 955 12678 0.4618 0.7069 0.015746
182.50 C 20260821 -1.00 -1.00 63 327 0.4582 0.6673 0.016943
185.00 C 20260821 -1.00 -1.00 313 8662 0.4414 0.6249 0.018122
187.50 C 20260821 -1.00 -1.00 47 213 0.4450 0.5777 0.018563
190.00 C 20260821 -1.00 -1.00 2473 18334 0.4379 0.5308 0.019452
192.50 C 20260821 -1.00 -1.00 1153 530 0.4361 0.4838 0.019296
195.00 C 20260821 -1.00 -1.00 7728 14390 0.4222 0.4334 0.019646
197.50 C 20260821 -1.00 -1.00 1547 1622 0.4266 0.3865 0.019182
200.00 C 20260821 -1.00 -1.00 16440 34051 0.4134 0.3388 0.018672
202.50 C 20260821 -1.00 -1.00 1028 4589 0.4106 0.2943 0.017681
205.00 C 20260821 -1.00 -1.00 4405 23355 0.4140 0.2534 0.016519
207.50 C 20260821 -1.00 -1.00 1917 5485 0.4063 0.2159 0.015189
210.00 C 20260821 -1.00 -1.00 11673 40039 0.4237 0.1947 0.013649
212.50 C 20260821 -1.00 -1.00 1281 4492 0.4102 0.1529 0.012248
215.00 C 20260821 -1.00 -1.00 23472 48960 0.4062 0.1275 0.010824
217.50 C 20260821 -1.00 -1.00 819 2298 0.4048 0.1049 0.009399
220.00 C 20260821 -1.00 -1.00 10508 58036 0.4115 0.0876 0.008154
222.50 C 20260821 -1.00 -1.00 425 1643 0.4151 0.0728 0.007048
225.00 C 20260821 -1.00 -1.00 3727 34359 0.4170 0.0615 0.006094
227.50 C 20260821 -1.00 -1.00 347 2810 0.4225 0.0519 0.005250
230.00 C 20260821 -1.00 -1.00 7032 76033 0.4306 0.0440 0.004525
232.50 C 20260821 -1.00 -1.00 186 97 0.4422 0.0381 0.003955
235.00 C 20260821 -1.00 -1.00 1017 25720 0.4492 0.0333 0.003482
240.00 C 20260821 -1.00 -1.00 4601 37818 0.4624 0.0259 0.002711
140.00 P 20260821 -1.00 -1.00 1014 16532 0.6565 -0.0237 0.001806
145.00 P 20260821 -1.00 -1.00 221 6619 0.6163 -0.0321 0.002443
150.00 P 20260821 -1.00 -1.00 1463 24930 0.5807 -0.0433 0.003315
155.00 P 20260821 -1.00 -1.00 866 16743 0.5570 -0.0588 0.004482
160.00 P 20260821 -1.00 -1.00 617 22085 0.5207 -0.0812 0.006060
165.00 P 20260821 -1.00 -1.00 1590 14765 0.5052 -0.1137 0.008135
170.00 P 20260821 -1.00 -1.00 1577 25831 0.4772 -0.1576 0.010626
175.00 P 20260821 -1.00 -1.00 2617 30311 0.4649 -0.2155 0.013430
180.00 P 20260821 -1.00 -1.00 20809 46711 0.4459 -0.2888 0.016224
182.50 P 20260821 -1.00 -1.00 4649 2251 0.4371 -0.3283 0.017768
185.00 P 20260821 -1.00 -1.00 3318 33852 0.4319 -0.3748 0.018601
187.50 P 20260821 -1.00 -1.00 1534 4299 0.4278 -0.4226 0.019409
190.00 P 20260821 -1.00 -1.00 5818 48130 0.4286 -0.4716 0.020015
192.50 P 20260821 -1.00 -1.00 1106 1715 0.3771 -0.5280 0.022463
195.00 P 20260821 -1.00 -1.00 2978 25059 0.4133 -0.5719 0.020245
197.50 P 20260821 -1.00 -1.00 314 2007 0.4082 -0.6238 0.020150
200.00 P 20260821 -1.00 -1.00 1690 42849 0.3778 -0.6832 0.020236
202.50 P 20260821 -1.00 -1.00 254 5452 0.3321 -0.7644 0.020474
205.00 P 20260821 -1.00 -1.00 234 19484 0.3576 -0.7867 0.017856
207.50 P 20260821 -1.00 -1.00 53 1103 0.3864 -0.8034 0.015717
210.00 P 20260821 -1.00 -1.00 786 25327 0.3843 -0.8409 0.014112
212.50 P 20260821 -1.00 -1.00 55 404 -1.0000 -1.0000 -1.000000
215.00 P 20260821 -1.00 -1.00 324 11911 0.3552 -0.9177 0.010406
217.50 P 20260821 -1.00 -1.00 12 122 0.3532 -0.9412 0.008750
220.00 P 20260821 -1.00 -1.00 190 7851 0.3473 -0.9611 0.007219
222.50 P 20260821 -1.00 -1.00 16 142 -1.0000 -1.0000 -1.000000
225.00 P 20260821 -1.00 -1.00 201 5217 -1.0000 -1.0000 -1.000000
227.50 P 20260821 -1.00 -1.00 12 104 -1.0000 -1.0000 -1.000000
230.00 P 20260821 -1.00 -1.00 108 6112 -1.0000 -1.0000 -1.000000
232.50 P 20260821 -1.00 -1.00 42 1 -1.0000 -1.0000 -1.000000
235.00 P 20260821 -1.00 -1.00 119 876 -1.0000 -1.0000 -1.000000
240.00 P 20260821 -1.00 -1.00 94 4547 -1.0000 -1.0000 -1.000000
115.00 C 20260729 -1.00 -1.00 378 27 15.0191 0.9639 0.001360
120.00 C 20260729 -1.00 -1.00 250 37 -1.0000 -1.0000 -1.000000
125.00 C 20260729 -1.00 -1.00 267 42 11.8949 0.9684 0.001537
130.00 C 20260729 -1.00 -1.00 447 21 8.9260 0.9859 0.001029
135.00 C 20260729 -1.00 -1.00 475 33 10.5234 0.9561 0.002282
115.00 P 20260729 -1.00 -1.00 -1 0 8.6842 -0.0014 0.000136
120.00 P 20260729 -1.00 -1.00 3 16 7.9881 -0.0015 0.000159
125.00 P 20260729 -1.00 -1.00 5 73 7.5206 -0.0021 0.000229
130.00 P 20260729 -1.00 -1.00 701 855 6.8756 -0.0023 0.000272
135.00 P 20260729 -1.00 -1.00 113 216 6.0632 -0.0020 0.000268
115.00 C 20260731 -1.00 -1.00 2 64 3.6763 0.9742 0.001124
120.00 C 20260731 -1.00 -1.00 41 94 4.1498 0.9480 0.001783
125.00 C 20260731 -1.00 -1.00 1 68 3.5246 0.9552 0.001849
130.00 C 20260731 -1.00 -1.00 2 66 2.8295 0.9696 0.001668
135.00 C 20260731 -1.00 -1.00 1 75 2.3254 0.9789 0.001503
115.00 P 20260731 -1.00 -1.00 394 24900 2.3130 -0.0014 0.000136
120.00 P 20260731 -1.00 -1.00 1 2083 2.1277 -0.0015 0.000159
125.00 P 20260731 -1.00 -1.00 41 1808 1.9500 -0.0017 0.000187
130.00 P 20260731 -1.00 -1.00 763 7724 1.7794 -0.0018 0.000223
135.00 P 20260731 -1.00 -1.00 287 1424 1.6152 -0.0020 0.000268
115.00 C 20260803 -1.00 -1.00 2 2 2.3872 0.9737 0.001136
120.00 C 20260803 -1.00 -1.00 -1 0 1.7013 0.9922 0.000556
125.00 C 20260803 -1.00 -1.00 4 2 2.6548 0.9322 0.002192
130.00 C 20260803 -1.00 -1.00 4 2 2.3763 0.9324 0.002444
135.00 C 20260803 -1.00 -1.00 2 1 2.1465 0.9300 0.002778
115.00 P 20260803 -1.00 -1.00 1 1 1.5318 -0.0018 0.000166
120.00 P 20260803 -1.00 -1.00 1 0 1.7470 -0.0087 0.000605
125.00 P 20260803 -1.00 -1.00 -1 0 1.2957 -0.0021 0.000228
130.00 P 20260803 -1.00 -1.00 2 3 1.1848 -0.0023 0.000271
135.00 P 20260803 -1.00 -1.00 254 2 1.0448 -0.0020 0.000267
115.00 C 20260805 -1.00 -1.00 -1 0 2.0163 0.9743 0.001119
120.00 C 20260805 -1.00 -1.00 -1 0 1.8616 0.9725 0.001282
125.00 C 20260805 -1.00 -1.00 -1 0 1.4198 0.9874 0.000858
130.00 C 20260805 -1.00 -1.00 2 0 1.5149 0.9731 0.001550
135.00 C 20260805 -1.00 -1.00 4 0 1.1992 0.9839 0.001252
115.00 P 20260805 -1.00 -1.00 -1 0 1.3313 -0.0022 0.000193
120.00 P 20260805 -1.00 -1.00 72 72 1.2284 -0.0024 0.000226
125.00 P 20260805 -1.00 -1.00 -1 0 1.1298 -0.0026 0.000265
130.00 P 20260805 -1.00 -1.00 1 1 1.0351 -0.0028 0.000314
135.00 P 20260805 -1.00 -1.00 2 3 0.9723 -0.0041 0.000462
115.00 C 20260807 -1.00 -1.00 4 14 1.7844 0.9742 0.001121
120.00 C 20260807 -1.00 -1.00 3 3 1.5793 0.9776 0.001137
125.00 C 20260807 -1.00 -1.00 1 2 1.3178 0.9835 0.001030
130.00 C 20260807 -1.00 -1.00 11 13 1.8654 0.9249 0.002531
135.00 C 20260807 -1.00 -1.00 4 71 1.1385 0.9783 0.001525
115.00 P 20260807 -1.00 -1.00 1500 2745 1.1501 -0.0018 0.000166
120.00 P 20260807 -1.00 -1.00 51 2180 1.1131 -0.0028 0.000254
125.00 P 20260807 -1.00 -1.00 105 1004 1.0888 -0.0053 0.000459
130.00 P 20260807 -1.00 -1.00 23 1123 0.9581 -0.0041 0.000420
135.00 P 20260807 -1.00 -1.00 50 592 0.9148 -0.0067 0.000679
115.00 C 20260810 -1.00 -1.00 -1 0 1.5465 0.9744 0.001115
120.00 C 20260810 -1.00 -1.00 -1 0 1.4180 0.9735 0.001252
125.00 C 20260810 -1.00 -1.00 -1 0 1.7703 0.9285 0.002227
130.00 C 20260810 -1.00 -1.00 -1 0 1.1593 0.9736 0.001532
135.00 C 20260810 -1.00 -1.00 7 3 1.4855 0.9199 0.002901
115.00 P 20260810 -1.00 -1.00 -1 0 1.0461 -0.0026 0.000218
120.00 P 20260810 -1.00 -1.00 -1 0 0.9959 -0.0035 0.000303
125.00 P 20260810 -1.00 -1.00 -1 0 0.9288 -0.0045 0.000409
130.00 P 20260810 -1.00 -1.00 2 2 0.8644 -0.0058 0.000542
135.00 P 20260810 -1.00 -1.00 21 23 0.7945 -0.0067 0.000678
115.00 C 20260812 -1.00 -1.00 -1 0 1.3348 0.9809 0.000936
120.00 C 20260812 -1.00 -1.00 -1 0 1.2674 0.9778 0.001128
125.00 C 20260812 -1.00 -1.00 -1 0 1.1761 0.9753 0.001326
130.00 C 20260812 -1.00 -1.00 -1 0 0.9964 0.9804 0.001279
135.00 C 20260812 -1.00 -1.00 -1 0 1.0010 0.9682 0.001904
115.00 P 20260812 -1.00 -1.00 -1 0 1.0039 -0.0032 0.000260
120.00 P 20260812 -1.00 -1.00 -1 0 0.9309 -0.0038 0.000326
125.00 P 20260812 -1.00 -1.00 -1 0 0.8686 -0.0049 0.000434
130.00 P 20260812 -1.00 -1.00 2 1 0.8240 -0.0069 0.000620
135.00 P 20260812 -1.00 -1.00 -1 0 0.7811 -0.0091 0.000844
115.00 C 20260814 -1.00 -1.00 -1 0 1.2200 0.9826 0.000881
120.00 C 20260814 -1.00 -1.00 1 1 1.1100 0.9826 0.000968
125.00 C 20260814 -1.00 -1.00 2 2 1.0661 0.9783 0.001229
130.00 C 20260814 -1.00 -1.00 2 16 1.0668 0.9657 0.001781
135.00 C 20260814 -1.00 -1.00 4 10 1.1569 0.9391 0.002626
115.00 P 20260814 -1.00 -1.00 52 103 0.9399 -0.0032 0.000260
120.00 P 20260814 -1.00 -1.00 20 144 0.8789 -0.0042 0.000348
125.00 P 20260814 -1.00 -1.00 5 154 0.8350 -0.0060 0.000504
130.00 P 20260814 -1.00 -1.00 23 1641 0.7929 -0.0080 0.000689
135.00 P 20260814 -1.00 -1.00 6 285 0.7495 -0.0105 0.000933
115.00 C 20260821 -1.00 -1.00 3 284 1.0339 0.9816 0.000910
120.00 C 20260821 -1.00 -1.00 61 673 1.2139 0.9538 0.001685
125.00 C 20260821 -1.00 -1.00 4 415 0.9014 0.9775 0.001251
130.00 C 20260821 -1.00 -1.00 3 647 0.9719 0.9550 0.002051
135.00 C 20260821 -1.00 -1.00 7 719 0.8240 0.9616 0.002112
115.00 P 20260821 -1.00 -1.00 2 7282 0.8363 -0.0057 0.000401
120.00 P 20260821 -1.00 -1.00 43 10909 0.8093 -0.0079 0.000561
125.00 P 20260821 -1.00 -1.00 81 14650 0.7696 -0.0103 0.000744
130.00 P 20260821 -1.00 -1.00 73 16054 0.7236 -0.0136 0.000999
135.00 P 20260821 -1.00 -1.00 194 9953 0.6844 -0.0178 0.001340
245.00 C 20260729 -1.00 -1.00 1 121 4.5001 0.0028 0.000486
250.00 C 20260729 -1.00 -1.00 151 222 4.8199 0.0026 0.000428
255.00 C 20260729 -1.00 -1.00 2 108 5.1335 0.0025 0.000381
260.00 C 20260729 -1.00 -1.00 4 28 5.4410 0.0024 0.000343
265.00 C 20260729 -1.00 -1.00 5 25 6.0168 0.0035 0.000443
245.00 P 20260729 -1.00 -1.00 5 0 -1.0000 -1.0000 -1.000000
250.00 P 20260729 -1.00 -1.00 7 0 -1.0000 -1.0000 -1.000000
255.00 P 20260729 -1.00 -1.00 6 0 -1.0000 -1.0000 -1.000000
260.00 P 20260729 -1.00 -1.00 1 0 -1.0000 -1.0000 -1.000000
265.00 P 20260729 -1.00 -1.00 2 0 -1.0000 -1.0000 -1.000000
242.50 C 20260731 -1.00 -1.00 10 189 1.1542 0.0029 0.000521
245.00 C 20260731 -1.00 -1.00 226 3203 1.1975 0.0028 0.000486
250.00 C 20260731 -1.00 -1.00 82 7583 1.2827 0.0026 0.000428
255.00 C 20260731 -1.00 -1.00 5 1605 1.3663 0.0025 0.000382
260.00 C 20260731 -1.00 -1.00 4 2451 1.4482 0.0024 0.000343
265.00 C 20260731 -1.00 -1.00 25 2301 1.5649 0.0029 0.000381
242.50 P 20260731 -1.00 -1.00 -1 0 2.2740 -0.9069 0.005069
245.00 P 20260731 -1.00 -1.00 2 0 -1.0000 -1.0000 -1.000000
250.00 P 20260731 -1.00 -1.00 4 0 -1.0000 -1.0000 -1.000000
255.00 P 20260731 -1.00 -1.00 2 0 2.2372 -0.9495 0.003210
260.00 P 20260731 -1.00 -1.00 1 0 1.9538 -0.9798 0.001761
265.00 P 20260731 -1.00 -1.00 2 0 -1.0000 -1.0000 -1.000000
245.00 C 20260803 -1.00 -1.00 4 1113 0.7975 0.0036 0.000593
250.00 C 20260803 -1.00 -1.00 1 73 0.8524 0.0034 0.000523
255.00 C 20260803 -1.00 -1.00 2 64 0.8825 0.0025 0.000382
260.00 C 20260803 -1.00 -1.00 3 2 0.9825 0.0037 0.000489
265.00 C 20260803 -1.00 -1.00 20 21 1.0341 0.0035 0.000444
245.00 P 20260803 -1.00 -1.00 -1 0 1.3613 -0.9341 0.004274
250.00 P 20260803 -1.00 -1.00 3 2 -1.0000 -1.0000 -1.000000
255.00 P 20260803 -1.00 -1.00 -1 0 -1.0000 -1.0000 -1.000000
260.00 P 20260803 -1.00 -1.00 -1 0 -1.0000 -1.0000 -1.000000
265.00 P 20260803 -1.00 -1.00 -1 0 -1.0000 -1.0000 -1.000000
245.00 C 20260805 -1.00 -1.00 11 397 0.6968 0.0043 0.000686
250.00 C 20260805 -1.00 -1.00 4 90 0.7230 0.0034 0.000523
255.00 C 20260805 -1.00 -1.00 1 20 0.7687 0.0032 0.000467
260.00 C 20260805 -1.00 -1.00 4 34 0.8135 0.0030 0.000420
265.00 C 20260805 -1.00 -1.00 4 6 0.8772 0.0035 0.000444
245.00 P 20260805 -1.00 -1.00 -1 0 -1.0000 -1.0000 -1.000000
250.00 P 20260805 -1.00 -1.00 -1 0 -1.0000 -1.0000 -1.000000
255.00 P 20260805 -1.00 -1.00 -1 0 -1.0000 -1.0000 -1.000000
260.00 P 20260805 -1.00 -1.00 -1 0 -1.0000 -1.0000 -1.000000
265.00 P 20260805 -1.00 -1.00 -1 0 -1.0000 -1.0000 -1.000000
245.00 C 20260807 -1.00 -1.00 140 1932 0.6361 0.0057 0.000845
250.00 C 20260807 -1.00 -1.00 820 2175 0.6565 0.0041 0.000607
255.00 C 20260807 -1.00 -1.00 84 750 0.6791 0.0032 0.000467
260.00 C 20260807 -1.00 -1.00 24 822 0.7188 0.0030 0.000421
265.00 C 20260807 -1.00 -1.00 15 651 0.7577 0.0029 0.000382
245.00 P 20260807 -1.00 -1.00 2 0 -1.0000 -1.0000 -1.000000
250.00 P 20260807 -1.00 -1.00 2 0 -1.0000 -1.0000 -1.000000
255.00 P 20260807 -1.00 -1.00 -1 0 -1.0000 -1.0000 -1.000000
260.00 P 20260807 -1.00 -1.00 1 1 -1.0000 -1.0000 -1.000000
265.00 P 20260807 -1.00 -1.00 -1 0 -1.0000 -1.0000 -1.000000
245.00 C 20260810 -1.00 -1.00 1 1 0.5630 0.0070 0.000990
250.00 C 20260810 -1.00 -1.00 11 15 0.5977 0.0060 0.000815
255.00 C 20260810 -1.00 -1.00 2 0 0.6193 0.0045 0.000611
260.00 C 20260810 -1.00 -1.00 1 2 0.6535 0.0043 0.000552
265.00 C 20260810 -1.00 -1.00 -1 0 0.6720 0.0035 0.000445
245.00 P 20260810 -1.00 -1.00 -1 0 -1.0000 -1.0000 -1.000000
250.00 P 20260810 -1.00 -1.00 -1 0 -1.0000 -1.0000 -1.000000
255.00 P 20260810 -1.00 -1.00 -1 0 -1.0000 -1.0000 -1.000000
260.00 P 20260810 -1.00 -1.00 -1 0 -1.0000 -1.0000 -1.000000
265.00 P 20260810 -1.00 -1.00 -1 0 -1.0000 -1.0000 -1.000000
245.00 C 20260812 -1.00 -1.00 -1 0 0.5475 0.0101 0.001301
250.00 C 20260812 -1.00 -1.00 4 5 0.5692 0.0078 0.000995
255.00 C 20260812 -1.00 -1.00 -1 0 0.6007 0.0068 0.000840
260.00 C 20260812 -1.00 -1.00 -1 0 0.6264 0.0054 0.000661
265.00 C 20260812 -1.00 -1.00 -1 0 0.6617 0.0052 0.000603
245.00 P 20260812 -1.00 -1.00 -1 0 -1.0000 -1.0000 -1.000000
250.00 P 20260812 -1.00 -1.00 -1 0 -1.0000 -1.0000 -1.000000
255.00 P 20260812 -1.00 -1.00 -1 0 -1.0000 -1.0000 -1.000000
260.00 P 20260812 -1.00 -1.00 -1 0 -1.0000 -1.0000 -1.000000
265.00 P 20260812 -1.00 -1.00 -1 0 -1.0000 -1.0000 -1.000000
245.00 C 20260814 -1.00 -1.00 877 3129 0.5415 0.0134 0.001598
250.00 C 20260814 -1.00 -1.00 489 1869 0.5567 0.0106 0.001253
255.00 C 20260814 -1.00 -1.00 55 1140 0.5716 0.0079 0.000942
260.00 C 20260814 -1.00 -1.00 16 1309 0.5956 0.0065 0.000760
265.00 C 20260814 -1.00 -1.00 5 394 0.6239 0.0057 0.000649
245.00 P 20260814 -1.00 -1.00 85 1 -1.0000 -1.0000 -1.000000
250.00 P 20260814 -1.00 -1.00 22 0 -1.0000 -1.0000 -1.000000
255.00 P 20260814 -1.00 -1.00 25 0 -1.0000 -1.0000 -1.000000
260.00 P 20260814 -1.00 -1.00 -1 0 -1.0000 -1.0000 -1.000000
265.00 P 20260814 -1.00 -1.00 -1 0 -1.0000 -1.0000 -1.000000
245.00 C 20260821 -1.00 -1.00 804 14938 0.4840 0.0212 0.002186
250.00 C 20260821 -1.00 -1.00 2022 91324 0.5050 0.0170 0.001742
255.00 C 20260821 -1.00 -1.00 197 8377 0.5242 0.0139 0.001423
260.00 C 20260821 -1.00 -1.00 280 21904 0.5401 0.0119 0.001199
265.00 C 20260821 -1.00 -1.00 130 6768 0.5635 0.0110 0.001065
245.00 P 20260821 -1.00 -1.00 13 371 -1.0000 -1.0000 -1.000000
250.00 P 20260821 -1.00 -1.00 21 98 -1.0000 -1.0000 -1.000000
255.00 P 20260821 -1.00 -1.00 3 3 -1.0000 -1.0000 -1.000000
260.00 P 20260821 -1.00 -1.00 581 3 -1.0000 -1.0000 -1.000000
265.00 P 20260821 -1.00 -1.00 13 0 -1.0000 -1.0000 -1.000000
