1786003200 150.1800 150.6400 150.0600 150.0600 4
1786003320 150.1400 150.1400 150.1400 150.1400 1
1786003380 150.0500 150.0500 150.0500 150.0500 1
1786003440 150.0000 150.0000 149.8900 149.8900 2
1786003500 150.1700 150.1700 150.1700 150.1700 1
1786003560 150.2100 150.2100 150.0300 150.0300 2
1786004040 150.1000 150.1000 150.1000 150.1000 1
1786004220 149.9700 149.9700 149.9700 149.9700 1
1786004340 149.9000 150.1000 149.9000 150.1000 2
1786004940 150.3700 150.5000 150.3700 150.5000 3
1786005000 150.5000 150.5000 150.5000 150.5000 1
1786005480 150.7900 150.8200 150.7900 150.8200 2
1786005660 150.8100 150.8200 150.8100 150.8200 2
1786005720 150.8000 150.8000 150.8000 150.8000 1
1786005900 150.8200 150.8200 150.8200 150.8200 1
1786006200 151.0000 151.0000 151.0000 151.0000 1
1786006320 151.1300 151.1300 151.1300 151.1300 1
1786006500 151.2600 151.2600 151.2600 151.2600 1
1786006560 151.3700 151.3700 151.3700 151.3700 1
1786006620 151.2500 151.2500 151.2500 151.2500 1
1786006860 151.0500 151.0500 151.0500 151.0500 1
1786006980 151.0000 151.0000 150.9000 150.9000 2
1786007400 150.5800 150.6000 150.5800 150.6000 2
1786007580 150.5200 150.5200 150.5200 150.5200 1
1786007640 150.2400 150.2400 150.2400 150.2400 1
1786007700 150.2200 150.2200 150.2200 150.2200 1
1786008660 150.4200 150.4200 150.4200 150.4200 1
1786008720 150.3500 150.3500 150.3500 150.3500 1
1786008780 150.3300 150.3300 150.3300 150.3300 1
1786008840 150.3800 150.5100 150.3800 150.5100 2
1786009080 150.3800 150.3800 150.3800 150.3800 1
1786009260 150.4100 150.4100 150.4100 150.4100 1
1786009380 150.2300 150.2300 150.2300 150.2300 1
1786010160 150.2500 150.2500 150.2500 150.2500 1
1786010760 150.4800 150.4800 150.4800 150.4800 1
1786010880 150.4500 150.4500 150.4500 150.4500 1
1786010940 150.3200 150.3200 150.3200 150.3200 1
1786011180 150.3700 150.3700 150.3700 150.3700 1
1786011480 150.3200 150.3200 150.3200 150.3200 1
1786011600 150.5000 150.5000 150.5000 150.5000 1
1786012380 150.4600 150.4600 150.4600 150.4600 2
1786012500 150.5100 150.5100 150.5100 150.5100 1
1786012620 150.4400 150.4400 150.4400 150.4400 1
1786012680 150.5100 150.5100 150.5100 150.5100 1
1786012800 150.3900 150.3900 150.3900 150.3900 1
1786012920 150.4400 150.4400 150.4400 150.4400 1
1786013460 150.2000 150.2000 150.2000 150.2000 1
1786013520 150.1500 150.1500 150.1500 150.1500 1
1786013760 150.3800 150.3800 150.3800 150.3800 1
1786014000 150.3400 150.4500 150.0000 150.0000 5
1786014060 149.7700 149.7700 149.7700 149.7700 1
1786014180 149.6700 149.6700 149.6700 149.6700 1
1786014300 149.6000 149.6000 149.6000 149.6000 1
1786014360 149.6000 149.6000 149.6000 149.6000 1
1786014780 149.6300 149.6300 149.2800 149.2800 4
1786014840 149.2600 149.2600 149.2600 149.2600 1
1786015200 149.4400 149.4400 149.4400 149.4400 1
1786015260 149.6000 149.6000 149.6000 149.6000 1
1786015800 149.6100 149.6100 149.6100 149.6100 1
1786015920 149.8800 149.9900 149.8800 149.9900 2
1786016160 149.9900 150.0000 149.9900 150.0000 2
1786016220 150.0700 150.0700 150.0700 150.0700 1
1786016400 150.0500 150.0500 150.0500 150.0500 1
1786016460 150.0400 150.0400 150.0400 150.0400 1
1786016580 149.9000 149.9000 149.9000 149.9000 2
1786016640 149.8600 149.8600 149.8600 149.8600 1
1786016880 149.9000 149.9000 149.9000 149.9000 1
1786017000 149.7600 149.7600 149.7500 149.7500 2
1786017060 149.6900 149.6900 149.6900 149.6900 1
1786017180 149.6900 149.8800 149.6900 149.8800 2
1786017240 149.7200 149.7200 149.7200 149.7200 1
1786017360 149.6000 149.6000 149.5000 149.5000 2
1786017420 149.5000 149.5000 149.5000 149.5000 1
1786017540 149.4400 149.6000 149.4400 149.6000 2
1786017600 149.4800 149.4900 149.4800 149.4900 2
1786017660 149.3600 149.3600 149.3600 149.3600 1
1786017720 149.2200 149.2200 149.1500 149.1500 3
1786017780 149.2500 149.2500 149.2500 149.2500 1
1786017840 149.3000 149.3000 149.3000 149.3000 1
1786018020 149.2500 149.2500 149.2500 149.2500 2
1786018080 149.1600 149.1600 149.1600 149.1600 2
1786018200 149.0900 149.0900 148.9900 149.0600 4
1786018260 148.9400 148.9400 148.9400 148.9400 1
1786018380 148.7500 148.7500 148.7500 148.7500 1
1786018500 148.8500 148.8500 148.8500 148.8500 1
1786018560 148.8000 148.8000 148.8000 148.8000 1
1786018680 148.8800 148.8800 148.8800 148.8800 1
1786018740 148.7000 148.7000 148.7000 148.7000 1
1786018800 148.7900 148.7900 148.7900 148.7900 1
1786018920 148.9700 148.9700 148.8900 148.9300 3
1786019340 148.9600 148.9600 148.9600 148.9600 2
1786019400 148.7900 148.7900 148.7900 148.7900 1
1786019580 148.7500 148.7500 148.7500 148.7500 1
1786019640 148.7700 148.8200 148.7700 148.8200 2
1786019760 148.8300 149.0000 148.8300 149.0000 2
1786020660 149.0000 149.0000 148.9999 149.0000 2
1786020720 148.5500 148.5500 148.4600 148.4600 2
1786020780 148.4900 148.4900 148.4900 148.4900 1
1786020840 148.5200 148.5200 148.4100 148.4100 5
1786020900 148.4600 148.5900 148.3600 148.5900 8
1786020960 148.2600 148.2600 148.2300 148.2300 3
1786021020 148.3900 148.3900 148.3900 148.3900 1
1786021140 148.2600 148.2600 148.2500 148.2500 3
1786021200 148.2600 148.2600 148.0200 148.1600 5
1786021320 147.8900 147.8900 147.8900 147.8900 1
1786021380 147.9800 148.0000 147.9800 148.0000 2
1786021440 148.0500 148.0500 148.0500 148.0500 1
1786021500 147.9900 147.9900 147.9900 147.9900 1
1786021560 147.9000 147.9000 147.9000 147.9000 2
1786021620 147.9100 148.0800 147.8500 147.9500 6
1786021680 147.9500 147.9500 147.8900 147.9200 3
1786021740 147.8600 147.8600 147.8600 147.8600 1
1786021800 147.9200 147.9200 147.9200 147.9200 1
1786021860 147.9100 147.9100 147.9100 147.9100 1
1786021920 147.8900 147.8900 147.8900 147.8900 1
1786022940 147.8900 147.8900 147.8900 147.8900 1
1786023000 147.8900 147.8900 147.8900 147.8900 84
1786023060 147.8900 147.8939 147.8900 147.8939 79
1786023120 147.8943 147.9252 147.8943 147.9252 54
1786023180 147.9265 147.9495 147.9265 147.9493 61
1786023240 147.9498 147.9600 147.9498 147.9600 48
1786023300 147.9557 147.9557 147.8739 147.8760 80
1786023360 147.8717 147.8717 147.8618 147.8618 39
1786023420 147.8618 147.8846 147.8613 147.8820 55
1786023480 147.8871 147.9002 147.8871 147.8877 29
1786023540 147.8680 147.8680 147.8095 147.8461 45
1786023600 147.8053 147.8053 147.6176 147.6416 44
1786023660 147.6087 147.6087 147.3902 147.4027 41
1786023720 147.3841 148.4436 147.1307 148.3824 60
1786023780 148.3248 148.3248 147.9810 148.0507 26
1786023840 147.9235 147.9235 147.6901 147.6901 31
1786023900 147.6833 148.3779 147.5460 148.3120 54
1786023960 148.3041 148.3041 148.1732 148.2582 51
1786024020 148.2552 148.2552 148.1893 148.1957 30
1786024080 148.1829 148.1829 147.9956 147.9956 37
1786024140 147.9922 148.0638 147.9755 148.0638 51
1786024200 148.0701 148.0837 148.0583 148.0583 23
1786024260 148.0577 148.0978 148.0554 148.0978 25
1786024320 148.1003 148.1909 148.1003 148.1909 23
1786024380 148.2003 148.3629 148.2003 148.3629 28
1786024440 148.3699 148.3992 148.3699 148.3992 14
1786024500 148.3994 148.3994 148.3877 148.3968 23
1786024560 148.4017 148.4886 148.4017 148.4886 23
1786024620 148.4917 148.7464 148.4917 148.7464 20
1786024680 148.7421 148.7421 148.6740 148.6740 21
1786024740 148.6647 148.6647 148.5932 148.5932 34
1786024800 148.5916 148.5916 148.5125 148.5207 51
1786024860 148.5072 148.5098 148.3972 148.3972 42
1786024920 148.3930 148.3930 148.3764 148.3772 24
1786024980 148.3952 148.4529 148.3952 148.4529 38
1786025040 148.4450 148.4450 148.3813 148.3823 28
1786025100 148.3860 148.4580 148.3860 148.4529 29
1786025160 148.4752 148.4844 147.9152 148.0235 39
1786025220 148.0392 148.0622 147.9061 147.9917 16
1786025280 147.9998 148.1821 147.9998 148.1821 26
1786025340 148.1886 148.2264 147.8261 147.8453 27
1786025400 147.8506 147.9065 147.7834 147.8479 33
1786025460 147.8543 148.0207 147.8543 148.0207 31
1786025520 148.0253 148.1566 148.0253 148.1566 34
1786025580 148.1600 148.2349 148.1600 148.2349 25
1786025640 148.2409 148.2610 148.2231 148.2330 23
1786025700 148.2132 148.2132 148.1162 148.1203 26
1786025760 148.1120 148.1120 148.0441 148.0474 25
1786025820 148.0334 148.0334 147.9624 147.9624 28
1786025880 147.9608 147.9608 147.9173 147.9352 17
1786025940 147.9113 147.9113 147.8461 147.8502 16
1786026000 147.8421 147.8421 147.7994 147.8017 24
1786026060 147.8024 147.8040 147.7680 147.7680 27
1786026120 147.7643 147.7643 147.7581 147.7581 32
1786026180 147.7580 147.7580 147.7311 147.7311 28
1786026240 147.7304 148.2519 147.7234 148.1435 40
1786026300 148.1171 148.1171 148.0430 148.0430 17
1786026360 148.0381 148.0381 148.0122 148.0195 33
1786026420 148.0230 148.0609 148.0230 148.0587 18
1786026480 148.0654 148.1177 148.0654 148.1143 23
1786026540 148.1211 148.1617 148.1211 148.1617 24
1786026600 148.1619 148.1722 148.1533 148.1609 28
1786026660 148.1757 148.2516 148.1757 148.2499 29
1786026720 148.2534 148.2973 148.2534 148.2973 16
1786026780 148.3018 148.4708 148.3018 148.4708 41
1786026840 148.4750 148.5745 148.4750 148.5745 32
1786026900 148.5815 148.6598 148.5815 148.6563 20
1786026960 148.6632 148.6727 148.6632 148.6632 4
1786027020 148.6756 148.7458 148.6756 148.7458 21
1786027080 148.7498 148.8268 148.7498 148.8268 18
1786027140 148.8302 148.8588 148.8302 148.8588 24
1786027200 148.8549 148.8549 148.8512 148.8529 3
1786027260 148.8477 148.8477 148.7982 148.7982 17
1786027320 148.7945 148.7945 148.6726 148.6726 29
1786027380 148.6687 148.6687 148.5659 148.5699 27
1786027440 148.5618 148.5618 148.4994 148.5080 16
1786027500 148.4911 148.4911 148.4262 148.4297 18
1786027560 148.4030 148.4075 148.3775 148.3775 19
1786027620 148.3789 148.3958 148.3789 148.3875 26
1786027680 148.3981 148.4316 148.3981 148.4258 13
1786027740 148.4550 148.5147 148.4550 148.5147 11
1786027800 148.5395 148.6197 148.5395 148.5880 11
1786027860 148.6275 148.7162 148.6275 148.7162 13
1786027920 148.7232 148.8082 148.7232 148.7990 17
1786027980 148.8127 148.8551 148.8127 148.8551 15
1786028040 148.8572 148.8686 148.8572 148.8686 16
1786028100 148.8700 148.8744 148.8700 148.8744 17
1786028160 148.8746 148.8752 148.8679 148.8722 21
1786028220 148.8767 148.9962 148.8767 148.9891 24
1786028280 149.0283 149.1094 149.0283 149.1035 14
1786028340 149.1152 149.2018 149.1152 149.2018 17
1786028400 149.2068 149.2815 149.2068 149.2562 36
1786028460 149.2548 149.2548 149.2339 149.2339 18
1786028520 149.2328 149.2328 149.2003 149.2062 13
1786028580 149.1983 149.1983 149.1867 149.1867 7
1786028640 149.1848 149.1848 149.1490 149.1490 9
1786028700 149.1443 149.3367 149.1000 149.3367 15
1786028760 149.3162 149.3162 149.1903 149.1903 38
1786028820 149.1875 149.1875 149.0680 149.0680 22
1786028880 149.0634 149.0634 148.9979 149.0020 16
1786028940 148.9939 148.9939 148.9385 148.9441 15
1786029000 148.8687 148.8687 148.8227 148.8241 14
1786029060 148.8201 148.8201 148.8112 148.8144 11
1786029120 148.8177 148.8644 148.8177 148.8644 19
1786029180 148.8681 148.9237 148.8681 148.9237 26
1786029240 148.9252 148.9532 148.9252 148.9532 21
1786029300 148.9545 149.0041 148.9545 149.0041 11
1786029360 149.0106 149.0471 149.0106 149.0435 10
1786029420 149.0506 149.0965 149.0506 149.0965 15
1786029480 149.1026 149.1298 149.1026 149.1298 12
1786029540 149.1310 149.1649 149.1310 149.1649 23
1786029600 149.1677 149.2204 149.1677 149.2162 21
1786029660 149.2247 149.3311 149.2247 149.2495 16
1786029720 149.3399 149.3657 149.3399 149.3657 4
1786029780 149.3741 149.4944 149.3741 149.4944 18
1786029840 149.5006 149.5464 149.5006 149.5368 9
1786029900 149.5502 149.5613 149.5502 149.5576 4
1786029960 149.5686 149.6314 149.5686 149.6284 20
1786030020 149.6344 149.6829 149.6344 149.6829 26
1786030080 149.6839 149.6879 149.6770 149.6799 9
1786030140 149.6711 149.6711 149.6328 149.6381 12
1786030200 149.6275 149.6275 149.5542 149.5542 16
1786030260 149.5313 149.5313 149.5185 149.5185 7
1786030320 149.5164 149.5164 149.4821 149.4821 19
1786030380 149.4803 149.4803 149.3716 149.3716 34
1786030440 149.3636 149.3636 149.1557 149.1557 45
1786030500 149.1514 149.1514 149.1119 149.1119 12
1786030560 149.1028 149.1028 149.0769 149.0853 10
1786030620 149.0343 149.0343 149.0165 149.0177 15
1786030680 149.0153 149.0153 149.0008 149.0019 14
1786030740 148.9998 148.9998 148.9755 148.9771 27
1786030800 148.9746 148.9746 148.9730 148.9730 3
1786030860 148.9722 148.9722 148.9617 148.9617 14
1786030920 148.9609 148.9609 148.9568 148.9601 10
1786030980 148.9550 148.9550 148.9409 148.9409 17
1786031040 148.9443 148.9486 148.9443 148.9466 14
1786031100 148.9464 148.9464 148.9459 148.9459 4
1786031160 148.9490 148.9684 148.9490 148.9684 23
1786031220 148.9692 148.9797 148.9692 148.9790 15
1786031280 148.9803 148.9824 148.9124 148.9124 25
1786031340 148.8618 148.8618 148.8541 148.8541 2
1786031400 148.8390 148.8390 148.7586 148.7586 12
1786031460 148.7471 148.7471 148.7026 148.7135 11
1786031520 148.7008 148.7008 148.6625 148.6625 24
1786031580 148.6610 148.6610 148.6436 148.6437 17
1786031640 148.6457 148.6590 148.6457 148.6590 12
1786031700 148.6601 148.6691 148.6360 148.6360 10
1786031760 148.6233 148.6317 148.6127 148.6300 13
1786031820 148.6374 148.6409 148.6374 148.6409 7
1786031880 148.6380 148.6380 148.6263 148.6263 12
1786031940 148.6252 148.6252 148.6220 148.6220 18
1786032000 148.6220 148.6220 148.6105 148.6105 15
1786032060 148.6089 148.6089 148.5856 148.5856 17
1786032120 148.6056 148.6171 148.6056 148.6171 5
1786032180 148.6199 148.6965 148.6199 148.6820 31
1786032240 148.7015 148.7926 148.7015 148.7926 21
1786032300 148.8093 148.8466 148.8093 148.8362 8
1786032360 148.8518 148.9010 148.8518 148.8962 11
1786032420 148.9056 148.9588 148.9056 148.9588 13
1786032480 148.9671 149.0178 148.9671 149.0000 18
1786032540 148.9914 148.9914 148.9200 148.9200 19
1786032600 148.9163 148.9163 148.8771 148.8771 13
1786032660 148.8739 148.8739 148.8645 148.8676 4
1786032720 148.8614 148.8614 148.8265 148.8293 13
1786032780 148.8237 148.8237 148.7909 148.7909 23
1786032840 148.7901 148.7901 148.7642 148.7642 26
1786032900 148.7624 148.7624 148.7497 148.7572 10
1786032960 148.7474 148.7474 148.7227 148.7227 10
1786033020 148.6946 148.6946 148.6481 148.6481 16
1786033080 148.6421 148.6421 148.5481 148.5563 14
1786033140 148.5318 148.5318 148.4733 148.4797 8
1786033200 148.4669 148.4669 148.3022 148.3054 18
1786033260 148.3014 148.3014 148.2974 148.2974 6
1786033320 148.2958 148.2968 148.2933 148.2968 13
1786033380 148.2972 148.2987 148.2690 148.2690 17
1786033440 148.2666 148.2666 148.2460 148.2460 12
1786033500 148.2360 148.2360 148.2235 148.2235 9
1786033560 148.2220 148.2220 148.2175 148.2190 4
1786033620 148.2161 148.2161 147.8526 147.8526 8
1786033680 147.8094 147.8094 147.7033 147.7043 10
1786033740 147.7003 147.7003 147.6960 147.6960 3
1786033800 147.6939 147.6939 147.6818 147.6820 12
1786033860 147.6767 147.6767 147.6717 147.6747 3
1786033920 147.6657 147.6657 147.6195 147.6195 18
1786033980 147.6169 147.6169 147.5995 147.5995 15
1786034040 147.5978 147.6209 147.5912 147.6162 21
1786034100 147.6292 147.6310 147.6292 147.6310 2
1786034160 147.6327 147.6397 147.6327 147.6378 5
1786034220 147.6416 147.6487 147.6416 147.6487 11
1786034280 147.6493 147.6517 147.6475 147.6517 7
1786034340 147.6455 147.6455 147.6335 147.6335 7
1786034400 147.6277 147.6277 147.6221 147.6221 4
1786034460 147.6187 147.6187 147.5787 147.5818 28
1786034520 147.5756 147.5756 147.5673 147.5682 9
1786034580 147.5665 147.5665 147.5554 147.5561 16
1786034640 147.5547 147.5547 147.5521 147.5521 8
1786034700 147.5497 147.5497 147.5437 147.5437 6
1786034760 147.5481 147.5751 147.5481 147.5732 14
1786034820 147.5871 147.5926 147.5871 147.5926 6
1786034880 147.5945 147.6007 147.5945 147.6007 8
1786034940 147.6016 147.6082 147.6016 147.6074 9
1786035000 147.6090 147.6189 147.6090 147.6189 13
1786035060 147.6190 147.6279 147.6190 147.6271 18
1786035120 147.6287 147.6431 147.6287 147.6412 16
1786035180 147.6519 147.6537 147.6519 147.6537 2
1786035240 147.6554 147.6889 147.6554 147.6889 16
1786035300 147.6911 147.7233 147.6911 147.7209 13
1786035360 147.7275 147.7493 147.7275 147.7478 27
1786035420 147.7523 147.7652 147.7523 147.7652 5
1786035480 147.7715 147.8294 147.7715 147.8294 28
1786035540 147.8304 147.8412 147.8304 147.8412 16
1786035600 147.8364 147.8364 147.8325 147.8331 8
1786035660 147.8320 147.8320 147.7602 147.7602 42
1786035720 147.7579 147.7579 147.7427 147.7448 8
1786035780 147.7423 147.7423 147.7406 147.7406 10
1786035840 147.7404 147.7404 147.7387 147.7389 11
1786035900 147.7385 147.7385 147.7373 147.7384 11
1786035960 147.7384 147.7537 147.7384 147.7458 20
1786036020 147.7563 147.7859 147.7563 147.7855 14
1786036080 147.7870 147.7895 147.7870 147.7895 8
1786036140 147.7899 147.7909 147.7842 147.7842 14
1786036200 147.7802 147.7802 147.7769 147.7771 8
1786036260 147.7766 147.7909 147.7750 147.7909 17
1786036320 147.8000 147.8055 147.8000 147.8023 4
1786036380 147.8207 147.8426 147.8207 147.8356 12
1786036440 147.8694 147.9091 147.8694 147.9033 14
1786036500 147.9260 147.9633 147.9260 147.9597 15
1786036560 147.9669 148.0574 147.9669 148.0429 20
1786036620 148.0651 148.1218 148.0651 148.1117 17
1786036680 148.1250 148.1594 148.1250 148.1534 12
1786036740 148.1623 148.1871 148.1623 148.1871 12
1786036800 148.1888 148.2221 148.1888 148.2221 16
1786036860 148.2267 148.2839 148.2267 148.2757 13
1786036980 148.3300 148.3300 148.3285 148.3285 20
1786037040 148.3281 148.3281 148.3182 148.3191 26
1786037100 148.3109 148.3109 148.2961 148.2961 18
1786037160 148.2950 148.2950 148.2752 148.2815 16
1786037220 148.2729 148.2729 148.2573 148.2595 8
1786037280 148.2552 148.2552 148.2005 148.2106 28
1786037340 148.1978 148.1978 147.8941 147.8941 19
1786037400 147.8008 147.8008 147.7834 147.7844 36
1786037460 147.7805 147.7877 147.7788 147.7877 24
1786037520 147.7802 147.7802 147.7771 147.7784 7
1786037580 147.7793 147.7859 147.7793 147.7859 18
1786037640 147.7853 147.7853 147.7821 147.7823 12
1786037700 147.7815 147.7815 147.7689 147.7710 32
1786037760 147.7678 147.7678 147.7675 147.7676 5
1786037820 147.7674 147.7674 147.7238 147.7254 12
1786037880 147.7263 147.7272 147.7164 147.7164 27
1786037940 147.6899 147.6899 147.5387 147.5387 30
1786038000 147.5370 147.5370 147.5299 147.5299 17
1786038060 147.5292 147.5292 147.4988 147.4988 20
1786038120 147.4946 147.4946 147.4858 147.4864 11
1786038180 147.4852 147.4852 147.4708 147.4708 46
1786038240 147.4696 147.4696 147.4620 147.4620 17
1786038300 147.4599 147.4599 147.4538 147.4551 14
1786038360 147.4557 147.4740 147.4557 147.4740 18
1786038420 147.4755 147.4855 147.4755 147.4855 9
1786038480 147.4875 147.4875 147.3309 147.3352 11
1786038540 147.3376 147.3447 147.3376 147.3447 9
1786038600 147.3459 147.3725 147.3459 147.3703 26
1786038660 147.3736 147.3842 147.3736 147.3832 11
1786038720 147.3875 147.3958 147.3875 147.3958 16
1786038780 147.3952 147.3952 147.2238 147.2261 24
1786038840 147.2296 147.2329 147.2296 147.2329 4
1786038900 147.2214 147.2214 147.2151 147.2151 9
1786038960 147.2133 147.2133 147.1532 147.1534 25
1786039020 147.1353 147.1353 147.1319 147.1328 17
1786039080 147.1301 147.1301 147.1080 147.1112 21
1786039140 147.1065 147.1065 147.0764 147.0764 23
1786039200 147.0747 147.0777 147.0715 147.0729 20
1786039260 147.0717 147.0875 147.0704 147.0875 17
1786039320 147.0891 147.1028 147.0891 147.1028 10
1786039380 147.1042 147.1204 147.1042 147.1178 23
1786039440 147.1217 147.1293 147.1184 147.1293 11
1786039500 147.1129 147.1129 147.1043 147.1043 15
1786039560 147.1036 147.1036 147.0993 147.0993 16
1786039620 147.0991 147.1277 147.0983 147.1277 34
1786039680 147.1301 147.1556 147.1301 147.1556 28
1786039740 147.1558 147.1575 147.1558 147.1575 15
1786039800 147.1576 147.1576 147.1576 147.1576 1
1786039860 147.1579 147.1584 147.1574 147.1577 10
1786039920 147.1567 147.1567 147.1553 147.1560 23
1786039980 147.1540 147.1540 147.1391 147.1391 17
1786040040 147.1379 147.1379 147.1325 147.1325 13
1786040100 147.1324 147.1324 147.1308 147.1308 17
1786040160 147.1306 147.1306 147.1255 147.1269 28
1786040220 147.1216 147.1216 147.0979 147.1023 12
1786040280 147.0952 147.0952 147.0872 147.0872 11
1786040340 147.0865 147.0941 147.0850 147.0941 8
1786040400 147.0959 147.1180 147.0959 147.1157 16
1786040460 147.1191 147.1433 147.1191 147.1411 24
1786040520 147.1446 147.1620 147.1446 147.1457 13
1786040580 147.1672 147.1986 147.1672 147.1963 14
1786040640 147.2031 147.2308 147.2031 147.2290 14
1786040700 147.2326 147.2790 147.2326 147.2776 30
1786040760 147.2804 147.2885 147.2804 147.2872 7
1786040820 147.2899 147.2998 147.2899 147.2998 8
1786040880 147.3015 147.3132 147.3015 147.3132 9
1786040940 147.3156 147.3309 147.3156 147.3309 11
1786041000 147.3371 147.3573 147.3371 147.3507 7
1786041060 147.3605 147.4411 147.3605 147.4411 30
1786041120 147.4453 147.4768 147.4453 147.4721 9
1786041180 147.4814 147.5462 147.4814 147.5415 16
1786041240 147.5508 147.6297 147.5508 147.6089 21
1786041300 147.6379 147.6946 147.6379 147.6874 16
1786041360 147.6981 147.7638 147.6981 147.7638 14
1786041420 147.7721 147.9975 147.7721 147.9975 38
1786041480 148.0133 148.0480 148.0133 148.0133 8
1786041540 148.0527 148.1483 148.0527 148.1464 25
1786041600 148.1501 148.1798 148.1501 148.1798 20
1786041660 148.1730 148.1730 148.1542 148.1554 16
1786041720 148.1531 148.1531 148.1337 148.1347 19
1786041780 148.1298 148.1298 148.1215 148.1215 10
1786041840 148.1163 148.1163 148.0800 148.0800 16
1786041900 148.0777 148.0777 148.0440 148.0500 15
1786041960 148.0329 148.0329 147.9268 147.9480 19
1786042020 147.9201 147.9201 147.4658 147.4658 18
1786042080 147.4634 147.4634 147.0057 147.0057 42
1786042140 147.0039 147.0039 146.4513 146.4873 28
1786042200 146.4918 146.5578 146.4918 146.5578 23
1786042260 146.5634 146.5838 146.5441 146.5441 13
1786042320 146.5491 146.5534 146.4435 146.4960 21
1786042380 146.4469 146.4600 146.3207 146.3207 25
1786042440 146.3214 146.3836 146.3214 146.3819 26
1786042500 146.3853 146.4210 146.3853 146.4178 19
1786042560 146.4229 146.4543 146.4229 146.4543 30
1786042620 146.4569 146.4620 146.4569 146.4615 22
1786042680 146.4625 146.4780 146.4625 146.4772 22
1786042740 146.4682 146.4682 146.4570 146.4606 10
1786042800 146.4558 146.4558 146.4205 146.4215 34
1786042860 146.4194 146.4194 146.4033 146.4046 21
1786042920 146.4021 146.4021 146.3912 146.3927 20
1786042980 146.3909 146.3909 146.3791 146.3794 20
1786043040 146.3775 146.3775 146.3570 146.3582 15
1786043100 146.3559 146.3559 146.3532 146.3538 10
1786043160 146.3554 146.3748 146.3554 146.3748 28
1786043220 146.3753 146.3786 146.3753 146.3786 14
1786043280 146.3786 146.3786 146.3755 146.3755 13
1786043340 146.3672 146.4599 146.3662 146.4485 12
1786043400 146.4481 146.4504 146.4456 146.4479 16
1786043460 146.4516 146.4655 146.4516 146.4646 21
1786043520 146.4642 146.4642 146.4469 146.4479 34
1786043580 146.4485 146.4511 146.4485 146.4511 7
1786043640 146.4501 146.4501 146.4413 146.4415 23
1786043700 146.4418 146.5426 146.4418 146.5426 32
1786043760 146.5451 146.5629 146.5451 146.5451 9
1786043820 146.5667 146.7046 146.5667 146.7042 22
1786043880 146.7063 146.7396 146.7063 146.7389 14
1786043940 146.7379 146.7379 146.7348 146.7348 10
1786044000 146.7365 146.7471 146.7365 146.7471 33
1786044060 146.7474 146.7563 146.7474 146.7536 25
1786044120 146.7567 146.7567 146.7530 146.7558 17
1786044180 146.7605 146.7713 146.7605 146.7713 11
1786044240 146.7723 146.7863 146.7723 146.7821 14
1786044300 146.7918 146.8041 146.7918 146.8041 8
1786044360 146.8058 146.8184 146.8058 146.8169 13
1786044420 146.8199 146.9147 146.8199 146.9114 16
1786044480 146.9163 146.9360 146.9163 146.9345 14
1786044540 146.9374 146.9555 146.9374 146.9555 31
1786044600 146.9474 147.0393 146.9290 147.0362 17
1786044660 147.0249 147.2247 147.0220 147.1461 39
1786044720 147.1437 147.1823 147.1088 147.1690 26
1786044780 147.1736 147.1736 147.0736 147.0736 45
1786044840 147.0716 147.0716 147.0057 147.0057 41
1786044900 147.0050 147.0432 147.0017 147.0432 36
1786044960 147.0448 147.0834 147.0448 147.0834 22
1786045020 147.0854 147.1354 147.0854 147.1330 30
1786045080 147.1366 147.1443 146.5822 146.6288 31
1786045140 146.6338 146.6446 146.4810 146.5896 27
1786045200 146.6000 146.7522 146.6000 146.7522 35
1786045260 146.7598 146.9306 146.7598 146.9306 59
1786045320 146.9329 147.0008 146.9329 147.0008 27
1786045380 147.0784 147.1528 147.0784 147.1528 127
1786045440 147.1532 147.2008 147.1532 147.2008 121
1786045500 147.2021 147.3219 146.0444 146.2250 121
1786045560 146.2458 146.7545 146.2458 146.7522 97
1786045620 146.7567 146.9659 146.7567 146.9659 94
1786045680 146.9703 146.9792 146.9440 146.9461 62
1786045740 146.9429 146.9429 146.8829 146.8861 37
1786045800 146.8813 146.8813 145.9742 145.9742 82
1786045860 145.9094 146.0298 145.7676 145.7676 58
1786045920 145.7495 145.7495 145.5905 145.6740 40
1786045980 145.6810 145.8252 145.5866 145.7939 100
1786046040 145.7848 145.9284 145.7793 145.9284 68
1786046100 145.9308 146.0004 145.9121 145.9368 61
1786046160 145.9120 145.9716 145.8880 145.8893 111
1786046220 145.8899 145.9050 145.8602 145.8603 147
1786046280 145.8602 145.8613 145.6262 145.6450 145
1786046340 145.6458 145.6866 145.3381 145.3543 276
1786046400 145.3338 145.3338 145.3116 145.3273 7
