1785312000 377.3000 380.7600 374.0100 379.0000 17295
1785312060 380.6000 380.6000 374.1300 378.6900 2620
1785312120 378.6400 378.6600 374.5400 374.5600 2342
1785312180 374.1600 377.9900 374.0000 377.0100 5181
1785312240 377.9000 380.0000 376.0000 377.9000 3490
1785312300 379.7100 381.0000 378.0000 380.6300 2775
1785312360 380.6300 380.6300 380.6300 380.6300 0
1785312420 378.6100 378.6100 375.5100 375.5100 90
1785312480 378.3000 378.3000 378.3000 378.3000 100
1785312540 378.3000 378.3000 378.3000 378.3000 0
1785312600 378.3000 378.3000 378.3000 378.3000 0
1785312660 378.3000 378.3000 378.3000 378.3000 0
1785312720 378.3000 378.3000 378.3000 378.3000 0
1785312780 378.3000 378.3000 378.3000 378.3000 0
1785312840 378.0500 378.0500 378.0500 378.0500 65
1785312900 377.9800 377.9800 377.9800 377.9800 99
1785312960 378.0000 378.0000 377.9800 378.0000 229
1785313020 378.0000 378.0000 378.0000 378.0000 0
1785313080 378.0000 378.0000 378.0000 378.0000 0
1785313140 378.8600 378.8600 378.8600 378.8600 60
1785313200 378.8600 378.8600 378.8600 378.8600 0
1785313260 378.0000 378.0000 378.0000 378.0000 128
1785313320 378.0000 378.0000 378.0000 378.0000 0
1785313380 377.5400 377.5400 377.5400 377.5400 160
1785313440 377.6800 377.8900 377.0600 377.0600 281
1785313500 377.0600 377.0600 377.0600 377.0600 0
1785313560 377.0600 377.0600 377.0600 377.0600 0
1785313620 377.6900 377.6900 377.6900 377.6900 50
1785313680 377.6900 377.6900 377.6900 377.6900 0
1785313740 377.6900 377.6900 377.6900 377.6900 0
1785313800 377.6900 377.6900 377.6900 377.6900 0
1785313860 378.0000 378.8200 378.0000 378.8200 100
1785313920 378.8200 378.8200 378.8200 378.8200 0
1785313980 378.8200 378.8200 378.8200 378.8200 0
1785314040 378.8200 378.8200 378.8200 378.8200 0
1785314100 378.8200 378.8200 378.8200 378.8200 0
1785314160 378.8200 378.8200 378.8200 378.8200 0
1785314220 378.8200 378.8200 378.8200 378.8200 0
1785314280 378.8200 378.8200 378.8200 378.8200 0
1785314340 378.8200 378.8200 378.8200 378.8200 0
1785314400 378.8200 378.8200 378.8200 378.8200 0
1785314460 378.8200 378.8200 378.8200 378.8200 0
1785314520 378.8200 378.8200 378.8200 378.8200 0
1785314580 378.8200 378.8200 378.8200 378.8200 0
1785314640 378.8200 378.8200 378.8200 378.8200 0
1785314700 378.8200 378.8200 378.8200 378.8200 0
1785314760 378.8200 378.8200 378.8200 378.8200 0
1785314820 378.8200 378.8200 378.8200 378.8200 0
1785314880 379.7800 379.9900 379.7700 379.9900 531
1785314940 379.9900 379.9900 379.9900 379.9900 0
1785315000 380.0000 380.0000 379.9900 379.9900 182
1785315060 379.7100 379.7100 379.2100 379.2100 1024
1785315120 379.2100 379.2100 379.2100 379.2100 0
1785315180 380.0000 380.0000 380.0000 380.0000 300
1785315240 379.2700 379.2700 379.2700 379.2700 94
1785315300 379.2700 379.2700 379.2700 379.2700 0
1785315360 379.2700 379.2700 379.2700 379.2700 0
1785315420 379.2700 379.2700 379.2700 379.2700 0
1785315480 379.0400 379.0400 379.0400 379.0400 97
1785315540 379.0400 379.0400 379.0400 379.0400 0
1785315600 379.0400 379.0400 379.0400 379.0400 0
1785315660 379.0400 379.0400 379.0400 379.0400 0
1785315720 379.0400 379.0400 379.0400 379.0400 0
1785315780 379.0400 379.0400 379.0400 379.0400 0
1785315840 379.0400 379.0400 379.0400 379.0400 0
1785315900 379.0400 379.0400 379.0400 379.0400 0
1785315960 379.8000 380.6100 379.7900 380.3700 342
1785316020 380.3700 380.3700 380.3700 380.3700 0
1785316080 380.1500 380.1500 379.9900 380.0000 5045
1785316140 380.0000 380.0000 380.0000 380.0000 0
1785316200 380.4300 380.8800 380.4300 380.6200 218
1785316260 380.6200 380.6200 380.6200 380.6200 0
1785316320 381.0000 381.0000 381.0000 381.0000 73
1785316380 381.5800 381.5800 381.5800 381.5800 62
1785316440 381.5800 381.5800 381.5800 381.5800 0
1785316500 382.3700 382.3700 382.3200 382.3200 153
1785316560 381.7900 381.7900 381.3900 381.3900 179
1785316620 382.6800 382.6800 382.6800 382.6800 250
1785316680 382.6800 382.6800 382.6800 382.6800 0
1785316740 382.5200 382.5200 381.6300 381.6300 253
1785316800 381.6300 381.6300 381.6300 381.6300 0
1785316860 381.6300 381.6300 381.6300 381.6300 0
1785316920 381.6300 381.6300 381.6300 381.6300 0
1785316980 381.6300 381.6300 381.6300 381.6300 0
1785317040 381.9000 381.9000 381.9000 381.9000 45
1785317100 381.9500 381.9500 381.9500 381.9500 85
1785317160 381.9500 381.9500 381.9500 381.9500 0
1785317220 381.9500 381.9500 381.9500 381.9500 0
1785317280 381.9500 381.9500 381.9500 381.9500 0
1785317340 381.9500 381.9500 381.9500 381.9500 0
1785317400 381.9500 381.9500 381.9500 381.9500 0
1785317460 381.9500 381.9500 381.9500 381.9500 0
1785317520 381.9500 381.9500 381.9500 381.9500 0
1785317580 381.5700 381.5700 381.5700 381.5700 40
1785317640 381.5700 381.5700 381.5700 381.5700 0
1785317700 381.5700 381.5700 381.5700 381.5700 0
1785317760 381.5000 381.5000 381.5000 381.5000 100
1785317820 381.4900 381.4900 381.4900 381.4900 80
1785317880 381.7700 381.7700 381.7700 381.7700 50
1785317940 381.9000 382.0000 381.9000 382.0000 344
1785318000 382.0000 382.0000 382.0000 382.0000 0
1785318060 381.9900 382.0000 381.9900 382.0000 276
1785318120 382.0000 382.0000 382.0000 382.0000 0
1785318180 382.5000 382.5000 382.5000 382.5000 180
1785318240 382.3700 382.9600 382.3700 382.9600 210
1785318300 382.6500 382.6500 382.5000 382.5000 274
1785318360 382.5000 382.5000 382.5000 382.5000 0
1785318420 382.5000 382.5000 382.5000 382.5000 0
1785318480 382.5000 382.5000 382.5000 382.5000 0
1785318540 383.0000 383.0000 383.0000 383.0000 100
1785318600 383.0000 383.0000 383.0000 383.0000 0
1785318660 383.0000 383.0000 383.0000 383.0000 0
1785318720 383.6600 383.6600 383.4900 383.5000 180
1785318780 383.6600 383.6600 383.5700 383.5700 590
1785318840 383.5700 383.5700 383.5700 383.5700 0
1785318900 383.0200 383.0200 382.9200 382.9200 105
1785318960 382.9200 382.9200 382.9200 382.9200 0
1785319020 382.9200 382.9200 382.9200 382.9200 0
1785319080 382.9200 382.9200 382.9200 382.9200 0
1785319140 382.5000 382.5000 382.3200 382.3200 100
1785319200 382.3400 382.3400 382.3400 382.3400 53
1785319260 382.3400 382.3400 382.3400 382.3400 0
1785319320 382.3400 382.3400 382.3400 382.3400 0
1785319380 382.3400 382.3400 382.3400 382.3400 0
1785319440 382.3400 382.3400 382.3400 382.3400 0
1785319500 382.8100 382.8100 382.0200 382.0500 1143
1785319560 382.3300 382.3300 382.3300 382.3300 100
1785319620 382.0200 382.0200 382.0200 382.0200 53
1785319680 382.0200 382.0200 382.0200 382.0200 0
1785319740 382.1000 382.1000 382.0500 382.0500 330
1785319800 382.0500 382.0500 382.0500 382.0500 0
1785319860 382.0500 382.0500 382.0500 382.0500 0
1785319920 382.0500 382.0500 382.0500 382.0500 0
1785319980 382.0500 382.0500 382.0500 382.0500 0
1785320040 382.0500 382.0500 382.0500 382.0500 0
1785320100 382.5900 382.6000 382.5900 382.6000 90
1785320160 382.9300 382.9300 382.9300 382.9300 65
1785320220 382.5000 382.7200 382.5000 382.7200 998
1785320280 382.7200 382.7200 382.7200 382.7200 0
1785320340 382.7200 382.7200 382.7200 382.7200 0
1785320400 382.5400 382.5400 382.5400 382.5400 44
1785320460 382.5400 382.5400 382.5400 382.5400 0
1785320520 382.5400 382.5400 382.5400 382.5400 0
1785320580 382.5400 382.5400 382.5400 382.5400 0
1785320640 382.4900 382.4900 382.4900 382.4900 51
1785320700 382.0600 382.2000 382.0000 382.0500 710
1785320760 382.0500 382.0500 382.0500 382.0500 0
1785320820 382.0500 382.0500 382.0500 382.0500 0
1785320880 382.0500 382.0500 382.0500 382.0500 0
1785320940 382.2300 382.2300 382.2300 382.2300 45
1785321000 382.5000 382.5000 382.5000 382.5000 50
1785321060 382.7700 382.7700 382.7700 382.7700 90
1785321120 382.0900 382.0900 382.0900 382.0900 45
1785321180 382.0900 382.0900 382.0900 382.0900 0
1785321240 382.0900 382.0900 382.0900 382.0900 0
1785321300 382.0900 382.0900 382.0900 382.0900 0
1785321360 382.0900 382.0900 382.0900 382.0900 0
1785321420 382.0900 382.0900 382.0900 382.0900 0
1785321480 382.0900 382.0900 382.0900 382.0900 0
1785321540 380.8800 380.9000 380.8800 380.9000 184
1785321600 380.9000 380.9000 380.9000 380.9000 0
1785321660 380.9900 381.0900 380.6000 381.0900 261
1785321720 381.0900 381.0900 381.0900 381.0900 0
1785321780 381.0900 381.0900 381.0900 381.0900 0
1785321840 381.6200 381.6200 381.6200 381.6200 75
1785321900 381.2100 381.2100 381.2100 381.2100 40
1785321960 380.7400 380.7400 380.7400 380.7400 92
1785322020 380.7400 380.7400 380.7400 380.7400 0
1785322080 380.7400 380.7400 380.7400 380.7400 0
1785322140 380.7400 380.7400 380.7400 380.7400 0
1785322200 380.7400 380.7400 380.7400 380.7400 0
1785322260 380.7400 381.2700 380.2600 380.2600 213
1785322320 380.2600 380.2600 380.2600 380.2600 0
1785322380 380.2600 380.2600 380.2600 380.2600 0
1785322440 380.2600 380.2600 380.2600 380.2600 0
1785322500 380.2600 380.2600 380.2600 380.2600 0
1785322560 380.2600 380.2600 380.2600 380.2600 0
1785322620 380.2600 380.5800 380.2600 380.5800 50
1785322680 380.5800 380.6800 380.5800 380.6800 80
1785322740 380.6800 380.6800 380.6800 380.6800 0
1785322800 380.6800 380.6800 380.1000 380.3200 338
1785322860 380.3200 380.4000 380.0800 380.0800 294
1785322920 380.0800 380.8700 380.0800 380.8700 848
1785322980 380.8700 380.8700 380.8700 380.8700 0
1785323040 380.8700 380.8700 380.8700 380.8700 0
1785323100 380.8700 380.8700 380.8700 380.8700 0
1785323160 380.8700 380.8700 380.4900 380.4900 2408
1785323220 380.4900 380.9100 380.4900 380.9100 94
1785323280 380.9100 381.4800 380.9100 381.4800 80
1785323340 381.7200 381.7200 381.2400 381.2400 95
1785323400 381.2400 381.2400 381.2400 381.2400 0
1785323460 381.2400 381.9800 381.2400 381.9800 1000
1785323520 381.9800 381.9800 381.7100 381.7100 40
1785323580 381.7100 381.7100 381.7100 381.7100 40
1785323640 381.7100 381.9800 381.7100 381.9800 100
1785323700 381.9800 381.9800 381.9800 381.9800 0
1785323760 381.9800 381.9800 381.3000 381.3000 150
1785323820 381.3000 381.3000 381.3000 381.3000 0
1785323880 381.9400 382.2700 381.9400 382.2100 1846
1785323940 382.2100 382.2100 382.1100 382.1100 195
1785324000 382.1100 382.1100 382.1100 382.1100 0
1785324060 382.1100 382.5000 382.1100 382.5000 838
1785324120 382.5000 382.5000 382.4600 382.4600 77
1785324180 382.4600 382.4800 382.3600 382.4800 619
1785324240 382.4800 382.4800 382.4800 382.4800 0
1785324300 382.6000 382.8500 382.5000 382.8500 2231
1785324360 382.8500 383.0000 382.7000 383.0000 1209
1785324420 382.9900 382.9900 382.9900 382.9900 300
1785324480 382.9900 382.9900 382.9900 382.9900 0
1785324540 382.9900 382.9900 382.5000 382.5000 80
1785324600 382.5000 382.5000 382.0000 382.0000 1545
1785324660 382.1600 382.1600 382.1600 382.1600 110
1785324720 382.1600 382.1600 382.0000 382.0000 107
1785324780 382.0000 382.0000 381.4600 381.4600 154
1785324840 381.4600 381.8000 381.4600 381.8000 100
1785324900 381.8000 381.8500 381.4000 381.8500 250
1785324960 381.8500 381.8500 381.8500 381.8500 0
1785325020 381.8500 381.8500 381.8500 381.8500 0
1785325080 381.8500 381.8500 381.8500 381.8500 0
1785325140 381.5000 381.5000 381.5000 381.5000 58
1785325200 381.5000 381.5000 381.5000 381.5000 0
1785325260 381.5000 381.9000 381.5000 381.9000 100
1785325320 381.9000 381.9000 381.9000 381.9000 0
1785325380 381.9000 381.9000 381.9000 381.9000 0
1785325440 381.9000 381.9000 381.9000 381.9000 0
1785325500 381.9000 381.9000 381.9000 381.9000 0
1785325560 381.9000 381.9000 381.9000 381.9000 0
1785325620 381.9000 381.9000 381.9000 381.9000 0
1785325680 381.9000 382.2500 381.7500 382.2500 207
1785325740 382.2500 382.2500 382.2500 382.2500 0
1785325800 382.2500 382.2500 381.7600 381.7600 480
1785325860 381.7000 381.7000 381.5200 381.5200 90
1785325920 381.5200 381.7600 381.5200 381.7600 369
1785325980 381.7600 381.7600 381.7600 381.7600 0
1785326040 381.7600 381.7600 381.7600 381.7600 0
1785326100 381.2500 381.2500 381.2000 381.2500 1092
1785326160 381.2500 381.8400 381.2500 381.8400 80
1785326220 381.8400 381.8600 381.8400 381.8500 420
1785326280 381.8500 382.4700 381.8500 382.4700 65
1785326340 382.4700 382.9900 382.0000 382.9900 407
1785326400 382.9900 382.9900 382.5600 382.8800 313
1785326460 382.8800 382.8800 382.6900 382.6900 50
1785326520 382.6900 382.6900 382.5000 382.5000 209
1785326580 382.5000 382.8700 382.4400 382.8700 206
1785326640 382.8700 382.8700 382.6100 382.6100 119
1785326700 382.6100 383.0500 382.6100 383.0500 503
1785326760 383.0500 383.0500 383.0000 383.0000 32448
1785326820 383.0000 383.0000 382.3600 382.3700 332
1785326880 382.3700 382.4000 382.2500 382.4000 206
1785326940 382.4000 382.4000 381.4200 381.4200 1095
1785327000 382.0000 382.0000 381.7400 381.7400 258
1785327060 381.7400 381.7400 381.7400 381.7400 0
1785327120 381.7400 381.7400 381.7400 381.7400 0
1785327180 381.7400 382.4000 381.7400 382.4000 50
1785327240 382.4000 382.4000 381.6000 381.7000 107
1785327300 381.7000 381.7000 381.7000 381.7000 0
1785327360 381.7000 381.7000 380.1200 380.1200 718
1785327420 380.1200 381.1500 379.4900 379.8700 1028
1785327480 379.8700 381.5000 379.8700 381.5000 126
1785327540 381.5000 381.5000 380.2000 380.2000 50
1785327600 380.2000 380.2800 379.9500 379.9500 1087
1785327660 379.9500 379.9500 379.5200 379.5200 65
1785327720 379.5000 379.5000 379.0000 379.4200 1087
1785327780 379.4200 379.6000 379.4200 379.6000 100
1785327840 379.6000 379.7200 379.6000 379.7200 260
1785327900 379.8800 379.9800 379.7000 379.9800 400
1785327960 380.2000 380.2500 380.0100 380.2500 403
1785328020 380.2500 380.3000 380.1000 380.1500 380
1785328080 380.1500 380.1500 380.0000 380.0000 100
1785328140 380.0000 380.0000 379.8000 380.0000 796
1785328200 380.0000 380.0000 379.4400 379.4400 49
1785328260 379.4400 379.8600 379.4400 379.8600 260
1785328320 379.8600 379.8600 379.5400 379.5400 250
1785328380 379.5400 379.5700 379.5400 379.5500 232
1785328440 379.5500 379.7700 379.1900 379.7700 1462
1785328500 379.8000 379.9200 379.0000 379.8500 2664
1785328560 379.8500 379.8500 379.8500 379.8500 0
1785328620 379.8500 379.8500 379.3200 379.3200 50
1785328680 379.3200 379.5300 379.3200 379.5300 60
1785328740 379.5300 379.5300 379.5300 379.5300 0
1785328800 379.5300 379.5300 379.5300 379.5300 0
1785328860 379.5300 379.5300 379.5300 379.5300 0
1785328920 379.5300 380.2400 379.5300 379.8700 152
1785328980 379.8700 380.2500 379.8700 380.2500 488
1785329040 380.2500 380.2500 380.2500 380.2500 0
1785329100 380.2500 380.2500 380.2500 380.2500 0
1785329160 380.2500 380.4200 380.2500 380.4200 91
1785329220 380.4200 380.4200 380.3700 380.3700 376
1785329280 380.3700 380.5000 380.3700 380.4900 270
1785329340 380.4900 380.6300 380.4900 380.6300 96
1785329400 380.6300 381.0000 380.6300 381.0000 650
1785329460 381.0000 381.0000 381.0000 381.0000 0
1785329520 381.0000 381.0000 380.7000 380.7000 132
1785329580 380.7000 380.7000 380.5000 380.5000 80
1785329640 380.5900 380.6900 380.5000 380.6900 328
1785329700 380.6900 380.6900 380.6900 380.6900 0
1785329760 380.6900 380.9100 380.6900 380.9100 135
1785329820 380.9100 380.9100 380.5100 380.5100 240
1785329880 380.5100 380.5100 380.5100 380.5100 0
1785329940 380.5100 380.5700 380.5100 380.5700 47
1785330000 380.3600 380.3600 380.3400 380.3400 179
1785330060 380.3400 380.3400 380.3400 380.3400 0
1785330120 380.3400 380.3400 380.3400 380.3400 0
1785330180 380.3400 380.3400 380.0000 380.0000 545
1785330240 379.7800 379.7800 379.7800 379.7800 100
1785330300 380.0000 380.0000 379.5600 379.6600 1600
1785330360 379.6600 379.6600 379.6600 379.6600 0
1785330420 379.6600 379.6600 379.6600 379.6600 0
1785330480 379.6600 379.6600 379.6600 379.6600 0
1785330540 379.6600 379.7800 379.6600 379.7500 148
1785330600 379.7500 379.7500 379.6700 379.6700 100
1785330660 379.6700 379.6700 379.5000 379.5200 268
1785330720 379.5200 379.5200 379.5200 379.5200 0
1785330780 379.5200 379.6000 379.5200 379.6000 100
1785330840 379.6000 379.6000 379.4900 379.5000 100
1785330900 379.5000 379.6100 379.5000 379.6100 580
1785330960 379.6100 379.6100 379.5000 379.5000 86
1785331020 379.5000 379.5000 379.5000 379.5000 0
1785331080 379.5000 379.5000 379.3000 379.3000 80
1785331140 379.3000 379.3000 379.3000 379.3000 0
1785331200 379.3000 379.3000 379.0400 379.0400 241
1785331260 379.0600 379.3000 379.0600 379.3000 157
1785331320 379.3000 379.5000 379.3000 379.5000 84
1785331380 379.5000 379.5000 379.5000 379.5000 0
1785331440 379.5000 379.5000 379.5000 379.5000 0
1785331500 379.3800 380.0400 379.3800 380.0400 824
1785331560 380.5900 380.5900 380.4300 380.4300 236
1785331620 380.4300 380.8000 380.2400 380.4100 1317
1785331680 380.4100 380.4100 380.4100 380.4100 0
1785331740 380.4100 380.4100 380.2600 380.2600 53
1785331800 380.7900 380.7900 377.5000 377.5000 297014
1785331860 377.6600 378.1300 376.3000 376.3200 37106
1785331920 376.4800 378.9500 376.2800 378.5900 60532
1785331980 378.1700 379.8400 378.1700 378.7900 24779
1785332040 379.1400 380.5000 378.9400 379.8900 39950
1785332100 379.8400 380.3800 379.1700 379.7700 46500
1785332160 379.7700 379.7700 378.1000 379.2200 35600
1785332220 379.0600 379.8800 378.1000 379.7100 30814
1785332280 379.5400 380.3400 378.4500 378.5600 22218
1785332340 378.5200 378.9300 377.7500 377.9900 30978
1785332400 377.9900 379.7300 377.3400 379.0000 32280
1785332460 379.3400 379.7400 378.6700 379.6400 17615
1785332520 379.3600 380.1500 379.0500 379.5900 18300
1785332580 379.7200 379.9500 378.6300 379.1500 18623
1785332640 379.3000 380.9100 379.1500 380.7500 27903
1785332700 380.8300 381.3300 380.3500 381.0000 24464
1785332760 381.0000 381.0400 379.4100 379.7300 33016
1785332820 379.9000 379.9900 378.0800 379.1200 45820
1785332880 379.1900 379.8900 378.7500 379.3400 49301
1785332940 379.0000 380.0000 378.6200 379.5300 44730
1785333000 379.6700 379.9500 378.7200 378.9400 64446
1785333060 378.8500 379.0000 376.8800 377.3100 62783
1785333120 377.1100 377.4000 376.5800 376.9200 30004
1785333180 376.9200 377.7700 376.5200 377.7400 24508
1785333240 377.7300 378.0100 376.9600 377.2800 15356
1785333300 377.1300 377.1300 376.1000 376.7200 25276
1785333360 376.5000 376.9100 376.2100 376.4100 25150
1785333420 376.4000 376.7800 375.8000 376.2700 28233
1785333480 376.1500 377.4500 376.1500 377.4500 26004
1785333540 377.6700 378.2000 376.8800 377.6900 35831
1785333600 377.5600 378.5100 377.2100 377.9400 39845
1785333660 377.9900 379.1500 377.9200 378.5600 23497
1785333720 378.7300 380.1000 378.5700 379.3400 29537
1785333780 379.1800 379.8500 378.8700 379.2300 38127
1785333840 379.0000 379.8500 378.7700 379.5700 23011
1785333900 379.5400 380.9100 379.5400 379.9800 35485
1785333960 379.7600 380.4800 379.1100 379.7400 21381
1785334020 379.7400 380.0000 378.5500 380.0000 24127
1785334080 379.8100 380.2400 379.4400 379.9900 20403
1785334140 380.1000 380.2800 379.1200 379.4100 19129
1785334200 379.2500 379.5500 378.5000 379.3700 18671
1785334260 379.2900 379.9700 379.1200 379.7300 22712
1785334320 379.6000 380.0000 376.8000 376.9900 18185
1785334380 376.9900 377.7100 376.5500 377.6800 40693
1785334440 377.6700 377.8100 376.5000 376.6500 21453
1785334500 376.5900 377.3400 376.3300 377.0000 44141
1785334560 376.9200 377.9900 376.8700 377.5200 31876
1785334620 377.5400 377.9900 377.2600 377.4000 20103
1785334680 377.4400 378.0100 377.2400 377.9400 12699
1785334740 377.7700 378.2000 377.4200 377.6300 39132
1785334800 377.5400 377.8800 377.2500 377.6300 19578
1785334860 377.5500 378.3100 377.3200 378.2500 27919
1785334920 378.1200 378.4700 377.6700 378.0300 17084
1785334980 377.9100 378.0000 377.3700 377.4900 16360
1785335040 377.5300 377.5500 376.2200 376.5400 31864
1785335100 376.6500 376.7600 376.1500 376.3000 16369
1785335160 376.1900 376.2100 375.0200 375.4800 36228
1785335220 375.3500 375.3800 374.6300 375.1800 57394
1785335280 375.2600 375.6900 374.7800 375.6500 26508
1785335340 375.6500 376.1400 375.3600 375.3700 18045
1785335400 375.3600 376.4500 375.3200 376.1000 25197
1785335460 376.2200 376.4600 375.7100 376.1300 25895
1785335520 376.2000 377.0000 376.0100 376.8100 16950
1785335580 376.9000 377.3900 376.4100 376.5600 18728
1785335640 376.3900 376.8400 376.0800 376.5000 21013
1785335700 376.4500 376.4500 375.4400 375.8700 13658
1785335760 376.0200 376.1500 375.5700 375.7600 12332
1785335820 375.8800 375.8900 375.2500 375.5000 11200
1785335880 375.3600 375.9400 375.0000 375.6500 22914
1785335940 375.8000 375.9500 374.5000 374.6000 19884
1785336000 374.5800 374.5800 373.5800 374.0100 24860
1785336060 374.1100 374.8000 373.9100 374.0000 25590
1785336120 373.8900 373.9500 373.3300 373.6700 16647
1785336180 373.6300 374.1900 373.5400 374.0300 19999
1785336240 373.8300 374.0700 373.5000 373.8100 26218
1785336300 373.6200 374.0200 373.4700 373.7400 14060
1785336360 373.8900 374.5200 373.4500 374.3700 33681
1785336420 374.3100 375.1400 374.3000 374.7500 38186
1785336480 374.7500 374.9500 374.4800 374.9500 21334
1785336540 374.9500 376.2000 374.7800 375.8600 19145
1785336600 375.9700 376.5800 375.8800 376.4000 21346
1785336660 376.4000 376.8600 375.6000 375.8400 32744
1785336720 375.8700 376.8900 375.6800 376.4100 17892
1785336780 376.3100 376.5500 376.0200 376.1500 7448
1785336840 376.2200 376.5600 375.6700 376.0700 17227
1785336900 376.3400 376.3900 375.2800 375.4300 25421
1785336960 375.2800 375.6700 375.0100 375.6700 8882
1785337020 375.5400 375.9600 375.1400 375.6400 13044
1785337080 375.4500 376.4400 375.3300 376.4400 14917
1785337140 376.4800 377.1200 376.3900 376.6200 27544
1785337200 376.5500 377.1600 376.0100 376.3900 30115
1785337260 376.3800 377.1600 376.3100 377.0000 16637
1785337320 377.1500 377.9300 376.9600 377.3400 23381
1785337380 377.3200 377.9900 377.1800 377.6700 13394
1785337440 377.8700 378.1100 377.3700 378.1100 31837
1785337500 378.0500 378.1700 376.4500 377.5500 39920
1785337560 377.6600 378.2800 377.0400 377.0400 33730
1785337620 377.0600 377.7600 376.8600 377.3800 39813
1785337680 377.3500 378.0800 376.8600 376.9900 20523
1785337740 376.9500 377.7500 376.5700 377.7300 19577
1785337800 377.7500 377.8800 376.9800 377.0200 21000
1785337860 376.9100 376.9100 375.2500 375.3100 28536
1785337920 375.3500 375.7800 375.1600 375.7100 27038
1785337980 375.5200 375.9900 375.0100 375.3200 20948
1785338040 375.1900 375.5000 374.5900 375.0900 17907
1785338100 375.0000 375.5000 374.7500 375.4800 11615
1785338160 375.3800 375.8600 374.8200 375.4800 15364
1785338220 375.5600 375.7200 374.9900 375.5400 18037
1785338280 375.6900 375.8500 375.2600 375.3400 8650
1785338340 375.4000 375.5400 374.0000 374.1700 22288
1785338400 374.2500 374.4400 373.8200 374.3400 12889
1785338460 374.3400 374.4900 373.9000 374.4000 7964
1785338520 374.3800 374.3800 373.6600 373.9100 26195
1785338580 374.1400 374.4600 373.9400 374.3800 25033
1785338640 374.3500 374.5100 373.9000 374.3000 24616
1785338700 374.3000 374.4100 373.7000 374.1100 18199
1785338760 374.0300 374.5100 373.3800 373.6500 36066
1785338820 373.5900 373.7300 373.1400 373.2400 22469
1785338880 373.2400 373.3400 372.6700 372.9400 41859
1785338940 372.9900 373.1500 372.2900 372.3000 16539
1785339000 372.3000 372.9200 371.6700 372.7900 48488
1785339060 372.8700 373.0700 372.3400 372.9400 18866
1785339120 372.8700 372.9500 372.3400 372.3800 17170
1785339180 372.3200 372.9100 372.1100 372.6600 22922
1785339240 372.6100 372.9700 372.4300 372.7200 22009
1785339300 372.7400 373.1500 372.4600 373.0000 12384
1785339360 373.0000 373.2600 372.8700 373.1500 18203
1785339420 373.1800 373.4000 372.6200 372.7600 24401
1785339480 372.6500 373.0000 372.1600 372.2400 15550
1785339540 372.2400 372.3400 371.9700 372.0000 18550
1785339600 371.9800 372.2600 371.7100 372.1100 16555
1785339660 372.1200 372.7600 372.0500 372.6600 13518
1785339720 372.5000 373.0600 372.1600 372.2300 26039
1785339780 372.2200 372.3100 371.8300 371.8400 20673
1785339840 371.8400 372.4300 371.8400 372.2200 17511
1785339900 372.3400 372.3400 371.5200 371.8200 23930
1785339960 371.8800 372.3000 371.8700 372.1500 14183
1785340020 372.2200 372.3200 371.6900 372.0200 14157
1785340080 372.0100 372.4000 371.8000 371.8400 13486
1785340140 371.7600 372.1900 371.6000 372.1700 22257
1785340200 372.0500 372.2700 371.7500 372.2700 17255
1785340260 372.2400 372.3400 372.0200 372.2300 17507
1785340320 372.2500 372.6200 372.0700 372.3500 13468
1785340380 372.4000 372.4800 371.6300 371.8700 15327
1785340440 371.8700 372.3400 370.8300 370.9200 63168
1785340500 370.9700 371.2000 370.8000 371.0300 54227
1785340560 370.9700 371.5400 370.6800 371.5200 38683
1785340620 371.4800 371.9200 371.4100 371.7800 38352
1785340680 371.6500 371.8700 371.2300 371.4400 22785
1785340740 371.5100 372.0200 371.4900 371.8600 30725
1785340800 371.9400 372.8500 371.7600 371.7600 23005
1785340860 371.7600 371.7800 370.8600 371.2500 24863
1785340920 371.3400 371.3400 370.5400 370.8300 21660
1785340980 370.7200 370.9000 370.3200 370.6100 42455
1785341040 370.5200 370.5700 369.8200 370.0100 52272
1785341100 370.1300 370.1600 369.5100 369.9000 22206
1785341160 370.0100 370.3300 369.7800 370.2600 17117
1785341220 370.1200 370.5400 369.7700 370.4900 32966
1785341280 370.4600 371.0000 370.3600 370.7700 29617
1785341340 370.7600 371.0000 370.4200 370.8800 22765
1785341400 370.8400 371.2400 370.6600 371.0900 19573
1785341460 371.0200 371.4300 370.8300 370.9000 12303
1785341520 370.9200 371.4100 370.8700 371.1300 25655
1785341580 371.0800 371.3600 370.6400 370.7000 17610
1785341640 370.8900 371.0600 370.5800 370.6300 26780
1785341700 370.6300 371.5300 370.2600 371.2400 33098
1785341760 371.2400 371.2400 370.4800 370.8300 29286
1785341820 370.8800 371.2700 370.6000 371.2700 18659
1785341880 371.1500 371.4900 370.8200 371.4800 30593
1785341940 371.4400 371.5600 371.1700 371.3800 14544
1785342000 371.5400 371.6900 371.1100 371.6700 24677
1785342060 371.7200 372.1500 371.4900 371.4900 19402
1785342120 371.4700 372.0800 371.4600 371.9400 11997
1785342180 371.8700 372.7900 371.7700 372.4400 32584
1785342240 372.4400 372.8200 372.3700 372.6800 15088
1785342300 372.6900 373.0500 372.5900 372.7300 13930
1785342360 372.6800 373.2300 372.6700 373.1600 12920
1785342420 373.1500 373.1500 372.6000 372.6800 9164
1785342480 372.6600 373.4000 372.4600 373.2100 19994
1785342540 373.2100 373.6000 373.1300 373.6000 11392
1785342600 373.5100 374.2600 373.5000 373.9100 16864
1785342660 373.9500 374.1600 373.5700 373.8700 14956
1785342720 373.8400 373.8400 373.2000 373.2500 10241
1785342780 373.3600 374.0000 373.3600 373.7700 9750
1785342840 373.8300 374.1000 373.2100 373.3500 20334
1785342900 373.2100 373.3000 372.8300 373.1300 19689
1785342960 373.1300 373.3100 372.8700 373.0100 14858
1785343020 372.9600 373.8700 372.7800 373.8700 22390
1785343080 373.8400 374.1100 373.6300 373.8700 20047
1785343140 373.8700 374.3200 373.8600 374.2800 14562
1785343200 374.1200 374.2300 373.5500 374.1500 14592
1785343260 374.1800 374.2100 373.8900 373.8900 9028
1785343320 373.9100 373.9100 373.0800 373.6700 14423
1785343380 373.5600 373.5800 373.1600 373.2400 8954
1785343440 373.2300 373.6400 373.1200 373.5000 9453
1785343500 373.5000 373.6500 373.3300 373.5600 13551
1785343560 373.5600 373.7800 373.4200 373.7100 15934
1785343620 373.7800 374.2900 373.6700 374.0400 11026
1785343680 373.9500 374.3500 373.9000 374.1400 18695
1785343740 374.0900 374.7900 374.0300 374.5700 23202
1785343800 374.7100 374.9000 374.0900 374.5000 13006
1785343860 374.4200 374.7700 374.1800 374.2800 16351
1785343920 374.2800 374.8700 374.0200 374.6900 18857
1785343980 374.5900 374.9600 374.5500 374.7800 10525
1785344040 374.7800 374.8700 374.3000 374.5500 13464
1785344100 374.6300 374.8800 374.4900 374.5500 7836
1785344160 374.6600 374.7800 374.3700 374.6000 7405
1785344220 374.7200 374.9100 374.4700 374.7700 17254
1785344280 374.6000 374.7900 374.3100 374.4700 11444
1785344340 374.4000 374.9100 374.3600 374.8100 24242
1785344400 374.8100 375.0600 374.4200 374.9800 37366
1785344460 374.9200 375.3900 374.8200 375.2200 25700
1785344520 375.1500 375.4500 375.0000 375.0000 13399
1785344580 375.0000 375.6700 374.8500 375.5900 21861
1785344640 375.5900 375.9600 375.2900 375.8400 22769
1785344700 375.8600 375.9200 375.3300 375.5600 29873
1785344760 375.6300 376.2000 375.5000 376.0300 34055
1785344820 376.0600 376.3400 375.5000 375.8400 81170
1785344880 375.8200 376.2600 375.5700 375.9200 14543
1785344940 375.7600 376.2400 375.7100 376.1100 9268
1785345000 376.2000 376.6600 376.0000 376.4300 19751
1785345060 376.4800 376.8100 376.3000 376.7900 14913
1785345120 376.8100 377.0900 376.4500 377.0700 25338
1785345180 377.0600 377.6400 377.0500 377.3900 18581
1785345240 377.3800 378.2000 377.2200 378.2000 17985
1785345300 377.8500 378.1000 377.5000 377.6600 15875
1785345360 377.6000 377.7900 377.3100 377.3300 17365
1785345420 377.3000 377.6500 377.0800 377.3000 25994
1785345480 377.3000 377.6400 376.8500 376.9700 16344
1785345540 376.9000 376.9900 376.3400 376.4400 12658
1785345600 376.3300 377.1600 376.2900 377.0600 35827
1785345660 377.0200 377.2700 376.7600 377.2200 20516
1785345720 377.2900 377.4400 376.8800 377.0300 11552
1785345780 377.1100 377.2300 376.8700 377.1200 12609
1785345840 377.1400 377.1400 376.3300 376.4600 6230
1785345900 376.3200 376.7300 376.2200 376.4600 9572
1785345960 376.4600 376.9000 376.4600 376.8100 10540
1785346020 376.8700 377.0600 376.4800 376.5800 19182
1785346080 376.5800 376.7000 376.2400 376.6400 8489
1785346140 376.6000 376.6000 375.8700 376.0000 8751
1785346200 375.9400 376.1100 375.6900 375.6900 10759
1785346260 375.6900 376.2900 375.5700 376.2400 16106
1785346320 376.3000 376.4900 376.0000 376.2200 16543
1785346380 376.2500 376.7500 376.0600 376.6000 64221
1785346440 376.7500 376.8000 376.0800 376.3200 27204
1785346500 376.3200 376.6000 375.9500 376.1000 9388
1785346560 376.1500 376.2600 375.8200 375.8200 8545
1785346620 375.7500 376.2700 375.6000 376.0600 4928
1785346680 376.2700 376.5400 376.0000 376.4200 4598
1785346740 376.4100 376.5800 376.2700 376.5400 10450
1785346800 376.5200 376.9600 376.4300 376.6600 14138
1785346860 376.6000 376.7700 376.1900 376.2900 16057
1785346920 376.3900 376.5200 375.7900 375.7900 12106
1785346980 375.7800 376.5300 375.6100 376.5000 14989
1785347040 376.5500 376.6400 376.1800 376.5200 6807
1785347100 376.6400 376.6500 376.1100 376.2100 11066
1785347160 376.2100 376.3000 375.9000 376.0600 12165
1785347220 376.1000 376.3800 376.0500 376.2600 10930
1785347280 376.2200 376.6500 376.2200 376.6000 10090
1785347340 376.6300 376.9200 376.4600 376.9200 11820
1785347400 376.9200 377.3000 376.8200 377.2200 17775
1785347460 377.1500 377.4400 377.1000 377.3900 13456
1785347520 377.3300 377.4500 376.9600 377.1500 10993
1785347580 377.1400 377.4200 377.0000 377.3200 12775
1785347640 377.3000 377.3100 376.7600 377.0800 38781
1785347700 377.0700 377.2200 376.7000 376.8000 9376
1785347760 376.7500 376.8500 376.6100 376.7300 6633
1785347820 376.6500 376.8500 376.5000 376.6500 9971
1785347880 376.5500 377.0300 376.5200 376.9300 12409
1785347940 376.9400 377.6400 376.7600 377.5200 18391
1785348000 377.6500 380.2500 377.5100 379.9800 83931
1785348060 379.8100 380.6400 379.0100 380.5400 31560
1785348120 380.6000 380.9500 379.5800 379.8400 59840
1785348180 379.8300 380.2100 378.9200 379.0800 42117
1785348240 378.9800 379.0900 377.8900 378.8700 29675
1785348300 378.8400 379.6500 378.6900 379.6500 19922
1785348360 379.8600 380.7700 379.6300 380.4200 47329
1785348420 380.5200 380.9600 380.4300 380.5800 22677
1785348480 380.5400 380.7200 379.8100 380.1800 29376
1785348540 380.1800 380.5800 379.8100 380.3900 50493
1785348600 380.4900 380.7600 379.8800 380.2600 20289
1785348660 380.2600 380.2900 379.6000 379.8700 18673
1785348720 379.9700 380.1000 379.3900 379.4000 14900
1785348780 379.2800 379.6600 378.6400 378.9600 17740
1785348840 378.8100 379.4800 378.7500 379.0700 27146
1785348900 379.1300 380.3000 379.0700 379.5600 22202
1785348960 379.6800 379.9900 379.4300 379.8000 17368
1785349020 379.7300 380.0200 378.5800 378.8000 17395
1785349080 379.0000 379.0000 378.2500 378.8300 43689
1785349140 378.6800 378.7800 378.2300 378.5000 25295
1785349200 378.7500 379.0100 378.4100 378.5100 19154
1785349260 378.5200 378.8700 377.8000 377.8900 32158
1785349320 377.7800 377.8900 377.1700 377.7500 40278
1785349380 377.8800 378.1400 377.3200 377.4200 18619
1785349440 377.5400 378.2200 377.5200 377.7700 13978
1785349500 377.7700 377.8700 376.9500 377.2800 30630
1785349560 377.4100 377.8000 376.8500 377.0100 25676
1785349620 377.0600 377.2700 376.6700 376.9800 18806
1785349680 377.1600 377.5600 377.0500 377.3800 14360
1785349740 377.4100 378.2100 377.3600 378.2100 18327
1785349800 378.2100 378.8000 377.8200 378.2000 26349
1785349860 378.3200 378.8200 377.5300 377.8100 26895
1785349920 377.8400 378.0300 376.8200 377.8600 19030
1785349980 377.7500 378.2500 377.1100 377.4800 13574
1785350040 377.4800 377.7700 377.0900 377.3500 12737
1785350100 377.4300 377.7900 376.8200 377.4700 26127
1785350160 377.2700 378.3300 377.0500 378.2200 15454
1785350220 378.3200 379.4700 378.1700 379.1800 16376
1785350280 379.1800 380.7400 379.1700 380.0600 25923
1785350340 380.2200 380.4400 379.4300 380.1900 18379
1785350400 380.2000 381.3300 380.1000 380.9100 24321
1785350460 380.9800 381.8000 380.9800 381.4100 28528
1785350520 381.5200 381.6400 380.8000 381.4200 13034
1785350580 381.3500 382.1400 381.1400 382.1100 23704
1785350640 382.0600 382.7800 381.9100 382.4300 26157
1785350700 382.3500 382.8200 381.8000 382.2200 17269
1785350760 382.3400 382.8500 382.0000 382.4100 18339
1785350820 382.3900 383.4300 382.1800 382.9700 37376
1785350880 382.9500 383.3600 382.4100 382.7500 18622
1785350940 382.7100 383.9800 382.6200 383.3800 42013
1785351000 383.3800 383.4800 382.8300 383.2800 20854
1785351060 383.2500 383.5000 382.4000 383.5000 26720
1785351120 383.5100 383.7700 383.2300 383.4600 21733
1785351180 383.5800 384.2500 383.4800 383.9100 65859
1785351240 383.9000 384.4600 383.7900 384.4600 27855
1785351300 384.3800 384.6100 383.9600 384.1400 25593
1785351360 384.1600 384.2900 383.8100 384.0300 22592
1785351420 383.9400 384.2000 383.2000 384.1800 23839
1785351480 384.1300 384.6500 384.1000 384.3500 32843
1785351540 384.4000 384.4600 384.0000 384.4600 12301
1785351600 384.4100 384.8200 383.7400 384.1900 26807
1785351660 384.3200 386.1100 383.9800 386.0100 47540
1785351720 385.9200 386.1200 385.4100 385.4200 31021
1785351780 385.3600 385.7000 384.5600 384.9100 23899
1785351840 384.9000 384.9500 383.8800 384.3800 24733
1785351900 384.4900 384.7000 383.6100 383.9100 17730
1785351960 383.7300 384.8100 383.7000 383.9300 40257
1785352020 384.0300 384.0300 383.1100 383.1200 26039
1785352080 383.1500 383.3600 382.7000 383.3400 16143
1785352140 383.2400 383.3500 382.6100 382.6200 27418
1785352200 382.6200 382.9300 381.7200 382.4600 22426
1785352260 382.4700 383.3500 382.2300 383.1800 18556
1785352320 383.3000 383.6100 382.5600 382.8600 18337
1785352380 382.9800 383.4700 382.8300 383.0800 25730
1785352440 383.1100 383.4000 382.9500 383.0500 21955
1785352500 383.1200 383.5400 382.6000 383.5000 46422
1785352560 383.7100 383.7800 382.4500 382.8200 17631
1785352620 382.7100 382.9200 381.8200 381.9300 19125
1785352680 381.9100 381.9100 381.0500 381.5300 31294
1785352740 381.4300 381.7000 380.8700 381.2600 27703
1785352800 381.2600 381.4000 380.3800 380.4800 21683
1785352860 380.4700 380.5800 379.2600 379.4300 33949
1785352920 379.8600 379.9300 378.3700 379.6300 23721
1785352980 379.4800 380.0500 379.2400 379.9000 36727
1785353040 379.9100 380.3100 379.2900 379.6400 58808
1785353100 379.5900 379.8600 378.7300 378.8200 22720
1785353160 378.7200 378.7300 377.8600 378.7200 29570
1785353220 378.5600 379.2500 377.9000 378.6100 22282
1785353280 378.7100 379.3800 378.6000 379.3400 23566
1785353340 379.0800 379.8200 378.9300 379.7100 26686
1785353400 379.7900 380.9500 379.6200 380.5500 37676
1785353460 380.6200 381.1400 379.7200 380.2400 71642
1785353520 380.0600 380.2400 378.6400 379.1200 37590
1785353580 379.2200 379.2200 377.5400 377.6400 69942
1785353640 377.7000 377.8800 376.7700 377.6100 88674
1785353700 377.5900 377.9600 376.9100 377.4400 67714
1785353760 377.5600 378.3800 377.0100 378.0000 38967
1785353820 378.0100 378.3100 377.1900 377.3800 57111
1785353880 377.3800 377.5500 376.2600 376.5300 48377
1785353940 376.4600 376.7500 376.0300 376.3500 69066
1785354000 376.2200 376.8500 375.3100 376.7800 102755
1785354060 376.9800 377.5200 376.4900 376.7900 60915
1785354120 376.7900 377.0800 376.5000 376.7000 131397
1785354180 376.8900 377.0500 376.2200 376.7900 55213
1785354240 376.8000 376.8000 376.0900 376.4700 105821
1785354300 376.4400 376.7500 375.9200 376.1500 91085
1785354360 376.1300 376.7400 376.0100 376.1100 92966
1785354420 376.1600 376.4600 375.5100 376.1700 110797
1785354480 376.0900 376.9900 376.0000 376.5700 95604
1785354540 376.5400 377.4400 376.2400 377.2200 110704
1785354600 377.1500 377.1500 374.8200 375.3900 258819
1785354660 375.4100 375.4100 374.1100 374.8000 169476
1785354720 374.8100 374.9900 373.6000 373.9600 263243
1785354780 374.0300 374.5100 373.8500 374.1400 202314
1785354840 374.1400 374.5600 373.0400 373.6600 401082
1785354900 373.6300 373.6300 371.6800 372.0800 847663
1785354960 372.0900 372.3200 371.4700 371.7300 588539
1785355020 371.7200 371.9100 370.3400 370.5000 882168
1785355080 370.5000 370.9500 370.2700 370.9100 1196773
1785355140 370.9200 370.9500 370.0000 370.4200 2605491
1785355200 370.4000 371.0000 369.9600 370.2000 11859500
1785355260 370.0100 370.3500 369.0000 369.0000 5758
1785355320 369.0000 370.3200 368.3700 369.1300 6600
1785355380 369.1300 369.1600 367.7600 368.3100 32193
1785355440 368.3100 369.0000 368.3100 368.9900 2562
1785355500 368.9000 368.9900 368.1000 368.1000 7584
1785355560 368.0000 368.4500 367.6500 368.2000 18136
1785355620 368.3000 369.5700 368.1100 368.5000 28282
1785355680 368.5500 370.3500 367.0000 367.8000 27780
1785355740 367.8000 368.4300 367.2100 367.2100 10140
