1785384000 73.2000 73.2000 73.2000 73.2000 0
1785384060 73.2000 73.2000 73.2000 73.2000 0
1785384120 73.2000 73.2000 73.2000 73.2000 0
1785384180 73.2000 73.2000 73.2000 73.2000 0
1785384240 73.2000 73.2000 73.2000 73.2000 0
1785384300 73.2000 73.2000 73.2000 73.2000 0
1785384360 73.2000 73.2000 73.2000 73.2000 0
1785384420 73.2000 73.2000 73.2000 73.2000 0
1785384480 73.2000 73.2000 73.2000 73.2000 0
1785384540 73.2000 73.2000 73.2000 73.2000 0
1785384600 73.2000 73.2000 73.2000 73.2000 0
1785384660 73.2000 73.2000 73.2000 73.2000 0
1785384720 73.2000 73.2000 73.2000 73.2000 0
1785384780 73.2000 73.2000 73.2000 73.2000 0
1785384840 73.2000 73.2000 73.2000 73.2000 0
1785384900 73.2000 73.2000 73.2000 73.2000 0
1785384960 73.2000 73.2000 73.2000 73.2000 0
1785385020 73.2000 73.2000 73.2000 73.2000 0
1785385080 73.2000 73.2000 73.2000 73.2000 0
1785385140 73.2000 73.2000 73.2000 73.2000 0
1785385200 73.2000 73.2000 73.2000 73.2000 0
1785385260 73.2000 73.2000 73.2000 73.2000 0
1785385320 73.2000 73.2000 73.2000 73.2000 0
1785385380 73.2000 73.2000 73.2000 73.2000 0
1785385440 73.2000 73.2000 73.2000 73.2000 0
1785385500 73.2000 73.2000 73.2000 73.2000 0
1785385560 73.2000 73.2000 73.2000 73.2000 0
1785385620 73.2000 73.2000 73.2000 73.2000 0
1785385680 73.2000 73.2000 73.2000 73.2000 0
1785385740 73.2000 73.2000 73.2000 73.2000 0
1785385800 73.2000 73.2000 73.2000 73.2000 0
1785385860 73.2000 73.2000 73.2000 73.2000 0
1785385920 73.2000 73.2000 73.1900 73.1900 125
1785385980 73.1900 73.1900 73.1900 73.1900 0
1785386040 73.1900 73.1900 73.1900 73.1900 0
1785386100 73.1900 73.1900 73.1900 73.1900 0
1785386160 73.1900 73.1900 73.1900 73.1900 0
1785386220 73.1900 73.1900 73.1900 73.1900 0
1785386280 73.1900 73.1900 73.1900 73.1900 0
1785386340 73.1900 73.1900 73.1900 73.1900 0
1785386400 73.1900 73.1900 73.1900 73.1900 0
1785386460 73.1900 73.1900 73.1900 73.1900 0
1785386520 73.1900 73.1900 73.1900 73.1900 0
1785386580 73.1900 73.1900 73.1900 73.1900 0
1785386640 73.1900 73.1900 73.1900 73.1900 0
1785386700 73.1900 73.1900 73.1900 73.1900 0
1785386760 73.1900 73.1900 73.1900 73.1900 0
1785386820 73.1900 73.1900 73.1900 73.1900 0
1785386880 73.1900 73.1900 73.1900 73.1900 0
1785386940 73.1900 73.1900 73.1900 73.1900 0
1785387000 73.1900 73.1900 73.1900 73.1900 0
1785387060 73.1900 73.1900 73.1900 73.1900 0
1785387120 73.1900 73.1900 73.1900 73.1900 0
1785387180 73.1900 73.1900 73.1900 73.1900 0
1785387240 73.1900 73.1900 73.1900 73.1900 0
1785387300 73.1900 73.1900 73.1900 73.1900 0
1785387360 73.1900 73.1900 73.1900 73.1900 0
1785387420 73.1900 73.1900 73.1900 73.1900 0
1785387480 73.1900 73.1900 73.1900 73.1900 0
1785387540 73.1900 73.1900 73.1900 73.1900 0
1785387600 73.1900 73.1900 73.1900 73.1900 0
1785387660 73.1900 73.1900 73.1900 73.1900 0
1785387720 73.1900 73.1900 73.1900 73.1900 0
1785387780 73.1900 73.1900 73.1900 73.1900 0
1785387840 73.1900 73.1900 73.1900 73.1900 0
1785387900 73.1900 73.1900 73.1900 73.1900 0
1785387960 73.1900 73.1900 73.1900 73.1900 0
1785388020 73.1900 73.1900 73.1900 73.1900 0
1785388080 73.1900 73.1900 73.1900 73.1900 0
1785388140 73.1900 73.1900 73.1900 73.1900 0
1785388200 73.1900 73.1900 73.1900 73.1900 0
1785388260 73.1900 73.1900 73.1900 73.1900 0
1785388320 73.1900 73.1900 73.1900 73.1900 0
1785388380 73.1900 73.1900 73.1900 73.1900 0
1785388440 73.1900 73.1900 73.1900 73.1900 0
1785388500 73.1900 73.1900 73.1900 73.1900 0
1785388560 73.1900 73.2100 73.1900 73.2100 418
1785388620 73.2100 73.2100 73.2100 73.2100 0
1785388680 73.2100 73.2100 73.2100 73.2100 0
1785388740 73.2100 73.2300 73.2100 73.2300 327
1785388800 73.2300 73.2300 73.2300 73.2300 0
1785388860 73.2300 73.2300 73.2300 73.2300 0
1785388920 73.2300 73.2300 73.2300 73.2300 0
1785388980 73.2300 73.2300 73.2300 73.2300 0
1785389040 73.2300 73.2300 73.2300 73.2300 0
1785389100 73.2300 73.2300 73.2300 73.2300 0
1785389160 73.2300 73.2300 73.2300 73.2300 0
1785389220 73.2300 73.2300 73.2300 73.2300 0
1785389280 73.2300 73.2300 73.2300 73.2300 0
1785389340 73.2300 73.2300 73.2300 73.2300 0
1785389400 73.1800 73.1800 73.1700 73.1700 325
1785389460 73.1700 73.1700 73.1700 73.1700 0
1785389520 73.1700 73.1700 73.1700 73.1700 0
1785389580 73.1700 73.2100 73.1700 73.2100 100
1785389640 73.2100 73.2100 73.2100 73.2100 0
1785389700 73.2100 73.2100 73.2100 73.2100 0
1785389760 73.2100 73.2100 73.2100 73.2100 0
1785389820 73.2100 73.2100 73.2100 73.2100 0
1785389880 73.2100 73.2100 73.2100 73.2100 0
1785389940 73.2100 73.2100 73.2100 73.2100 0
1785390000 73.2100 73.2100 73.2100 73.2100 0
1785390060 73.2100 73.2100 73.2100 73.2100 0
1785390120 73.2100 73.2100 73.2100 73.2100 0
1785390180 73.2100 73.2100 73.2100 73.2100 0
1785390240 73.2100 73.2100 73.2100 73.2100 0
1785390300 73.2100 73.2100 73.2100 73.2100 0
1785390360 73.2100 73.2100 73.2100 73.2100 0
1785390420 73.2100 73.2100 73.2100 73.2100 0
1785390480 73.2100 73.2100 73.2100 73.2100 0
1785390540 73.2100 73.2100 73.2100 73.2100 0
1785390600 73.2100 73.2100 73.2100 73.2100 0
1785390660 73.2100 73.2100 73.2100 73.2100 0
1785390720 73.2100 73.2100 73.2100 73.2100 0
1785390780 73.2100 73.2100 73.2100 73.2100 0
1785390840 73.2100 73.2100 73.2100 73.2100 0
1785390900 73.2100 73.2100 73.2100 73.2100 0
1785390960 73.2100 73.2100 73.2100 73.2100 0
1785391020 73.2100 73.2100 73.2100 73.2100 0
1785391080 73.2100 73.2100 73.2100 73.2100 0
1785391140 73.2100 73.2100 73.2100 73.2100 0
1785391200 73.2100 73.2100 73.2100 73.2100 0
1785391260 73.2100 73.2100 73.2100 73.2100 0
1785391320 73.2100 73.2100 73.2100 73.2100 0
1785391380 73.2100 73.2100 73.2100 73.2100 0
1785391440 73.2100 73.2100 73.2100 73.2100 0
1785391500 73.2100 73.2100 73.2100 73.2100 0
1785391560 73.2100 73.2100 73.2100 73.2100 0
1785391620 73.2100 73.2100 73.2100 73.2100 0
1785391680 73.2100 73.2100 73.2100 73.2100 0
1785391740 73.2100 73.2100 73.2100 73.2100 0
1785391800 73.2100 73.2100 73.1300 73.1300 225
1785391860 73.1300 73.1300 73.1300 73.1300 0
1785391920 73.1300 73.1300 73.1300 73.1300 0
1785391980 73.1300 73.1300 73.1300 73.1300 0
1785392040 73.1300 73.1300 73.1300 73.1300 0
1785392100 73.1300 73.1300 73.1300 73.1300 0
1785392160 73.1300 73.1300 73.1300 73.1300 0
1785392220 73.1300 73.1300 73.1300 73.1300 0
1785392280 73.1300 73.1300 73.1300 73.1300 0
1785392340 73.1500 73.1500 73.1200 73.1200 438
1785392400 73.1200 73.1200 73.1200 73.1200 0
1785392460 73.1200 73.1200 73.1200 73.1200 0
1785392520 73.1200 73.1200 73.1200 73.1200 0
1785392580 73.1200 73.1200 73.1200 73.1200 0
1785392640 73.1200 73.1200 73.1200 73.1200 0
1785392700 73.1200 73.1200 73.1200 73.1200 0
1785392760 73.1200 73.1200 73.1200 73.1200 0
1785392820 73.1200 73.1200 73.1200 73.1200 0
1785392880 73.1200 73.1200 73.1200 73.1200 0
1785392940 73.1200 73.1200 73.1200 73.1200 0
1785393000 73.1200 73.1200 73.1200 73.1200 0
1785393060 73.1200 73.1200 73.1200 73.1200 0
1785393120 73.1200 73.1200 73.1200 73.1200 0
1785393180 73.1200 73.1200 73.1200 73.1200 0
1785393240 73.1200 73.1200 73.1200 73.1200 0
1785393300 73.1200 73.1200 73.1200 73.1200 0
1785393360 73.1200 73.1200 73.1200 73.1200 0
1785393420 73.1200 73.1200 73.1200 73.1200 0
1785393480 73.1200 73.1200 73.1200 73.1200 0
1785393540 73.1200 73.1200 73.1200 73.1200 0
1785393600 73.1200 73.1200 73.1200 73.1200 0
1785393660 73.1200 73.1200 73.1200 73.1200 0
1785393720 73.1200 73.1200 73.1200 73.1200 0
1785393780 73.1200 73.1200 73.1200 73.1200 0
1785393840 73.1200 73.1200 73.1200 73.1200 0
1785393900 73.1200 73.1200 73.1200 73.1200 0
1785393960 73.1200 73.1200 73.1200 73.1200 0
1785394020 73.1200 73.1200 73.1200 73.1200 0
1785394080 73.1200 73.1200 73.1200 73.1200 0
1785394140 73.1200 73.1200 73.1200 73.1200 0
1785394200 73.1200 73.1200 73.1200 73.1200 0
1785394260 73.1200 73.1200 73.1200 73.1200 0
1785394320 73.1200 73.1200 73.1200 73.1200 0
1785394380 73.1200 73.1200 73.1200 73.1200 0
1785394440 73.1200 73.1200 73.1200 73.1200 0
1785394500 73.1200 73.1200 73.1200 73.1200 0
1785394560 73.1200 73.1200 73.1200 73.1200 0
1785394620 73.1200 73.1200 73.1200 73.1200 0
1785394680 73.1200 73.1200 73.1200 73.1200 0
1785394740 73.1200 73.1200 73.1200 73.1200 0
1785394800 73.1200 73.1200 73.1200 73.1200 0
1785394860 73.1200 73.1200 73.1200 73.1200 0
1785394920 73.1200 73.1200 73.1200 73.1200 0
1785394980 73.1200 73.1200 73.1200 73.1200 0
1785395040 73.1200 73.1200 73.1200 73.1200 0
1785395100 73.1200 73.1200 73.1200 73.1200 0
1785395160 73.1200 73.2000 73.1200 73.2000 243
1785395220 73.2000 73.2000 73.2000 73.2000 0
1785395280 73.2000 73.2000 73.2000 73.2000 0
1785395340 73.2000 73.2000 73.2000 73.2000 0
1785395400 73.2000 73.2000 73.2000 73.2000 0
1785395460 73.2000 73.2000 73.2000 73.2000 0
1785395520 73.2000 73.2000 73.2000 73.2000 0
1785395580 73.2000 73.2000 73.2000 73.2000 0
1785395640 73.2000 73.2000 73.2000 73.2000 0
1785395700 73.2000 73.2000 73.2000 73.2000 0
1785395760 73.2000 73.2000 73.2000 73.2000 0
1785395820 73.2000 73.2000 73.2000 73.2000 0
1785395880 73.2000 73.2000 73.2000 73.2000 0
1785395940 73.2000 73.2000 73.2000 73.2000 545
1785396000 73.2000 73.2000 73.2000 73.2000 0
1785396060 73.2000 73.2000 73.2000 73.2000 0
1785396120 73.2000 73.2000 73.2000 73.2000 0
1785396180 73.2000 73.2000 73.2000 73.2000 0
1785396240 73.2000 73.2000 73.2000 73.2000 0
1785396300 73.2000 73.2000 73.2000 73.2000 0
1785396360 73.2000 73.2000 73.2000 73.2000 0
1785396420 73.2000 73.2000 73.2000 73.2000 0
1785396480 73.2000 73.2000 73.2000 73.2000 0
1785396540 73.2000 73.2000 73.2000 73.2000 0
1785396600 73.2000 73.2000 73.2000 73.2000 0
1785396660 73.2000 73.2000 73.2000 73.2000 0
1785396720 73.2000 73.2000 73.2000 73.2000 0
1785396780 73.2000 73.2000 73.2000 73.2000 0
1785396840 73.2000 73.2000 73.2000 73.2000 0
1785396900 73.2000 73.2000 73.2000 73.2000 0
1785396960 73.2000 73.2000 73.2000 73.2000 0
1785397020 73.2000 73.2000 73.2000 73.2000 0
1785397080 73.2000 73.2000 73.2000 73.2000 0
1785397140 73.2000 73.2000 73.2000 73.2000 0
1785397200 73.2000 73.2000 73.2000 73.2000 0
1785397260 73.2000 73.2000 73.2000 73.2000 0
1785397320 73.2000 73.2000 73.2000 73.2000 0
1785397380 73.2000 73.2000 73.1500 73.1500 107
1785397440 73.1500 73.1500 73.1500 73.1500 0
1785397500 73.1500 73.1500 73.1500 73.1500 0
1785397560 73.1500 73.1500 73.1500 73.1500 0
1785397620 73.1500 73.1500 73.1500 73.1500 0
1785397680 73.1500 73.1500 73.1500 73.1500 0
1785397740 73.1500 73.1500 73.1500 73.1500 0
1785398400 73.1700 73.2800 73.0500 73.1300 16049
1785398460 73.1100 73.2300 73.1100 73.1900 2601
1785398520 73.1900 73.2300 73.1200 73.2000 3709
1785398580 73.2000 73.2000 73.1000 73.1200 2242
1785398640 73.1200 73.1200 73.0600 73.0600 2908
1785398700 73.0600 73.0800 73.0600 73.0800 4702
1785398760 73.0800 73.1200 73.0800 73.1200 5358
1785398820 73.1200 73.1300 73.0900 73.1300 1669
1785398880 73.1600 73.1600 73.1500 73.1500 4464
1785398940 73.1500 73.1500 73.1500 73.1500 4374
1785399000 73.1300 73.1400 73.1300 73.1300 4818
1785399060 73.1300 73.1600 73.1200 73.1600 3562
1785399120 73.1600 73.1600 73.1600 73.1600 0
1785399180 73.1600 73.1600 73.1200 73.1200 1904
1785399240 73.1200 73.1200 73.1200 73.1200 0
1785399300 73.1200 73.1200 73.1200 73.1200 0
1785399360 73.1200 73.1200 73.0900 73.0900 4660
1785399420 73.0900 73.1400 73.0900 73.1400 2000
1785399480 73.1400 73.1400 73.1400 73.1400 0
1785399540 73.1000 73.1000 73.0900 73.0900 2576
1785399600 73.0900 73.1500 73.0700 73.1500 2750
1785399660 73.0900 73.0900 73.0500 73.0500 1956
1785399720 73.0500 73.0500 73.0500 73.0500 0
1785399780 73.0500 73.0500 73.0500 73.0500 0
1785399840 73.0500 73.0500 73.0200 73.0200 4816
1785399900 73.0200 73.0200 72.9300 72.9600 3266
1785399960 72.9600 72.9600 72.9600 72.9600 0
1785400020 72.9600 72.9600 72.9400 72.9400 506
1785400080 72.9400 72.9400 72.9400 72.9400 4424
1785400140 72.9400 72.9400 72.9300 72.9300 406
1785400200 72.9300 72.9300 72.8100 72.8600 6300
1785400260 72.8600 72.8900 72.8600 72.8900 1900
1785400320 72.8900 72.8900 72.8900 72.8900 0
1785400380 72.8900 72.8900 72.8900 72.8900 0
1785400440 72.8900 72.8900 72.8400 72.8400 378
1785400500 72.8400 72.8400 72.8400 72.8400 0
1785400560 72.8300 72.8600 72.8300 72.8600 3838
1785400620 72.8600 72.8600 72.8600 72.8600 0
1785400680 72.8600 72.8600 72.8600 72.8600 200
1785400740 72.8600 72.9200 72.8500 72.9200 5450
1785400800 72.9200 72.9200 72.9200 72.9200 0
1785400860 72.9200 72.9200 72.9200 72.9200 0
1785400920 72.9200 72.9200 72.8600 72.8600 4466
1785400980 72.8600 72.8600 72.8600 72.8600 0
1785401040 72.8600 72.8600 72.8600 72.8600 0
1785401100 72.8600 72.8600 72.8600 72.8600 0
1785401160 72.8600 72.8600 72.8200 72.8200 4104
1785401220 72.8200 72.8200 72.8200 72.8200 0
1785401280 72.8200 72.8200 72.8200 72.8200 230
1785401340 72.8200 72.8200 72.8200 72.8200 0
1785401400 72.8200 72.8200 72.7900 72.7900 370
1785401460 72.7900 72.7900 72.7800 72.7800 4626
1785401520 72.7800 72.7800 72.7800 72.7800 200
1785401580 72.7800 72.8500 72.7800 72.8500 3036
1785401640 72.8500 72.8500 72.8500 72.8500 0
1785401700 72.8500 72.8500 72.8000 72.8000 3902
1785401760 72.8000 72.8000 72.7900 72.7900 2856
1785401820 72.7900 72.8200 72.7900 72.8200 200
1785401880 72.8200 72.8200 72.8200 72.8200 0
1785401940 72.8200 72.8200 72.8200 72.8200 0
1785402000 72.8200 72.8600 72.8200 72.8600 200
1785402060 72.8600 72.8600 72.8600 72.8600 0
1785402120 72.8600 72.8600 72.8600 72.8600 0
1785402180 72.8600 72.8800 72.8600 72.8600 2344
1785402240 72.8600 72.8600 72.8600 72.8600 0
1785402300 72.8600 72.8600 72.8600 72.8600 0
1785402360 72.8600 72.8600 72.8600 72.8600 0
1785402420 72.8600 72.8600 72.8600 72.8600 0
1785402480 72.8600 72.8600 72.8600 72.8600 0
1785402540 72.8600 72.9100 72.8600 72.9100 200
1785402600 72.9100 72.9100 72.9100 72.9100 0
1785402660 72.9100 72.9100 72.9100 72.9100 0
1785402720 72.9100 72.9100 72.9100 72.9100 0
1785402780 72.9100 72.9400 72.9100 72.9400 288
1785402840 72.9400 72.9400 72.9400 72.9400 0
1785402900 72.9400 72.9400 72.9400 72.9400 0
1785402960 72.9400 72.9400 72.9400 72.9400 0
1785403020 72.9400 72.9400 72.9400 72.9400 0
1785403080 72.9400 72.9400 72.9400 72.9400 0
1785403140 72.9400 72.9500 72.9400 72.9500 600
1785403200 72.9500 72.9500 72.9500 72.9500 0
1785403260 72.9500 72.9500 72.9500 72.9500 0
1785403320 72.9500 72.9500 72.9100 72.9100 3790
1785403380 72.9500 72.9500 72.9100 72.9100 906
1785403440 72.9100 72.9100 72.9100 72.9100 0
1785403500 72.9100 72.9100 72.8800 72.8800 930
1785403560 72.8800 72.8800 72.8600 72.8600 740
1785403620 72.8600 72.8600 72.8600 72.8600 0
1785403680 72.9000 72.9000 72.8800 72.8800 3204
1785403740 72.8800 72.8900 72.8800 72.8800 600
1785403800 72.8800 72.8800 72.8700 72.8700 5322
1785403860 72.8700 72.8700 72.8600 72.8600 1006
1785403920 72.8600 72.8600 72.8300 72.8300 234
1785403980 72.8300 72.8300 72.8100 72.8100 3340
1785404040 72.8100 72.9300 72.8100 72.9300 200
1785404100 72.9300 72.9300 72.8100 72.8200 2244
1785404160 72.8200 72.8200 72.8200 72.8200 0
1785404220 72.8200 72.8200 72.8200 72.8200 0
1785404280 72.8200 72.8200 72.7500 72.7500 4382
1785404340 72.7500 72.7700 72.6700 72.6900 5882
1785404400 72.6900 72.7100 72.6900 72.7100 3360
1785404460 72.7100 72.7100 72.7100 72.7100 0
1785404520 72.7100 72.7100 72.6900 72.7000 4930
1785404580 72.7000 72.7000 72.6900 72.6900 1200
1785404640 72.6900 72.6900 72.6600 72.6600 4596
1785404700 72.6600 72.6600 72.6600 72.6600 0
1785404760 72.6600 72.6800 72.6600 72.6800 1960
1785404820 72.6800 72.6800 72.6600 72.6600 2178
1785404880 72.6600 72.6600 72.6600 72.6600 400
1785404940 72.6600 72.7000 72.6600 72.7000 1858
1785405000 72.6900 72.7200 72.6800 72.6800 2360
1785405060 72.6800 72.7400 72.6800 72.7200 7502
1785405120 72.7200 72.7400 72.7200 72.7400 1026
1785405180 72.7400 72.7400 72.7300 72.7300 384
1785405240 72.7300 72.7300 72.7300 72.7300 0
1785405300 72.7300 72.7300 72.7300 72.7300 0
1785405360 72.7300 72.8400 72.7300 72.8400 4584
1785405420 72.8400 72.8400 72.8300 72.8300 248
1785405480 72.8300 72.8300 72.8300 72.8300 0
1785405540 72.8200 72.8200 72.8200 72.8200 240
1785405600 72.8200 72.8200 72.8000 72.8000 1000
1785405660 72.8000 72.8000 72.8000 72.8000 0
1785405720 72.8000 72.8100 72.8000 72.8100 200
1785405780 72.8600 72.8600 72.8600 72.8600 462
1785405840 72.8600 72.8600 72.8600 72.8600 2940
1785405900 72.8600 72.8600 72.8200 72.8200 400
1785405960 72.8200 72.8200 72.8200 72.8200 0
1785406020 72.8200 72.8200 72.7800 72.7800 400
1785406080 72.7500 72.7600 72.7500 72.7600 500
1785406140 72.7600 72.7600 72.7500 72.7500 4058
1785406200 72.7500 72.7900 72.7500 72.7900 260
1785406260 72.7900 72.7900 72.7900 72.7900 0
1785406320 72.7900 72.7900 72.7400 72.7400 400
1785406380 72.7400 72.7400 72.7100 72.7100 400
1785406440 72.7100 72.7100 72.6900 72.6900 434
1785406500 72.6900 72.6900 72.6700 72.6700 1868
1785406560 72.6700 72.6700 72.6700 72.6700 0
1785406620 72.6700 72.6700 72.6000 72.6000 2207
1785406680 72.6000 72.6000 72.6000 72.6000 0
1785406740 72.6000 72.6000 72.5500 72.5500 5286
1785406800 72.5500 72.5500 72.5100 72.5100 1776
1785406860 72.5100 72.5600 72.5100 72.5600 8224
1785406920 72.5600 72.5600 72.4400 72.4400 896
1785406980 72.4400 72.4400 72.4400 72.4400 0
1785407040 72.4400 72.5000 72.4400 72.5000 4242
1785407100 72.5000 72.5300 72.4900 72.5300 800
1785407160 72.5300 72.5300 72.5300 72.5300 0
1785407220 72.5300 72.5500 72.4900 72.5500 4092
1785407280 72.5500 72.5500 72.5200 72.5500 3374
1785407340 72.5500 72.5500 72.5500 72.5500 0
1785407400 72.5500 72.5500 72.5000 72.5000 6560
1785407460 72.5100 72.8700 72.4900 72.8400 24526
1785407520 72.8400 73.2900 72.8400 73.2900 27532
1785407580 73.2900 73.2900 73.2600 73.2600 1000
1785407640 73.2600 74.2000 73.2500 73.6400 92286
1785407700 73.7200 73.9500 73.6000 73.6000 16678
1785407760 73.6000 73.7800 73.6000 73.7200 8604
1785407820 73.7200 73.7200 73.4000 73.4000 49422
1785407880 73.4000 73.4800 73.4000 73.4800 3692
1785407940 73.4800 73.4800 73.4800 73.4800 200
1785408000 73.4800 73.4800 73.4800 73.4800 0
1785408060 73.4800 73.4800 73.4400 73.4500 3966
1785408120 73.4000 73.4000 73.2400 73.2400 7058
1785408180 73.2400 73.2400 73.2400 73.2400 0
1785408240 73.2400 73.2800 73.0700 73.0700 9932
1785408300 73.0700 73.2000 73.0500 73.2000 870
1785408360 73.2000 73.2000 73.0500 73.0500 200
1785408420 73.0500 73.0500 73.0500 73.0500 0
1785408480 73.0500 73.0500 73.0500 73.0500 0
1785408540 73.0500 73.0500 73.0500 73.0500 0
1785408600 73.0500 73.0500 73.0500 73.0500 0
1785408660 73.0500 73.0500 73.0500 73.0500 0
1785408720 73.0500 73.0500 73.0500 73.0500 0
1785408780 73.0500 73.0500 73.0500 73.0500 0
1785408840 73.0500 73.0500 73.0500 73.0500 0
1785408900 73.0500 73.0500 73.0500 73.0500 0
1785408960 73.0500 73.0500 73.0500 73.0500 0
1785409020 73.0500 73.0500 73.0500 73.0500 0
1785409080 73.1100 73.1100 73.1100 73.1100 694
1785409140 73.1100 73.1500 73.1100 73.1300 800
1785409200 73.1700 73.1700 73.0400 73.1600 10640
1785409260 73.1500 73.1500 73.1500 73.1500 264
1785409320 73.1500 73.1500 73.0000 73.0000 10242
1785409380 73.0000 73.0000 72.8300 72.9100 5028
1785409440 72.9100 72.9100 72.8000 72.8300 1022
1785409500 72.8300 72.8300 72.8300 72.8300 0
1785409560 72.8100 72.9200 72.8100 72.8500 1846
1785409620 72.8500 72.8700 72.8000 72.8500 2392
1785409680 72.8500 72.8500 72.8000 72.8100 3000
1785409740 72.8100 72.8700 72.8100 72.8700 1286
1785409800 72.8700 72.8800 72.8100 72.8100 1240
1785409860 72.8100 72.8100 72.8000 72.8000 3922
1785409920 72.8000 72.8000 72.7000 72.7300 1660
1785409980 72.7300 72.7500 72.7200 72.7500 1224
1785410040 72.7500 72.7500 72.7500 72.7500 0
1785410100 72.7500 72.7700 72.7400 72.7400 700
1785410160 72.7400 72.7400 72.7400 72.7400 0
1785410220 72.7400 72.8000 72.7400 72.8000 200
1785410280 72.8000 72.8100 72.7200 72.7200 3578
1785410340 72.7200 72.8000 72.7200 72.7200 502
1785410400 72.7000 72.8300 72.7000 72.7400 1096
1785410460 72.7400 72.7500 72.7400 72.7500 205
1785410520 72.7500 72.7800 72.7500 72.7800 1130
1785410580 72.7800 72.7800 72.7800 72.7800 0
1785410640 72.7800 72.8000 72.7800 72.8000 500
1785410700 72.8000 72.8000 72.8000 72.8000 0
1785410760 72.8000 72.8000 72.7000 72.7000 1228
1785410820 72.6900 72.6900 72.6100 72.6100 1910
1785410880 72.6100 72.6500 72.5700 72.5800 800
1785410940 72.5800 72.5800 72.5500 72.5500 931
1785411000 72.5500 72.5900 72.5500 72.5800 788
1785411060 72.6900 72.7300 72.6800 72.6900 700
1785411120 72.6900 72.6900 72.5000 72.5000 2940
1785411180 72.4600 72.5000 72.4600 72.5000 3674
1785411240 72.5000 72.5000 72.4500 72.4800 662
1785411300 72.4800 72.5700 72.4800 72.5200 23540
1785411360 72.5200 72.5200 72.5200 72.5200 0
1785411420 72.5200 72.5200 72.4900 72.4900 574
1785411480 72.4900 72.4900 72.4900 72.4900 240
1785411540 72.4900 72.4900 72.4300 72.4300 5646
1785411600 72.4300 72.5300 72.4100 72.5200 5984
1785411660 72.5200 72.5200 72.4900 72.5100 4474
1785411720 72.5100 72.5100 72.4400 72.4800 902
1785411780 72.4800 72.5000 72.4800 72.4800 7900
1785411840 72.4800 72.4800 72.4800 72.4800 0
1785411900 72.4300 72.4500 72.4200 72.4200 2860
1785411960 72.4200 72.4200 72.4200 72.4200 0
1785412020 72.4300 72.4300 72.4000 72.4000 1818
1785412080 72.4000 72.4300 72.3600 72.3600 798
1785412140 72.3600 72.3600 72.3600 72.3600 300
1785412200 72.3600 72.4100 72.3600 72.4100 450
1785412260 72.4100 72.4100 72.4100 72.4100 0
1785412320 72.4100 72.4100 72.3600 72.4000 600
1785412380 72.4000 72.4200 72.0500 72.4200 31656
1785412440 72.4200 72.4200 72.4200 72.4200 0
1785412500 72.4000 72.4200 72.3700 72.3800 3150
1785412560 72.3800 72.3800 72.3300 72.3600 990
1785412620 72.3600 72.3800 72.2800 72.3500 1800
1785412680 72.3500 72.3500 72.2500 72.2500 300
1785412740 72.2500 72.2700 72.2500 72.2700 1500
1785412800 72.2700 72.3000 72.2200 72.2500 2325
1785412860 72.2500 72.3500 72.2500 72.3500 2868
1785412920 72.3500 72.4000 72.3500 72.4000 2895
1785412980 72.4000 72.4000 72.4000 72.4000 0
1785413040 72.3000 72.3800 72.3000 72.3300 1800
1785413100 72.3300 72.3300 72.3000 72.3000 144
1785413160 72.3000 72.3800 72.3000 72.3800 900
1785413220 72.3800 72.3800 72.3100 72.3100 5535
1785413280 72.3100 72.3700 72.0000 72.2100 26125
1785413340 72.2100 72.2400 72.1000 72.2400 1341
1785413400 72.2400 72.2400 72.2000 72.2200 5550
1785413460 72.2200 72.2500 72.1800 72.1800 8100
1785413520 72.1800 72.1800 72.1800 72.1800 0
1785413580 72.1000 72.2000 72.0500 72.2000 2836
1785413640 72.2000 72.2000 72.1000 72.1000 4000
1785413700 72.1000 72.4000 72.1000 72.2500 4112
1785413760 72.2500 72.2500 72.2500 72.2500 400
1785413820 72.2500 72.2700 72.2500 72.2700 908
1785413880 72.2700 72.4000 72.2700 72.4000 800
1785413940 72.4000 72.4000 72.3700 72.3700 652
1785414000 72.3700 72.3800 72.3700 72.3800 500
1785414060 72.3800 72.3800 72.3300 72.3800 2152
1785414120 72.3800 72.4000 72.3500 72.4000 7076
1785414180 72.4000 72.4000 72.4000 72.4000 0
1785414240 72.4000 72.4000 72.3000 72.4000 16776
1785414300 72.3800 72.4000 72.3800 72.4000 1600
1785414360 72.4000 72.4000 72.3000 72.3000 3211
1785414420 72.3000 72.3100 72.3000 72.3000 9732
1785414480 72.3000 72.3000 72.1800 72.1800 2400
1785414540 72.1800 72.3200 72.1800 72.2200 1100
1785414600 72.2200 72.2500 72.2000 72.2000 800
1785414660 72.1500 72.1500 72.1000 72.1000 4036
1785414720 72.2200 72.3000 72.1000 72.1000 3044
1785414780 72.1000 72.1400 72.1000 72.1400 4920
1785414840 72.1400 72.1700 72.1100 72.1700 6552
1785414900 72.1700 72.1700 72.1000 72.1000 5052
1785414960 72.1000 72.2900 72.1000 72.2100 2616
1785415020 72.2100 72.2100 72.1000 72.1000 363
1785415080 72.1500 72.2000 72.0600 72.1500 4599
1785415140 72.1500 72.1600 72.0600 72.1500 6796
1785415200 72.1500 72.1500 72.0400 72.0400 2028
1785415260 72.0400 72.0400 72.0400 72.0400 0
1785415320 72.0400 72.1800 72.0400 72.1600 27344
1785415380 72.1600 72.2100 72.0200 72.0600 6748
1785415440 72.0600 72.1700 72.0600 72.0700 4388
1785415500 72.1700 72.1700 72.0300 72.0600 28852
1785415560 72.0600 72.1700 72.0300 72.0300 1856
1785415620 72.0300 72.0300 72.0300 72.0300 0
1785415680 72.0300 72.0500 72.0300 72.0500 2600
1785415740 72.0500 72.1000 72.0400 72.0900 7040
1785415800 72.0900 72.0900 72.0200 72.0400 2000
1785415860 72.0400 72.1400 72.0400 72.1400 4500
1785415920 72.1400 72.1400 72.0000 72.0500 27648
1785415980 72.0500 72.1000 71.9800 72.0500 12112
1785416040 72.0500 72.0500 72.0500 72.0500 0
1785416100 72.0500 72.0500 71.9200 71.9200 8145
1785416160 71.9200 71.9200 71.8700 71.8800 15492
1785416220 71.8800 72.0200 71.8800 71.9400 5730
1785416280 71.9400 72.0000 71.9400 72.0000 2320
1785416340 72.0000 72.0000 71.9500 72.0000 9968
1785416400 72.0000 72.0000 71.9000 71.9500 7180
1785416460 71.9500 72.0400 71.9300 72.0200 2216
1785416520 72.0200 72.0200 71.9100 71.9100 7656
1785416580 71.9100 71.9100 71.8500 71.8500 4800
1785416640 71.9000 71.9000 71.8500 71.8500 7860
1785416700 71.8500 71.8500 71.7700 71.8300 4400
1785416760 71.8000 71.8000 71.7900 71.8000 27764
1785416820 71.8000 71.8800 71.8000 71.8100 7072
1785416880 71.8100 71.8900 71.8100 71.8900 1709
1785416940 71.8900 71.9000 71.8500 71.8900 8700
1785417000 71.8900 71.9200 71.8900 71.9200 400
1785417060 71.9200 71.9200 71.9000 71.9000 8100
1785417120 71.9000 71.9500 71.8800 71.8800 4108
1785417180 71.8800 71.9000 71.8500 71.9000 7840
1785417240 71.9000 71.9000 71.8200 71.8900 4100
1785417300 71.8800 71.9000 71.8700 71.8800 8200
1785417360 71.8900 71.9000 71.8200 71.9000 12260
1785417420 71.9000 71.9800 71.8700 71.8700 3876
1785417480 71.8700 71.9300 71.8300 71.8300 9600
1785417540 71.8900 71.9500 71.8900 71.9500 1632
1785417600 71.9500 71.9800 71.9300 71.9300 2565
1785417660 71.9500 72.0000 71.9200 72.0000 7080
1785417720 72.0000 72.0000 71.9300 71.9300 13632
1785417780 71.9300 71.9300 71.8700 71.8700 16401
1785417840 71.8700 71.8700 71.8000 71.8600 14092
1785417900 71.9900 72.3600 71.9200 72.2800 42047
1785417960 72.3000 72.4000 72.2800 72.4000 16168
1785418020 72.5000 72.5100 71.8300 71.8300 29568
1785418080 71.7100 71.8300 71.4400 71.5700 72908
1785418140 71.4500 71.9000 71.4000 71.6400 21147
1785418200 71.6100 71.7800 71.1100 71.2600 4031798
1785418260 71.2500 71.5500 71.1100 71.3600 1123221
1785418320 71.3400 71.4100 71.1600 71.1700 782920
1785418380 71.1600 71.4600 71.1600 71.2100 521763
1785418440 71.2100 71.3600 71.1600 71.2800 560143
1785418500 71.2600 71.2600 71.1000 71.1300 562280
1785418560 71.1100 71.2400 71.0000 71.2400 635770
1785418620 71.2500 71.4300 71.2100 71.3300 493020
1785418680 71.3100 71.3300 71.0300 71.0800 486200
1785418740 71.0800 71.1500 71.0500 71.1300 498542
1785418800 71.1300 71.2400 71.1000 71.1800 492275
1785418860 71.1700 71.2300 71.0400 71.2300 346305
1785418920 71.2400 71.4800 71.2200 71.4200 514670
1785418980 71.4200 71.6100 71.4100 71.5500 936736
1785419040 71.5500 71.6300 71.4100 71.4400 292790
1785419100 71.4500 71.5600 71.4100 71.4900 840806
1785419160 71.5000 71.5100 71.4100 71.4500 346318
1785419220 71.4400 71.4800 71.3300 71.3400 318619
1785419280 71.3400 71.4100 71.3100 71.4000 481760
1785419340 71.4000 71.4500 71.3400 71.4200 330160
1785419400 71.4200 71.4200 71.1900 71.2300 593507
1785419460 71.2300 71.2800 71.0500 71.0600 1068688
1785419520 71.0500 71.1900 71.0100 71.0300 410187
1785419580 71.0300 71.1100 70.8500 70.8600 584748
1785419640 70.8400 70.8600 70.7700 70.8300 467104
1785419700 70.8300 70.9100 70.7900 70.8400 477870
1785419760 70.8600 70.9200 70.7200 70.7600 541565
1785419820 70.7900 70.7900 70.5500 70.6800 514861
1785419880 70.6700 70.8300 70.6700 70.7700 484782
1785419940 70.7700 70.8200 70.7300 70.7500 389121
1785420000 70.7500 70.8200 70.6700 70.7000 980637
1785420060 70.7100 70.8400 70.7000 70.8100 431515
1785420120 70.8100 71.0500 70.7900 71.0000 684111
1785420180 71.0000 71.0000 70.9200 70.9400 973666
1785420240 70.9500 71.0300 70.9400 71.0200 312268
1785420300 71.0200 71.1300 70.9400 71.1100 536564
1785420360 71.1000 71.2900 71.0900 71.2800 478615
1785420420 71.2700 71.2800 71.1700 71.2500 414239
1785420480 71.2500 71.2800 71.1700 71.2500 267981
1785420540 71.2500 71.2700 71.1800 71.2200 379999
1785420600 71.2100 71.2200 71.0800 71.2000 285233
1785420660 71.2000 71.2200 71.1400 71.1500 386803
1785420720 71.1500 71.1600 70.9400 70.9400 280046
1785420780 70.9400 71.0400 70.9300 71.0000 232223
1785420840 71.0100 71.0100 70.8800 70.9300 253888
1785420900 70.9200 71.0100 70.8900 71.0100 351537
1785420960 71.0000 71.0800 70.9900 71.0300 2426842
1785421020 71.0100 71.2000 71.0100 71.1300 545001
1785421080 71.1100 71.1800 71.0600 71.1400 418091
1785421140 71.1400 71.1500 71.0700 71.1200 367031
1785421200 71.1200 71.1300 71.0100 71.0200 342020
1785421260 71.0100 71.0400 70.9000 70.9200 354089
1785421320 70.9200 71.0500 70.9100 71.0100 401914
1785421380 71.0100 71.0800 70.9800 71.0200 304325
1785421440 71.0300 71.0600 70.9000 70.9100 302324
1785421500 70.9000 70.9000 70.6600 70.6800 567105
1785421560 70.6800 70.7900 70.6600 70.7800 409935
1785421620 70.7700 70.7800 70.6800 70.6800 289008
1785421680 70.6900 70.7200 70.6300 70.7000 351717
1785421740 70.7000 70.7400 70.6500 70.6900 276441
1785421800 70.6900 70.7500 70.6500 70.6900 402624
1785421860 70.6900 70.8000 70.6400 70.7800 307982
1785421920 70.7800 70.7900 70.6500 70.6700 326500
1785421980 70.6600 70.8000 70.6500 70.8000 304171
1785422040 70.8000 70.9200 70.7800 70.8800 484500
1785422100 70.8800 70.9700 70.8400 70.8700 667592
1785422160 70.8700 70.9400 70.8600 70.9300 323503
1785422220 70.9200 71.0600 70.9000 71.0400 354566
1785422280 71.0500 71.1600 71.0400 71.1600 349379
1785422340 71.1500 71.2100 71.0900 71.1200 354170
1785422400 71.1000 71.1300 70.9400 70.9900 748371
1785422460 70.9900 70.9900 70.9100 70.9700 213996
1785422520 70.9800 70.9800 70.8700 70.9000 531080
1785422580 70.9000 70.9700 70.8600 70.9200 585656
1785422640 70.9200 71.0400 70.8500 71.0300 624989
1785422700 71.0300 71.0700 70.9600 71.0100 636606
1785422760 71.0100 71.0900 70.9100 71.0800 311027
1785422820 71.0800 71.1800 71.0400 71.1600 444123
1785422880 71.1600 71.1600 71.0300 71.0700 317513
1785422940 71.0600 71.1600 71.0500 71.1000 252652
1785423000 71.1000 71.1100 71.0000 71.0800 588220
1785423060 71.0800 71.2400 71.0800 71.2100 450426
1785423120 71.2000 71.2200 71.0700 71.1400 198771
1785423180 71.1400 71.2000 71.0700 71.2000 205004
1785423240 71.2000 71.3400 71.1900 71.3300 259968
1785423300 71.3400 71.3500 71.2400 71.2700 337277
1785423360 71.2700 71.3000 71.2300 71.2800 278595
1785423420 71.2800 71.3100 71.2200 71.2500 386665
1785423480 71.2500 71.2900 71.2100 71.2800 232147
1785423540 71.2700 71.4900 71.2600 71.4800 335631
1785423600 71.4900 71.5000 71.4300 71.4800 279236
1785423660 71.4900 71.5000 71.3900 71.4000 292412
1785423720 71.4000 71.4700 71.3700 71.4000 483121
1785423780 71.3900 71.4200 71.2700 71.3800 634552
1785423840 71.3800 71.4100 71.3000 71.3400 238784
1785423900 71.3400 71.3400 71.2600 71.2800 215624
1785423960 71.2700 71.3700 71.2500 71.3400 256288
1785424020 71.3400 71.3400 71.2600 71.2700 144545
1785424080 71.2700 71.2800 71.1400 71.1500 332888
1785424140 71.1500 71.2200 71.1000 71.1200 226045
1785424200 71.1200 71.1600 71.0400 71.0600 215184
1785424260 71.0600 71.1700 71.0500 71.1600 189753
1785424320 71.1600 71.2400 71.1300 71.1500 319348
1785424380 71.1500 71.2400 71.1300 71.2200 251565
1785424440 71.2100 71.2500 71.1900 71.2300 154364
1785424500 71.2300 71.2700 71.1300 71.1600 285828
1785424560 71.1600 71.1900 71.1300 71.1400 188032
1785424620 71.1400 71.2100 71.1300 71.2000 148848
1785424680 71.2000 71.2100 71.1700 71.1900 166340
1785424740 71.1900 71.2800 71.1500 71.2800 166538
1785424800 71.2700 71.2900 71.1800 71.2200 166687
1785424860 71.2200 71.2500 71.2000 71.2200 203064
1785424920 71.2100 71.3500 71.2100 71.3500 367020
1785424980 71.3400 71.4800 71.3400 71.4800 311354
1785425040 71.4800 71.5500 71.4500 71.5000 528765
1785425100 71.5000 71.5100 71.4300 71.4800 291684
1785425160 71.4800 71.4900 71.4300 71.4800 176637
1785425220 71.4700 71.4700 71.4200 71.4500 147570
1785425280 71.4500 71.4800 71.4300 71.4500 206064
1785425340 71.4500 71.5000 71.4400 71.5000 251259
1785425400 71.4900 71.5500 71.4400 71.5500 364892
1785425460 71.5400 71.5800 71.5200 71.5300 179115
1785425520 71.5300 71.5400 71.5000 71.5300 115586
1785425580 71.5300 71.5900 71.5100 71.5300 443747
1785425640 71.5300 71.5700 71.5200 71.5700 234494
1785425700 71.5800 71.6100 71.5300 71.5600 289573
1785425760 71.5600 71.5800 71.5500 71.5700 125028
1785425820 71.5600 71.5700 71.5000 71.5500 171390
1785425880 71.5500 71.5700 71.5200 71.5200 139932
1785425940 71.5300 71.5800 71.5200 71.5700 202628
1785426000 71.5600 71.6600 71.5600 71.6500 176312
1785426060 71.6500 71.7100 71.6400 71.6700 224876
1785426120 71.6800 71.7000 71.6400 71.6900 214076
1785426180 71.7000 71.7500 71.6900 71.7300 141418
1785426240 71.7400 71.8000 71.7300 71.7700 168993
1785426300 71.7700 71.8000 71.7300 71.7800 201647
1785426360 71.7800 71.8200 71.7500 71.8100 172564
1785426420 71.8100 71.9100 71.8000 71.8700 333645
1785426480 71.8700 71.8900 71.7800 71.8100 242219
1785426540 71.8100 71.8300 71.7700 71.7900 262744
1785426600 71.7900 71.8100 71.7200 71.7500 213331
1785426660 71.7500 71.8300 71.7300 71.8000 177114
1785426720 71.8100 71.8200 71.7500 71.7600 208954
1785426780 71.7700 71.7900 71.7500 71.7800 113296
1785426840 71.7800 71.8100 71.7400 71.7900 169161
1785426900 71.7800 71.8700 71.7700 71.8700 219824
1785426960 71.8800 72.0400 71.8700 72.0300 757682
1785427020 72.0300 72.0800 71.9700 72.0700 268955
1785427080 72.0600 72.1000 72.0500 72.0600 214040
1785427140 72.0600 72.1200 72.0600 72.0700 386590
1785427200 72.0700 72.0800 72.0100 72.0400 299298
1785427260 72.0400 72.0600 71.9800 72.0300 157175
1785427320 72.0300 72.0500 71.9900 72.0300 211216
1785427380 72.0300 72.0600 72.0100 72.0300 244424
1785427440 72.0300 72.1900 72.0100 72.1700 235316
1785427500 72.1700 72.2100 72.1300 72.1500 248816
1785427560 72.1500 72.1800 72.0600 72.0700 236371
1785427620 72.0700 72.1000 71.9700 71.9800 146635
1785427680 71.9900 72.0500 71.9800 72.0200 135123
1785427740 72.0100 72.1100 71.9800 72.1100 223034
1785427800 72.1100 72.2900 72.0900 72.2700 496209
1785427860 72.2600 72.2800 72.2200 72.2700 271870
1785427920 72.2700 72.3000 72.2100 72.2300 272044
1785427980 72.2300 72.2400 72.1700 72.2100 316220
1785428040 72.2000 72.2100 72.0800 72.1300 165675
1785428100 72.1300 72.1400 72.0700 72.0800 154732
1785428160 72.0800 72.1200 72.0800 72.1100 124105
1785428220 72.1100 72.1100 72.0300 72.0600 145685
1785428280 72.0600 72.1100 72.0600 72.0700 157982
1785428340 72.0700 72.1400 72.0600 72.1400 159260
1785428400 72.1400 72.1500 72.1000 72.1400 156876
1785428460 72.1300 72.1700 72.1000 72.1500 116028
1785428520 72.1600 72.1800 72.1300 72.1700 109820
1785428580 72.1700 72.2900 72.1700 72.2700 180880
1785428640 72.2700 72.3000 72.2200 72.2900 180659
1785428700 72.2800 72.3900 72.2700 72.3500 183431
1785428760 72.3500 72.3600 72.3300 72.3400 150992
1785428820 72.3500 72.5500 72.3400 72.5400 666115
1785428880 72.5400 72.5900 72.4800 72.5000 757006
1785428940 72.5000 72.5300 72.4700 72.5000 139412
1785429000 72.5000 72.6100 72.4900 72.5700 303637
1785429060 72.5700 72.7000 72.5700 72.6900 254778
1785429120 72.6900 72.7900 72.6600 72.7800 439030
1785429180 72.7800 72.8200 72.7500 72.8100 624527
1785429240 72.8100 72.8200 72.7000 72.7900 445032
1785429300 72.7800 72.8000 72.6500 72.6800 755055
1785429360 72.6700 72.8500 72.6700 72.8400 282303
1785429420 72.8400 72.9000 72.8400 72.8700 264150
1785429480 72.8700 72.8900 72.8300 72.8500 234238
1785429540 72.8500 72.8500 72.8000 72.8400 205088
1785429600 72.8400 72.9300 72.8100 72.8200 499773
1785429660 72.8300 72.8500 72.7400 72.7900 289936
1785429720 72.7800 72.7900 72.6900 72.7000 209154
1785429780 72.7000 72.7600 72.6900 72.7000 586254
1785429840 72.7000 72.7400 72.6400 72.7200 224993
1785429900 72.7100 72.7700 72.7000 72.7600 170207
1785429960 72.7600 72.7600 72.6900 72.7000 196033
1785430020 72.7100 72.7700 72.7000 72.7700 114925
1785430080 72.7800 72.8100 72.7600 72.7700 104948
1785430140 72.7700 72.7800 72.7100 72.7400 222823
1785430200 72.7500 72.7800 72.7100 72.7700 131174
1785430260 72.7700 72.7800 72.7200 72.7400 278151
1785430320 72.7400 72.8300 72.7200 72.8100 187305
1785430380 72.8100 72.8400 72.7800 72.8200 200472
1785430440 72.8200 72.9300 72.8100 72.9100 458818
1785430500 72.9100 73.0800 72.9000 73.0500 937105
1785430560 73.0400 73.0600 73.0200 73.0400 163004
1785430620 73.0300 73.0500 72.9800 73.0100 245975
1785430680 73.0100 73.1000 72.9900 73.0900 306111
1785430740 73.0900 73.1300 73.0400 73.0900 417321
1785430800 73.0900 73.1700 73.0800 73.1200 475533
1785430860 73.1200 73.1300 73.1000 73.1100 169751
1785430920 73.1100 73.1300 73.0300 73.1100 331264
1785430980 73.1200 73.1600 73.1000 73.1300 156012
1785431040 73.1300 73.1600 73.1100 73.1200 185122
1785431100 73.1200 73.1300 72.9500 72.9600 301001
1785431160 72.9500 72.9900 72.9000 72.9800 164659
1785431220 72.9900 73.0700 72.8900 73.0300 544303
1785431280 73.0300 73.0800 72.9400 73.0200 340612
1785431340 73.0100 73.0500 73.0000 73.0200 156485
1785431400 73.0100 73.0200 72.9100 73.0000 159395
1785431460 73.0000 73.0300 72.9100 72.9100 160062
1785431520 72.9100 73.0300 72.8600 72.8800 434581
1785431580 72.8700 72.9100 72.8300 72.8700 119738
1785431640 72.8700 72.9500 72.8700 72.9000 176430
1785431700 72.9100 72.9100 72.8500 72.8700 91898
1785431760 72.8700 72.9200 72.8400 72.9000 126928
1785431820 72.8900 72.8900 72.8300 72.8400 109432
1785431880 72.8400 72.9600 72.8000 72.9400 235883
1785431940 72.9400 73.1100 72.9400 73.0600 257916
1785432000 73.0700 73.0800 72.9500 72.9600 204035
1785432060 72.9600 72.9800 72.9400 72.9800 95339
1785432120 72.9800 73.0000 72.8600 72.8600 231136
1785432180 72.8600 72.8600 72.8000 72.8000 113858
1785432240 72.8000 72.8000 72.7600 72.8000 137770
1785432300 72.8000 72.8900 72.7900 72.8800 166821
1785432360 72.8700 73.0000 72.8300 73.0000 580156
1785432420 73.0000 73.0400 72.9800 73.0100 173624
1785432480 73.0200 73.0700 73.0200 73.0600 174632
1785432540 73.0600 73.1100 73.0400 73.0900 186391
1785432600 73.0900 73.1100 73.0600 73.0900 271320
1785432660 73.0900 73.1400 73.0600 73.1100 168464
1785432720 73.1100 73.1200 73.0400 73.0800 208938
1785432780 73.0700 73.0700 73.0200 73.0300 181314
1785432840 73.0300 73.0400 72.9800 73.0300 147804
1785432900 73.0300 73.0300 72.9200 72.9500 484516
1785432960 72.9500 72.9500 72.8900 72.9000 126025
1785433020 72.9000 72.9300 72.8900 72.9200 231265
1785433080 72.9100 72.9600 72.8800 72.9400 164332
1785433140 72.9400 72.9400 72.8700 72.8900 101716
1785433200 72.9000 72.9100 72.8700 72.9000 108345
1785433260 72.8900 72.9100 72.8700 72.9000 94550
1785433320 72.9000 72.9200 72.8800 72.9100 132999
1785433380 72.9000 72.9300 72.8900 72.9100 95744
1785433440 72.9100 72.9400 72.8900 72.9100 124856
1785433500 72.9100 72.9200 72.8700 72.9000 175928
1785433560 72.9000 72.9300 72.8800 72.9200 325872
1785433620 72.9300 73.0700 72.9200 73.0600 503314
1785433680 73.0600 73.1200 73.0500 73.0900 308720
1785433740 73.0900 73.1200 73.0500 73.1200 476329
1785433800 73.1200 73.1600 73.0900 73.1400 176013
1785433860 73.1400 73.1700 73.1200 73.1700 183975
1785433920 73.1600 73.1700 73.0700 73.0800 347346
1785433980 73.0800 73.0900 73.0700 73.0900 103000
1785434040 73.0900 73.0900 73.0400 73.0500 480469
1785434100 73.0500 73.0800 73.0300 73.0600 147042
1785434160 73.0600 73.0900 73.0500 73.0600 250744
1785434220 73.0500 73.0800 73.0400 73.0800 158280
1785434280 73.0800 73.0800 73.0400 73.0600 149644
1785434340 73.0500 73.0700 72.9900 73.0300 230860
1785434400 73.0300 73.0600 73.0000 73.0100 260130
1785434460 73.0100 73.0700 73.0000 73.0400 172946
1785434520 73.0400 73.0600 72.9900 73.0300 215340
1785434580 73.0300 73.0300 72.9300 72.9400 236672
1785434640 72.9400 72.9700 72.8200 72.9400 377803
1785434700 72.9300 72.9400 72.8900 72.9300 214736
1785434760 72.9300 73.0100 72.9200 72.9600 309736
1785434820 72.9600 72.9700 72.8600 72.8800 112086
1785434880 72.8800 72.9700 72.8600 72.9700 136339
1785434940 72.9700 73.0700 72.9600 72.9800 264075
1785435000 72.9800 73.0100 72.9300 72.9500 417192
1785435060 72.9400 72.9600 72.9300 72.9500 105291
1785435120 72.9500 72.9900 72.9400 72.9500 106122
1785435180 72.9500 72.9800 72.9500 72.9700 125976
1785435240 72.9700 73.1000 72.9500 73.0900 332086
1785435300 73.0800 73.1300 73.0700 73.0900 199588
1785435360 73.0900 73.1800 73.0900 73.1400 415408
1785435420 73.1400 73.1400 73.1000 73.1100 379973
1785435480 73.1100 73.1300 73.1000 73.1200 208538
1785435540 73.1200 73.1900 73.1000 73.1200 256215
1785435600 73.1100 73.1100 73.0100 73.0200 300393
1785435660 73.0200 73.0300 72.9400 72.9800 289284
1785435720 72.9700 73.0000 72.9500 72.9500 179155
1785435780 72.9500 72.9800 72.9100 72.9800 209495
1785435840 72.9800 73.0000 72.9200 72.9600 165832
1785435900 72.9600 72.9900 72.9000 72.9500 357586
1785435960 72.9400 73.0200 72.9300 72.9700 314172
1785436020 72.9800 72.9900 72.9200 72.9800 133524
1785436080 72.9800 72.9800 72.9200 72.9600 136439
1785436140 72.9500 72.9600 72.9400 72.9500 115056
1785436200 72.9500 72.9800 72.9300 72.9800 99632
1785436260 72.9800 72.9900 72.9300 72.9800 176786
1785436320 72.9800 72.9900 72.8700 72.8800 166612
1785436380 72.8800 72.8900 72.8300 72.8600 190502
1785436440 72.8600 73.0000 72.8400 72.9800 232693
1785436500 72.9900 73.0300 72.9700 73.0000 335852
1785436560 73.0000 73.0100 72.9500 72.9500 563232
1785436620 72.9500 72.9600 72.9400 72.9500 117285
1785436680 72.9500 72.9500 72.9200 72.9200 126563
1785436740 72.9200 72.9700 72.9200 72.9700 111522
1785436800 72.9700 72.9900 72.9400 72.9500 242397
1785436860 72.9500 72.9600 72.9000 72.9500 389048
1785436920 72.9500 72.9600 72.9100 72.9200 101165
1785436980 72.9200 72.9400 72.8700 72.9200 182004
1785437040 72.9200 72.9500 72.9100 72.9500 98916
1785437100 72.9500 72.9700 72.9300 72.9600 159415
1785437160 72.9700 73.0200 72.9600 72.9800 213773
1785437220 72.9800 73.0000 72.9400 72.9700 238540
1785437280 72.9600 72.9700 72.9200 72.9400 123374
1785437340 72.9300 72.9700 72.9200 72.9700 105276
1785437400 72.9700 73.0000 72.9600 73.0000 194542
1785437460 73.0000 73.0000 72.9600 72.9800 108554
1785437520 72.9800 72.9900 72.9300 72.9400 103921
1785437580 72.9400 72.9500 72.9300 72.9400 97900
1785437640 72.9400 72.9800 72.9400 72.9700 281640
1785437700 72.9800 72.9900 72.9400 72.9600 112201
1785437760 72.9600 72.9800 72.9600 72.9800 112790
1785437820 72.9700 72.9800 72.9600 72.9800 110316
1785437880 72.9800 72.9900 72.9400 72.9500 174222
1785437940 72.9500 72.9900 72.9500 72.9800 175954
1785438000 72.9800 72.9800 72.9300 72.9700 142692
1785438060 72.9700 72.9700 72.9100 72.9500 193036
1785438120 72.9500 72.9700 72.9200 72.9500 119372
1785438180 72.9500 72.9800 72.8800 72.8900 215402
1785438240 72.8900 72.9400 72.8900 72.9200 109076
1785438300 72.9200 72.9200 72.8400 72.8500 276314
1785438360 72.8500 72.8600 72.7400 72.7700 284581
1785438420 72.7700 72.7700 72.7200 72.7700 258267
1785438480 72.7700 72.7800 72.7200 72.7800 187366
1785438540 72.7800 72.8300 72.7700 72.8300 201552
1785438600 72.8400 72.8700 72.8300 72.8500 160676
1785438660 72.8500 72.9000 72.8200 72.8300 229308
1785438720 72.8300 72.8400 72.7800 72.8200 210492
1785438780 72.8200 72.8400 72.7800 72.8100 107379
1785438840 72.8100 72.8200 72.7600 72.8100 179325
1785438900 72.8100 72.8200 72.7600 72.7700 128794
1785438960 72.7700 72.8000 72.7500 72.7800 299281
1785439020 72.7800 72.8800 72.7700 72.8600 316474
1785439080 72.8600 72.8600 72.7900 72.8100 240114
1785439140 72.8100 72.8600 72.7800 72.8600 140584
1785439200 72.8600 72.8800 72.8200 72.8800 159477
1785439260 72.8800 72.9200 72.8500 72.8800 265040
1785439320 72.8800 72.9200 72.8600 72.8800 261152
1785439380 72.8800 72.8800 72.8300 72.8500 179276
1785439440 72.8600 72.9000 72.8600 72.8800 148007
1785439500 72.8800 72.8900 72.8600 72.8900 178552
1785439560 72.8900 72.9800 72.8800 72.9400 459636
1785439620 72.9400 72.9900 72.9200 72.9200 501228
1785439680 72.9200 72.9400 72.8600 72.8800 294579
1785439740 72.8800 72.8900 72.8500 72.8700 187893
1785439800 72.8800 72.8800 72.8200 72.8400 286283
1785439860 72.8400 72.8800 72.8000 72.8100 301923
1785439920 72.8100 72.8200 72.7700 72.7800 220327
1785439980 72.7900 72.8600 72.7600 72.8600 299767
1785440040 72.8600 72.8800 72.8500 72.8600 200635
1785440100 72.8600 72.8700 72.8000 72.8400 268935
1785440160 72.8500 72.9000 72.8500 72.8800 173869
1785440220 72.8800 72.9000 72.8500 72.8600 163136
1785440280 72.8600 72.8600 72.8100 72.8100 349758
1785440340 72.8100 72.9400 72.8100 72.8700 712429
1785440400 72.8700 72.9800 72.8600 72.9700 549550
1785440460 72.9700 72.9900 72.9200 72.9900 611166
1785440520 72.9700 72.9800 72.9200 72.9300 532648
1785440580 72.9400 72.9600 72.9100 72.9200 439843
1785440640 72.9200 72.9400 72.9000 72.9100 397282
1785440700 72.9100 72.9500 72.8700 72.9000 601483
1785440760 72.9000 72.9200 72.8800 72.8900 389216
1785440820 72.9000 72.9000 72.8400 72.8700 340501
1785440880 72.8600 72.9000 72.8500 72.8900 381918
1785440940 72.8900 72.9300 72.8500 72.9200 357053
1785441000 72.9100 72.9200 72.7700 72.8600 844201
1785441060 72.8500 72.9200 72.7800 72.9200 856009
1785441120 72.9200 72.9300 72.8800 72.9100 735467
1785441180 72.9000 72.9500 72.8900 72.9000 856234
1785441240 72.9000 73.0200 72.8800 73.0000 1197800
1785441300 73.0100 73.2600 73.0100 73.2000 2003768
1785441360 73.2000 73.2400 73.1300 73.2000 1805908
1785441420 73.2000 73.3200 73.1800 73.3000 1775194
1785441480 73.3000 73.3100 73.2200 73.2600 1912885
1785441540 73.2500 73.2700 73.1300 73.1500 3878661
1785441600 73.1400 73.3500 73.0900 73.1900 26144452
1785441660 73.1900 73.1900 73.1200 73.1700 3564
1785441720 73.1700 73.2200 73.0700 73.1700 48459
1785441780 73.1700 73.1700 72.9500 72.9500 71496
1785441840 72.9500 72.9500 72.7600 72.9100 25508
1785441900 72.9100 72.9500 72.8700 72.8700 800
1785441960 72.8700 72.8700 72.8000 72.8100 12492
1785442020 72.8000 72.8300 72.7600 72.7600 6644
1785442080 72.7600 72.8200 72.7600 72.8200 1852
1785442140 72.8200 72.8200 72.8200 72.8200 0
