1784790720 58.2000 58.2900 58.1400 58.1600 11516
1784790780 58.1600 58.2800 58.1600 58.2800 7558
1784790840 58.2300 58.2700 58.2000 58.2400 104078
1784790900 58.2700 58.4200 58.2700 58.3000 8899
1784790960 58.2800 58.3000 58.2200 58.2200 99751
1784791020 58.2200 58.3200 58.2200 58.3200 100
1784791080 58.2800 58.2800 58.2700 58.2700 500
1784791140 58.2700 58.3200 58.2700 58.3200 460
1784791200 58.3100 58.3100 58.2700 58.3000 2099
1784791260 58.3000 58.3500 58.3000 58.3500 918
1784791320 58.3500 58.3500 58.3500 58.3500 0
1784791380 58.3500 58.3500 58.2600 58.2600 200
1784791440 58.2600 58.2600 58.2500 58.2500 450
1784791500 58.2500 58.3600 58.2500 58.3600 560
1784791560 58.3600 58.3600 58.3000 58.3300 580
1784791620 58.3300 58.3300 58.3300 58.3300 0
1784791680 58.3300 58.3800 58.3300 58.3800 819
1784791740 58.3800 58.3800 58.3300 58.3300 335
1784791800 58.3300 58.3300 58.3300 58.3300 0
1784791860 58.3300 58.3300 58.3300 58.3300 0
1784791920 58.3300 58.3300 58.2000 58.2000 700
1784791980 58.2000 58.2000 58.2000 58.2000 100
1784792040 58.2000 58.2000 58.1800 58.1800 359
1784792100 58.1800 58.1900 58.1600 58.1900 2750
1784792160 58.1900 58.1900 58.1900 58.1900 100
1784792220 58.1900 58.1900 58.1600 58.1600 1284
1784792280 58.1600 58.1900 58.1600 58.1800 960
1784792340 58.1800 58.2200 58.1800 58.2200 200
1784792400 58.2200 58.2300 58.2200 58.2300 418
1784792460 58.2300 58.2300 58.2300 58.2300 0
1784792520 58.2300 58.2300 58.2300 58.2300 568
1784792580 58.2300 58.2300 58.2300 58.2300 0
1784792640 58.2100 58.2100 58.1000 58.1000 1315
1784792700 58.0800 58.0800 58.0500 58.0700 4271
1784792760 58.0700 58.0700 58.0200 58.0200 1909
1784792820 58.0200 58.0200 58.0200 58.0200 0
1784792880 58.0200 58.1500 58.0200 58.1500 1267
1784792940 58.2300 58.2300 58.1000 58.1000 1376
1784793600 58.2600 59.1600 58.1000 58.3100 65468
1784793660 58.4000 59.1900 58.0700 58.9100 518740
1784793720 58.5300 59.1000 58.0300 58.1900 937573
1784793780 58.1900 58.4300 58.1500 58.3200 55100
1784793840 58.3200 58.4400 58.3100 58.4400 31443
1784793900 58.4000 59.0300 58.0300 58.4200 63306
1784793960 58.4400 58.5400 58.4400 58.5400 22490
1784794020 58.5000 58.5400 58.4300 58.4800 25969
1784794080 58.4800 58.5900 58.4700 58.4800 10944
1784794140 58.4800 58.5100 58.4600 58.4900 5640
1784794200 58.4900 58.5000 58.4900 58.5000 400
1784794260 58.5000 58.5300 58.5000 58.5000 12900
1784794320 58.5000 58.6400 58.5000 58.6200 2066
1784794380 58.6200 58.6700 58.5800 58.6200 55282
1784794440 58.5600 58.5600 58.5100 58.5100 7603
1784794500 58.5500 58.6500 58.5000 58.5100 43638
1784794560 58.5100 58.6200 58.5000 58.6200 9476
1784794620 58.6500 58.7500 58.6200 58.7100 11220
1784794680 58.7000 58.7800 58.6300 58.7400 46298
1784794740 58.7400 58.7400 58.6000 58.6000 5208
1784794800 58.5600 58.7100 58.5600 58.7000 23142
1784794860 58.7000 58.7000 58.6100 58.6600 6420
1784794920 58.6200 58.7000 58.6200 58.7000 20393
1784794980 58.6200 58.6200 58.6100 58.6100 840
1784795040 58.6100 58.7000 58.6000 58.6500 19108
1784795100 58.6200 58.6500 58.6000 58.6200 19820
1784795160 58.6200 58.8000 58.6100 58.7600 11280
1784795220 58.7600 58.8100 58.7500 58.8100 14308
1784795280 58.8000 58.8500 58.7500 58.7500 32282
1784795340 58.7500 58.7700 58.7200 58.7400 11931
1784795400 58.7900 58.8400 58.7700 58.8200 12385
1784795460 58.8200 58.8300 58.8000 58.8200 6204
1784795520 58.8200 58.8400 58.7600 58.7800 2238
1784795580 58.7400 58.7800 58.7400 58.7500 16332
1784795640 58.7800 58.8800 58.7800 58.8500 14287
1784795700 58.8700 58.9200 58.8100 58.8400 11272
1784795760 58.8400 58.8400 58.8000 58.8000 18460
1784795820 58.8000 58.8100 58.8000 58.8100 3000
1784795880 58.8000 58.8200 58.7700 58.7800 18722
1784795940 58.7800 58.8400 58.7500 58.7500 12168
1784796000 58.7500 58.7900 58.7300 58.7500 13682
1784796060 58.7500 58.8000 58.7400 58.7700 26538
1784796120 58.7900 58.8800 58.7400 58.8100 41593
1784796180 58.8300 58.8500 58.7600 58.7700 23146
1784796240 58.7700 58.7800 58.7600 58.7700 9444
1784796300 58.7700 58.7900 58.7600 58.7700 14308
1784796360 58.7700 58.8100 58.7700 58.8100 14452
1784796420 58.8100 58.9000 58.8100 58.8900 3900
1784796480 58.8900 58.9000 58.8800 58.9000 1300
1784796540 58.9000 58.9300 58.9000 58.9300 2850
1784796600 58.9300 58.9900 58.9000 58.9700 14820
1784796660 58.9700 58.9700 58.9300 58.9600 6100
1784796720 58.9600 59.0000 58.9600 58.9600 7614
1784796780 58.9700 59.0400 58.9700 58.9800 10758
1784796840 58.9800 59.1000 58.9800 59.0800 11752
1784796900 59.0700 59.1000 59.0700 59.0900 8802
1784796960 59.0900 59.2000 59.0900 59.1200 34356
1784797020 59.1100 59.1800 59.1100 59.1500 10552
1784797080 59.1600 59.2200 59.1200 59.1500 22983
1784797140 59.1300 59.2000 59.1100 59.1700 18726
1784797200 59.1700 59.1700 59.0500 59.0500 13724
1784797260 59.0500 59.1500 59.0500 59.1200 10400
1784797320 59.1200 59.1300 59.0700 59.1200 18746
1784797380 59.1200 59.2900 59.1200 59.2600 31628
1784797440 59.2600 59.2800 59.2000 59.2800 7622
1784797500 59.2400 59.2400 59.1900 59.1900 3516
1784797560 59.1900 59.2900 59.1800 59.2900 14494
1784797620 59.2900 59.2900 59.2500 59.2500 1400
1784797680 59.2600 59.2800 59.2100 59.2100 16394
1784797740 59.2300 59.2500 59.2000 59.2000 9176
1784797800 59.2000 59.2000 59.1100 59.1700 20630
1784797860 59.1700 59.1700 59.1200 59.1200 3482
1784797920 59.1200 59.1400 59.1200 59.1400 400
1784797980 59.1400 59.1400 59.0500 59.0600 15126
1784798040 59.0600 59.0600 58.9700 58.9700 15144
1784798100 58.9700 59.0200 58.9600 58.9900 10194
1784798160 59.0100 59.0100 58.9900 59.0000 720
1784798220 59.0000 59.1300 59.0000 59.1200 3566
1784798280 59.1200 59.1500 59.0800 59.1100 4698
1784798340 59.1100 59.1100 59.1100 59.1100 0
1784798400 59.1100 59.1900 59.1100 59.1600 5552
1784798460 59.1600 59.1700 59.1400 59.1600 1972
1784798520 59.1700 59.2400 59.1700 59.2300 5620
1784798580 59.2300 59.3000 59.2300 59.2900 2578
1784798640 59.3000 59.4300 59.3000 59.4000 6964
1784798700 59.4000 59.4000 59.3100 59.3100 8414
1784798760 59.3600 59.3600 59.3000 59.3000 18120
1784798820 59.3000 59.3100 59.2700 59.2900 7166
1784798880 59.2900 59.2900 59.2600 59.2700 1126
1784798940 59.2700 59.2900 59.2500 59.2500 7580
1784799000 59.2500 59.2500 59.2000 59.2000 3180
1784799060 59.2700 59.2900 59.2200 59.2200 4850
1784799120 59.2200 59.2200 59.2200 59.2200 0
1784799180 59.2200 59.2200 59.1500 59.1600 10086
1784799240 59.1600 59.1800 59.1500 59.1600 8038
1784799300 59.1600 59.2100 59.1500 59.2100 3830
1784799360 59.2100 59.3000 59.1800 59.2100 12937
1784799420 59.2800 59.3500 59.2300 59.2700 41048
1784799480 59.2700 59.2800 59.2400 59.2500 11374
1784799540 59.2500 59.3200 59.2300 59.3000 20540
1784799600 59.3000 59.3200 59.2800 59.3000 6214
1784799660 59.3000 59.3000 59.3000 59.3000 0
1784799720 59.3000 59.3600 59.2800 59.2800 11534
1784799780 59.3000 59.3800 59.3000 59.3800 1982
1784799840 59.3800 59.3800 59.3700 59.3700 10000
1784799900 59.3700 59.4200 59.3700 59.4000 10533
1784799960 59.4000 59.4400 59.3800 59.3900 13512
1784800020 59.3900 59.3900 59.3300 59.3300 8934
1784800080 59.3300 59.3300 59.3200 59.3200 200
1784800140 59.3200 59.3200 59.2800 59.2800 9452
1784800200 59.2800 59.4100 59.2100 59.2500 72718
1784800260 59.2100 59.3000 59.1800 59.2000 78290
1784800320 59.2000 59.2700 59.1900 59.2600 14038
1784800380 59.2600 59.3100 59.2600 59.2600 27352
1784800440 59.3000 59.3500 59.2000 59.2000 32920
1784800500 59.2100 59.3100 59.2000 59.3000 17552
1784800560 59.3000 59.3000 59.2800 59.2800 20888
1784800620 59.2700 59.2800 59.2600 59.2700 3324
1784800680 59.2800 59.3500 59.2000 59.2000 33360
1784800740 59.2000 59.2100 59.1600 59.2100 8897
1784800800 59.2100 59.3100 59.1900 59.2900 9888
1784800860 59.2500 59.3200 59.0200 59.2600 77252
1784800920 59.2300 59.3600 59.2100 59.3400 28443
1784800980 59.3400 59.4200 59.3300 59.3500 41792
1784801040 59.3500 59.3700 59.2400 59.2400 24404
1784801100 59.2300 59.3200 59.2100 59.2800 20826
1784801160 59.2800 59.2800 59.2200 59.2600 1120
1784801220 59.2600 59.3500 59.2600 59.3000 24278
1784801280 59.3100 59.3400 59.2000 59.2200 35208
1784801340 59.2300 59.3300 59.1800 59.1800 13976
1784801400 59.1800 59.1800 59.1200 59.1600 7860
1784801460 59.1600 59.1800 59.1500 59.1700 1021
1784801520 59.1700 59.1700 59.1700 59.1700 0
1784801580 59.2300 59.2300 59.2100 59.2100 734
1784801640 59.2100 59.2100 59.1900 59.2100 2252
1784801700 59.2100 59.2700 59.2100 59.2300 18830
1784801760 59.2300 59.2400 59.1400 59.2100 18510
1784801820 59.2100 59.3000 59.2100 59.2600 18687
1784801880 59.2300 59.3000 59.2300 59.2700 12172
1784801940 59.2700 59.2700 59.1200 59.1500 5608
1784802000 59.1900 59.2000 59.1300 59.1900 7718
1784802060 59.1900 59.3000 59.1900 59.2100 29664
1784802120 59.2100 59.2100 59.1900 59.1900 3110
1784802180 59.1900 59.2700 59.1900 59.2300 14200
1784802240 59.2300 59.2300 59.2100 59.2100 910
1784802300 59.2100 59.3100 59.1900 59.2500 46572
1784802360 59.2500 59.3100 59.2100 59.2700 36284
1784802420 59.2500 59.3100 59.2300 59.2700 31808
1784802480 59.2500 59.3200 59.2100 59.2600 37584
1784802540 59.2600 59.2600 59.2100 59.2100 3816
1784802600 59.2100 59.3700 59.2100 59.3100 14098
1784802660 59.3100 59.4100 59.3000 59.3700 22802
1784802720 59.3700 59.3700 59.2300 59.2900 8150
1784802780 59.3000 59.3900 59.2700 59.3200 30696
1784802840 59.3200 59.3200 59.2900 59.2900 1972
1784802900 59.3200 59.4000 59.3200 59.3400 45902
1784802960 59.3400 59.4500 59.3400 59.4100 42084
1784803020 59.4100 59.4800 59.4000 59.4200 22217
1784803080 59.4300 59.4500 59.4000 59.4000 24772
1784803140 59.4000 59.4000 59.3600 59.3700 10702
1784803200 59.3700 59.4200 59.3700 59.4200 8916
1784803260 59.4200 59.4800 59.4200 59.4600 2327
1784803320 59.4600 59.5000 59.4600 59.4600 10300
1784803380 59.4600 59.4700 59.4100 59.4200 36612
1784803440 59.4200 59.4300 59.4100 59.4200 14178
1784803500 59.4200 59.4300 59.4200 59.4200 5316
1784803560 59.4200 59.4300 59.4200 59.4200 9220
1784803620 59.4200 59.4700 59.4200 59.4700 7202
1784803680 59.4800 59.5300 59.4800 59.5100 53611
1784803740 59.5100 59.5100 59.4700 59.4800 12720
1784803800 59.4800 59.4800 59.4100 59.4100 24342
1784803860 59.4100 59.4100 59.4100 59.4100 0
1784803920 59.4300 59.4300 59.3700 59.3700 12508
1784803980 59.3600 59.4200 59.3300 59.3600 20558
1784804040 59.3600 59.4200 59.3600 59.4200 7216
1784804100 59.4200 59.4400 59.4200 59.4400 994
1784804160 59.4400 59.4400 59.4200 59.4400 2372
1784804220 59.4400 59.4400 59.4400 59.4400 874
1784804280 59.4400 59.4800 59.4200 59.4200 33622
1784804340 59.4200 59.4600 59.4200 59.4600 18814
1784804400 59.4700 59.5900 59.4600 59.5600 30760
1784804460 59.5600 59.5800 59.4500 59.4600 86922
1784804520 59.4200 59.4600 59.3900 59.4000 122810
1784804580 59.4000 59.4400 59.3900 59.4200 35702
1784804640 59.4000 59.4600 59.3800 59.4000 158171
1784804700 59.4000 59.4200 59.3100 59.3100 34544
1784804760 59.3200 59.3200 59.2000 59.2800 95204
1784804820 59.2800 59.3100 59.2000 59.3000 55612
1784804880 59.2600 59.3100 59.2000 59.2000 65682
1784804940 59.2000 59.2200 59.2000 59.2000 13074
1784805000 59.2000 59.2100 59.2000 59.2100 35494
1784805060 59.2000 59.3200 59.1500 59.2900 63658
1784805120 59.3100 59.3600 59.2700 59.3400 66528
1784805180 59.3400 59.4000 59.2500 59.2500 41196
1784805240 59.2500 59.2900 59.2200 59.2500 16762
1784805300 59.2500 59.3400 59.2500 59.2600 9763
1784805360 59.2600 59.3100 59.2200 59.2200 11487
1784805420 59.2200 59.2400 59.1700 59.1700 17352
1784805480 59.1700 59.2100 59.1600 59.2000 23178
1784805540 59.2000 59.2100 59.1800 59.1900 11958
1784805600 59.1800 59.1800 59.0500 59.0500 23478
1784805660 59.0500 59.1200 59.0500 59.1000 15778
1784805720 59.1000 59.1000 59.0100 59.0100 22766
1784805780 59.0100 59.0100 58.9200 58.9200 41298
1784805840 58.9200 58.9700 58.8600 58.8600 19176
1784805900 58.8600 58.9600 58.8200 58.8900 49814
1784805960 58.9200 58.9600 58.8600 58.9100 30830
1784806020 58.9400 58.9800 58.8100 58.8200 27640
1784806080 58.8100 58.9000 58.8100 58.8500 18878
1784806140 58.8200 58.8200 58.7100 58.8000 27929
1784806200 58.7700 58.8700 58.7600 58.7900 30458
1784806260 58.7900 58.8700 58.7900 58.8700 20624
1784806320 58.8700 58.8800 58.7500 58.7900 47596
1784806380 58.8000 58.8900 58.7700 58.7700 36986
1784806440 58.7700 58.8500 58.7600 58.8300 11503
1784806500 58.8100 58.8100 58.5300 58.5300 90141
1784806560 58.5100 58.5900 58.4900 58.5900 14022
1784806620 58.5800 58.5800 58.3500 58.4300 184724
1784806680 58.4500 58.5000 58.3300 58.3700 30921
1784806740 58.3800 58.4700 58.3400 58.4400 27714
1784806800 58.4400 58.4400 58.3600 58.4200 25327
1784806860 58.4200 58.4300 58.3700 58.4000 5073
1784806920 58.4000 58.5000 58.4000 58.4500 9248
1784806980 58.4500 58.5000 58.4000 58.4200 7394
1784807040 58.4200 58.5000 58.4000 58.5000 11834
1784807100 58.5100 58.5200 58.4700 58.5000 6418
1784807160 58.4900 58.6000 58.4400 58.5100 29704
1784807220 58.5100 58.6000 58.4700 58.4700 21899
1784807280 58.4700 58.5800 58.4700 58.5500 4120
1784807340 58.5500 58.6300 58.5500 58.6200 27660
1784807400 58.6200 58.7200 58.6000 58.6000 43508
1784807460 58.6000 58.7100 58.5600 58.5900 29860
1784807520 58.5700 58.8100 58.5700 58.7900 22099
1784807580 58.7800 58.7800 58.6400 58.6400 33336
1784807640 58.6400 58.7800 58.6400 58.6700 18638
1784807700 58.6800 58.7000 58.6300 58.6300 4982
1784807760 58.6300 58.6300 58.5500 58.5500 15942
1784807820 58.5500 58.5800 58.5500 58.5700 7912
1784807880 58.6000 58.6300 58.6000 58.6300 1340
1784807940 58.6300 58.7300 58.6300 58.7200 28130
1784808000 58.7200 58.7200 58.6100 58.6100 2900
1784808060 58.5600 58.5700 58.5500 58.5500 19912
1784808120 58.5500 58.6500 58.5500 58.6000 9820
1784808180 58.6000 58.6000 58.5600 58.5700 1170
1784808240 58.5700 58.6300 58.5100 58.5100 11698
1784808300 58.5100 58.5400 58.4000 58.4000 51866
1784808360 58.4000 58.4500 58.4000 58.4000 19942
1784808420 58.4000 58.4100 58.3300 58.3400 11322
1784808480 58.3400 58.3500 58.2600 58.2600 22090
1784808540 58.2500 58.3000 58.2500 58.2700 14250
1784808600 58.2500 58.3400 58.2500 58.3400 117748
1784808660 58.3400 58.3400 58.2000 58.2300 42784
1784808720 58.2500 58.2500 58.1600 58.2200 12634
1784808780 58.2200 58.2600 58.1700 58.2100 27425
1784808840 58.2100 58.2100 58.1000 58.1000 10709
1784808900 58.0900 58.2500 58.0900 58.2000 26497
1784808960 58.2200 58.2200 58.0200 58.0900 25930
1784809020 58.0400 58.1800 58.0300 58.1100 24666
1784809080 58.1100 58.1200 58.0500 58.0500 4746
1784809140 58.0500 58.0600 57.9600 57.9600 73734
1784809200 57.9500 57.9700 57.9100 57.9100 20506
1784809260 57.9300 58.0000 57.9100 57.9900 19740
1784809320 58.0100 58.0300 57.9900 58.0100 28348
1784809380 58.0200 58.0200 57.9200 57.9200 11170
1784809440 57.9200 57.9500 57.8200 57.9000 57870
1784809500 57.9000 57.9100 57.8400 57.8800 4932
1784809560 57.8900 57.9000 57.8700 57.8700 11143
1784809620 57.8700 57.9700 57.8300 57.9200 11601
1784809680 57.9100 57.9200 57.7800 57.8500 41113
1784809740 57.8100 57.8300 57.7500 57.8100 48127
1784809800 57.8000 57.8600 57.7200 57.8400 15377
1784809860 57.8300 57.8800 57.7500 57.8400 31802
1784809920 57.8100 57.8200 57.7000 57.8100 74298
1784809980 57.7800 57.7800 56.9600 57.6300 591314
1784810040 57.6400 57.6400 57.5200 57.6200 37846
1784810100 57.6000 57.6600 57.5700 57.5800 36436
1784810160 57.5800 57.6000 57.4300 57.4300 96166
1784810220 57.4100 57.4800 57.3800 57.4000 105642
1784810280 57.4000 57.5400 57.3600 57.4400 122844
1784810340 57.4300 57.4500 57.3500 57.4300 60488
1784810400 57.4000 57.4000 57.2800 57.3400 36516
1784810460 57.3600 57.5000 57.3500 57.5000 75465
1784810520 57.5000 57.5000 57.3400 57.3900 21286
1784810580 57.3500 57.4300 57.3000 57.3300 36849
1784810640 57.3600 57.4300 57.3600 57.4000 12986
1784810700 57.4000 57.4200 57.3200 57.4000 26270
1784810760 57.4000 57.4100 57.3300 57.4100 29429
1784810820 57.4200 57.4200 57.2700 57.2700 19882
1784810880 57.2600 57.2800 57.1900 57.2000 15252
1784810940 57.2000 57.3700 57.1900 57.3700 34818
1784811000 57.3700 57.4700 57.3400 57.4400 29974
1784811060 57.4200 57.5800 57.4100 57.5300 54504
1784811120 57.4900 57.5300 57.4500 57.5100 39972
1784811180 57.5100 57.5700 57.5000 57.5700 43217
1784811240 57.5500 57.5500 57.4100 57.4300 58962
1784811300 57.4200 57.5000 57.4200 57.4900 12734
1784811360 57.4900 57.5600 57.4200 57.4500 66519
1784811420 57.4600 57.5700 57.4600 57.5400 26042
1784811480 57.5500 57.5600 57.4600 57.5000 37644
1784811540 57.5000 57.5300 57.5000 57.5000 5740
1784811600 57.5000 57.5000 57.4100 57.4500 42969
1784811660 57.4400 57.6200 57.4400 57.5900 34716
1784811720 57.5900 57.5900 57.4000 57.4100 19011
1784811780 57.4000 57.4500 57.2500 57.3600 28216
1784811840 57.3200 57.3800 57.2800 57.3000 10831
1784811900 57.3000 57.3000 57.1200 57.1500 52632
1784811960 57.1100 57.1300 57.0500 57.0500 47059
1784812020 57.0400 57.2000 57.0400 57.1600 32972
1784812080 57.1300 57.1900 57.0500 57.0500 21718
1784812140 57.0300 57.0600 56.9000 56.9200 63988
1784812200 56.9500 56.9800 56.8800 56.9000 109556
1784812260 56.9000 56.9800 56.8500 56.8500 49481
1784812320 56.8500 56.9700 56.8100 56.9700 80657
1784812380 56.9800 56.9900 56.8900 56.9100 16299
1784812440 56.9200 56.9800 56.9000 56.9300 36934
1784812500 56.9300 57.0000 56.9200 56.9300 18728
1784812560 56.9300 56.9900 56.9200 56.9900 17264
1784812620 57.0100 57.0100 56.8800 56.9900 64100
1784812680 57.0000 57.0200 56.9100 57.0000 15614
1784812740 57.0000 57.0000 56.9200 57.0000 15910
1784812800 56.9900 57.0000 56.8900 56.9800 22274
1784812860 56.9800 57.1800 56.9800 57.1500 15150
1784812920 57.1400 57.1700 56.9900 57.1700 25898
1784812980 57.1700 57.1700 57.0700 57.1200 12872
1784813040 57.1200 57.1500 57.0900 57.1100 26647
1784813100 57.1100 57.2400 57.1000 57.1800 71458
1784813160 57.1800 57.2000 57.1000 57.1000 41170
1784813220 57.1300 57.3500 57.1000 57.3200 19188
1784813280 57.3500 57.4700 57.3500 57.4200 25826
1784813340 57.4300 57.5500 57.3800 57.4800 37336
1784813400 57.4400 57.5500 57.0300 57.3600 1783901
1784813460 57.3700 57.7900 57.3400 57.7700 561555
1784813520 57.7800 57.8600 57.5000 57.5400 719082
1784813580 57.5400 57.6100 57.2000 57.5600 1303445
1784813640 57.5700 57.8500 57.5100 57.7700 469764
1784813700 57.7500 58.0900 57.7400 57.9300 737274
1784813760 57.9200 58.5300 57.7800 58.4500 676300
1784813820 58.4400 58.7700 58.3800 58.6000 596121
1784813880 58.5900 58.7600 58.3500 58.4900 675426
1784813940 58.4800 58.6100 58.2900 58.4200 747557
1784814000 58.4500 58.6500 58.4500 58.6000 284668
1784814060 58.6000 58.9000 58.5400 58.5700 624588
1784814120 58.5600 58.7900 58.4700 58.7500 412580
1784814180 58.7500 59.0200 58.7300 58.9800 555356
1784814240 58.9800 59.0600 58.8400 58.9400 438586
1784814300 58.9300 59.0300 58.8000 59.0200 585383
1784814360 59.0200 59.0900 58.8000 59.0400 758111
1784814420 59.0400 59.1200 58.9500 58.9600 242935
1784814480 58.9500 59.0000 58.7400 58.7600 455077
1784814540 58.7800 58.8200 58.5100 58.5900 234063
1784814600 58.5700 58.8400 58.5200 58.6800 261091
1784814660 58.6800 58.7700 58.2500 58.3000 217780
1784814720 58.3100 58.4200 58.1600 58.3500 531107
1784814780 58.3400 58.6000 58.2800 58.5600 281222
1784814840 58.5500 58.7300 58.5300 58.6400 383605
1784814900 58.6300 58.7400 58.5300 58.5700 205293
1784814960 58.5700 58.5800 58.3700 58.3800 362331
1784815020 58.3800 58.4300 58.0800 58.0900 210946
1784815080 58.0900 58.0900 57.9100 58.0800 353212
1784815140 58.0900 58.1900 58.0300 58.0300 185467
1784815200 58.0500 58.3600 58.0300 58.3000 367764
1784815260 58.3000 58.3500 58.1400 58.1700 189700
1784815320 58.1500 58.3100 58.0300 58.3100 215700
1784815380 58.3200 58.3900 58.2300 58.2700 164728
1784815440 58.2500 58.5400 58.2400 58.3900 242070
1784815500 58.4000 58.6900 58.3800 58.6800 186853
1784815560 58.6700 58.7400 58.6100 58.6300 93211
1784815620 58.6300 58.7500 58.6000 58.6600 129513
1784815680 58.6600 58.7900 58.3600 58.4100 258837
1784815740 58.4300 58.4500 58.2000 58.4500 243259
1784815800 58.4500 58.6100 58.3700 58.5200 134140
1784815860 58.5300 58.5700 58.3400 58.4600 120096
1784815920 58.4600 58.6400 58.4600 58.5700 245705
1784815980 58.5700 58.6500 58.4900 58.5100 148686
1784816040 58.5500 58.6000 58.3500 58.4100 153534
1784816100 58.4000 58.5300 58.3000 58.3300 136202
1784816160 58.3200 58.3800 58.1700 58.3800 212899
1784816220 58.3600 58.5600 58.2400 58.5000 255037
1784816280 58.5000 58.5600 58.4200 58.4400 108983
1784816340 58.4100 58.5600 58.3800 58.4700 92005
1784816400 58.4800 58.6300 58.4500 58.4800 110693
1784816460 58.4800 58.8100 58.4500 58.8000 172754
1784816520 58.8000 58.9300 58.7700 58.8600 450817
1784816580 58.8600 58.9100 58.7400 58.8000 290503
1784816640 58.8300 58.8300 58.5100 58.6200 323466
1784816700 58.6100 58.9500 58.5400 58.9500 292954
1784816760 58.9400 58.9500 58.6800 58.8500 223501
1784816820 58.8800 58.8900 58.7400 58.8400 151192
1784816880 58.8400 58.9100 58.6700 58.6700 220760
1784816940 58.6800 58.8800 58.6400 58.8300 66047
1784817000 58.8200 58.9300 58.7900 58.7900 73260
1784817060 58.7700 58.8300 58.6100 58.6200 94858
1784817120 58.6500 58.6600 58.3800 58.4300 181221
1784817180 58.4300 58.5100 58.2800 58.3000 161643
1784817240 58.3000 58.5100 58.2800 58.5000 198304
1784817300 58.4800 58.5500 58.3700 58.3900 191439
1784817360 58.3900 58.5000 58.3800 58.4200 51996
1784817420 58.4400 58.8900 58.4400 58.8600 204410
1784817480 58.8500 58.8600 58.6700 58.7200 82934
1784817540 58.7200 58.8000 58.6900 58.8000 89745
1784817600 58.7800 58.8900 58.7300 58.7600 112558
1784817660 58.7500 58.7900 58.5600 58.5700 188734
1784817720 58.5700 58.6200 58.4100 58.4500 233380
1784817780 58.4600 58.4900 58.2900 58.4000 196604
1784817840 58.4000 58.4300 58.3100 58.4000 200152
1784817900 58.4000 58.4400 58.3100 58.3200 202221
1784817960 58.3200 58.5300 58.2900 58.4700 170191
1784818020 58.4700 58.5400 58.4100 58.4200 121175
1784818080 58.4200 58.4200 58.2900 58.3400 137710
1784818140 58.3400 58.4700 58.3300 58.4200 132809
1784818200 58.4300 58.5200 58.3300 58.3700 103286
1784818260 58.3600 58.4200 58.2300 58.2700 134310
1784818320 58.2600 58.4700 58.2300 58.4700 109572
1784818380 58.4400 58.4400 58.2300 58.2400 84856
1784818440 58.2400 58.2400 58.1100 58.1100 224740
1784818500 58.1000 58.2100 58.0700 58.1100 184816
1784818560 58.1100 58.2800 58.1100 58.2800 151069
1784818620 58.2900 58.4200 58.2500 58.4200 112855
1784818680 58.4100 58.4400 58.3000 58.3200 113474
1784818740 58.3100 58.4100 58.2900 58.3200 153886
1784818800 58.3200 58.3400 58.2000 58.2300 105964
1784818860 58.2200 58.2500 58.1000 58.1900 270714
1784818920 58.1900 58.3200 58.1600 58.2400 171838
1784818980 58.2300 58.3800 58.2100 58.3200 200638
1784819040 58.3100 58.3200 58.2100 58.2700 173896
1784819100 58.2600 58.2900 58.1800 58.2000 103018
1784819160 58.2000 58.2200 58.0900 58.1700 143112
1784819220 58.1700 58.2700 58.1200 58.2100 198250
1784819280 58.2000 58.2700 58.1700 58.2500 266414
1784819340 58.2500 58.3500 58.0900 58.1100 264324
1784819400 58.1000 58.2000 58.0200 58.0300 217399
1784819460 58.0300 58.0500 57.8600 57.8600 311051
1784819520 57.8700 57.8700 57.6300 57.7300 836331
1784819580 57.7400 57.8300 57.7100 57.7300 303098
1784819640 57.7300 57.7500 57.6000 57.6700 485841
1784819700 57.6700 57.9000 57.6500 57.8600 184065
1784819760 57.8600 57.8900 57.7700 57.8000 388596
1784819820 57.8000 57.9700 57.7900 57.9100 421566
1784819880 57.9100 57.9800 57.8400 57.9200 356964
1784819940 57.9300 58.0500 57.9100 58.0300 119704
1784820000 58.0400 58.2200 58.0300 58.1300 176094
1784820060 58.1300 58.1700 57.9200 57.9300 304532
1784820120 57.9200 57.9500 57.6000 57.7500 305184
1784820180 57.7500 57.8600 57.7300 57.7800 378911
1784820240 57.7800 57.8800 57.7800 57.8400 149721
1784820300 57.8300 57.8400 57.6600 57.7300 117276
1784820360 57.7100 57.7100 57.5100 57.5700 460733
1784820420 57.5700 57.5800 57.4000 57.4100 580562
1784820480 57.4100 57.5500 57.3500 57.3600 679165
1784820540 57.3600 57.5500 57.3300 57.5200 769207
1784820600 57.5200 57.5700 57.4600 57.5300 195289
1784820660 57.5200 57.5900 57.3900 57.5600 242923
1784820720 57.5700 57.6800 57.5600 57.6000 350353
1784820780 57.6100 57.6400 57.5300 57.5700 101375
1784820840 57.5700 57.6700 57.5200 57.6200 104014
1784820900 57.6300 57.9300 57.6300 57.8600 205284
1784820960 57.8500 57.9500 57.8000 57.9500 124746
1784821020 57.9500 58.1000 57.8700 57.9100 329989
1784821080 57.9200 58.0300 57.8900 57.9800 80896
1784821140 57.9700 57.9900 57.9200 57.9700 67016
1784821200 57.9600 58.1200 57.9600 58.0100 131547
1784821260 58.0000 58.0800 57.9400 58.0700 110345
1784821320 58.0700 58.1600 57.9400 57.9700 72791
1784821380 57.9700 58.0500 57.9400 57.9800 62654
1784821440 57.9700 57.9800 57.8300 57.8400 104558
1784821500 57.8400 57.9300 57.7800 57.8900 106472
1784821560 57.8900 57.9200 57.7800 57.8000 104370
1784821620 57.7900 57.8500 57.7300 57.8000 144267
1784821680 57.8000 57.9100 57.7900 57.8300 88140
1784821740 57.8300 57.9800 57.8000 57.9600 115332
1784821800 57.9400 58.0200 57.8800 58.0100 68901
1784821860 58.0200 58.0600 57.9400 57.9700 149653
1784821920 57.9900 58.1600 57.9900 58.1000 107685
1784821980 58.0900 58.0900 58.0200 58.0300 62285
1784822040 58.0400 58.1600 58.0400 58.1300 83082
1784822100 58.1300 58.2400 58.1000 58.2300 77288
1784822160 58.2200 58.3000 58.1300 58.1900 91168
1784822220 58.1900 58.2000 58.0400 58.1800 96195
1784822280 58.1700 58.2300 58.1200 58.1700 49447
1784822340 58.1900 58.2600 58.1800 58.2300 81830
1784822400 58.2400 58.3100 58.2000 58.3100 118532
1784822460 58.3100 58.3200 58.2200 58.2700 169047
1784822520 58.2800 58.5400 58.2400 58.5300 281883
1784822580 58.5400 58.6500 58.5000 58.5600 145339
1784822640 58.5600 58.6400 58.5300 58.6100 113015
1784822700 58.6000 58.6300 58.3600 58.3800 246196
1784822760 58.3800 58.4000 58.2300 58.2500 109754
1784822820 58.2500 58.3100 58.1300 58.1400 212326
1784822880 58.1400 58.3100 58.1300 58.2900 330530
1784822940 58.2900 58.3300 58.2700 58.3000 63207
1784823000 58.3100 58.3700 58.3000 58.3500 86494
1784823060 58.3300 58.4000 58.2900 58.3800 97204
1784823120 58.3800 58.4800 58.3600 58.3800 89761
1784823180 58.3800 58.5100 58.3700 58.3700 72130
1784823240 58.3800 58.4800 58.3500 58.3800 107114
1784823300 58.3800 58.5000 58.3700 58.4700 39706
1784823360 58.4700 58.4800 58.2700 58.2800 87764
1784823420 58.2800 58.3700 58.2600 58.3400 98388
1784823480 58.3600 58.4300 58.3200 58.3800 60663
1784823540 58.3700 58.3700 58.2100 58.3000 49658
1784823600 58.3000 58.4500 58.3000 58.4300 56397
1784823660 58.4100 58.4300 58.3400 58.3800 59522
1784823720 58.3800 58.4800 58.3300 58.4700 52218
1784823780 58.4700 58.6400 58.4600 58.6000 83406
1784823840 58.5900 58.6600 58.5700 58.6200 111150
1784823900 58.6200 58.7500 58.6100 58.7500 203231
1784823960 58.7500 58.7700 58.7000 58.7100 208842
1784824020 58.7100 58.8900 58.6800 58.8600 475648
1784824080 58.8700 59.0000 58.8600 58.9700 230840
1784824140 58.9800 59.1400 58.9600 59.0500 353410
1784824200 59.0500 59.0700 58.8700 58.8900 342007
1784824260 58.9000 58.9500 58.8500 58.8600 88826
1784824320 58.8700 58.9200 58.8200 58.8600 52844
1784824380 58.8500 58.9700 58.8400 58.9600 90270
1784824440 58.9600 59.0400 58.9600 59.0200 141980
1784824500 59.0200 59.2200 59.0100 59.1900 195042
1784824560 59.2000 59.2000 59.0100 59.0500 150848
1784824620 59.0500 59.1400 58.9900 59.1200 158283
1784824680 59.1000 59.2300 59.0700 59.2200 120632
1784824740 59.2000 59.2200 59.0900 59.1100 107770
1784824800 59.1100 59.1300 59.0100 59.0500 124444
1784824860 59.0500 59.0500 58.9600 59.0100 368003
1784824920 59.0200 59.0700 58.9800 59.0500 81241
1784824980 59.0700 59.1100 59.0500 59.0500 67847
1784825040 59.0500 59.0600 58.9100 58.9400 82778
1784825100 58.9300 58.9400 58.7300 58.7300 114604
1784825160 58.7400 58.7600 58.6600 58.7400 120930
1784825220 58.7500 58.8300 58.7100 58.8300 154962
1784825280 58.8300 58.8700 58.7300 58.7600 112890
1784825340 58.7700 58.8200 58.7300 58.7800 77064
1784825400 58.7900 58.7900 58.6300 58.6400 103682
1784825460 58.6300 58.6600 58.5400 58.5500 115292
1784825520 58.5600 58.7000 58.5500 58.6300 109724
1784825580 58.6200 58.6300 58.5100 58.5500 85311
1784825640 58.5500 58.5900 58.4800 58.4800 84277
1784825700 58.4800 58.5800 58.4800 58.5400 105006
1784825760 58.5300 58.5700 58.4800 58.5200 61294
1784825820 58.5300 58.6200 58.5200 58.5900 179798
1784825880 58.5900 58.6900 58.5700 58.6400 163311
1784825940 58.6400 58.7600 58.6400 58.6600 263932
1784826000 58.6500 58.7300 58.5000 58.6900 134194
1784826060 58.6900 58.7900 58.6700 58.7400 153493
1784826120 58.7300 58.7300 58.6100 58.6700 70560
1784826180 58.6700 58.6900 58.6200 58.6600 114877
1784826240 58.6700 58.6700 58.4700 58.4800 285002
1784826300 58.4800 58.4800 58.3200 58.4200 158268
1784826360 58.4300 58.5000 58.3400 58.3700 118643
1784826420 58.3800 58.5000 58.3500 58.4800 68515
1784826480 58.4800 58.6000 58.4500 58.5300 60552
1784826540 58.5200 58.6500 58.4400 58.5900 61028
1784826600 58.5800 58.7000 58.5700 58.5900 106931
1784826660 58.6000 58.6800 58.5700 58.6600 122008
1784826720 58.6800 58.7200 58.6500 58.7000 75999
1784826780 58.7100 58.7600 58.6400 58.6600 102792
1784826840 58.6500 58.6800 58.5500 58.6300 54232
1784826900 58.6300 58.7100 58.6300 58.6500 36554
1784826960 58.6600 58.7400 58.6500 58.7200 60885
1784827020 58.7100 58.7800 58.6600 58.6600 52254
1784827080 58.6600 58.7400 58.6200 58.7300 59848
1784827140 58.7300 58.7900 58.6900 58.7600 103622
1784827200 58.7600 58.9400 58.7600 58.8500 120243
1784827260 58.8500 58.8700 58.6800 58.7000 73171
1784827320 58.7100 58.7500 58.6400 58.6800 33100
1784827380 58.7000 58.8500 58.6800 58.8300 27348
1784827440 58.8300 58.8700 58.8000 58.8500 35260
1784827500 58.8300 58.8600 58.7800 58.8300 22740
1784827560 58.8600 58.8900 58.8000 58.8800 448822
1784827620 58.8800 58.9100 58.8400 58.9000 62287
1784827680 58.8900 58.9200 58.8500 58.9000 42980
1784827740 58.9000 58.9200 58.8500 58.8600 29566
1784827800 58.8500 58.8900 58.7900 58.8900 32000
1784827860 58.8400 58.8600 58.7100 58.7300 31193
1784827920 58.7100 58.7300 58.6500 58.6700 48240
1784827980 58.6700 58.7500 58.6500 58.7200 37380
1784828040 58.7200 58.7700 58.7000 58.7300 20974
1784828100 58.7200 58.7600 58.6200 58.6200 29189
1784828160 58.6300 58.7100 58.6000 58.6200 98916
1784828220 58.6200 58.6700 58.6000 58.6200 87054
1784828280 58.6200 58.6500 58.5900 58.6100 65062
1784828340 58.6100 58.6600 58.5400 58.5500 42388
1784828400 58.5600 58.6000 58.5000 58.5300 134850
1784828460 58.5400 58.5500 58.4800 58.5300 49086
1784828520 58.5300 58.5900 58.5000 58.5800 100198
1784828580 58.5800 58.6300 58.5400 58.6100 42344
1784828640 58.6200 58.6600 58.5700 58.6000 130674
1784828700 58.5800 58.7600 58.5400 58.7400 174514
1784828760 58.7300 58.8000 58.6700 58.7700 117214
1784828820 58.7800 58.8300 58.7400 58.7500 74612
1784828880 58.7600 58.8300 58.7500 58.8200 113230
1784828940 58.8100 58.8500 58.7800 58.7900 123502
1784829000 58.7900 58.8100 58.7400 58.7800 93144
1784829060 58.7600 58.7800 58.6600 58.7000 77744
1784829120 58.7100 58.8200 58.6900 58.7800 151197
1784829180 58.7800 58.8200 58.7100 58.7600 170755
1784829240 58.7500 58.8000 58.7100 58.7500 121068
1784829300 58.7300 58.7500 58.6700 58.7300 104805
1784829360 58.7200 58.7200 58.5700 58.6100 107610
1784829420 58.6100 58.6200 58.5700 58.5800 69932
1784829480 58.5900 58.6300 58.5600 58.6200 112423
1784829540 58.6100 58.6200 58.5200 58.5400 111668
1784829600 58.5500 58.6100 58.4500 58.5800 128244
1784829660 58.5700 58.5700 58.4700 58.5500 108632
1784829720 58.5500 58.6000 58.5500 58.5800 66973
1784829780 58.5900 58.6500 58.5800 58.6300 88792
1784829840 58.6300 58.6600 58.5100 58.5300 118568
1784829900 58.5200 58.5200 58.4700 58.5100 77158
1784829960 58.5000 58.5500 58.4800 58.5300 96870
1784830020 58.5200 58.5300 58.3900 58.4100 99651
1784830080 58.4100 58.5200 58.4000 58.5100 170251
1784830140 58.5100 58.5200 58.4100 58.4200 79088
1784830200 58.4200 58.4600 58.3800 58.4200 83718
1784830260 58.4300 58.4500 58.3800 58.4500 178636
1784830320 58.4500 58.5700 58.4500 58.5600 53728
1784830380 58.5500 58.6000 58.5300 58.5600 138218
1784830440 58.5500 58.5800 58.4900 58.5000 63205
1784830500 58.4900 58.5500 58.4700 58.5400 35559
1784830560 58.5400 58.5800 58.4900 58.5000 48917
1784830620 58.5000 58.5200 58.4100 58.4300 40146
1784830680 58.4300 58.5000 58.4100 58.4300 17327
1784830740 58.4300 58.4900 58.4000 58.4700 24524
1784830800 58.4900 58.5000 58.4300 58.4500 207445
1784830860 58.4400 58.5500 58.4200 58.5500 36584
1784830920 58.5400 58.5800 58.5200 58.5600 12814
1784830980 58.5600 58.6100 58.5400 58.6000 40994
1784831040 58.6100 58.6700 58.6000 58.6400 64414
1784831100 58.6400 58.6500 58.5500 58.5900 25814
1784831160 58.6000 58.6300 58.5700 58.6100 51390
1784831220 58.6100 58.6200 58.5100 58.5100 45236
1784831280 58.5100 58.6100 58.5100 58.5600 27646
1784831340 58.5800 58.6300 58.5700 58.5900 17532
1784831400 58.6200 58.6800 58.5600 58.6100 37702
1784831460 58.6200 58.6800 58.6200 58.6800 13324
1784831520 58.6700 58.7200 58.6400 58.6900 52562
1784831580 58.7000 58.7200 58.6600 58.7200 29560
1784831640 58.7300 58.7900 58.7200 58.7900 124612
1784831700 58.7900 58.8300 58.7100 58.7200 56422
1784831760 58.7200 58.7200 58.6100 58.6200 47806
1784831820 58.6200 58.6300 58.5400 58.6000 29694
1784831880 58.6200 58.6500 58.5500 58.5700 22386
1784831940 58.5800 58.6500 58.5400 58.6500 50473
1784832000 58.6400 58.6800 58.6000 58.6700 124179
1784832060 58.6700 58.6700 58.5600 58.5800 66477
1784832120 58.5800 58.5800 58.5000 58.5300 40384
1784832180 58.5300 58.5300 58.4500 58.4900 170570
1784832240 58.5000 58.5200 58.4500 58.4800 45132
1784832300 58.4800 58.5300 58.4800 58.5000 92902
1784832360 58.5000 58.5400 58.4600 58.4900 62537
1784832420 58.4800 58.5400 58.4800 58.5300 60764
1784832480 58.5400 58.5600 58.5300 58.5400 79305
1784832540 58.5400 58.5400 58.4600 58.4700 61169
1784832600 58.4800 58.5100 58.4400 58.5100 30042
1784832660 58.5100 58.5300 58.4900 58.5000 35382
1784832720 58.5000 58.5400 58.4600 58.5000 23413
1784832780 58.4800 58.4800 58.3900 58.4400 70579
1784832840 58.4300 58.4400 58.2000 58.2100 218985
1784832900 58.1800 58.2600 58.1500 58.2600 95439
1784832960 58.2700 58.2800 58.2000 58.2300 45968
1784833020 58.2500 58.2600 58.1900 58.2300 115870
1784833080 58.2300 58.2600 58.1300 58.1900 126402
1784833140 58.1900 58.3000 58.1800 58.2900 75501
1784833200 58.3000 58.3700 58.2600 58.2800 91360
1784833260 58.2700 58.2800 58.2000 58.2300 40904
1784833320 58.2300 58.2300 58.1900 58.1900 33987
1784833380 58.1900 58.2000 58.0800 58.0900 89294
1784833440 58.0800 58.1100 58.0300 58.0600 77391
1784833500 58.0600 58.0700 57.9900 58.0500 300010
1784833560 58.0500 58.0800 58.0000 58.0300 50308
1784833620 58.0400 58.0600 57.8500 57.8600 126877
1784833680 57.8600 57.9700 57.8200 57.9400 168586
1784833740 57.9400 57.9500 57.8600 57.8700 144014
1784833800 57.8600 57.9100 57.8400 57.9000 150925
1784833860 57.8900 57.9300 57.8500 57.8900 197446
1784833920 57.8800 57.9500 57.8800 57.8900 228680
1784833980 57.8800 57.9000 57.7900 57.8400 219590
1784834040 57.8300 57.8500 57.8000 57.8000 156765
1784834100 57.8000 57.8400 57.7600 57.7600 153885
1784834160 57.7800 57.8700 57.7800 57.8700 172783
1784834220 57.8700 58.0000 57.8600 57.9300 174123
1784834280 57.9200 57.9300 57.8400 57.8700 164622
1784834340 57.8700 57.9100 57.8600 57.8800 166840
1784834400 57.8900 57.9400 57.8800 57.9200 85259
1784834460 57.9300 58.0500 57.9200 58.0200 49386
1784834520 58.0700 58.0900 57.9400 57.9600 109498
1784834580 57.9700 58.0500 57.9500 58.0200 98036
1784834640 58.0200 58.1100 58.0000 58.1100 112717
1784834700 58.1000 58.2300 58.1000 58.2300 173213
1784834760 58.2100 58.2200 58.1300 58.1600 142114
1784834820 58.1500 58.2600 58.1000 58.2200 428342
1784834880 58.2100 58.2300 58.1300 58.1700 209714
1784834940 58.1800 58.4000 58.1800 58.4000 283058
1784835000 58.4100 58.4600 58.3700 58.4400 177840
1784835060 58.4300 58.4400 58.2500 58.2700 286542
1784835120 58.2600 58.2800 58.2300 58.2500 172558
1784835180 58.2500 58.2600 58.0900 58.1400 247706
1784835240 58.1600 58.2700 58.1500 58.2000 108467
1784835300 58.2000 58.3000 58.1600 58.2400 321914
1784835360 58.2500 58.3100 58.2100 58.3000 292497
1784835420 58.3000 58.3600 58.2600 58.3000 162792
1784835480 58.3000 58.3200 58.2300 58.2300 145368
1784835540 58.2500 58.2800 58.2000 58.2300 142123
1784835600 58.2300 58.2600 58.1900 58.2100 251091
1784835660 58.2100 58.2100 58.0700 58.0900 145168
1784835720 58.0900 58.0900 57.9800 58.0100 110862
1784835780 58.0100 58.0300 57.9700 58.0100 117518
1784835840 58.0000 58.0400 57.9300 58.0100 195434
1784835900 58.0200 58.0600 57.9800 58.0400 332527
1784835960 58.0500 58.0500 57.9600 57.9900 223316
1784836020 58.0000 58.0600 57.9400 58.0400 219896
1784836080 58.0500 58.0800 57.9300 57.9400 94330
1784836140 57.9400 57.9400 57.8700 57.9000 152890
1784836200 57.8900 58.1600 57.8900 57.9600 532597
1784836260 57.9500 58.0300 57.9000 58.0100 337340
1784836320 58.0200 58.0500 57.9100 57.9700 152842
1784836380 57.9700 57.9700 57.9000 57.9200 309942
1784836440 57.9200 58.0200 57.8300 57.9900 225602
1784836500 58.0000 58.0500 57.9200 58.0100 317877
1784836560 58.0000 58.0200 57.9200 57.9900 573596
1784836620 58.0000 58.1100 57.9900 58.1100 317600
1784836680 58.1100 58.2800 58.1000 58.2800 839064
1784836740 58.2800 58.5000 58.2800 58.4000 800101
1784836800 58.4000 58.5800 58.3000 58.5800 1818745
1784836860 58.5300 58.6700 58.5300 58.6200 28556
1784836920 58.6100 58.7500 58.6000 58.6800 74235
1784836980 58.6700 58.8400 58.6500 58.7100 39420
1784837040 58.7000 58.8000 58.3000 58.7900 4019848
1784837100 58.3000 58.8400 58.3000 58.8200 4049458
1784837160 58.8200 58.9500 58.8000 58.9300 49560
1784837220 58.9400 58.9900 58.9000 58.9600 80926
1784837280 58.9500 59.0000 58.9500 58.9900 36746
