1784790720 376.2800 376.2900 376.2800 376.2900 383
1784790780 376.2900 376.3800 376.2900 376.3800 40
1784790840 376.3800 376.6200 376.3800 376.6200 160
1784790900 376.6200 376.6200 376.6200 376.6200 0
1784790960 376.8000 376.8000 376.8000 376.8000 100
1784791020 376.8000 376.8000 376.8000 376.8000 0
1784791080 376.8000 376.8000 376.8000 376.8000 0
1784791140 376.8000 376.8000 376.8000 376.8000 0
1784791200 376.8000 376.8000 376.8000 376.8000 0
1784791260 376.8000 376.8000 376.8000 376.8000 0
1784791320 376.8000 376.8000 376.8000 376.8000 0
1784791380 376.8000 376.8000 376.8000 376.8000 0
1784791440 376.8000 376.8000 376.8000 376.8000 0
1784791500 376.8000 376.8000 376.8000 376.8000 0
1784791560 376.8000 376.8000 376.8000 376.8000 0
1784791620 377.0000 377.0000 377.0000 377.0000 287
1784791680 377.0000 377.0000 376.9000 376.9000 200
1784791740 376.8100 376.8100 376.8100 376.8100 50
1784791800 376.8100 376.8100 376.7300 376.7300 288
1784791860 376.7300 376.7300 376.4000 376.4200 288
1784791920 376.4200 376.4200 376.3800 376.3800 60
1784791980 376.4500 376.4500 376.4500 376.4500 280
1784792040 376.4500 376.5200 376.4500 376.5200 52
1784792100 376.5200 376.5200 376.5200 376.5200 0
1784792160 376.5200 376.5200 376.5200 376.5200 0
1784792220 376.5200 376.5200 376.5200 376.5200 0
1784792280 376.5200 376.5200 376.5200 376.5200 0
1784792340 376.5200 376.5200 376.1200 376.2400 240
1784792400 376.2400 376.2600 376.2400 376.2600 160
1784792460 376.2600 376.2600 376.2600 376.2600 0
1784792520 376.2600 376.2600 375.7200 375.7500 2880
1784792580 375.7500 375.7600 375.4600 375.7600 336
1784792640 375.7600 375.7600 375.6800 375.6800 76
1784792700 375.6800 375.6800 375.5700 375.5700 250
1784792760 375.5700 375.5700 375.5400 375.5400 58
1784792820 375.5400 375.5400 375.5400 375.5400 0
1784792880 375.5400 375.5400 375.5400 375.5400 0
1784792940 375.5400 375.5400 375.4600 375.5100 1656
1784793600 376.6000 378.6900 375.4000 375.4800 4248
1784793660 375.3600 378.7000 375.1500 378.4600 16879
1784793720 375.3000 378.8000 375.3000 375.3000 37466
1784793780 375.3000 375.3000 375.3000 375.3000 0
1784793840 375.3000 375.5000 375.3000 375.5000 500
1784793900 375.5000 375.5000 375.3000 375.3000 200
1784793960 375.3000 375.4800 375.3000 375.4800 66
1784794020 375.5000 375.5000 375.5000 375.5000 9414
1784794080 375.5000 375.5000 375.5000 375.5000 0
1784794140 375.5000 375.5000 375.5000 375.5000 0
1784794200 375.5000 375.5000 375.5000 375.5000 0
1784794260 375.5000 375.5000 375.5000 375.5000 0
1784794320 375.6400 375.6400 375.5800 375.5800 320
1784794380 375.5800 375.5800 375.5800 375.5800 0
1784794440 375.5800 375.5800 375.5800 375.5800 0
1784794500 375.5800 375.5800 375.5800 375.5800 0
1784794560 375.5800 375.5800 375.2200 375.2200 90
1784794620 375.2200 375.2200 375.2200 375.2200 0
1784794680 375.2200 375.2200 375.2200 375.2200 0
1784794740 375.2200 375.2200 375.1600 375.1600 262
1784794800 375.1600 375.1600 375.1600 375.1600 0
1784794860 375.1600 375.1600 375.0500 375.0500 400
1784794920 375.0500 375.0500 375.0500 375.0500 0
1784794980 375.0500 375.0500 375.0500 375.0500 0
1784795040 375.0500 375.0500 375.0500 375.0500 0
1784795100 375.2700 375.2700 375.1000 375.2500 2421
1784795160 375.2500 375.2500 375.1900 375.1900 310
1784795220 375.1900 375.2400 375.1900 375.2400 264
1784795280 375.2400 375.3300 375.2200 375.2200 280
1784795340 375.2200 375.2500 375.2200 375.2500 200
1784795400 375.2500 375.2500 375.2500 375.2500 0
1784795460 375.2500 375.2600 375.2500 375.2600 212
1784795520 375.2600 375.2600 375.2600 375.2600 0
1784795580 375.2600 375.2600 375.2600 375.2600 0
1784795640 375.2600 375.2600 375.2600 375.2600 0
1784795700 375.2600 375.2600 375.2600 375.2600 0
1784795760 375.2600 375.2600 375.2600 375.2600 0
1784795820 375.2600 375.2600 375.2600 375.2600 0
1784795880 375.2600 375.2900 375.2600 375.2900 200
1784795940 375.4100 375.4200 375.4100 375.4200 3940
1784796000 375.4200 375.4200 375.2500 375.2700 460
1784796060 375.2700 375.2700 375.1000 375.1000 760
1784796120 375.1000 375.1000 375.1000 375.1000 158
1784796180 375.1000 375.3600 375.1000 375.3600 502
1784796240 375.3600 375.3600 375.3600 375.3600 0
1784796300 375.3600 375.3600 375.3600 375.3600 0
1784796360 375.3600 375.3600 375.3600 375.3600 0
1784796420 375.3600 375.3600 375.3600 375.3600 0
1784796480 375.3600 375.3600 374.9100 375.0000 1796
1784796540 375.0000 375.0000 375.0000 375.0000 0
1784796600 375.0000 375.0000 375.0000 375.0000 0
1784796660 375.0000 375.1300 375.0000 375.1000 310
1784796720 375.1000 375.1000 375.1000 375.1000 0
1784796780 375.1000 375.1000 375.0800 375.0800 80
1784796840 375.0800 375.0800 375.0800 375.0800 0
1784796900 375.0800 375.0800 375.0800 375.0800 0
1784796960 375.4800 375.5400 375.4000 375.5400 6400
1784797020 375.5400 375.5400 375.5400 375.5400 2160
1784797080 375.5400 375.5400 375.5400 375.5400 0
1784797140 375.5400 375.5400 375.4000 375.4000 300
1784797200 375.4000 375.4400 375.4000 375.4400 370
1784797260 375.4400 375.6000 375.4400 375.6000 200
1784797320 375.6200 375.6200 375.6200 375.6200 120
1784797380 375.6200 375.8200 375.6200 375.8200 88
1784797440 375.8200 375.8200 375.8200 375.8200 0
1784797500 375.8200 375.9600 375.8200 375.9600 1120
1784797560 375.9600 375.9600 375.9600 375.9600 0
1784797620 375.9600 375.9600 375.8000 375.8000 4000
1784797680 375.8000 375.8000 375.8000 375.8000 0
1784797740 375.8000 375.8000 375.8000 375.8000 0
1784797800 375.8000 375.8000 375.8000 375.8000 0
1784797860 375.8000 375.8000 375.8000 375.8000 0
1784797920 375.8000 375.8000 375.8000 375.8000 0
1784797980 375.8000 375.8800 375.8000 375.8800 120
1784798040 375.8800 375.8800 375.7000 375.7000 5518
1784798100 375.7000 375.7000 375.7000 375.7000 0
1784798160 375.7000 375.7000 375.6600 375.6600 800
1784798220 375.6600 375.6600 375.6600 375.6600 0
1784798280 375.6600 375.6600 375.6600 375.6600 0
1784798340 375.6600 375.6600 375.6600 375.6600 0
1784798400 375.7600 375.7700 375.7100 375.7100 1000
1784798460 375.5900 375.6000 375.5900 375.5900 1532
1784798520 375.5900 375.5900 375.5900 375.5900 0
1784798580 375.5900 375.5900 375.4600 375.5100 2168
1784798640 375.5200 375.5200 375.4600 375.4600 2300
1784798700 375.4600 375.4600 375.3500 375.3500 1492
1784798760 375.3500 375.3500 375.2200 375.2200 290
1784798820 375.2200 375.2200 375.2200 375.2200 0
1784798880 375.2200 375.2500 375.2200 375.2500 472
1784798940 375.2500 375.2500 375.2400 375.2400 200
1784799000 375.2400 375.2400 375.2300 375.2300 2000
1784799060 375.2300 375.2300 375.2300 375.2300 0
1784799120 375.2300 375.2300 375.1600 375.1600 800
1784799180 375.1600 375.2800 375.1600 375.2800 300
1784799240 375.2800 375.2800 375.2800 375.2800 0
1784799300 375.2800 375.2800 375.2800 375.2800 0
1784799360 375.2800 375.2800 375.2800 375.2800 0
1784799420 375.2800 375.3000 375.2800 375.3000 100
1784799480 375.3000 375.3000 375.3000 375.3000 0
1784799540 375.3000 375.3000 375.3000 375.3000 0
1784799600 375.3000 375.3000 375.2500 375.2500 174
1784799660 375.2500 375.2500 375.2500 375.2500 0
1784799720 375.3200 375.3200 375.3200 375.3200 120
1784799780 375.4300 375.4300 375.4300 375.4300 800
1784799840 375.4300 375.4300 375.4300 375.4300 0
1784799900 375.4300 375.5000 375.4300 375.5000 4762
1784799960 375.5000 375.5100 375.5000 375.5000 1150
1784800020 375.5000 375.5000 375.4500 375.4500 182
1784800080 375.3900 375.3900 375.3900 375.3900 160
1784800140 375.3900 375.3900 375.3900 375.3900 0
1784800200 375.3900 375.3900 375.3900 375.3900 0
1784800260 375.3900 375.3900 375.3900 375.3900 0
1784800320 375.3900 375.3900 375.3900 375.3900 0
1784800380 375.3900 375.3900 375.3900 375.3900 0
1784800440 375.3900 375.3900 375.3900 375.3900 0
1784800500 375.3900 375.3900 375.3900 375.3900 0
1784800560 375.3900 375.3900 375.3000 375.3000 210
1784800620 375.3000 375.3000 375.2100 375.2100 100
1784800680 375.1000 375.1000 375.0800 375.0800 920
1784800740 375.0800 375.0800 375.0800 375.0800 0
1784800800 375.0800 375.1700 375.0800 375.1000 1966
1784800860 375.1000 375.1000 375.0000 375.0900 2676
1784800920 375.0900 375.2700 375.0900 375.2700 80
1784800980 375.2700 375.2800 375.2700 375.2800 300
1784801040 375.2800 375.2800 375.2800 375.2800 0
1784801100 375.2800 375.2800 375.2800 375.2800 0
1784801160 375.2800 375.2800 375.1500 375.1500 100
1784801220 375.1500 375.1500 375.1500 375.1500 0
1784801280 375.1500 375.1500 375.1500 375.1500 0
1784801340 375.1500 375.1500 375.0000 375.0000 1360
1784801400 375.0000 375.0000 375.0000 375.0000 0
1784801460 375.0000 375.0000 375.0000 375.0000 0
1784801520 375.0000 375.0000 375.0000 375.0000 0
1784801580 375.0000 375.0000 375.0000 375.0000 0
1784801640 375.0000 375.0000 375.0000 375.0000 0
1784801700 375.0000 375.0000 375.0000 375.0000 0
1784801760 375.0000 375.3100 375.0000 375.3100 829
1784801820 375.3100 375.3100 375.3100 375.3100 0
1784801880 375.3100 375.3100 375.3100 375.3100 0
1784801940 375.3100 375.3100 375.3100 375.3100 0
1784802000 375.3100 375.3100 375.0000 375.0000 274
1784802060 375.0000 375.0000 374.8400 374.8800 1092
1784802120 374.8800 374.8800 374.8800 374.8800 0
1784802180 374.8800 374.9200 374.8800 374.9200 116
1784802240 374.9200 374.9200 374.8700 374.8700 140
1784802300 374.8700 374.8700 374.8700 374.8700 0
1784802360 374.8700 374.8700 374.8700 374.8700 0
1784802420 375.0800 375.0800 375.0300 375.0300 396
1784802480 375.0300 375.0300 375.0000 375.0000 100
1784802540 375.0000 375.0000 375.0000 375.0000 0
1784802600 375.0000 375.0000 375.0000 375.0000 0
1784802660 375.0000 375.3600 375.0000 375.3600 800
1784802720 375.3600 375.3600 375.3600 375.3600 0
1784802780 375.3600 375.3600 375.3600 375.3600 0
1784802840 375.3600 375.3600 374.9400 374.9400 408
1784802900 374.9400 374.9500 374.8900 374.9500 1000
1784802960 374.9500 375.0700 374.9500 375.0700 200
1784803020 375.0700 375.0700 375.0700 375.0700 0
1784803080 375.0700 375.2100 375.0700 375.2100 80
1784803140 375.2100 375.2100 375.2100 375.2100 0
1784803200 375.2100 375.2100 375.2100 375.2100 0
1784803260 375.2100 375.2100 375.2100 375.2100 0
1784803320 375.2100 375.2100 375.2100 375.2100 0
1784803380 375.2100 375.2100 375.2100 375.2100 0
1784803440 375.2100 375.2100 375.2100 375.2100 0
1784803500 375.2100 375.2100 374.8900 374.9800 2432
1784803560 374.9800 374.9800 374.9800 374.9800 0
1784803620 374.9800 374.9800 374.9800 374.9800 0
1784803680 374.9800 375.1800 374.9800 375.1800 778
1784803740 375.1800 375.2900 375.1800 375.2900 1000
1784803800 375.2900 375.5400 375.2900 375.4600 864
1784803860 375.4600 375.5400 375.4500 375.5100 1468
1784803920 375.5100 375.5100 375.3800 375.3800 160
1784803980 375.3800 375.3800 375.3800 375.3800 0
1784804040 375.3200 375.5500 375.3200 375.5500 766
1784804100 375.5500 375.5500 375.5500 375.5500 0
1784804160 375.5500 375.5500 375.5500 375.5500 0
1784804220 375.5500 375.5500 375.3900 375.4900 740
1784804280 375.4900 375.4900 375.4900 375.4900 0
1784804340 375.4900 375.4900 375.4900 375.4900 0
1784804400 375.4900 375.5000 375.3800 375.4000 606
1784804460 375.4000 375.4000 375.2500 375.2500 100
1784804520 375.2500 375.2500 375.2500 375.2500 0
1784804580 375.2500 375.4000 375.2500 375.4000 270
1784804640 375.4000 375.4000 375.4000 375.4000 0
1784804700 375.4000 375.4000 375.4000 375.4000 0
1784804760 375.4000 375.4000 375.1500 375.1500 196
1784804820 375.1500 375.2900 375.0900 375.2900 794
1784804880 375.2900 375.2900 375.1200 375.2000 4144
1784804940 375.2000 375.2000 375.0200 375.0400 400
1784805000 375.0400 375.0400 375.0000 375.0200 1590
1784805060 375.0200 375.0200 374.9000 375.0100 924
1784805120 375.0100 375.1600 375.0100 375.1600 10000
1784805180 375.1600 375.1600 374.9300 374.9500 694
1784805240 374.9500 374.9500 374.9400 374.9400 80
1784805300 374.9400 374.9400 374.9000 374.9000 1458
1784805360 374.9000 374.9000 374.7700 374.7700 930
1784805420 374.7700 374.8900 374.7700 374.8000 10138
1784805480 374.8000 374.8900 374.7400 374.8900 7400
1784805540 374.8900 374.8900 374.8900 374.8900 0
1784805600 374.7400 374.7700 374.6100 374.7200 990
1784805660 374.7100 374.7100 374.7100 374.7100 0
1784805720 374.8000 374.8000 374.6300 374.6300 3940
1784805780 374.6300 374.6300 374.4000 374.4000 1619
1784805840 374.4000 374.5800 374.3300 374.5500 1072
1784805900 374.5500 374.7200 374.5500 374.7200 1004
1784805960 374.7200 374.7400 374.6000 374.7400 722
1784806020 374.7400 374.7400 374.5400 374.5400 438
1784806080 374.5400 374.5400 374.4600 374.4600 1624
1784806140 374.4000 374.5600 374.4000 374.5600 7800
1784806200 374.5600 374.5900 374.5600 374.5900 260
1784806260 374.5900 374.5900 374.4500 374.5300 600
1784806320 374.5300 374.5300 374.5300 374.5300 0
1784806380 374.5300 374.5300 374.5300 374.5300 0
1784806440 374.5300 374.5300 374.2600 374.3400 1500
1784806500 374.3400 374.3400 374.2100 374.2100 660
1784806560 374.2100 374.3300 374.2100 374.3300 200
1784806620 374.3300 374.4100 374.3300 374.4100 88
1784806680 374.3900 374.3900 374.2000 374.2000 4211
1784806740 374.3000 374.3000 374.2500 374.2500 1100
1784806800 374.2500 374.2500 373.9300 373.9400 664
1784806860 373.8100 373.8400 373.6900 373.6900 3197
1784806920 373.6900 373.8700 373.6900 373.8600 200
1784806980 373.8600 374.0200 373.8600 373.9100 3556
1784807040 373.9200 374.0600 373.9200 374.0400 500
1784807100 374.0400 374.2400 374.0400 374.2400 270
1784807160 374.2400 374.2400 374.1800 374.2000 600
1784807220 374.2500 374.3400 374.1800 374.3400 3392
1784807280 374.3400 374.3700 374.2800 374.3700 1156
1784807340 374.3700 374.4300 374.2600 374.4300 3400
1784807400 374.3500 374.4400 374.3500 374.4400 5476
1784807460 374.4400 374.6000 374.4400 374.5700 3194
1784807520 374.6000 375.0000 374.6000 374.8000 4034
1784807580 374.7800 374.7800 374.7800 374.7800 264
1784807640 374.7800 374.7800 374.6600 374.7000 1176
1784807700 374.7000 374.7000 374.7000 374.7000 0
1784807760 374.7000 374.7000 374.6300 374.6300 542
1784807820 374.6300 374.6300 374.5400 374.5400 7160
1784807880 374.5400 374.7800 374.5400 374.7600 990
1784807940 374.7600 374.8500 374.7600 374.8300 514
1784808000 374.7500 374.7500 374.6700 374.7000 476
1784808060 374.7000 374.7000 374.7000 374.7000 0
1784808120 374.7000 374.7000 374.7000 374.7000 0
1784808180 374.7000 374.7000 374.5100 374.5200 500
1784808240 374.5200 374.5200 374.4300 374.4300 86
1784808300 374.4300 374.6500 374.4300 374.6500 2860
1784808360 374.6500 374.6500 374.5300 374.5300 5172
1784808420 374.5300 374.5300 374.4000 374.4000 270
1784808480 374.4600 374.5000 374.4500 374.5000 4324
1784808540 374.5000 374.5200 374.5000 374.5200 422
1784808600 374.4800 374.6000 374.4800 374.6000 488
1784808660 374.6000 374.6000 374.6000 374.6000 0
1784808720 374.6000 374.6000 374.6000 374.6000 0
1784808780 374.6000 374.6000 374.4000 374.4000 140
1784808840 374.4000 374.4000 374.3200 374.3200 800
1784808900 374.3200 374.5300 374.1500 374.2300 6288
1784808960 374.2300 374.2300 373.7500 373.7500 2480
1784809020 373.8400 374.0400 373.8400 374.0200 1658
1784809080 374.0200 374.0200 373.7700 373.8500 1864
1784809140 373.8800 374.0000 373.8800 374.0000 1068
1784809200 373.9200 373.9200 373.6900 373.6900 170
1784809260 373.6900 373.9700 373.6900 373.9700 372
1784809320 373.9700 374.0000 373.8800 374.0000 200
1784809380 374.0000 374.0000 373.8500 373.8500 1082
1784809440 373.8500 373.8500 373.3800 373.5200 442
1784809500 373.5200 373.7200 373.5200 373.7200 1326
1784809560 373.7200 373.7800 373.7200 373.7800 6002
1784809620 373.7200 373.9300 373.7200 373.9300 490
1784809680 373.9300 373.9300 373.8500 373.8500 2442
1784809740 373.8500 373.8500 373.8000 373.8000 1231
1784809800 373.8000 373.8000 373.3000 373.3700 5194
1784809860 373.3700 373.3800 373.1500 373.3500 946
1784809920 373.3500 373.3900 373.3500 373.3900 20000
1784809980 373.3500 373.5600 373.3400 373.5600 1448
1784810040 373.5600 373.5600 373.5300 373.5400 5000
1784810100 373.7800 373.7800 373.5600 373.5700 10412
1784810160 373.5700 373.5700 373.1200 373.1200 524
1784810220 373.1500 373.1500 372.8600 372.9600 5922
1784810280 372.9600 373.3300 372.9600 373.2800 1367
1784810340 373.2800 373.5500 373.2800 373.5300 21200
1784810400 373.5300 373.6000 373.4700 373.4700 506
1784810460 373.4700 373.5200 373.4200 373.4200 3173
1784810520 373.4200 373.4200 373.0900 373.0900 3144
1784810580 373.0000 373.2000 373.0000 373.1400 1468
1784810640 373.2800 373.5000 373.2500 373.2500 10652
1784810700 373.2500 373.2500 372.8400 372.9200 20576
1784810760 372.9700 373.0100 372.7500 373.0000 18612
1784810820 373.0700 373.0700 373.0000 373.0100 97096
1784810880 373.0000 373.0000 372.6700 372.8400 67418
1784810940 372.8400 372.9900 372.8300 372.9500 1410
1784811000 372.9500 373.0400 372.8400 372.8400 21068
1784811060 372.8400 373.1900 372.8400 373.1900 538
1784811120 373.1900 373.1900 372.8200 372.8400 1814
1784811180 372.9400 372.9800 372.8700 372.9700 5664
1784811240 372.9700 372.9700 372.6200 372.6200 936
1784811300 372.6200 372.8000 372.6200 372.7300 1818
1784811360 372.8000 372.9200 372.8000 372.9200 1510
1784811420 372.9200 373.0000 372.8900 372.9900 5348
1784811480 372.9900 372.9900 372.8400 372.8400 1900
1784811540 372.7700 372.7700 372.5100 372.5400 2938
1784811600 372.5000 372.6600 372.5000 372.5800 5720
1784811660 372.5800 372.5800 371.9300 371.9700 5257
1784811720 372.0700 372.4100 372.0700 372.2800 4100
1784811780 372.2800 372.2800 371.9700 371.9700 2586
1784811840 371.9700 372.0800 371.9300 371.9300 514
1784811900 371.9300 372.0000 371.6500 371.7400 2418
1784811960 371.7600 371.8200 371.2400 371.2400 14782
1784812020 371.3900 371.4200 371.1400 371.3800 20821
1784812080 371.4100 371.4800 371.0700 371.1100 7956
1784812140 371.1600 371.3400 371.1600 371.3300 3094
1784812200 371.1600 371.2200 370.6200 370.7100 19500
1784812260 370.7400 370.9600 370.7400 370.9600 1230
1784812320 370.9600 370.9600 370.7500 370.8000 11616
1784812380 371.0200 371.0200 370.7900 370.8800 10694
1784812440 370.8800 370.8800 370.6500 370.6500 2000
1784812500 370.6500 370.8900 370.6500 370.7000 1224
1784812560 370.7600 370.8200 370.6500 370.8200 7267
1784812620 370.8200 371.0000 370.7900 371.0000 190
1784812680 371.0000 371.1100 371.0000 371.1100 4882
1784812740 371.1100 371.4600 371.1100 371.4600 7548
1784812800 371.4200 371.6700 371.4000 371.6700 2092
1784812860 371.6000 371.7300 371.5100 371.6200 6574
1784812920 371.7300 371.8100 371.6800 371.7700 4046
1784812980 371.7700 371.8900 371.7500 371.7500 5744
1784813040 371.8300 371.8600 371.6300 371.6800 3786
1784813100 371.6800 371.6800 371.6800 371.6800 0
1784813160 371.8100 371.8100 371.7900 371.7900 360
1784813220 371.7000 371.8700 371.7000 371.8700 1872
1784813280 371.8700 372.1400 371.8700 372.1400 1188
1784813340 372.1400 372.2100 372.0200 372.2100 2088
1784813400 372.2700 372.7100 372.2100 372.5200 194477
1784813460 372.5200 372.7100 372.4300 372.6700 112217
1784813520 372.6900 373.0000 372.5400 372.9400 23754
1784813580 372.9400 373.0900 372.7900 372.9700 76382
1784813640 373.0400 373.0900 372.6300 372.7600 44310
1784813700 372.7200 372.8400 372.6600 372.6800 23600
1784813760 372.6600 372.6800 372.3800 372.4200 46365
1784813820 372.3700 372.5700 372.3500 372.4100 41147
1784813880 372.4100 372.5600 372.2000 372.2700 32437
1784813940 372.2500 372.3100 372.0000 372.0900 33028
1784814000 372.1300 372.1800 372.0100 372.0100 14206
1784814060 372.0500 372.3700 372.0500 372.3500 26526
1784814120 372.3100 372.5000 372.2000 372.5000 49000
1784814180 372.4500 372.6400 372.4300 372.5300 33674
1784814240 372.5100 372.5100 372.0600 372.1600 21412
1784814300 372.1300 372.1700 371.8500 371.9600 32865
1784814360 371.9800 372.1500 371.8100 371.9200 31867
1784814420 371.8800 371.9600 371.7800 371.9200 60764
1784814480 371.9200 371.9600 371.5300 371.5600 31558
1784814540 371.5800 371.7000 371.5400 371.6600 9726
1784814600 371.7400 371.9600 371.6900 371.8900 12663
1784814660 371.8800 371.9300 371.7900 371.8800 7752
1784814720 371.9000 371.9600 371.6800 371.9600 20175
1784814780 371.9300 372.2500 371.8700 372.2500 20284
1784814840 372.2100 372.3200 371.9700 372.0900 18376
1784814900 372.0900 372.2200 371.9100 371.9500 12733
1784814960 371.9500 372.0800 371.6400 371.6800 18511
1784815020 371.6700 371.6900 371.2300 371.2500 18548
1784815080 371.2100 371.2700 371.0900 371.1500 7642
1784815140 371.1900 371.2600 370.8500 370.8700 41128
1784815200 370.8900 371.5500 370.8900 371.4900 56521
1784815260 371.5100 371.5500 371.2100 371.2600 75918
1784815320 371.2600 371.4400 371.0500 371.0500 38784
1784815380 371.0100 371.1100 370.8800 371.0000 57785
1784815440 370.9600 371.0700 370.8400 370.9100 90502
1784815500 370.8800 371.0800 370.7700 371.0700 29022
1784815560 371.0300 371.1000 370.8400 371.0200 29771
1784815620 370.9900 371.0900 370.6000 370.8100 68975
1784815680 370.7900 370.8100 370.5300 370.5800 72153
1784815740 370.5900 371.0600 370.5400 371.0600 75861
1784815800 371.0800 371.2200 370.8400 370.8700 38899
1784815860 370.8700 371.1300 370.7200 371.1300 64898
1784815920 371.1200 371.3000 371.0400 371.2400 47912
1784815980 371.2500 371.4500 371.1000 371.4100 36916
1784816040 371.3500 371.5800 371.1900 371.3100 83007
1784816100 371.2900 371.4700 371.0200 371.1600 64858
1784816160 371.2000 371.4300 371.2000 371.3300 36851
1784816220 371.3300 371.4200 371.1400 371.3600 52889
1784816280 371.3400 371.3500 370.8600 370.8600 43286
1784816340 370.8700 370.9400 370.7500 370.9200 54484
1784816400 370.8900 370.9800 370.7800 370.9200 54627
1784816460 370.9200 371.2000 370.9100 371.1800 43570
1784816520 371.1600 371.4400 371.1400 371.4300 54431
1784816580 371.3900 371.5900 371.3600 371.3600 49322
1784816640 371.3800 371.6500 371.3000 371.6500 65924
1784816700 371.6100 371.9100 371.5600 371.8900 58699
1784816760 371.8400 371.8700 371.6400 371.8000 43201
1784816820 371.8500 371.8900 371.6300 371.6500 42073
1784816880 371.6400 371.8000 371.6400 371.7400 35653
1784816940 371.7400 372.0800 371.6900 372.0300 44242
1784817000 372.0800 372.1100 371.9100 371.9800 6324
1784817060 371.9500 372.2000 371.9300 371.9400 6155
1784817120 372.0100 372.0100 371.6600 371.6800 7649
1784817180 371.7000 371.8600 371.7000 371.7700 13260
1784817240 371.7700 371.9100 371.7600 371.8900 26908
1784817300 371.8900 371.9300 371.6100 371.8600 10354
1784817360 371.8400 372.2600 371.8300 372.1100 278022
1784817420 372.1100 372.4400 372.0800 372.3200 7878
1784817480 372.3000 372.3200 372.0500 372.2200 10840
1784817540 372.2400 372.3500 372.2000 372.3200 5499
1784817600 372.3200 372.3800 372.2200 372.2300 45309
1784817660 372.2500 372.2500 372.1200 372.2100 20257
1784817720 372.2000 372.3000 372.1100 372.1900 21095
1784817780 372.2000 372.2000 372.0900 372.1100 29950
1784817840 372.1200 372.1800 372.0500 372.1300 57102
1784817900 372.1200 372.3500 372.0900 372.3200 10846
1784817960 372.3800 372.5500 372.3700 372.4600 9224
1784818020 372.4600 372.5000 372.3400 372.4700 11486
1784818080 372.4700 372.5500 372.3800 372.4100 6610
1784818140 372.4000 372.4300 372.2600 372.3000 7570
1784818200 372.3100 372.4300 372.2800 372.4000 15700
1784818260 372.3500 372.3600 372.1700 372.1700 9185
1784818320 372.1900 372.3900 372.1500 372.3900 13566
1784818380 372.3700 372.4400 372.3300 372.3600 16542
1784818440 372.3100 372.4300 372.0900 372.1600 5154
1784818500 372.1500 372.3000 372.1500 372.2200 5406
1784818560 372.2700 372.3300 372.1500 372.1900 15220
1784818620 372.1900 372.3500 372.1800 372.3000 6098
1784818680 372.3400 372.4300 372.2100 372.2600 7204
1784818740 372.2300 372.3600 372.2100 372.2500 11056
1784818800 372.1800 372.3500 372.1800 372.3100 10200
1784818860 372.2900 372.2900 372.1100 372.1900 14426
1784818920 372.1700 372.3400 372.1400 372.1700 10444
1784818980 372.1400 372.3300 372.1000 372.1700 17934
1784819040 372.1200 372.1300 372.0300 372.1200 8512
1784819100 372.1500 372.1500 371.9900 372.0300 9447
1784819160 372.0300 372.0400 371.8900 371.9300 8726
1784819220 371.9500 372.2000 371.9500 372.1600 39495
1784819280 372.1700 372.2100 371.9600 372.0000 63700
1784819340 372.0400 372.1100 371.6400 371.6400 31954
1784819400 371.6800 371.7000 371.4500 371.6200 46488
1784819460 371.6000 371.6700 371.5500 371.6300 19164
1784819520 371.6400 371.7800 371.6100 371.7000 9564
1784819580 371.7000 371.8600 371.6100 371.6100 15822
1784819640 371.6500 371.6900 371.5000 371.6300 20974
1784819700 371.6200 371.8100 371.5500 371.7600 11951
1784819760 371.7500 371.9500 371.7100 371.8400 13637
1784819820 371.8700 372.1200 371.8700 372.0600 6402
1784819880 372.0500 372.0500 371.7800 371.7800 13870
1784819940 371.7800 371.8200 371.6700 371.6800 13568
1784820000 371.7800 371.8300 371.6200 371.6800 9308
1784820060 371.6800 371.7900 371.6300 371.6600 6345
1784820120 371.6900 371.8400 371.0900 371.3100 83500
1784820180 371.3500 371.5000 371.2000 371.4000 6522
1784820240 371.3900 371.5500 371.3900 371.5000 16002
1784820300 371.5400 371.5400 371.4200 371.4800 6898
1784820360 371.4800 371.5000 371.3200 371.4300 14719
1784820420 371.4100 371.5300 371.3600 371.4500 31410
1784820480 371.4600 371.4600 371.2800 371.2900 22978
1784820540 371.2500 371.3600 371.1700 371.1700 7589
1784820600 371.2000 371.2000 371.0200 371.0200 9474
1784820660 371.1100 371.1500 370.9500 370.9900 16758
1784820720 371.0100 371.0600 370.8500 370.8800 8506
1784820780 370.9400 371.1000 370.8000 371.0200 9594
1784820840 371.0000 371.1000 370.9700 371.0700 3975
1784820900 371.1200 371.3400 371.1000 371.2800 8912
1784820960 371.2700 371.4300 371.2600 371.4100 5540
1784821020 371.4400 371.6600 371.2200 371.2900 23886
1784821080 371.3400 371.4600 371.3300 371.4100 8257
1784821140 371.3800 371.4900 371.3700 371.4900 2876
1784821200 371.4900 371.5500 371.4400 371.4800 4320
1784821260 371.4800 371.8000 371.4800 371.6900 23832
1784821320 371.7600 371.7600 371.6400 371.6500 1890
1784821380 371.6700 371.7400 371.5100 371.5100 7763
1784821440 371.5100 371.5700 371.3300 371.3600 8631
1784821500 371.3600 371.4800 371.2700 371.4500 16694
1784821560 371.4500 371.5900 371.4500 371.5500 4666
1784821620 371.5100 371.5900 371.4800 371.4800 3226
1784821680 371.4800 371.6200 371.4800 371.5200 13576
1784821740 371.5300 371.5300 371.4200 371.4700 3759
1784821800 371.4300 371.4900 371.3900 371.4900 3264
1784821860 371.4400 371.4400 371.2300 371.2700 4483
1784821920 371.2800 371.3500 371.2400 371.3100 4383
1784821980 371.3100 371.4300 371.2400 371.4100 5346
1784822040 371.4800 371.6100 371.4800 371.5500 18484
1784822100 371.5500 371.5800 371.5300 371.5400 4865
1784822160 371.5500 371.5700 371.3700 371.4000 15180
1784822220 371.4000 371.4000 371.2200 371.2400 4182
1784822280 371.2500 371.3500 371.2400 371.3300 10138
1784822340 371.3200 371.4000 371.2600 371.3900 7399
1784822400 371.4200 371.4900 371.3900 371.4800 17008
1784822460 371.4900 371.5100 371.3900 371.5100 19911
1784822520 371.5100 371.6000 371.5100 371.5500 6909
1784822580 371.5400 371.5700 371.4900 371.5200 4026
1784822640 371.4900 371.5000 371.3500 371.3500 52792
1784822700 371.3600 371.4100 371.2800 371.2900 13143
1784822760 371.2800 371.5100 371.2700 371.3800 13803
1784822820 371.3700 371.4100 371.3200 371.3600 8932
1784822880 371.3600 371.4500 371.3600 371.4200 7518
1784822940 371.4200 371.4200 371.3600 371.3800 9612
1784823000 371.3900 371.4300 371.3300 371.4000 22154
1784823060 371.4000 371.5000 371.3900 371.4800 10212
1784823120 371.4900 371.5400 371.4200 371.4200 18184
1784823180 371.4300 371.5300 371.4200 371.4500 25371
1784823240 371.4600 371.5700 371.4600 371.5300 9612
1784823300 371.5200 371.5700 371.4100 371.4300 7238
1784823360 371.4300 371.4300 371.3200 371.3500 5972
1784823420 371.3400 371.3800 371.3000 371.3300 7189
1784823480 371.3300 371.3400 371.3000 371.3300 5674
1784823540 371.3400 371.3400 371.1300 371.1900 10700
1784823600 371.1900 371.4300 371.1900 371.4100 9056
1784823660 371.4400 371.4800 371.4200 371.4400 4086
1784823720 371.4400 371.5800 371.4300 371.5600 13725
1784823780 371.5400 371.5800 371.5100 371.5400 31712
1784823840 371.5600 371.6400 371.3400 371.3400 41389
1784823900 371.3700 371.4200 371.3400 371.4200 3712
1784823960 371.4200 371.4800 371.3800 371.4600 13175
1784824020 371.4700 371.5400 371.4600 371.5000 7396
1784824080 371.5200 371.5700 371.5000 371.5300 6024
1784824140 371.5400 371.6400 371.5100 371.5100 61264
1784824200 371.5000 371.5600 371.4900 371.5300 9021
1784824260 371.5300 371.5500 371.4600 371.4600 31062
1784824320 371.4700 371.5000 371.4500 371.4500 12922
1784824380 371.4400 371.4600 371.4100 371.4100 3194
1784824440 371.4300 371.4300 371.3100 371.3200 5246
1784824500 371.3200 371.4000 371.2700 371.4000 6358
1784824560 371.4100 371.4100 371.3200 371.3200 4326
1784824620 371.3400 371.3600 371.2400 371.3600 3476
1784824680 371.3400 371.5300 371.3100 371.5300 5386
1784824740 371.5300 371.5800 371.5200 371.5400 3446
1784824800 371.5500 371.5900 371.4800 371.4800 10210
1784824860 371.4900 371.5100 371.4200 371.5000 3642
1784824920 371.5200 371.5700 371.5100 371.5500 8640
1784824980 371.5400 371.5800 371.5300 371.5400 9014
1784825040 371.5400 371.5600 371.5100 371.5100 3256
1784825100 371.4900 371.6100 371.4800 371.5900 6159
1784825160 371.5900 371.5900 371.5000 371.5100 6629
1784825220 371.4900 371.5500 371.4800 371.5500 4820
1784825280 371.5500 371.5500 371.4400 371.4600 20040
1784825340 371.4600 371.4900 371.4200 371.4400 4638
1784825400 371.4300 371.4300 371.3200 371.3200 13544
1784825460 371.3600 371.4200 371.3400 371.4100 1478
1784825520 371.4100 371.4800 371.3900 371.4400 4166
1784825580 371.4300 371.4600 371.4000 371.4400 4124
1784825640 371.4100 371.4700 371.4100 371.4300 2554
1784825700 371.4700 371.5800 371.4500 371.5600 34988
1784825760 371.5600 371.5900 371.5300 371.5500 6492
1784825820 371.5500 371.6700 371.5500 371.6400 5018
1784825880 371.6300 371.6700 371.6000 371.6100 5246
1784825940 371.6200 371.6800 371.6100 371.6400 11220
1784826000 371.6500 371.6900 371.5700 371.6600 4170
1784826060 371.6600 371.9200 371.6500 371.8700 10524
1784826120 371.8800 371.9000 371.6000 371.7000 6428
1784826180 371.7500 371.8600 371.7300 371.8200 8434
1784826240 371.7300 371.7600 371.6300 371.6500 10659
1784826300 371.6800 371.8200 371.6800 371.7600 6374
1784826360 371.7900 371.8300 371.5500 371.5600 16688
1784826420 371.5600 371.5600 371.4300 371.4400 11628
1784826480 371.4400 371.5000 371.3200 371.3800 10533
1784826540 371.3400 371.3500 371.2400 371.3400 7150
1784826600 371.3400 371.4400 371.3100 371.4200 1636
1784826660 371.4200 371.4200 371.2900 371.3300 2648
1784826720 371.3400 371.3500 371.2800 371.3400 4598
1784826780 371.2900 371.3600 371.2800 371.3100 5289
1784826840 371.2700 371.3600 371.2400 371.2800 5582
1784826900 371.2600 371.4000 371.2400 371.3900 19780
1784826960 371.4000 371.4900 371.3700 371.4300 7506
1784827020 371.4300 371.4500 371.2200 371.2400 10413
1784827080 371.3000 371.3100 371.2400 371.2900 2454
1784827140 371.2900 371.2900 371.1400 371.1900 11300
1784827200 371.2000 371.3900 371.2000 371.3900 9012
1784827260 371.3900 371.5600 371.3900 371.4400 14576
1784827320 371.4400 371.4400 371.3500 371.3700 5485
1784827380 371.3800 371.3900 371.2900 371.3800 7236
1784827440 371.4800 371.4800 371.3300 371.3800 6168
1784827500 371.3900 371.4900 371.3700 371.3700 7282
1784827560 371.3700 371.3700 371.2800 371.3500 2264
1784827620 371.3300 371.3900 371.2100 371.2400 8816
1784827680 371.3800 371.3900 371.2500 371.3000 5434
1784827740 371.3100 371.3700 371.2000 371.2600 6320
1784827800 371.2300 371.3500 371.2100 371.3500 7759
1784827860 371.3400 371.4300 371.2600 371.3300 5978
1784827920 371.3300 371.4000 371.3000 371.3100 2822
1784827980 371.3100 371.3800 371.3100 371.3100 1792
1784828040 371.3000 371.3600 371.2800 371.2800 2757
1784828100 371.2700 371.3000 371.0100 371.0400 26248
1784828160 371.0400 371.1200 371.0200 371.0200 12730
1784828220 371.0200 371.1300 371.0200 371.0700 8187
1784828280 371.1000 371.1500 371.0500 371.0700 9982
1784828340 371.0700 371.0900 370.9500 370.9800 12124
1784828400 370.9800 371.0700 370.7600 370.8300 24457
1784828460 370.8000 371.0000 370.8000 370.9900 5282
1784828520 371.0400 371.0400 370.9300 370.9600 3326
1784828580 371.0000 371.0700 370.9700 371.0200 4950
1784828640 371.0100 371.0200 370.8500 370.8500 22946
1784828700 370.8400 370.9500 370.8100 370.9300 4764
1784828760 370.9400 370.9700 370.8600 370.9700 4558
1784828820 370.9500 370.9800 370.9100 370.9300 4110
1784828880 370.9300 370.9300 370.8500 370.8500 2286
1784828940 370.8500 370.9700 370.8500 370.9300 2600
1784829000 370.9600 370.9800 370.8900 370.9800 4696
1784829060 370.9700 370.9700 370.8900 370.9300 2476
1784829120 370.9300 370.9400 370.8400 370.8600 10071
1784829180 370.8600 370.9000 370.7900 370.8700 10132
1784829240 370.8700 370.9400 370.8400 370.8900 7593
1784829300 370.8800 370.9200 370.8500 370.9000 7978
1784829360 370.9000 370.9000 370.8200 370.8200 5674
1784829420 370.8400 370.9100 370.7700 370.8000 18390
1784829480 370.8000 370.8700 370.8000 370.8700 1865
1784829540 370.8600 370.8600 370.7600 370.7700 5792
1784829600 370.7900 370.8800 370.6500 370.8700 16464
1784829660 370.8800 370.8900 370.7600 370.7900 6678
1784829720 370.7900 370.8600 370.7700 370.8600 5714
1784829780 370.8500 370.8800 370.8400 370.8500 3338
1784829840 370.8500 370.8600 370.7400 370.7400 3288
1784829900 370.7300 370.8100 370.6400 370.7600 8690
1784829960 370.7500 370.9400 370.7500 370.9000 17880
1784830020 370.8900 370.8900 370.8400 370.8800 2469
1784830080 370.8700 370.9700 370.8600 370.9500 4277
1784830140 370.9400 370.9700 370.8900 370.8900 5628
1784830200 370.8800 370.9600 370.8500 370.8800 78605
1784830260 370.8800 370.9800 370.8100 370.8700 67768
1784830320 370.8800 370.9300 370.8400 370.9100 10784
1784830380 370.9200 370.9200 370.8000 370.8000 15803
1784830440 370.8100 370.8900 370.6900 370.7500 7412
1784830500 370.7300 370.7400 370.6600 370.7400 18632
1784830560 370.7500 370.8700 370.7500 370.8600 17211
1784830620 370.8600 370.9200 370.8200 370.8500 12769
1784830680 370.8300 371.0000 370.8200 370.9600 25862
1784830740 370.9500 370.9600 370.8500 370.8900 9212
1784830800 370.8900 370.9100 370.8500 370.8700 2744
1784830860 370.8500 370.8800 370.7500 370.7600 11878
1784830920 370.7400 370.7700 370.6700 370.6700 11898
1784830980 370.6600 370.7400 370.6300 370.7300 9161
1784831040 370.7500 370.8200 370.7500 370.7800 6653
1784831100 370.7600 370.7900 370.6900 370.7200 6364
1784831160 370.7200 370.8800 370.7200 370.8700 2343
1784831220 370.8800 371.0300 370.8700 370.9500 9933
1784831280 370.9600 371.0800 370.9600 371.0800 17633
1784831340 371.1000 371.1000 371.0100 371.0400 9786
1784831400 371.0300 371.2700 371.0300 371.2700 49458
1784831460 371.2500 371.3400 371.2100 371.2200 31063
1784831520 371.2200 371.2300 371.1100 371.1100 38286
1784831580 371.1000 371.1700 371.1000 371.1300 8812
1784831640 371.1600 371.1700 371.0500 371.0600 7228
1784831700 371.0900 371.1100 371.0100 371.1100 3567
1784831760 371.1100 371.2000 371.1100 371.1800 3402
1784831820 371.2000 371.2200 371.0700 371.1500 17125
1784831880 371.1300 371.1800 371.1100 371.1100 4508
1784831940 371.1100 371.1400 371.0300 371.0900 17884
1784832000 371.0900 371.1200 371.0600 371.1100 7476
1784832060 371.1100 371.1700 371.0700 371.1500 2819
1784832120 371.1400 371.1700 371.1100 371.1500 9350
1784832180 371.1700 371.2100 371.1500 371.1800 5948
1784832240 371.1800 371.2000 371.0800 371.1800 8678
1784832300 371.1800 371.2700 371.1800 371.2500 5297
1784832360 371.2600 371.2900 371.2200 371.2600 5580
1784832420 371.2800 371.3600 371.2500 371.3600 8297
1784832480 371.3800 371.3900 371.3000 371.3300 6234
1784832540 371.3300 371.3400 371.2800 371.2800 4920
1784832600 371.2800 371.2800 371.2100 371.2100 3512
1784832660 371.2300 371.2500 371.1200 371.2200 68080
1784832720 371.2200 371.2700 371.2200 371.2300 2404
1784832780 371.2400 371.2400 371.1800 371.1800 14826
1784832840 371.1800 371.2100 371.1500 371.1600 6714
1784832900 371.1600 371.2300 371.1500 371.2300 5878
1784832960 371.2300 371.2300 371.1800 371.2100 3814
1784833020 371.2200 371.2200 371.0900 371.1100 6181
1784833080 371.1100 371.1500 371.0500 371.0900 7166
1784833140 371.0900 371.1800 371.0900 371.1600 5482
1784833200 371.2100 371.4100 371.2100 371.3100 13976
1784833260 371.2900 371.3600 371.2900 371.3300 5022
1784833320 371.3200 371.3200 371.2400 371.3100 7346
1784833380 371.3000 371.3100 371.2200 371.2200 6730
1784833440 371.2200 371.2500 371.0900 371.0900 35873
1784833500 371.0900 371.1600 371.0700 371.1600 58606
1784833560 371.1600 371.1900 371.1400 371.1600 15580
1784833620 371.1500 371.1600 371.1300 371.1300 9691
1784833680 371.1300 371.1500 371.0700 371.1000 20906
1784833740 371.1300 371.1400 370.9300 370.9300 16832
1784833800 370.9300 370.9700 370.8900 370.9600 7169
1784833860 370.9600 371.0100 370.9400 371.0100 6294
1784833920 371.0000 371.0100 370.9100 370.9400 8810
1784833980 370.9400 370.9400 370.8800 370.9000 4466
1784834040 370.9000 370.9300 370.8900 370.9100 2526
1784834100 370.9100 371.0600 370.9000 371.0600 7422
1784834160 371.0500 371.1600 371.0500 371.0600 17022
1784834220 371.0600 371.1100 371.0500 371.0800 11822
1784834280 371.0800 371.0900 371.0300 371.0600 6404
1784834340 371.0600 371.1100 371.0400 371.0800 6104
1784834400 371.0700 371.1700 371.0600 371.1700 8715
1784834460 371.1700 371.2600 371.1700 371.2400 5742
1784834520 371.2400 371.2700 371.1900 371.2000 10231
1784834580 371.2000 371.2700 371.1600 371.2400 11251
1784834640 371.2500 371.3800 371.2400 371.3400 10137
1784834700 371.3300 371.4500 371.3300 371.3400 8032
1784834760 371.3400 371.3500 371.2600 371.2700 7626
1784834820 371.2700 371.3800 371.2500 371.3300 20612
1784834880 371.3600 371.3700 371.2300 371.2500 14008
1784834940 371.2600 371.3500 371.2500 371.3400 6356
1784835000 371.3700 371.6000 371.3400 371.5200 14910
1784835060 371.4800 371.4900 371.3000 371.3000 32801
1784835120 371.2900 371.3000 371.2500 371.2900 12005
1784835180 371.2800 371.3100 371.1400 371.2000 22014
1784835240 371.2200 371.3100 371.2200 371.2700 9298
1784835300 371.2600 371.3300 371.2400 371.2700 12322
1784835360 371.2500 371.3000 371.2300 371.2900 10429
1784835420 371.2900 371.3500 371.2800 371.3000 21722
1784835480 371.2900 371.3200 371.2600 371.2700 31154
1784835540 371.2600 371.3900 371.2600 371.3300 18806
1784835600 371.3400 371.3400 371.2500 371.2700 37063
1784835660 371.2700 371.3600 371.2700 371.3300 32119
1784835720 371.3200 371.3200 371.2400 371.2500 46333
1784835780 371.2400 371.2600 371.1700 371.1800 31758
1784835840 371.1800 371.1900 371.1200 371.1200 24126
1784835900 371.1300 371.1500 371.0700 371.1500 16510
1784835960 371.1400 371.1400 371.0700 371.0800 18300
1784836020 371.0900 371.2100 371.0400 371.2000 28390
1784836080 371.2100 371.2200 371.1200 371.1200 22799
1784836140 371.1100 371.1700 371.0900 371.1400 24836
1784836200 371.1700 371.3200 371.1400 371.2700 58403
1784836260 371.2700 371.5300 371.2600 371.5100 71113
1784836320 371.5200 371.5500 371.4100 371.5500 77402
1784836380 371.5500 371.5500 371.4500 371.4800 33646
1784836440 371.4800 371.5700 371.4700 371.5600 57341
1784836500 371.5600 371.6000 371.4900 371.5200 83964
1784836560 371.5300 371.5900 371.4800 371.5500 52971
1784836620 371.5500 371.6000 371.5100 371.5800 81223
1784836680 371.5800 371.6600 371.4900 371.5500 182380
1784836740 371.5400 371.5900 371.4800 371.5400 83787
1784836800 371.5300 371.6200 371.5000 371.5300 2027344
1784836860 371.5400 371.5400 371.5000 371.5100 1774
1784836920 371.5100 371.5600 371.5000 371.5600 2780
1784836980 371.5600 371.5600 371.5200 371.5300 800
1784837040 371.5300 371.5300 371.4800 371.5000 1200
1784837100 371.5000 371.5000 371.3800 371.3800 311
1784837160 371.3800 371.4000 371.3400 371.4000 2066
1784837220 371.4100 371.4100 371.3900 371.3900 12998
1784837280 371.4500 371.4500 371.4500 371.4500 1026
