1784790780 617.6800 617.6800 617.6800 617.6800 0
1784790840 617.6800 617.6800 617.6800 617.6800 0
1784790900 617.6800 617.6800 617.6800 617.6800 0
1784790960 617.6800 617.6800 617.6800 617.6800 0
1784791020 617.6800 618.5000 617.6800 618.5000 80
1784791080 618.5000 618.5000 618.5000 618.5000 0
1784791140 618.5000 618.5000 618.5000 618.5000 0
1784791200 618.5000 619.0000 618.5000 619.0000 405
1784791260 619.0000 619.0000 619.0000 619.0000 675
1784791320 619.0000 619.0000 619.0000 619.0000 0
1784791380 619.0000 619.0000 618.7400 618.7600 239
1784791440 618.7600 618.7600 618.5200 618.5200 40
1784791500 618.5200 618.6600 618.5200 618.6600 140
1784791560 618.6600 618.6600 618.6600 618.6600 0
1784791620 618.6600 618.8100 618.6600 618.8100 50
1784791680 618.8100 618.8100 618.8100 618.8100 0
1784791740 618.8100 618.8100 618.7000 618.7000 464
1784791800 618.7000 618.7200 618.5100 618.5100 305
1784791860 618.5100 618.5100 618.5100 618.5100 0
1784791920 618.5100 618.5100 618.0800 618.0800 225
1784791980 618.0800 618.0800 618.0800 618.0800 0
1784792040 618.0800 618.0800 618.0800 618.0800 0
1784792100 618.0800 618.0800 618.0800 618.0800 0
1784792160 618.0800 618.0800 618.0800 618.0800 0
1784792220 618.0800 618.3900 618.0800 618.3900 165
1784792280 618.3900 618.4200 618.3900 618.3900 435
1784792340 618.3900 618.3900 618.3900 618.3900 0
1784792400 618.3900 618.3900 618.0200 618.0200 50
1784792460 618.0200 618.0200 618.0200 618.0200 0
1784792520 618.0200 618.0200 618.0200 618.0200 0
1784792580 618.0200 618.0200 617.3000 617.4600 272
1784792640 617.4600 617.4600 617.4600 617.4600 0
1784792700 617.4600 617.7100 617.4600 617.7100 54
1784792760 617.7100 617.7100 617.7100 617.7100 0
1784792820 617.7100 617.7100 617.7100 617.7100 0
1784792880 617.7100 620.0000 617.5100 620.0000 1526
1784792940 620.0000 620.0000 619.6300 620.0000 810
1784793600 619.9900 620.9000 619.3500 619.7300 1038
1784793660 619.6300 621.0900 618.6800 620.5200 7297
1784793720 620.5000 620.9000 617.3000 619.7100 17240
1784793780 618.0000 618.5200 618.0000 618.0200 1438
1784793840 618.0200 618.0600 618.0200 618.0600 200
1784793900 618.2300 618.5800 618.2300 618.5800 368
1784793960 618.5800 618.5800 618.5800 618.5800 0
1784794020 618.5800 618.5800 618.5800 618.5800 0
1784794080 618.5800 618.5800 617.7900 617.7900 902
1784794140 617.7900 618.2100 617.7200 617.8400 400
1784794200 617.8400 617.8400 617.8400 617.8400 0
1784794260 617.8400 617.8400 617.5000 617.5000 660
1784794320 617.5000 617.5000 617.5000 617.5000 0
1784794380 617.5000 617.5000 617.5000 617.5000 0
1784794440 617.5000 617.5000 616.8000 616.9900 3034
1784794500 616.9900 617.0900 616.8000 616.8000 474
1784794560 616.8000 617.5900 616.8000 617.5900 100
1784794620 617.5900 617.5900 617.1800 617.1800 120
1784794680 617.1800 617.1800 617.1800 617.1800 0
1784794740 617.5800 618.5000 617.5800 618.0000 6170
1784794800 618.0000 618.0000 617.5000 617.5000 100
1784794860 617.5000 617.8800 617.5000 617.7000 157
1784794920 617.7000 617.7000 617.7000 617.7000 124
1784794980 617.7000 617.7000 617.1500 617.5100 520
1784795040 617.1900 617.2000 617.1900 617.1900 200
1784795100 617.1900 617.1900 617.1900 617.1900 0
1784795160 617.1900 617.1900 617.1900 617.1900 0
1784795220 617.1900 617.1900 617.1900 617.1900 0
1784795280 617.1900 617.1900 617.1900 617.1900 0
1784795340 617.1900 617.1900 617.1900 617.1900 0
1784795400 617.1900 617.5000 617.1900 617.5000 3102
1784795460 617.5000 617.5000 617.5000 617.5000 290
1784795520 617.5000 617.6500 617.5000 617.6500 100
1784795580 617.6500 618.0000 617.6000 618.0000 759
1784795640 618.0000 618.4400 617.5000 618.0600 2514
1784795700 618.0600 618.4100 618.0000 618.4100 1492
1784795760 618.4100 618.4100 618.0400 618.3800 1204
1784795820 618.3800 618.3800 618.0500 618.0500 600
1784795880 618.0500 618.2200 618.0500 618.2200 920
1784795940 618.2200 618.2200 617.7800 617.7800 240
1784796000 617.7800 617.7800 617.7800 617.7800 0
1784796060 617.7800 617.7800 617.7800 617.7800 0
1784796120 617.7800 617.7800 617.7800 617.7800 0
1784796180 617.7800 617.7800 617.7800 617.7800 0
1784796240 617.7800 617.7800 617.7800 617.7800 0
1784796300 617.7800 617.7800 617.7800 617.7800 0
1784796360 617.7800 617.7800 617.7800 617.7800 0
1784796420 617.7800 617.7800 617.7800 617.7800 0
1784796480 617.7800 617.7800 617.7800 617.7800 0
1784796540 617.7800 617.7800 617.5000 617.5000 580
1784796600 617.5000 617.8300 617.5000 617.8300 220
1784796660 617.8300 617.8300 617.5400 617.5400 80
1784796720 617.5400 617.7300 617.5400 617.7300 98
1784796780 617.7300 617.7300 617.7300 617.7300 0
1784796840 617.7300 617.7300 617.7300 617.7300 0
1784796900 617.7300 617.7300 617.7300 617.7300 0
1784796960 617.7300 617.7300 617.7300 617.7300 0
1784797020 617.7300 617.7300 617.7300 617.7300 0
1784797080 617.7300 617.7300 617.7300 617.7300 0
1784797140 617.7300 617.7300 617.7000 617.7000 620
1784797200 617.7000 617.7000 617.7000 617.7000 0
1784797260 617.7000 617.7000 617.6800 617.6800 50
1784797320 617.6800 617.6800 617.6800 617.6800 0
1784797380 617.6800 617.9900 617.6800 617.9900 436
1784797440 617.9900 617.9900 617.9900 617.9900 0
1784797500 617.9900 618.0000 617.8900 617.8900 400
1784797560 617.8900 617.8900 617.8900 617.8900 0
1784797620 617.8900 617.8900 617.8900 617.8900 0
1784797680 617.8900 617.8900 617.8900 617.8900 0
1784797740 617.8900 617.9900 617.8900 617.9900 100
1784797800 617.9900 617.9900 617.5500 617.5500 200
1784797860 617.5500 617.5500 617.5500 617.5500 0
1784797920 617.5500 617.9400 617.5500 617.9400 80
1784797980 617.9400 617.9400 617.9400 617.9400 0
1784798040 617.9400 617.9400 617.9400 617.9400 0
1784798100 617.9400 617.9400 617.7500 617.7500 120
1784798160 617.7500 617.7500 617.5000 617.5000 100
1784798220 617.5000 617.5000 617.5000 617.5000 120
1784798280 617.5000 617.5000 617.5000 617.5000 0
1784798340 617.5000 617.5000 617.5000 617.5000 0
1784798400 617.5000 617.5000 617.5000 617.5000 0
1784798460 617.5000 617.5000 617.5000 617.5000 0
1784798520 617.5000 617.5100 617.5000 617.5100 114
1784798580 617.5100 617.5100 617.5100 617.5100 0
1784798640 617.5100 617.7400 617.5100 617.7400 80
1784798700 617.7400 617.7400 617.7400 617.7400 0
1784798760 617.7400 617.7400 617.4500 617.6000 3314
1784798820 617.6000 617.6000 617.6000 617.6000 0
1784798880 617.6000 617.6000 617.6000 617.6000 0
1784798940 617.6000 617.8500 617.6000 617.8000 1422
1784799000 617.8000 617.8000 617.8000 617.8000 0
1784799060 617.8000 617.8000 617.8000 617.8000 124
1784799120 617.8000 617.8000 617.8000 617.8000 0
1784799180 617.8000 617.9400 617.8000 617.9400 94
1784799240 617.9400 618.0000 617.4600 617.4600 1690
1784799300 617.4600 617.5000 617.4600 617.5000 114
1784799360 617.5000 617.5000 617.5000 617.5000 0
1784799420 617.5000 617.7900 617.5000 617.7900 200
1784799480 617.7900 617.7900 617.7900 617.7900 0
1784799540 617.7900 617.7900 617.4500 617.4600 514
1784799600 617.4600 617.4600 617.4600 617.4600 0
1784799660 617.4600 617.4600 617.4600 617.4600 0
1784799720 617.4600 617.4600 617.4500 617.4500 328
1784799780 617.4500 617.4500 617.4500 617.4500 0
1784799840 617.4500 617.4500 617.0000 617.0000 200
1784799900 617.0000 617.0000 617.0000 617.0000 0
1784799960 617.0000 617.0000 617.0000 617.0000 0
1784800020 617.0000 617.0000 617.0000 617.0000 100
1784800080 617.0000 617.0000 617.0000 617.0000 0
1784800140 617.0000 617.0000 616.9100 616.9100 40
1784800200 616.9100 616.9100 616.7400 616.7400 160
1784800260 616.7400 616.7400 616.0500 616.0500 866
1784800320 616.1000 616.1000 616.0000 616.0000 1148
1784800380 616.0000 616.0000 616.0000 616.0000 90
1784800440 616.0000 616.0000 616.0000 616.0000 0
1784800500 616.0000 616.0000 615.7700 615.8200 620
1784800560 615.8200 615.8200 615.8200 615.8200 0
1784800620 615.8200 615.8200 615.8200 615.8200 0
1784800680 615.8200 615.8200 615.8200 615.8200 0
1784800740 615.8200 615.8200 615.8000 615.8000 264
1784800800 615.8000 615.8000 615.8000 615.8000 0
1784800860 615.8000 615.8000 615.8000 615.8000 0
1784800920 615.8000 615.8000 615.8000 615.8000 0
1784800980 615.8000 616.0600 615.8000 616.0600 100
1784801040 616.0600 616.0600 616.0600 616.0600 0
1784801100 616.0600 616.0600 616.0000 616.0000 100
1784801160 616.0000 616.0000 616.0000 616.0000 0
1784801220 616.0000 616.0000 616.0000 616.0000 0
1784801280 616.0000 616.0000 616.0000 616.0000 0
1784801340 616.0000 616.0000 616.0000 616.0000 0
1784801400 616.0000 616.0000 616.0000 616.0000 0
1784801460 616.0000 616.0000 616.0000 616.0000 0
1784801520 616.0000 617.0000 616.0000 617.0000 2498
1784801580 617.0000 617.0000 616.9000 616.9000 1368
1784801640 616.9000 616.9000 616.9000 616.9000 0
1784801700 616.9000 616.9000 616.9000 616.9000 0
1784801760 616.9000 616.9000 616.8000 616.8000 100
1784801820 616.8000 616.8000 616.8000 616.8000 0
1784801880 616.8000 616.8000 616.6700 616.8000 520
1784801940 616.8000 616.8000 616.8000 616.8000 0
1784802000 616.8000 616.8000 616.8000 616.8000 0
1784802060 616.8000 616.8000 616.8000 616.8000 0
1784802120 616.8000 616.8000 616.8000 616.8000 0
1784802180 616.8000 616.8000 616.8000 616.8000 0
1784802240 616.8000 616.8000 616.8000 616.8000 0
1784802300 616.8000 616.8000 616.8000 616.8000 0
1784802360 616.8000 617.2600 616.8000 617.2600 110
1784802420 617.2600 617.2600 617.1500 617.1500 280
1784802480 617.1500 617.1500 617.1500 617.1500 0
1784802540 617.1500 617.1500 617.1500 617.1500 0
1784802600 617.1500 622.4400 617.1500 620.4000 44408
1784802660 620.4000 623.8000 620.4000 622.6000 7738
1784802720 622.6000 622.6000 622.6000 622.6000 0
1784802780 620.6000 624.0000 620.0000 624.0000 5372
1784802840 623.8900 623.8900 620.4100 620.4100 2630
1784802900 620.4100 622.1000 620.4100 621.5000 2038
1784802960 621.5000 622.0000 621.0100 622.0000 316
1784803020 622.0000 622.0000 622.0000 622.0000 174
1784803080 620.0000 620.0000 620.0000 620.0000 720
1784803140 620.0000 620.0000 619.8000 619.8000 400
1784803200 619.8000 619.8000 619.8000 619.8000 0
1784803260 619.4900 620.3400 619.4900 620.1000 10196
1784803320 620.1000 621.8000 620.1000 621.5000 1636
1784803380 621.5000 621.5000 621.5000 621.5000 0
1784803440 621.5000 621.5000 621.5000 621.5000 0
1784803500 621.5000 621.5000 620.2900 620.5000 284
1784803560 620.5000 620.5000 620.5000 620.5000 0
1784803620 620.5000 620.5000 620.5000 620.5000 0
1784803680 620.5000 620.5000 619.1300 620.5000 1000
1784803740 620.5000 620.5000 620.5000 620.5000 0
1784803800 620.5000 620.5000 619.1300 619.1300 298
1784803860 619.1300 619.1300 619.1300 619.1300 0
1784803920 619.1300 619.1300 619.1300 619.1300 80
1784803980 619.8800 620.0000 619.8800 620.0000 1758
1784804040 620.0000 620.0000 619.9200 619.9200 152
1784804100 620.1900 620.2800 620.1900 620.2800 1400
1784804160 620.2800 620.2800 620.2800 620.2800 0
1784804220 620.2800 620.2800 619.1400 619.1400 1204
1784804280 619.1400 619.1400 619.1400 619.1400 0
1784804340 619.1400 619.1400 619.1400 619.1400 0
1784804400 619.3500 619.6000 619.1500 619.1500 628
1784804460 619.1500 619.1500 618.0900 618.0900 10200
1784804520 618.2300 619.4300 618.0000 618.3800 15888
1784804580 618.3800 618.3800 617.5000 617.7000 1652
1784804640 617.8000 618.7500 617.7700 618.5000 2379
1784804700 618.7500 618.9800 618.5000 618.9800 6706
1784804760 618.9800 618.9900 618.2200 618.5500 620
1784804820 618.5500 618.5500 618.5000 618.5000 100
1784804880 618.5000 619.3000 618.5000 619.3000 7330
1784804940 619.3000 619.5900 618.6600 619.1000 3330
1784805000 619.6700 619.6700 619.1000 619.1300 622
1784805060 619.1300 619.4700 618.4200 618.4200 6734
1784805120 618.4200 618.7100 618.2100 618.4100 2526
1784805180 618.4900 618.7100 618.4100 618.7100 1106
1784805240 618.7100 618.7100 618.7100 618.7100 0
1784805300 618.7100 618.7100 618.7100 618.7100 0
1784805360 618.3800 618.9100 618.2100 618.4500 2806
1784805420 618.4500 618.4500 618.2500 618.2500 190
1784805480 618.2500 618.6300 618.2500 618.4200 1062
1784805540 618.4200 618.4200 618.3200 618.3200 100
1784805600 618.3200 618.5900 618.3200 618.5900 800
1784805660 618.5900 618.5900 618.3500 618.3500 600
1784805720 618.3500 618.4600 618.3500 618.4600 180
1784805780 618.4600 618.4600 617.0000 617.0000 18475
1784805840 617.0000 617.4100 616.6000 616.6000 1800
1784805900 616.6000 616.6500 616.6000 616.6500 112
1784805960 616.6500 617.4900 616.6500 617.4900 2024
1784806020 617.4900 617.4900 617.4900 617.4900 0
1784806080 617.4900 618.6000 617.2500 617.3300 4404
1784806140 617.3300 617.7500 617.3300 617.7500 400
1784806200 617.7500 618.0500 617.7500 618.0500 198
1784806260 617.7500 618.0000 617.3200 618.0000 2844
1784806320 618.0000 618.1400 618.0000 618.1400 1000
1784806380 618.1400 618.1400 618.1400 618.1400 0
1784806440 618.1400 618.1400 617.8500 617.8500 100
1784806500 617.8500 617.8500 616.8500 617.1000 1603
1784806560 617.1000 617.2800 616.8500 616.8500 6156
1784806620 616.8500 617.0000 616.1700 616.4800 5871
1784806680 616.4800 616.8100 616.0000 616.8100 3736
1784806740 616.8100 616.8100 616.3100 616.5000 601
1784806800 616.6600 616.7000 616.1000 616.1000 904
1784806860 616.1000 616.3000 615.8000 615.9900 1510
1784806920 615.8700 616.0000 615.7500 615.7500 3048
1784806980 615.7500 617.3000 615.7500 616.3200 550
1784807040 616.4200 616.4800 616.0000 616.0000 1174
1784807100 616.0000 616.0000 615.7700 615.7700 4418
1784807160 615.7900 615.9600 615.6600 615.6900 1984
1784807220 615.6900 616.0000 615.5500 616.0000 2560
1784807280 616.0000 616.0000 615.2500 615.5500 2438
1784807340 615.6000 615.6000 615.0100 615.6000 5782
1784807400 615.6000 615.6000 614.9900 615.4100 4544
1784807460 615.4100 615.4900 614.2600 615.4800 3414
1784807520 615.4400 615.6000 615.0000 615.0000 3416
1784807580 615.0000 615.0000 614.9600 615.0000 1760
1784807640 615.0000 615.7500 615.0000 615.0000 2866
1784807700 615.0000 615.0000 613.9800 613.9800 2400
1784807760 613.9800 615.0000 613.6700 613.9900 1797
1784807820 614.0000 614.0000 612.9900 613.2000 4992
1784807880 613.6200 614.0000 613.2400 614.0000 2026
1784807940 614.0000 614.0000 613.4000 613.9000 2172
1784808000 613.2500 613.3600 611.8800 612.2500 5183
1784808060 612.1900 612.8100 612.0600 612.3900 3029
1784808120 612.8100 613.6000 612.5400 613.6000 2406
1784808180 613.6000 613.6900 613.5000 613.6300 860
1784808240 613.6900 614.0000 613.6900 613.7500 3096
1784808300 614.0000 615.7500 613.5000 615.6900 4088
1784808360 615.6900 615.6900 615.0000 615.0000 1118
1784808420 614.6600 615.3600 614.6600 615.3600 5714
1784808480 615.3600 615.7100 615.0000 615.0000 1200
1784808540 615.0000 615.4700 614.6900 615.4700 4628
1784808600 615.4700 615.9600 615.1100 615.5700 876
1784808660 615.5700 615.5700 615.5000 615.5000 716
1784808720 615.5000 615.5500 615.1700 615.3800 842
1784808780 615.2800 616.0000 615.2800 615.7500 5364
1784808840 615.7500 616.0000 615.7500 616.0000 475
1784808900 616.0000 616.0000 616.0000 616.0000 0
1784808960 616.0000 616.0000 615.0000 615.0000 2952
1784809020 615.0000 615.4700 614.7600 614.7600 2487
1784809080 614.7600 614.8200 614.7600 614.8000 986
1784809140 614.8000 615.1000 614.0200 614.3400 2024
1784809200 614.0200 614.7800 613.0000 614.0000 9970
1784809260 614.0000 614.5600 614.0000 614.4000 1490
1784809320 615.2900 615.3800 615.2500 615.2700 892
1784809380 615.2700 615.2700 614.3300 614.6000 1336
1784809440 614.6000 614.7400 613.8000 614.5100 2570
1784809500 614.5100 614.5100 613.4700 614.0300 2618
1784809560 614.0300 614.5900 613.0000 613.0000 416
1784809620 613.0000 613.9800 613.0000 613.6000 3281
1784809680 613.3000 613.8400 613.0100 613.0800 3480
1784809740 613.0800 613.2400 613.0100 613.0100 4516
1784809800 613.0100 613.0500 612.8200 612.8900 3394
1784809860 612.9100 612.9200 612.6600 612.6900 4348
1784809920 612.6600 612.7800 612.0900 612.5700 5100
1784809980 612.5700 612.5700 611.1200 611.1400 5663
1784810040 611.1400 611.8900 610.8400 611.1200 5838
1784810100 611.1100 611.5000 611.1100 611.4900 7748
1784810160 611.4600 612.4900 611.4600 612.3600 2828
1784810220 612.0000 612.0000 611.5200 611.7100 1508
1784810280 611.7100 612.4200 611.5800 612.2500 1859
1784810340 612.2500 612.4800 612.2500 612.4400 300
1784810400 612.4400 612.4400 611.9600 611.9600 2974
1784810460 611.9600 612.5000 611.9600 612.5000 582
1784810520 612.5000 612.9200 612.0800 612.6300 13602
1784810580 612.6300 612.9100 612.3200 612.5000 779
1784810640 612.5300 612.8900 612.5300 612.8900 680
1784810700 612.8000 612.9000 612.5500 612.5500 6960
1784810760 612.5500 612.6300 612.2900 612.3100 596
1784810820 612.5200 612.7700 612.1900 612.4300 1951
1784810880 612.4300 612.4300 611.1100 612.1300 8042
1784810940 612.1300 612.1300 611.2300 612.0000 1968
1784811000 612.0000 612.0900 611.5800 612.0000 1108
1784811060 612.0000 612.3700 611.6500 611.6500 2527
1784811120 611.6500 611.9800 611.2700 611.9800 388
1784811180 611.2700 612.3700 611.2700 611.9900 4368
1784811240 611.9900 612.3000 610.2800 610.9000 13518
1784811300 610.9000 611.3100 610.5000 610.8800 3070
1784811360 610.8800 610.8800 610.8800 610.8800 0
1784811420 610.7900 611.3700 610.7900 611.0000 2380
1784811480 611.0000 611.3500 611.0000 611.1500 796
1784811540 611.1500 611.8100 611.0100 611.8100 2306
1784811600 611.7000 611.9900 611.7000 611.9300 1256
1784811660 611.9300 612.0000 611.9300 612.0000 1152
1784811720 612.0000 612.0000 611.6000 612.0000 4892
1784811780 612.0000 612.0000 611.7500 612.0000 1028
1784811840 612.0000 612.0000 611.7600 611.7900 740
1784811900 611.9000 611.9700 611.0000 611.0100 4898
1784811960 611.3000 611.7300 611.1000 611.6800 3201
1784812020 611.6800 612.0000 611.6200 611.9800 2912
1784812080 611.9800 611.9800 611.5800 611.6100 886
1784812140 612.0000 612.0000 611.6400 611.9000 1220
1784812200 611.9000 612.0000 611.3700 611.3700 300
1784812260 611.7200 611.9000 610.7600 610.9100 3238
1784812320 610.3600 611.2300 610.3500 610.9000 3418
1784812380 610.9000 611.3000 610.9000 610.9100 1218
1784812440 610.9100 611.0000 609.0700 609.7600 20612
1784812500 609.7600 609.9900 609.0200 609.0200 9160
1784812560 609.0200 609.9800 609.0200 609.9700 2148
1784812620 609.5000 609.9400 609.2000 609.6600 5920
1784812680 609.6600 610.0000 609.3200 609.9800 2716
1784812740 609.9900 610.0000 609.5400 610.0000 5280
1784812800 610.0000 610.9300 610.0000 610.5600 855
1784812860 610.6800 610.6800 610.0000 610.3100 5510
1784812920 610.2600 610.3100 609.1100 609.6000 5284
1784812980 609.6000 610.0000 609.5000 609.6600 500
1784813040 609.6600 610.8600 609.6600 610.0000 1570
1784813100 610.0000 610.8700 609.5100 609.5100 5490
1784813160 609.5100 611.0000 609.5100 611.0000 9852
1784813220 610.5500 610.7100 609.5000 609.5000 1762
1784813280 609.1200 609.1300 608.0200 608.5600 6958
1784813340 608.6500 609.1300 608.5500 608.5600 3672
1784813400 608.7100 611.0600 607.0600 609.2600 467933
1784813460 609.2500 610.3000 607.6900 608.0400 96944
1784813520 607.8300 608.2900 606.0500 606.2700 102981
1784813580 606.1400 608.9500 606.0600 607.0100 91246
1784813640 607.0500 608.3900 607.0000 607.3900 68840
1784813700 607.4400 607.7500 606.1000 607.4100 148043
1784813760 607.7400 608.1900 605.5800 606.0100 113603
1784813820 605.9700 607.0300 605.3500 606.5100 97459
1784813880 606.6800 608.8000 606.6800 607.2100 82400
1784813940 607.0300 608.0000 606.7700 607.2300 94458
1784814000 607.2200 610.7000 606.8400 610.3000 120359
1784814060 610.2200 613.2800 609.7500 613.2800 156557
1784814120 613.1400 614.6500 612.1700 614.4200 114687
1784814180 614.1000 614.3300 612.8100 614.0300 81979
1784814240 613.8600 614.2500 612.0000 612.0600 67712
1784814300 612.2400 613.8300 612.0500 612.1100 64869
1784814360 612.1100 614.1200 611.0000 613.5600 127974
1784814420 613.5600 613.6400 612.1300 612.3500 47682
1784814480 612.2600 612.5800 610.2500 612.2700 72158
1784814540 612.2500 612.2500 611.0900 611.6300 98035
1784814600 611.7700 612.7700 611.5000 611.8600 82708
1784814660 611.9800 612.4600 611.5600 611.9700 42168
1784814720 612.1200 612.1500 611.3200 611.4400 45559
1784814780 611.7000 612.1800 610.3800 610.9700 53648
1784814840 610.9700 611.4800 610.3300 610.5400 43140
1784814900 610.5400 611.2000 610.1000 610.4900 51770
1784814960 610.3000 610.4300 609.0800 609.0800 55816
1784815020 609.0900 610.5100 608.5500 610.4200 58374
1784815080 610.3100 611.7100 609.7400 611.7100 43807
1784815140 611.6900 611.7500 610.5100 610.5500 22718
1784815200 610.7400 611.0000 610.2200 610.3900 32238
1784815260 610.3400 610.5800 609.0000 609.4000 43772
1784815320 609.4000 609.9800 608.9300 609.6300 47451
1784815380 609.7000 609.9800 609.0100 609.2300 37528
1784815440 609.2300 609.9900 609.1300 609.8000 30542
1784815500 609.8000 609.9600 609.0200 609.5000 59201
1784815560 609.4300 609.5900 608.4100 608.9400 48830
1784815620 608.9000 609.0400 608.2800 608.5200 30155
1784815680 608.5200 608.5200 607.0300 607.4300 46547
1784815740 607.2100 607.5100 606.2000 606.2500 41809
1784815800 606.3400 607.4600 606.2000 606.3800 67664
1784815860 606.6200 607.0500 606.1900 607.0500 49528
1784815920 607.0400 607.5000 606.6300 607.5000 59320
1784815980 607.8700 607.8900 606.8000 607.4300 35548
1784816040 607.4800 607.6700 606.3200 606.8100 46402
1784816100 606.7800 607.0100 606.3700 606.8300 33879
1784816160 606.7600 607.0100 605.9900 606.4400 69148
1784816220 606.4000 606.6600 605.7000 605.8300 26525
1784816280 605.8900 606.9900 605.8000 606.8300 60817
1784816340 606.6700 606.8000 605.8600 606.3900 30780
1784816400 606.2500 606.3700 605.5000 605.8100 49046
1784816460 605.7600 606.0500 605.2200 605.4500 38405
1784816520 605.4600 606.6000 605.2400 606.4300 45026
1784816580 606.4300 606.5100 605.4400 605.4400 44164
1784816640 605.7600 605.8700 604.9500 605.2700 89722
1784816700 605.3500 605.9000 604.8400 605.5200 49870
1784816760 605.3000 605.4200 604.5100 605.2700 49609
1784816820 605.2500 605.7500 604.3500 605.6900 30013
1784816880 605.8200 606.9900 605.6700 606.3100 42458
1784816940 606.3100 607.8900 606.1300 607.6800 51920
1784817000 607.6100 607.8000 606.3400 606.6500 35772
1784817060 606.9000 607.8500 606.6600 607.3400 39620
1784817120 607.3600 607.6200 606.6500 606.7900 30772
1784817180 606.6800 606.8900 605.0200 605.4500 34107
1784817240 605.4500 606.2400 604.8800 605.6300 47183
1784817300 605.8300 605.9000 604.5300 604.9000 58744
1784817360 604.9000 605.1000 604.1200 604.1300 127300
1784817420 604.2100 606.5100 604.1200 606.2900 97508
1784817480 606.2100 607.2300 605.7100 606.8700 44086
1784817540 607.0000 608.0000 606.7700 606.9400 52288
1784817600 606.7300 607.2900 606.5000 606.5100 30180
1784817660 606.5100 606.8300 605.6400 606.1800 28960
1784817720 606.0100 606.2200 605.8100 606.0800 24104
1784817780 606.1400 606.2100 604.6100 604.6300 35848
1784817840 604.7900 605.8100 604.5100 605.3100 39266
1784817900 605.5700 605.5700 604.8900 605.0200 14924
1784817960 605.1900 605.4100 604.5000 605.0200 34776
1784818020 604.9900 605.3400 604.5300 604.5800 38382
1784818080 604.6200 605.1000 604.2600 604.2600 18464
1784818140 604.3800 604.3900 602.9000 603.0800 71698
1784818200 603.0500 603.3400 602.6900 603.2700 39152
1784818260 603.0800 603.3800 602.6600 603.2400 50558
1784818320 603.2900 603.6100 603.1200 603.4900 29986
1784818380 603.5300 604.2000 603.2600 603.9400 61804
1784818440 604.0400 604.1200 603.3100 603.7600 38887
1784818500 603.6000 604.2600 603.5500 603.5600 30474
1784818560 603.7800 604.0400 603.4400 603.6200 53896
1784818620 603.5200 603.7200 603.0500 603.2500 31226
1784818680 603.1500 603.2400 602.3800 602.6600 51406
1784818740 602.6600 602.9000 602.0300 602.0300 39163
1784818800 602.0300 602.8000 601.6200 601.7400 96092
1784818860 601.9700 602.1900 601.0300 601.1400 115878
1784818920 601.1300 601.1800 600.3000 600.3800 130333
1784818980 600.3700 601.8700 600.2000 601.4200 115097
1784819040 601.4200 601.9600 601.3000 601.4100 60101
1784819100 601.6800 601.6800 600.6000 600.9800 63432
1784819160 601.0100 601.5400 600.5300 600.9100 49750
1784819220 600.7800 601.5200 600.1900 601.0800 161422
1784819280 601.0300 601.1700 600.2400 600.2400 55340
1784819340 600.2000 600.4800 599.0100 599.1400 306047
1784819400 599.0100 599.8600 598.1900 599.6200 119189
1784819460 599.6900 599.7000 599.1400 599.4500 33370
1784819520 599.6000 600.6900 599.6000 600.1800 37362
1784819580 600.1700 600.7500 599.9600 600.7500 31958
1784819640 600.7500 600.8500 600.3900 600.6300 33912
1784819700 600.7000 601.2400 600.4000 601.1100 39337
1784819760 601.1300 601.4400 600.7600 601.2800 48011
1784819820 601.1500 601.5000 600.7100 601.1000 28404
1784819880 601.1600 601.2500 600.4600 600.7400 22330
1784819940 600.7300 601.6300 600.7300 601.5000 35905
1784820000 601.5100 601.7500 601.2600 601.5300 43425
1784820060 601.5900 601.6500 601.1500 601.2400 14202
1784820120 601.2900 601.9100 601.0000 601.1800 49903
1784820180 601.1800 601.6200 600.8900 601.1200 15453
1784820240 600.9600 601.0900 599.4100 599.4900 98648
1784820300 599.6000 599.6600 599.0000 599.1100 72431
1784820360 599.0600 599.5100 598.8000 599.4200 90987
1784820420 599.4000 600.1200 599.2900 600.1000 91778
1784820480 600.1500 600.3800 599.2600 599.2700 86680
1784820540 599.4400 599.8700 598.8500 599.2800 49762
1784820600 599.0800 599.3700 598.4800 598.5100 42239
1784820660 598.5400 598.9300 598.1200 598.6300 98995
1784820720 598.5000 598.9400 598.1500 598.3000 42645
1784820780 598.1900 598.6700 597.8200 598.2500 58450
1784820840 598.2500 598.2500 597.7700 598.1700 35698
1784820900 598.2200 598.6600 597.9600 598.2600 47366
1784820960 598.1200 598.3400 597.6000 597.7400 69521
1784821020 597.7600 598.1900 597.5000 597.8900 142541
1784821080 597.8800 598.1700 597.6800 598.0000 47703
1784821140 598.0000 598.0400 597.5900 597.9300 31506
1784821200 597.9300 598.8200 597.6800 598.7000 60965
1784821260 598.6100 598.9100 598.5400 598.7600 49805
1784821320 598.7600 598.9100 597.6400 597.7900 32616
1784821380 597.7900 597.9500 597.2600 597.4200 30680
1784821440 597.2700 597.8800 597.2700 597.7500 25350
1784821500 597.7800 597.8500 597.2200 597.5500 26616
1784821560 597.7100 598.2800 597.5000 598.0900 25146
1784821620 598.0600 598.0800 597.6900 597.9000 17833
1784821680 597.9300 599.4900 597.9300 599.2800 42796
1784821740 599.2900 599.9900 599.0300 599.5400 54863
1784821800 599.5300 599.6600 599.1100 599.5800 31484
1784821860 599.5800 600.0200 599.3000 599.8300 56663
1784821920 599.7500 600.0000 599.5500 599.9400 52873
1784821980 599.9800 600.2600 599.7100 600.0000 49385
1784822040 600.0000 601.1900 599.9600 601.0500 39959
1784822100 601.0600 601.2000 600.7600 600.7800 30484
1784822160 600.9200 601.5700 600.8200 601.5200 86265
1784822220 601.4600 601.8900 601.0600 601.7800 36667
1784822280 601.7800 602.4400 601.4000 601.7000 33986
1784822340 601.8500 601.9000 601.2900 601.5200 24126
1784822400 601.3800 601.6000 601.1500 601.5000 23447
1784822460 601.5000 602.5000 601.3700 602.4000 38786
1784822520 602.4200 602.7300 601.9100 602.3100 23966
1784822580 602.1100 602.1100 601.2300 601.6700 37262
1784822640 601.7200 601.8300 601.3200 601.6200 20146
1784822700 601.6000 601.7300 601.3000 601.4500 15535
1784822760 601.3900 601.9700 601.3700 601.6600 15918
1784822820 601.6400 602.4300 601.6100 602.3800 8888
1784822880 602.4100 602.4100 601.0500 601.5700 116658
1784822940 601.5700 602.5400 601.3200 602.4700 24085
1784823000 602.2800 602.5600 601.7300 602.1600 18420
1784823060 602.0200 602.6500 602.0100 602.1200 34041
1784823120 602.1200 602.4900 602.0000 602.0500 21064
1784823180 602.0500 602.0500 601.6000 601.8100 17252
1784823240 601.7100 602.6400 601.7000 602.4300 17112
1784823300 602.4900 602.8800 602.4700 602.5900 27374
1784823360 602.5000 603.1200 602.4900 603.0200 32005
1784823420 602.9900 603.3000 602.8500 602.9200 28399
1784823480 603.1400 603.6300 603.0600 603.5000 24959
1784823540 603.5600 603.5600 602.8600 603.3800 92779
1784823600 603.5200 603.5300 602.9500 603.2000 19054
1784823660 603.2600 604.0000 603.0100 603.4200 47766
1784823720 603.5900 603.5900 603.0700 603.3100 12865
1784823780 603.3500 603.7300 603.1200 603.7200 34976
1784823840 603.7300 604.3900 603.7200 604.3000 26871
1784823900 604.2400 604.2500 603.8800 604.1100 11629
1784823960 603.9600 603.9600 603.6100 603.8700 24122
1784824020 603.7800 604.4500 603.7800 604.2600 48257
1784824080 604.3000 604.7900 604.1900 604.1900 48137
1784824140 604.1900 604.5900 604.0000 604.4000 36215
1784824200 604.3800 605.3100 604.3600 605.3100 60761
1784824260 605.4000 605.5000 604.2300 605.1300 31054
1784824320 605.2500 605.8100 605.1700 605.5500 23698
1784824380 605.5000 605.6100 604.0800 604.0800 82265
1784824440 604.0800 604.4900 603.0000 603.0700 100552
1784824500 603.0400 603.2100 601.3400 602.1500 131382
1784824560 602.1000 602.8100 601.4700 602.6900 36340
1784824620 602.6500 603.0000 601.7000 601.9700 42920
1784824680 602.0600 602.4200 601.7000 601.8200 20822
1784824740 601.7000 602.9800 601.7000 602.8600 45203
1784824800 602.8000 603.2100 602.3000 602.5100 53532
1784824860 602.5100 603.0600 602.5000 602.5200 35620
1784824920 602.6000 603.0700 602.2300 602.4600 29604
1784824980 602.4600 603.3900 602.4100 603.3000 28003
1784825040 603.3900 603.4500 603.0800 603.1800 28350
1784825100 603.0700 603.2100 602.7000 602.9200 30214
1784825160 602.8400 603.1400 602.6200 602.7800 27142
1784825220 602.7500 603.0000 602.3700 602.8700 21052
1784825280 602.8200 602.8600 602.6100 602.7400 8149
1784825340 602.7400 603.0500 602.7100 602.9100 30498
1784825400 602.8100 603.6900 602.7200 603.4800 24828
1784825460 603.6900 604.0000 603.2900 603.5900 38964
1784825520 603.5600 604.5000 603.4100 604.3200 34890
1784825580 604.3500 605.5500 604.0900 605.4600 61682
1784825640 605.4600 605.9700 605.0200 605.7700 40036
1784825700 605.6800 606.3200 605.5900 606.1400 31394
1784825760 606.2400 606.2400 605.8300 605.9200 21021
1784825820 605.9200 606.0000 604.4900 604.6400 64465
1784825880 604.6400 605.1300 604.2000 604.3000 36880
1784825940 604.2700 605.4300 604.2000 605.2600 34360
1784826000 605.4600 605.5300 604.6800 604.8400 24158
1784826060 604.8600 605.4000 604.7300 605.2200 43230
1784826120 605.2900 605.9800 604.8400 605.8700 36633
1784826180 605.7900 605.9700 605.4500 605.8700 18470
1784826240 605.8700 606.3300 605.8700 606.2500 24030
1784826300 606.2500 606.6100 606.1600 606.5800 47969
1784826360 606.6000 606.7100 605.9600 605.9600 50344
1784826420 605.9500 606.3100 605.7200 606.0400 31692
1784826480 606.0800 606.2300 605.1400 606.0100 37500
1784826540 606.0600 606.9800 605.8100 606.8100 21098
1784826600 606.8100 607.2000 606.4900 606.5600 37080
1784826660 606.5600 606.7100 606.0900 606.2500 18108
1784826720 606.3500 606.5000 606.1000 606.4400 27663
1784826780 606.4300 606.4400 606.1200 606.1400 17474
1784826840 606.2000 606.5800 606.1800 606.3800 18796
1784826900 606.3400 606.6100 606.3000 606.4700 30576
1784826960 606.3500 606.7500 605.8900 605.9000 24228
1784827020 605.9200 606.1700 605.5000 605.6200 25631
1784827080 605.5800 605.9200 605.4400 605.6200 27793
1784827140 605.4400 605.9300 605.4400 605.8400 18050
1784827200 605.9900 606.4900 605.8400 606.3900 14732
1784827260 606.4800 606.8000 606.2200 606.3800 24038
1784827320 606.3800 606.6300 606.2500 606.4000 12552
1784827380 606.4000 607.0000 606.0800 606.8300 18678
1784827440 607.0000 607.2200 606.9100 606.9500 29312
1784827500 607.0200 607.1600 606.6000 606.6100 41028
1784827560 606.5200 606.6600 606.2100 606.5000 47318
1784827620 606.5000 606.6200 606.0200 606.1600 26758
1784827680 606.1600 606.3900 606.1000 606.2100 14502
1784827740 606.2200 606.2200 605.8400 605.9200 26278
1784827800 605.8400 605.9300 605.2100 605.2100 39258
1784827860 605.2000 605.4300 604.3000 604.3100 80552
1784827920 604.4600 604.6000 604.1600 604.3600 65018
1784827980 604.3600 604.9300 604.1900 604.7700 74064
1784828040 604.7700 605.9300 604.7700 605.7700 19346
1784828100 605.8400 606.3400 605.4500 605.4500 40556
1784828160 605.3700 605.8800 605.3200 605.6400 24907
1784828220 605.7900 605.8900 605.5300 605.8900 8730
1784828280 605.9000 606.1500 605.6900 605.7700 22148
1784828340 605.6700 605.9200 605.6300 605.7800 9960
1784828400 605.8300 606.1300 605.5800 605.7400 26856
1784828460 605.5800 605.8000 605.5000 605.8000 10382
1784828520 605.8900 606.1000 605.8300 606.0300 12476
1784828580 606.0400 606.7100 606.0300 606.6800 13831
1784828640 606.7100 607.1000 606.6800 606.9200 23858
1784828700 606.8500 607.7000 606.7900 607.7000 11592
1784828760 607.6600 607.8800 607.3500 607.5400 23296
1784828820 607.5400 607.5500 607.0400 607.4000 39231
1784828880 607.4200 607.4300 607.1100 607.1800 23286
1784828940 607.3000 607.3300 606.6200 606.7600 22137
1784829000 606.7800 607.0100 606.6700 606.9500 18501
1784829060 606.9300 607.0300 606.7500 607.0300 24360
1784829120 607.0500 607.0900 606.8000 606.9800 14770
1784829180 606.8400 607.3600 606.8400 607.1400 23207
1784829240 606.9900 607.1300 606.6100 607.0000 16813
1784829300 607.0000 607.0000 606.2000 606.6200 11698
1784829360 606.6200 606.9100 606.4800 606.9000 12245
1784829420 606.9800 606.9800 606.3200 606.3300 14831
1784829480 606.4400 606.6700 606.2300 606.6700 22628
1784829540 606.6100 606.9200 606.3600 606.3700 18096
1784829600 606.2300 606.5500 606.1200 606.2500 26161
1784829660 606.2700 606.2800 605.5500 605.6800 35174
1784829720 605.6800 605.8000 605.2800 605.8000 28509
1784829780 606.0000 606.1400 605.7400 605.9900 11832
1784829840 605.9900 606.3100 605.7500 606.1900 13322
1784829900 606.3000 606.3300 606.0800 606.3200 8312
1784829960 606.2100 606.7800 606.1000 606.7600 24561
1784830020 606.6100 606.7100 606.3300 606.4300 39898
1784830080 606.4600 606.4700 606.1200 606.1200 8165
1784830140 606.1300 606.6300 606.1300 606.5700 7016
1784830200 606.6200 606.9400 606.5400 606.7500 15621
1784830260 606.7500 606.9400 606.4900 606.8700 11070
1784830320 606.8800 606.9500 606.5900 606.7600 25403
1784830380 606.9800 606.9800 606.1900 606.7700 19548
1784830440 606.8500 606.8500 606.3600 606.4000 12387
1784830500 606.4000 606.5200 606.2600 606.2800 22048
1784830560 606.2600 606.7200 606.2600 606.5700 13616
1784830620 606.5700 606.7400 606.1400 606.2200 14000
1784830680 606.2100 606.5300 606.1400 606.3700 15811
1784830740 606.4300 606.5000 606.1800 606.3000 12718
1784830800 606.2300 606.3800 605.9900 606.0000 14022
1784830860 606.0100 606.3400 605.8200 606.0100 26023
1784830920 606.0100 606.2400 605.4000 605.4000 25541
1784830980 605.5000 606.0300 605.4100 605.6000 38920
1784831040 605.6000 605.9700 605.6000 605.7100 9634
1784831100 605.7900 606.0500 605.5200 605.6300 20870
1784831160 605.5800 605.8100 605.3800 605.4400 15306
1784831220 605.4500 605.7900 605.4500 605.6100 14264
1784831280 605.5000 606.0000 605.5000 605.8800 24088
1784831340 605.9200 606.1900 605.8700 606.1400 10622
1784831400 606.1400 606.1400 605.8300 606.0300 14828
1784831460 606.0200 606.0900 605.7500 605.7500 13263
1784831520 605.8200 605.8200 605.3900 605.4600 14627
1784831580 605.5100 605.6100 605.2900 605.3300 27466
1784831640 605.4500 605.5100 605.2000 605.3400 17082
1784831700 605.3400 605.6000 605.3400 605.5000 11253
1784831760 605.5000 605.5200 605.3500 605.4300 6044
1784831820 605.4400 605.5600 605.3000 605.3400 14142
1784831880 605.3800 605.3800 605.1000 605.3800 17939
1784831940 605.3900 605.9700 605.1800 605.4900 20249
1784832000 605.4900 605.7500 605.4900 605.6500 11575
1784832060 605.7200 605.7200 605.1000 605.2300 10222
1784832120 605.2300 605.7900 605.1500 605.7100 14417
1784832180 605.7300 606.3300 605.7300 606.3100 14922
1784832240 606.2700 606.3300 606.1800 606.2500 9258
1784832300 606.2500 607.0000 606.2400 606.8900 19207
1784832360 606.9000 607.1800 606.8500 607.1400 16761
1784832420 607.0600 607.4900 606.9500 607.4100 18471
1784832480 607.3100 607.4100 607.0900 607.2000 17966
1784832540 607.3000 607.4500 607.1000 607.3800 11631
1784832600 607.4500 607.6600 607.2400 607.2900 27054
1784832660 607.3600 607.3600 607.0900 607.1400 12631
1784832720 607.1400 607.5100 607.0500 607.3800 18696
1784832780 607.3800 607.6600 607.2600 607.6400 26890
1784832840 607.6200 607.6600 607.1600 607.2400 19653
1784832900 607.2600 607.4100 606.8500 606.9200 22010
1784832960 606.9200 607.0500 606.5300 607.0300 32033
1784833020 606.9700 607.0500 606.4900 606.5900 15890
1784833080 606.6900 606.7900 606.4000 606.7100 14542
1784833140 606.6500 606.6700 606.1300 606.5000 31403
1784833200 606.5000 606.7900 606.3400 606.6500 15129
1784833260 606.5800 606.5800 606.3000 606.3400 19704
1784833320 606.3300 606.4200 606.2400 606.3700 8492
1784833380 606.4100 606.5200 606.0600 606.2000 16197
1784833440 606.1100 606.2800 606.0600 606.1000 11288
1784833500 606.0600 606.2600 605.8800 605.8800 24356
1784833560 605.8600 605.8600 605.6500 605.7100 12664
1784833620 605.7100 605.8500 605.5200 605.5500 29706
1784833680 605.5500 605.6600 605.4300 605.6100 18955
1784833740 605.6600 605.7900 605.3000 605.4500 25803
1784833800 605.4800 605.5400 604.8500 604.9500 34354
1784833860 604.9500 605.4800 604.8100 605.2300 53853
1784833920 605.2200 606.1000 605.2200 605.8600 24306
1784833980 605.8200 605.9000 605.4400 605.6300 39240
1784834040 605.7300 605.7900 605.5400 605.7300 16888
1784834100 605.7400 606.3600 605.7000 606.2300 34591
1784834160 606.2500 606.7500 606.2000 606.7000 52765
1784834220 606.6500 607.4100 606.5600 606.8900 53855
1784834280 606.9800 606.9800 606.6100 606.9200 23047
1784834340 606.9500 607.0300 606.4500 606.6000 45631
1784834400 606.7100 607.2300 606.6800 606.9800 40742
1784834460 606.9500 607.7500 606.9400 607.3700 48762
1784834520 607.4200 607.5200 607.1700 607.4300 28478
1784834580 607.4300 607.5000 607.1800 607.3500 21223
1784834640 607.3500 607.4600 606.9800 607.2300 24956
1784834700 607.2300 607.4500 607.0900 607.0900 32331
1784834760 607.2400 607.6400 607.1900 607.5300 23837
1784834820 607.5100 607.9900 607.4900 607.9800 35152
1784834880 607.9500 608.1400 607.7000 607.7300 70961
1784834940 607.7700 607.8100 607.2700 607.3000 30096
1784835000 607.4300 607.5100 607.1700 607.4100 48101
1784835060 607.2800 607.3100 606.6500 606.8800 46228
1784835120 606.8200 607.0300 606.1300 606.4200 40694
1784835180 606.3600 607.2700 606.3200 606.9800 71788
1784835240 607.1700 607.3100 605.9000 605.9000 30273
1784835300 606.1300 606.2900 605.4000 605.4400 37823
1784835360 605.3500 605.5200 604.7300 605.0000 64657
1784835420 605.0000 605.3900 604.8300 605.0100 49620
1784835480 605.0100 605.3000 604.5800 604.9200 37176
1784835540 604.9200 605.0700 604.5800 604.8100 44841
1784835600 604.9500 605.1400 604.6000 604.8800 42964
1784835660 604.9400 605.4600 604.7100 605.3100 47732
1784835720 605.2800 605.3100 604.8700 604.8700 37289
1784835780 604.8600 605.1200 604.7800 604.8900 32876
1784835840 604.8000 604.9700 604.3000 604.3800 48031
1784835900 604.3100 604.7400 604.0000 604.2100 74291
1784835960 604.2200 604.2200 603.3900 603.5900 83449
1784836020 603.5000 604.1900 603.2200 603.3900 87517
1784836080 603.3900 603.7600 603.0400 603.3100 77523
1784836140 603.3100 603.7800 603.1400 603.7300 47353
1784836200 603.7300 605.0000 603.2800 604.7400 84766
1784836260 604.8300 604.9500 604.4100 604.8100 89398
1784836320 604.8100 605.2600 604.6600 605.0200 79783
1784836380 605.0900 605.2700 604.8000 605.1500 78630
1784836440 605.2200 606.1900 605.2100 605.7900 111308
1784836500 605.8700 607.4300 605.8700 607.4100 162209
1784836560 607.4100 607.6900 607.2600 607.6400 119102
1784836620 607.6300 607.6300 606.6300 607.0100 188445
1784836680 607.0100 607.3500 606.7500 606.8300 196090
1784836740 606.8300 606.8300 605.7900 606.0300 466721
1784836800 605.9300 606.1000 605.5400 605.5400 4605186
1784836860 606.1000 607.0000 606.1000 607.0000 1050
1784836920 607.0000 607.0000 606.1100 606.1100 1098
1784836980 606.1100 606.9000 606.1100 606.9000 550
1784837040 606.9000 606.9000 605.5300 605.5300 2058
1784837100 605.5300 605.5300 605.0100 605.0100 242
1784837160 604.6000 605.0100 604.6000 605.0000 1028
1784837220 605.0000 605.2500 604.7100 605.0400 638
1784837280 605.0400 605.0400 604.5700 604.5700 228
