# opt_chain META | epoch 1785960561 | 2026-08-05 16:09:21 | spot 590.98 | spot_src finnhub | spot_age 118 | exps 20260805 20260807 20260810 20260812 20260814 20260817 20260819
# fuente polygon | band 0.1500 | max_strikes 1078 | narrow 0 | vencimientos 8 | rows 1078 | greeks_ok_pct 0.9638 | bidask_ok_pct 0.0000
# strike right exp bid ask vol oi iv delta gamma
502.50 C 20260805 -1.00 -1.00 309 12 3.8219 0.9789 0.001077
505.00 C 20260805 -1.00 -1.00 308 9 4.0953 0.9680 0.001430
507.50 C 20260805 -1.00 -1.00 462 13 -1.0000 -1.0000 -1.000000
510.00 C 20260805 -1.00 -1.00 352 43 -1.0000 -1.0000 -1.000000
512.50 C 20260805 -1.00 -1.00 196 34 -1.0000 -1.0000 -1.000000
515.00 C 20260805 -1.00 -1.00 96 30 -1.0000 -1.0000 -1.000000
517.50 C 20260805 -1.00 -1.00 41 8 -1.0000 -1.0000 -1.000000
520.00 C 20260805 -1.00 -1.00 26 39 -1.0000 -1.0000 -1.000000
522.50 C 20260805 -1.00 -1.00 30 36 -1.0000 -1.0000 -1.000000
525.00 C 20260805 -1.00 -1.00 44 45 -1.0000 -1.0000 -1.000000
527.50 C 20260805 -1.00 -1.00 25 32 -1.0000 -1.0000 -1.000000
530.00 C 20260805 -1.00 -1.00 17 115 1.9845 0.9953 0.000552
532.50 C 20260805 -1.00 -1.00 60 61 -1.0000 -1.0000 -1.000000
535.00 C 20260805 -1.00 -1.00 46 127 -1.0000 -1.0000 -1.000000
537.50 C 20260805 -1.00 -1.00 11 33 -1.0000 -1.0000 -1.000000
540.00 C 20260805 -1.00 -1.00 14 174 -1.0000 -1.0000 -1.000000
542.50 C 20260805 -1.00 -1.00 11 131 -1.0000 -1.0000 -1.000000
545.00 C 20260805 -1.00 -1.00 20 101 -1.0000 -1.0000 -1.000000
547.50 C 20260805 -1.00 -1.00 8 62 -1.0000 -1.0000 -1.000000
550.00 C 20260805 -1.00 -1.00 34 191 1.9171 0.9565 0.003903
552.50 C 20260805 -1.00 -1.00 7 108 -1.0000 -1.0000 -1.000000
555.00 C 20260805 -1.00 -1.00 28 169 -1.0000 -1.0000 -1.000000
557.50 C 20260805 -1.00 -1.00 26 144 -1.0000 -1.0000 -1.000000
560.00 C 20260805 -1.00 -1.00 46 225 1.1314 0.9833 0.002967
562.50 C 20260805 -1.00 -1.00 44 114 -1.0000 -1.0000 -1.000000
565.00 C 20260805 -1.00 -1.00 33 119 -1.0000 -1.0000 -1.000000
567.50 C 20260805 -1.00 -1.00 25 80 -1.0000 -1.0000 -1.000000
570.00 C 20260805 -1.00 -1.00 193 444 0.9859 0.9415 0.009704
572.50 C 20260805 -1.00 -1.00 23 43 -1.0000 -1.0000 -1.000000
575.00 C 20260805 -1.00 -1.00 146 438 -1.0000 -1.0000 -1.000000
577.50 C 20260805 -1.00 -1.00 606 419 0.3734 0.9926 0.004420
580.00 C 20260805 -1.00 -1.00 3907 495 0.6596 0.8558 0.028281
582.50 C 20260805 -1.00 -1.00 7795 682 -1.0000 -1.0000 -1.000000
585.00 C 20260805 -1.00 -1.00 19885 1222 0.2868 0.8365 0.070257
587.50 C 20260805 -1.00 -1.00 18181 652 0.2909 0.6048 0.108563
590.00 C 20260805 -1.00 -1.00 30384 2339 0.2799 0.3266 0.105879
592.50 C 20260805 -1.00 -1.00 9268 840 0.2803 0.1197 0.058478
595.00 C 20260805 -1.00 -1.00 20869 1379 0.2768 0.0265 0.018064
597.50 C 20260805 -1.00 -1.00 8904 252 0.3370 0.0135 0.008353
600.00 C 20260805 -1.00 -1.00 32368 4511 0.3970 0.0089 0.004896
602.50 C 20260805 -1.00 -1.00 5938 419 0.5191 0.0132 0.005332
605.00 C 20260805 -1.00 -1.00 11216 2163 0.5610 0.0084 0.003301
607.50 C 20260805 -1.00 -1.00 3737 952 0.6151 0.0060 0.002208
610.00 C 20260805 -1.00 -1.00 10160 3138 0.6872 0.0054 0.001814
612.50 C 20260805 -1.00 -1.00 2047 826 0.7772 0.0063 0.001826
615.00 C 20260805 -1.00 -1.00 3991 2209 0.8305 0.0046 0.001304
617.50 C 20260805 -1.00 -1.00 933 2153 0.9198 0.0054 0.001354
620.00 C 20260805 -1.00 -1.00 3144 3138 0.9668 0.0040 0.000995
622.50 C 20260805 -1.00 -1.00 971 719 1.0296 0.0038 0.000882
625.00 C 20260805 -1.00 -1.00 1427 2059 1.1316 0.0045 0.000944
627.50 C 20260805 -1.00 -1.00 157 595 1.2016 0.0043 0.000852
630.00 C 20260805 -1.00 -1.00 520 961 1.2654 0.0041 0.000774
632.50 C 20260805 -1.00 -1.00 65 576 1.3271 0.0039 0.000707
635.00 C 20260805 -1.00 -1.00 694 1187 1.4279 0.0045 0.000745
637.50 C 20260805 -1.00 -1.00 74 207 1.5501 0.0063 0.000921
640.00 C 20260805 -1.00 -1.00 309 801 1.6009 0.0054 0.000784
642.50 C 20260805 -1.00 -1.00 243 179 1.6515 0.0046 0.000662
645.00 C 20260805 -1.00 -1.00 84 119 2.0844 0.0175 0.001677
647.50 C 20260805 -1.00 -1.00 2 135 1.8756 0.0071 0.000845
650.00 C 20260805 -1.00 -1.00 309 1249 1.7518 0.0030 0.000417
652.50 C 20260805 -1.00 -1.00 76 37 1.9398 0.0046 0.000562
655.00 C 20260805 -1.00 -1.00 99 83 2.1472 0.0084 0.000853
657.50 C 20260805 -1.00 -1.00 5 18 2.4281 0.0134 0.001154
660.00 C 20260805 -1.00 -1.00 68 163 2.0375 0.0032 0.000383
662.50 C 20260805 -1.00 -1.00 13 41 2.1922 0.0041 0.000452
665.00 C 20260805 -1.00 -1.00 5 56 2.3070 0.0049 0.000502
667.50 C 20260805 -1.00 -1.00 12 15 2.2131 0.0030 0.000328
670.00 C 20260805 -1.00 -1.00 5 100 2.2235 0.0024 0.000268
672.50 C 20260805 -1.00 -1.00 4 249 2.5380 0.0054 0.000494
675.00 C 20260805 -1.00 -1.00 1 684 2.3392 0.0023 0.000244
677.50 C 20260805 -1.00 -1.00 78 88 3.1349 0.0156 0.001012
502.50 P 20260805 -1.00 -1.00 9 781 2.9555 -0.0038 0.000315
505.00 P 20260805 -1.00 -1.00 181 561 2.5592 -0.0016 0.000159
507.50 P 20260805 -1.00 -1.00 8 130 2.8205 -0.0048 0.000397
510.00 P 20260805 -1.00 -1.00 6 201 2.4589 -0.0021 0.000218
512.50 P 20260805 -1.00 -1.00 1 228 2.6074 -0.0043 0.000392
515.00 P 20260805 -1.00 -1.00 2 420 2.9100 -0.0114 0.000838
517.50 P 20260805 -1.00 -1.00 1 153 2.3919 -0.0037 0.000378
520.00 P 20260805 -1.00 -1.00 22 289 2.0985 -0.0019 0.000229
522.50 P 20260805 -1.00 -1.00 8 38 2.2463 -0.0044 0.000467
525.00 P 20260805 -1.00 -1.00 44 165 2.9440 -0.0275 0.001767
527.50 P 20260805 -1.00 -1.00 4 58 2.4110 -0.0126 0.001100
530.00 P 20260805 -1.00 -1.00 44 209 1.9062 -0.0034 0.000430
532.50 P 20260805 -1.00 -1.00 61 163 1.9896 -0.0071 0.000801
535.00 P 20260805 -1.00 -1.00 87 203 1.8289 -0.0053 0.000673
537.50 P 20260805 -1.00 -1.00 59 174 1.7660 -0.0061 0.000787
540.00 P 20260805 -1.00 -1.00 28 290 1.5046 -0.0026 0.000427
542.50 P 20260805 -1.00 -1.00 50 80 1.6604 -0.0085 0.001119
545.00 P 20260805 -1.00 -1.00 95 365 1.5212 -0.0070 0.001033
547.50 P 20260805 -1.00 -1.00 69 80 1.2875 -0.0030 0.000573
550.00 P 20260805 -1.00 -1.00 161 959 1.2159 -0.0032 0.000639
552.50 P 20260805 -1.00 -1.00 139 185 1.3181 -0.0097 0.001598
555.00 P 20260805 -1.00 -1.00 261 836 1.1428 -0.0063 0.001249
557.50 P 20260805 -1.00 -1.00 61 494 1.0635 -0.0067 0.001424
560.00 P 20260805 -1.00 -1.00 947 6191 0.9276 -0.0041 0.001063
562.50 P 20260805 -1.00 -1.00 396 246 0.8682 -0.0056 0.001484
565.00 P 20260805 -1.00 -1.00 781 1048 0.7711 -0.0048 0.001468
567.50 P 20260805 -1.00 -1.00 1840 359 0.7879 -0.0117 0.003182
570.00 P 20260805 -1.00 -1.00 6591 2220 0.6349 -0.0075 0.002618
572.50 P 20260805 -1.00 -1.00 2584 361 0.5955 -0.0116 0.004184
575.00 P 20260805 -1.00 -1.00 7103 1079 0.4623 -0.0077 0.003688
577.50 P 20260805 -1.00 -1.00 4932 674 0.4149 -0.0136 0.006816
580.00 P 20260805 -1.00 -1.00 18571 2044 0.3286 -0.0167 0.010190
582.50 P 20260805 -1.00 -1.00 12648 1026 0.2938 -0.0486 0.027851
585.00 P 20260805 -1.00 -1.00 13102 584 0.2832 -0.1603 0.070293
587.50 P 20260805 -1.00 -1.00 6549 490 0.2731 -0.3887 0.115324
590.00 P 20260805 -1.00 -1.00 12202 514 0.2759 -0.6761 0.107129
592.50 P 20260805 -1.00 -1.00 4411 403 0.2376 -0.9186 0.052286
595.00 P 20260805 -1.00 -1.00 3539 686 0.5786 -0.8183 0.037266
597.50 P 20260805 -1.00 -1.00 1200 44 0.7377 -0.8376 0.027238
600.00 P 20260805 -1.00 -1.00 482 640 0.6809 -0.9141 0.018827
602.50 P 20260805 -1.00 -1.00 42 106 1.0917 -0.8484 0.017658
605.00 P 20260805 -1.00 -1.00 14 229 1.2487 -0.8556 0.015000
607.50 P 20260805 -1.00 -1.00 2 27 1.3786 -0.8660 0.012983
610.00 P 20260805 -1.00 -1.00 305 281 1.3197 -0.9016 0.010702
612.50 P 20260805 -1.00 -1.00 57 15 1.5876 -0.8837 0.010089
615.00 P 20260805 -1.00 -1.00 8 3 1.7083 -0.8886 0.009070
617.50 P 20260805 -1.00 -1.00 2 10 1.8510 -0.8901 0.008288
620.00 P 20260805 -1.00 -1.00 4 7 1.9259 -0.8993 0.007459
622.50 P 20260805 -1.00 -1.00 12 10 1.9558 -0.9135 0.006579
625.00 P 20260805 -1.00 -1.00 15 16 1.9744 -0.9288 0.005700
627.50 P 20260805 -1.00 -1.00 2 1 2.2267 -0.9138 0.005763
630.00 P 20260805 -1.00 -1.00 5 17 2.3225 -0.9182 0.005326
632.50 P 20260805 -1.00 -1.00 7 0 2.2870 -0.9338 0.004626
635.00 P 20260805 -1.00 -1.00 9 6 2.5682 -0.9202 0.004738
637.50 P 20260805 -1.00 -1.00 9 0 2.2756 -0.9521 0.003554
640.00 P 20260805 -1.00 -1.00 8 0 3.0545 -0.9004 0.004662
642.50 P 20260805 -1.00 -1.00 9 0 3.1478 -0.9040 0.004405
645.00 P 20260805 -1.00 -1.00 10 10 3.0979 -0.9191 0.003965
647.50 P 20260805 -1.00 -1.00 12 0 3.3222 -0.9113 0.003943
650.00 P 20260805 -1.00 -1.00 4 0 3.3378 -0.9204 0.003642
652.50 P 20260805 -1.00 -1.00 2 0 3.4625 -0.9205 0.003508
655.00 P 20260805 -1.00 -1.00 4 0 3.6413 -0.9165 0.003450
657.50 P 20260805 -1.00 -1.00 4 0 3.7106 -0.9207 0.003269
660.00 P 20260805 -1.00 -1.00 10 0 3.4060 -0.9432 0.002728
662.50 P 20260805 -1.00 -1.00 11 0 3.9351 -0.9223 0.003041
665.00 P 20260805 -1.00 -1.00 10 0 3.9323 -0.9291 0.002842
667.50 P 20260805 -1.00 -1.00 16 0 2.7966 -0.9850 0.001108
670.00 P 20260805 -1.00 -1.00 33 0 2.8708 -0.9853 0.001060
672.50 P 20260805 -1.00 -1.00 27 0 3.1309 -0.9784 0.001334
675.00 P 20260805 -1.00 -1.00 11 0 2.9677 -0.9874 0.000903
677.50 P 20260805 -1.00 -1.00 17 0 4.0556 -0.9479 0.002133
502.50 C 20260807 -1.00 -1.00 1 2 0.0005 1.0000 0.000000
505.00 C 20260807 -1.00 -1.00 2 11 1.1650 0.9612 0.001592
507.50 C 20260807 -1.00 -1.00 3 30 0.6872 0.9980 0.000194
510.00 C 20260807 -1.00 -1.00 108 44 -1.0000 -1.0000 -1.000000
512.50 C 20260807 -1.00 -1.00 108 4 0.6419 0.9980 0.000209
515.00 C 20260807 -1.00 -1.00 114 14 0.6842 0.9958 0.000396
517.50 C 20260807 -1.00 -1.00 114 16 -1.0000 -1.0000 -1.000000
520.00 C 20260807 -1.00 -1.00 11 172 0.6907 0.9916 0.000725
522.50 C 20260807 -1.00 -1.00 6 6 -1.0000 -1.0000 -1.000000
525.00 C 20260807 -1.00 -1.00 1 104 0.0005 1.0000 -0.000000
527.50 C 20260807 -1.00 -1.00 6 30 -1.0000 -1.0000 -1.000000
530.00 C 20260807 -1.00 -1.00 14 3021 0.7253 0.9738 0.001870
532.50 C 20260807 -1.00 -1.00 21 122 0.7798 0.9562 0.002629
535.00 C 20260807 -1.00 -1.00 5 129 0.0005 1.0000 -0.000000
537.50 C 20260807 -1.00 -1.00 25 44 -1.0000 -1.0000 -1.000000
540.00 C 20260807 -1.00 -1.00 18 221 0.0005 1.0000 -0.000000
542.50 C 20260807 -1.00 -1.00 102 155 -1.0000 -1.0000 -1.000000
545.00 C 20260807 -1.00 -1.00 118 206 0.4681 0.9858 0.001705
547.50 C 20260807 -1.00 -1.00 15 107 -1.0000 -1.0000 -1.000000
550.00 C 20260807 -1.00 -1.00 107 2092 0.5343 0.9533 0.004036
552.50 C 20260807 -1.00 -1.00 36 197 -1.0000 -1.0000 -1.000000
555.00 C 20260807 -1.00 -1.00 23 466 0.4769 0.9484 0.004916
557.50 C 20260807 -1.00 -1.00 29 114 0.4708 0.9382 0.005805
560.00 C 20260807 -1.00 -1.00 153 423 0.4256 0.9402 0.006239
562.50 C 20260807 -1.00 -1.00 81 166 0.4541 0.9062 0.008171
565.00 C 20260807 -1.00 -1.00 125 392 0.4975 0.8645 0.009817
567.50 C 20260807 -1.00 -1.00 84 118 0.4560 0.8568 0.011074
570.00 C 20260807 -1.00 -1.00 150 2875 0.4465 0.8293 0.012623
572.50 C 20260807 -1.00 -1.00 47 82 0.4584 0.7909 0.014085
575.00 C 20260807 -1.00 -1.00 300 984 0.4535 0.7553 0.015505
577.50 C 20260807 -1.00 -1.00 149 383 0.4669 0.7077 0.016386
580.00 C 20260807 -1.00 -1.00 729 922 0.4626 0.6678 0.017664
582.50 C 20260807 -1.00 -1.00 1071 290 0.4634 0.6223 0.018360
585.00 C 20260807 -1.00 -1.00 2213 396 0.4560 0.5760 0.019133
587.50 C 20260807 -1.00 -1.00 1653 1159 0.4598 0.5279 0.019465
590.00 C 20260807 -1.00 -1.00 4863 2764 0.4612 0.4805 0.019370
592.50 C 20260807 -1.00 -1.00 918 342 0.4574 0.4326 0.019147
595.00 C 20260807 -1.00 -1.00 4607 1729 0.4661 0.3874 0.018434
597.50 C 20260807 -1.00 -1.00 1904 375 0.4700 0.3449 0.017608
600.00 C 20260807 -1.00 -1.00 13958 4817 0.4665 0.3031 0.016664
602.50 C 20260807 -1.00 -1.00 1181 267 0.4678 0.2631 0.015593
605.00 C 20260807 -1.00 -1.00 1823 1061 0.4814 0.2318 0.014292
607.50 C 20260807 -1.00 -1.00 828 150 0.4817 0.2019 0.013023
610.00 C 20260807 -1.00 -1.00 8457 2721 0.4856 0.1741 0.011753
612.50 C 20260807 -1.00 -1.00 715 418 0.4920 0.1481 0.010530
615.00 C 20260807 -1.00 -1.00 1596 794 0.4994 0.1283 0.009411
617.50 C 20260807 -1.00 -1.00 449 181 0.5017 0.1102 0.008334
620.00 C 20260807 -1.00 -1.00 3504 2438 0.5028 0.0917 0.007260
622.50 C 20260807 -1.00 -1.00 386 445 0.5118 0.0774 0.006331
625.00 C 20260807 -1.00 -1.00 1496 1075 0.5265 0.0686 0.005633
627.50 C 20260807 -1.00 -1.00 317 240 0.5243 0.0575 0.004870
630.00 C 20260807 -1.00 -1.00 3362 3286 0.5315 0.0494 0.004245
632.50 C 20260807 -1.00 -1.00 543 1783 0.5376 0.0412 0.003633
635.00 C 20260807 -1.00 -1.00 916 1294 0.5550 0.0372 0.003254
637.50 C 20260807 -1.00 -1.00 228 5604 0.5586 0.0306 0.002765
640.00 C 20260807 -1.00 -1.00 1268 3394 0.5756 0.0288 0.002545
642.50 C 20260807 -1.00 -1.00 132 370 0.5822 0.0254 0.002244
645.00 C 20260807 -1.00 -1.00 268 662 0.5930 0.0227 0.002000
647.50 C 20260807 -1.00 -1.00 85 5052 0.5934 0.0182 0.001656
650.00 C 20260807 -1.00 -1.00 2628 1964 0.6122 0.0173 0.001537
652.50 C 20260807 -1.00 -1.00 69 313 0.6167 0.0137 0.001264
655.00 C 20260807 -1.00 -1.00 101 518 0.6415 0.0141 0.001243
657.50 C 20260807 -1.00 -1.00 23 131 0.6394 0.0115 0.001042
660.00 C 20260807 -1.00 -1.00 967 2731 0.6621 0.0116 0.001013
662.50 C 20260807 -1.00 -1.00 4 69 0.7032 0.0131 0.001068
665.00 C 20260807 -1.00 -1.00 36 510 0.6696 0.0087 0.000775
667.50 C 20260807 -1.00 -1.00 3 95 0.6827 0.0081 0.000713
670.00 C 20260807 -1.00 -1.00 41 2079 0.6958 0.0076 0.000656
672.50 C 20260807 -1.00 -1.00 7 49 0.7042 0.0066 0.000577
675.00 C 20260807 -1.00 -1.00 75 1626 0.7172 0.0061 0.000527
677.50 C 20260807 -1.00 -1.00 12 46 0.7441 0.0067 0.000552
502.50 P 20260807 -1.00 -1.00 9 124 0.8222 -0.0049 0.000375
505.00 P 20260807 -1.00 -1.00 33 711 0.8093 -0.0057 0.000436
507.50 P 20260807 -1.00 -1.00 10 100 0.7690 -0.0048 0.000396
510.00 P 20260807 -1.00 -1.00 34 1138 0.7563 -0.0056 0.000465
512.50 P 20260807 -1.00 -1.00 55 338 0.7818 -0.0089 0.000678
515.00 P 20260807 -1.00 -1.00 62 474 0.7583 -0.0091 0.000718
517.50 P 20260807 -1.00 -1.00 53 132 0.7716 -0.0123 0.000917
520.00 P 20260807 -1.00 -1.00 94 1025 0.6736 -0.0072 0.000646
522.50 P 20260807 -1.00 -1.00 21 389 0.6721 -0.0089 0.000793
525.00 P 20260807 -1.00 -1.00 58 691 0.6490 -0.0092 0.000847
527.50 P 20260807 -1.00 -1.00 85 325 0.6261 -0.0096 0.000906
530.00 P 20260807 -1.00 -1.00 450 1282 0.6086 -0.0103 0.001000
532.50 P 20260807 -1.00 -1.00 62 198 0.6061 -0.0135 0.001261
535.00 P 20260807 -1.00 -1.00 86 2843 0.6193 -0.0204 0.001754
537.50 P 20260807 -1.00 -1.00 16 204 0.5915 -0.0209 0.001872
540.00 P 20260807 -1.00 -1.00 904 906 0.5524 -0.0194 0.001879
542.50 P 20260807 -1.00 -1.00 259 142 0.5294 -0.0207 0.002072
545.00 P 20260807 -1.00 -1.00 380 543 0.5156 -0.0237 0.002403
547.50 P 20260807 -1.00 -1.00 282 396 0.5158 -0.0297 0.002932
550.00 P 20260807 -1.00 -1.00 1405 1764 0.5074 -0.0382 0.003616
552.50 P 20260807 -1.00 -1.00 353 520 0.4900 -0.0440 0.004197
555.00 P 20260807 -1.00 -1.00 858 1026 0.4840 -0.0539 0.005026
557.50 P 20260807 -1.00 -1.00 984 200 0.4839 -0.0663 0.005986
560.00 P 20260807 -1.00 -1.00 2944 1424 0.4733 -0.0818 0.007090
562.50 P 20260807 -1.00 -1.00 819 203 0.4648 -0.0989 0.008311
565.00 P 20260807 -1.00 -1.00 1627 1833 0.4672 -0.1212 0.009687
567.50 P 20260807 -1.00 -1.00 433 98 0.4626 -0.1471 0.011100
570.00 P 20260807 -1.00 -1.00 1000 1441 0.4567 -0.1761 0.012601
572.50 P 20260807 -1.00 -1.00 302 86 0.4584 -0.2092 0.014098
575.00 P 20260807 -1.00 -1.00 986 719 0.4540 -0.2451 0.015510
577.50 P 20260807 -1.00 -1.00 829 179 0.4439 -0.2834 0.016986
580.00 P 20260807 -1.00 -1.00 2453 1959 0.4477 -0.3280 0.018138
582.50 P 20260807 -1.00 -1.00 1179 155 0.4531 -0.3756 0.018773
585.00 P 20260807 -1.00 -1.00 1318 363 0.4416 -0.4223 0.019760
587.50 P 20260807 -1.00 -1.00 923 84 0.4510 -0.4722 0.019866
590.00 P 20260807 -1.00 -1.00 1628 712 0.4523 -0.5207 0.019773
592.50 P 20260807 -1.00 -1.00 619 118 0.4499 -0.5693 0.019483
595.00 P 20260807 -1.00 -1.00 460 359 0.4559 -0.6161 0.018858
597.50 P 20260807 -1.00 -1.00 391 59 0.4566 -0.6603 0.018043
600.00 P 20260807 -1.00 -1.00 543 594 0.4563 -0.7020 0.016961
602.50 P 20260807 -1.00 -1.00 21 25 0.4654 -0.7390 0.015682
605.00 P 20260807 -1.00 -1.00 60 237 0.4664 -0.7758 0.014502
607.50 P 20260807 -1.00 -1.00 3 24 0.4884 -0.7959 0.013014
610.00 P 20260807 -1.00 -1.00 140 470 0.5164 -0.8112 0.011705
612.50 P 20260807 -1.00 -1.00 8 18 0.5667 -0.8143 0.010546
615.00 P 20260807 -1.00 -1.00 10 296 0.5248 -0.8623 0.009550
617.50 P 20260807 -1.00 -1.00 4 31 0.5644 -0.8653 0.008730
620.00 P 20260807 -1.00 -1.00 27 328 0.4182 -0.9481 0.005869
622.50 P 20260807 -1.00 -1.00 2 8 0.6051 -0.8829 0.007306
625.00 P 20260807 -1.00 -1.00 27 1213 0.5460 -0.9250 0.005924
627.50 P 20260807 -1.00 -1.00 1 1 0.5814 -0.9251 0.005551
630.00 P 20260807 -1.00 -1.00 8 112 -1.0000 -1.0000 -1.000000
632.50 P 20260807 -1.00 -1.00 7 27 0.6113 -0.9374 0.004596
635.00 P 20260807 -1.00 -1.00 2 136 0.6724 -0.9302 0.004556
637.50 P 20260807 -1.00 -1.00 1 69 0.6395 -0.9471 0.003831
640.00 P 20260807 -1.00 -1.00 9 4 0.6586 -0.9503 0.003543
642.50 P 20260807 -1.00 -1.00 2 0 0.6724 -0.9547 0.003229
645.00 P 20260807 -1.00 -1.00 2 14 0.6966 -0.9560 0.003043
647.50 P 20260807 -1.00 -1.00 1 0 0.8398 -0.9301 0.003634
650.00 P 20260807 -1.00 -1.00 9 9 0.7604 -0.9545 0.002856
652.50 P 20260807 -1.00 -1.00 4 0 0.7581 -0.9622 0.002492
655.00 P 20260807 -1.00 -1.00 2 3 0.8957 -0.9379 0.003086
657.50 P 20260807 -1.00 -1.00 0 0 0.8056 -0.9641 0.002256
660.00 P 20260807 -1.00 -1.00 1 9 0.9786 -0.9342 0.002960
662.50 P 20260807 -1.00 -1.00 1 0 0.8527 -0.9657 0.002058
665.00 P 20260807 -1.00 -1.00 21 11 1.0150 -0.9385 0.002695
667.50 P 20260807 -1.00 -1.00 3 0 1.0636 -0.9355 0.002674
670.00 P 20260807 -1.00 -1.00 3 2 0.9385 -0.9644 0.001918
672.50 P 20260807 -1.00 -1.00 2 0 0.9310 -0.9696 0.001708
675.00 P 20260807 -1.00 -1.00 57 0 1.1174 -0.9413 0.002353
677.50 P 20260807 -1.00 -1.00 6 0 1.1250 -0.9448 0.002225
502.50 C 20260810 -1.00 -1.00 0 0 -1.0000 -1.0000 -1.000000
505.00 C 20260810 -1.00 -1.00 0 0 0.5090 0.9958 0.000345
507.50 C 20260810 -1.00 -1.00 0 0 -1.0000 -1.0000 -1.000000
510.00 C 20260810 -1.00 -1.00 1 1 0.0007 1.0000 -0.000000
512.50 C 20260810 -1.00 -1.00 1 1 0.0007 1.0000 -0.000000
515.00 C 20260810 -1.00 -1.00 12 4 0.0007 1.0000 -0.000000
517.50 C 20260810 -1.00 -1.00 16 4 0.0007 1.0000 0.000000
520.00 C 20260810 -1.00 -1.00 88 149 -1.0000 -1.0000 -1.000000
522.50 C 20260810 -1.00 -1.00 96 20 0.0007 1.0000 0.000000
525.00 C 20260810 -1.00 -1.00 90 81 0.0007 1.0000 -0.000000
527.50 C 20260810 -1.00 -1.00 152 30 0.3653 0.9955 0.000504
530.00 C 20260810 -1.00 -1.00 2 42 0.4549 0.9769 0.001721
532.50 C 20260810 -1.00 -1.00 56 87 0.0007 1.0000 -0.000000
535.00 C 20260810 -1.00 -1.00 28 38 0.3909 0.9823 0.001588
537.50 C 20260810 -1.00 -1.00 60 67 -1.0000 -1.0000 -1.000000
540.00 C 20260810 -1.00 -1.00 39 65 0.0007 1.0000 -0.000000
542.50 C 20260810 -1.00 -1.00 72 40 0.3330 0.9824 0.001850
545.00 C 20260810 -1.00 -1.00 84 39 0.4509 0.9318 0.004225
547.50 C 20260810 -1.00 -1.00 39 36 0.3497 0.9629 0.003316
550.00 C 20260810 -1.00 -1.00 96 88 0.3715 0.9431 0.004441
552.50 C 20260810 -1.00 -1.00 72 14 0.2126 0.9951 0.000945
555.00 C 20260810 -1.00 -1.00 22 76 0.3084 0.9493 0.004843
557.50 C 20260810 -1.00 -1.00 55 30 0.2420 0.9740 0.003596
560.00 C 20260810 -1.00 -1.00 1 34 0.3263 0.9055 0.007401
562.50 C 20260810 -1.00 -1.00 1 101 0.3637 0.8615 0.008790
565.00 C 20260810 -1.00 -1.00 61 23 0.3715 0.8303 0.009781
567.50 C 20260810 -1.00 -1.00 14 93 0.3876 0.7959 0.010614
570.00 C 20260810 -1.00 -1.00 7 33 0.3730 0.7774 0.011676
572.50 C 20260810 -1.00 -1.00 9 12 0.3639 0.7492 0.012632
575.00 C 20260810 -1.00 -1.00 5 91 0.3611 0.7164 0.013507
577.50 C 20260810 -1.00 -1.00 13 20 0.3646 0.6806 0.014218
580.00 C 20260810 -1.00 -1.00 35 88 0.3650 0.6450 0.014870
582.50 C 20260810 -1.00 -1.00 202 86 0.3602 0.6074 0.015397
585.00 C 20260810 -1.00 -1.00 170 197 0.3591 0.5682 0.015789
587.50 C 20260810 -1.00 -1.00 149 145 0.3553 0.5290 0.016308
590.00 C 20260810 -1.00 -1.00 351 162 0.3618 0.4897 0.016013
592.50 C 20260810 -1.00 -1.00 65 128 0.3567 0.4498 0.015991
595.00 C 20260810 -1.00 -1.00 245 184 0.3588 0.4109 0.015654
597.50 C 20260810 -1.00 -1.00 239 14 0.3663 0.3746 0.015115
600.00 C 20260810 -1.00 -1.00 1231 375 0.3686 0.3412 0.014429
602.50 C 20260810 -1.00 -1.00 72 53 0.3654 0.3061 0.013825
605.00 C 20260810 -1.00 -1.00 173 50 0.3663 0.2730 0.013103
607.50 C 20260810 -1.00 -1.00 31 33 0.3994 0.2613 0.011793
610.00 C 20260810 -1.00 -1.00 932 187 0.3752 0.2192 0.011412
612.50 C 20260810 -1.00 -1.00 160 33 0.3854 0.2008 0.010488
615.00 C 20260810 -1.00 -1.00 216 178 0.3853 0.1765 0.009669
617.50 C 20260810 -1.00 -1.00 21 21 0.3896 0.1555 0.008859
620.00 C 20260810 -1.00 -1.00 255 194 0.3928 0.1360 0.008089
622.50 C 20260810 -1.00 -1.00 72 17 0.3936 0.1206 0.007355
625.00 C 20260810 -1.00 -1.00 211 228 0.3959 0.1063 0.006645
627.50 C 20260810 -1.00 -1.00 133 58 0.3951 0.0901 0.005905
630.00 C 20260810 -1.00 -1.00 280 123 0.4020 0.0791 0.005299
632.50 C 20260810 -1.00 -1.00 44 54 0.4078 0.0697 0.004765
635.00 C 20260810 -1.00 -1.00 61 41 0.4064 0.0604 0.004236
637.50 C 20260810 -1.00 -1.00 25 9 0.4130 0.0545 0.003829
640.00 C 20260810 -1.00 -1.00 56 118 0.4149 0.0468 0.003366
642.50 C 20260810 -1.00 -1.00 12 28 0.4214 0.0412 0.003000
645.00 C 20260810 -1.00 -1.00 42 68 0.4325 0.0379 0.002742
647.50 C 20260810 -1.00 -1.00 43 39 0.4423 0.0342 0.002482
650.00 C 20260810 -1.00 -1.00 124 203 0.4554 0.0327 0.002326
652.50 C 20260810 -1.00 -1.00 5 52 0.4426 0.0258 0.001938
655.00 C 20260810 -1.00 -1.00 19 19 0.4586 0.0258 0.001867
657.50 C 20260810 -1.00 -1.00 12 30 0.4614 0.0226 0.001657
660.00 C 20260810 -1.00 -1.00 10 26 0.4656 0.0199 0.001469
662.50 C 20260810 -1.00 -1.00 14 13 0.4775 0.0191 0.001384
665.00 C 20260810 -1.00 -1.00 29 44 0.4972 0.0201 0.001392
667.50 C 20260810 -1.00 -1.00 2 14 0.5790 0.0334 0.001864
670.00 C 20260810 -1.00 -1.00 12 42 0.5144 0.0172 0.001180
672.50 C 20260810 -1.00 -1.00 7 36 0.4967 0.0117 0.000878
675.00 C 20260810 -1.00 -1.00 16 10 0.5275 0.0136 0.000950
677.50 C 20260810 -1.00 -1.00 5 14 0.5417 0.0136 0.000926
502.50 P 20260810 -1.00 -1.00 7 45 0.5687 -0.0079 0.000545
505.00 P 20260810 -1.00 -1.00 2 38 0.5531 -0.0082 0.000574
507.50 P 20260810 -1.00 -1.00 7 212 0.5270 -0.0075 0.000555
510.00 P 20260810 -1.00 -1.00 23 143 0.5009 -0.0067 0.000528
512.50 P 20260810 -1.00 -1.00 5 28 0.4892 -0.0072 0.000580
515.00 P 20260810 -1.00 -1.00 20 156 0.4883 -0.0088 0.000697
517.50 P 20260810 -1.00 -1.00 14 49 0.5076 -0.0138 0.000990
520.00 P 20260810 -1.00 -1.00 22 32 0.4722 -0.0107 0.000865
522.50 P 20260810 -1.00 -1.00 20 85 0.4811 -0.0162 0.001198
525.00 P 20260810 -1.00 -1.00 17 99 0.4687 -0.0177 0.001324
527.50 P 20260810 -1.00 -1.00 17 19 0.4248 -0.0122 0.001069
530.00 P 20260810 -1.00 -1.00 106 233 0.4276 -0.0173 0.001421
532.50 P 20260810 -1.00 -1.00 14 100 0.4484 -0.0260 0.001943
535.00 P 20260810 -1.00 -1.00 74 62 0.4079 -0.0218 0.001824
537.50 P 20260810 -1.00 -1.00 49 77 0.4152 -0.0280 0.002241
540.00 P 20260810 -1.00 -1.00 49 91 0.4176 -0.0374 0.002796
542.50 P 20260810 -1.00 -1.00 22 614 0.4113 -0.0440 0.003234
545.00 P 20260810 -1.00 -1.00 30 194 0.3747 -0.0384 0.003180
547.50 P 20260810 -1.00 -1.00 20 92 0.3871 -0.0533 0.004031
550.00 P 20260810 -1.00 -1.00 85 162 0.3883 -0.0633 0.004663
552.50 P 20260810 -1.00 -1.00 57 21 0.3794 -0.0742 0.005332
555.00 P 20260810 -1.00 -1.00 68 120 0.3721 -0.0868 0.006093
557.50 P 20260810 -1.00 -1.00 76 37 0.3708 -0.1032 0.006974
560.00 P 20260810 -1.00 -1.00 117 231 0.3699 -0.1200 0.007871
562.50 P 20260810 -1.00 -1.00 55 32 0.3667 -0.1408 0.008818
565.00 P 20260810 -1.00 -1.00 24 80 0.3648 -0.1656 0.009813
567.50 P 20260810 -1.00 -1.00 47 104 0.3701 -0.1949 0.010776
570.00 P 20260810 -1.00 -1.00 95 65 0.3721 -0.2224 0.011716
572.50 P 20260810 -1.00 -1.00 54 28 0.3662 -0.2525 0.012610
575.00 P 20260810 -1.00 -1.00 247 271 0.3624 -0.2846 0.013502
577.50 P 20260810 -1.00 -1.00 11 14 0.3649 -0.3200 0.014240
580.00 P 20260810 -1.00 -1.00 287 96 0.3596 -0.3538 0.015112
582.50 P 20260810 -1.00 -1.00 63 52 0.3640 -0.3943 0.015283
585.00 P 20260810 -1.00 -1.00 77 72 0.3557 -0.4320 0.015981
587.50 P 20260810 -1.00 -1.00 55 64 0.3681 -0.4723 0.015791
590.00 P 20260810 -1.00 -1.00 172 376 0.3672 -0.5110 0.015826
592.50 P 20260810 -1.00 -1.00 108 28 0.3657 -0.5497 0.015659
595.00 P 20260810 -1.00 -1.00 40 36 0.3633 -0.5890 0.015528
597.50 P 20260810 -1.00 -1.00 31 7 0.3751 -0.6234 0.014840
600.00 P 20260810 -1.00 -1.00 15 11 0.3754 -0.6575 0.014284
602.50 P 20260810 -1.00 -1.00 6 8 0.3671 -0.6947 0.013847
605.00 P 20260810 -1.00 -1.00 3 5 0.3729 -0.7247 0.013023
607.50 P 20260810 -1.00 -1.00 2 1 0.3806 -0.7526 0.012208
610.00 P 20260810 -1.00 -1.00 5 23 0.3779 -0.7813 0.011455
612.50 P 20260810 -1.00 -1.00 2 3 0.4170 -0.7828 0.010319
615.00 P 20260810 -1.00 -1.00 16 16 0.3929 -0.8206 0.009727
617.50 P 20260810 -1.00 -1.00 2 2 0.3989 -0.8402 0.008948
620.00 P 20260810 -1.00 -1.00 6 3 0.4272 -0.8432 0.008256
622.50 P 20260810 -1.00 -1.00 1 1 0.3961 -0.8808 0.007455
625.00 P 20260810 -1.00 -1.00 3 6 0.4033 -0.8922 0.006802
627.50 P 20260810 -1.00 -1.00 31 31 0.3985 -0.9109 0.006046
630.00 P 20260810 -1.00 -1.00 2 0 0.4978 -0.8717 0.006222
632.50 P 20260810 -1.00 -1.00 0 0 0.4220 -0.9262 0.005041
635.00 P 20260810 -1.00 -1.00 1 6 0.4354 -0.9313 0.004650
637.50 P 20260810 -1.00 -1.00 0 0 0.5050 -0.9053 0.004929
640.00 P 20260810 -1.00 -1.00 5 5 0.4939 -0.9237 0.004373
642.50 P 20260810 -1.00 -1.00 0 0 0.4276 -0.9599 0.003196
645.00 P 20260810 -1.00 -1.00 1 0 0.4468 -0.9595 0.003067
647.50 P 20260810 -1.00 -1.00 0 0 0.4799 -0.9534 0.003133
650.00 P 20260810 -1.00 -1.00 1 1 0.5909 -0.9199 0.003748
652.50 P 20260810 -1.00 -1.00 0 0 0.4898 -0.9643 0.002547
655.00 P 20260810 -1.00 -1.00 0 0 0.5839 -0.9376 0.003164
657.50 P 20260810 -1.00 -1.00 0 0 0.6260 -0.9314 0.003173
660.00 P 20260810 -1.00 -1.00 0 0 0.6629 -0.9268 0.003144
662.50 P 20260810 -1.00 -1.00 0 0 0.6563 -0.9342 0.002921
665.00 P 20260810 -1.00 -1.00 0 0 0.6781 -0.9338 0.002838
667.50 P 20260810 -1.00 -1.00 0 0 0.6898 -0.9358 0.002718
670.00 P 20260810 -1.00 -1.00 0 0 0.7180 -0.9338 0.002674
672.50 P 20260810 -1.00 -1.00 0 0 0.7263 -0.9365 0.002554
675.00 P 20260810 -1.00 -1.00 12 0 0.6509 -0.9627 0.001934
677.50 P 20260810 -1.00 -1.00 6 0 0.7493 -0.9403 0.002356
502.50 C 20260812 -1.00 -1.00 8 5 0.0009 0.9999 -0.000000
505.00 C 20260812 -1.00 -1.00 12 4 0.0009 0.9999 0.000000
507.50 C 20260812 -1.00 -1.00 10 8 0.0009 0.9999 -0.000000
510.00 C 20260812 -1.00 -1.00 2 8 0.0009 0.9999 0.000000
512.50 C 20260812 -1.00 -1.00 48 8 0.0009 0.9999 -0.000000
515.00 C 20260812 -1.00 -1.00 22 9 0.0009 0.9999 0.000000
517.50 C 20260812 -1.00 -1.00 42 14 0.0009 0.9999 0.000000
520.00 C 20260812 -1.00 -1.00 26 11 0.0009 0.9999 -0.000000
522.50 C 20260812 -1.00 -1.00 4 29 0.0009 0.9999 -0.000000
525.00 C 20260812 -1.00 -1.00 6 51 -1.0000 -1.0000 -1.000000
527.50 C 20260812 -1.00 -1.00 120 43 0.3538 0.9894 0.000962
530.00 C 20260812 -1.00 -1.00 32 47 0.3798 0.9787 0.001624
532.50 C 20260812 -1.00 -1.00 24 25 0.3843 0.9735 0.001955
535.00 C 20260812 -1.00 -1.00 2 114 0.2982 0.9909 0.000993
537.50 C 20260812 -1.00 -1.00 209 109 0.3966 0.9537 0.002965
540.00 C 20260812 -1.00 -1.00 12 1131 0.3154 0.9777 0.002043
542.50 C 20260812 -1.00 -1.00 2 8 0.3987 0.9370 0.003837
545.00 C 20260812 -1.00 -1.00 4 15 0.3835 0.9323 0.004190
547.50 C 20260812 -1.00 -1.00 16 10 0.3702 0.9261 0.004616
550.00 C 20260812 -1.00 -1.00 28 59 0.3877 0.9017 0.005451
552.50 C 20260812 -1.00 -1.00 8 24 0.3744 0.8945 0.005961
555.00 C 20260812 -1.00 -1.00 27 65 0.3397 0.8991 0.006345
557.50 C 20260812 -1.00 -1.00 17 24 0.3752 0.8599 0.007279
560.00 C 20260812 -1.00 -1.00 6 70 0.3746 0.8386 0.007967
562.50 C 20260812 -1.00 -1.00 28 15 0.3776 0.8152 0.008643
565.00 C 20260812 -1.00 -1.00 8 6 0.3770 0.7940 0.009328
567.50 C 20260812 -1.00 -1.00 15 9 0.3611 0.7796 0.010182
570.00 C 20260812 -1.00 -1.00 36 29 0.3613 0.7502 0.010772
572.50 C 20260812 -1.00 -1.00 14 7 0.3473 0.7283 0.011670
575.00 C 20260812 -1.00 -1.00 11 44 0.3779 0.6850 0.011565
577.50 C 20260812 -1.00 -1.00 2 3 0.3594 0.6632 0.012605
580.00 C 20260812 -1.00 -1.00 54 102 0.3578 0.6309 0.012972
582.50 C 20260812 -1.00 -1.00 134 9 0.3584 0.5972 0.013211
585.00 C 20260812 -1.00 -1.00 121 64 0.3612 0.5633 0.013365
587.50 C 20260812 -1.00 -1.00 16 12 0.3902 0.5294 0.012614
590.00 C 20260812 -1.00 -1.00 115 112 0.3723 0.4976 0.013238
592.50 C 20260812 -1.00 -1.00 43 19 0.3839 0.4672 0.012692
595.00 C 20260812 -1.00 -1.00 14 38 0.3650 0.4316 0.013172
597.50 C 20260812 -1.00 -1.00 120 5 0.3803 0.4038 0.012508
600.00 C 20260812 -1.00 -1.00 165 107 0.3767 0.3709 0.012470
602.50 C 20260812 -1.00 -1.00 22 14 0.3923 0.3495 0.011635
605.00 C 20260812 -1.00 -1.00 73 12 0.3946 0.3241 0.011154
607.50 C 20260812 -1.00 -1.00 43 10 0.3738 0.2862 0.011128
610.00 C 20260812 -1.00 -1.00 55 23 0.4009 0.2751 0.010198
612.50 C 20260812 -1.00 -1.00 24 35 0.3980 0.2473 0.009825
615.00 C 20260812 -1.00 -1.00 6 18 0.3994 0.2267 0.009296
617.50 C 20260812 -1.00 -1.00 21 8 0.3771 0.1928 0.008861
620.00 C 20260812 -1.00 -1.00 58 21 0.4030 0.1895 0.008199
622.50 C 20260812 -1.00 -1.00 1 2 0.4051 0.1713 0.007665
625.00 C 20260812 -1.00 -1.00 57 19 0.4099 0.1553 0.007146
627.50 C 20260812 -1.00 -1.00 10 0 0.3979 0.1315 0.006594
630.00 C 20260812 -1.00 -1.00 317 56 0.4149 0.1276 0.006181
632.50 C 20260812 -1.00 -1.00 3 3 0.4013 0.1072 0.005598
635.00 C 20260812 -1.00 -1.00 24 96 0.4126 0.1011 0.005215
637.50 C 20260812 -1.00 -1.00 1 0 0.4144 0.0896 0.004759
640.00 C 20260812 -1.00 -1.00 14 35 0.4247 0.0835 0.004424
642.50 C 20260812 -1.00 -1.00 10 12 0.4352 0.0780 0.004119
645.00 C 20260812 -1.00 -1.00 4 4 0.4318 0.0679 0.003729
647.50 C 20260812 -1.00 -1.00 3 200 0.4511 0.0684 0.003591
650.00 C 20260812 -1.00 -1.00 233 258 0.4314 0.0539 0.003078
652.50 C 20260812 -1.00 -1.00 7 1 0.4529 0.0559 0.003020
655.00 C 20260812 -1.00 -1.00 35 39 0.4433 0.0452 0.002602
657.50 C 20260812 -1.00 -1.00 1 1 0.4668 0.0484 0.002611
660.00 C 20260812 -1.00 -1.00 7 55 0.4627 0.0403 0.002281
662.50 C 20260812 -1.00 -1.00 9 3 0.4866 0.0439 0.002317
665.00 C 20260812 -1.00 -1.00 14 6 0.4726 0.0328 0.001904
667.50 C 20260812 -1.00 -1.00 3 5 0.4891 0.0333 0.001864
670.00 C 20260812 -1.00 -1.00 28 62 0.4662 0.0251 0.001520
672.50 C 20260812 -1.00 -1.00 5 32 0.4871 0.0268 0.001543
675.00 C 20260812 -1.00 -1.00 10 29 0.4882 0.0240 0.001400
677.50 C 20260812 -1.00 -1.00 13 17 0.4764 0.0181 0.001129
502.50 P 20260812 -1.00 -1.00 12 8 0.5113 -0.0104 0.000660
505.00 P 20260812 -1.00 -1.00 2 26 0.5014 -0.0112 0.000717
507.50 P 20260812 -1.00 -1.00 10 4 0.5595 -0.0245 0.001256
510.00 P 20260812 -1.00 -1.00 3 5 0.5643 -0.0287 0.001429
512.50 P 20260812 -1.00 -1.00 11 6 0.4883 -0.0185 0.001122
515.00 P 20260812 -1.00 -1.00 4 7 0.4685 -0.0180 0.001142
517.50 P 20260812 -1.00 -1.00 7 3 0.4655 -0.0209 0.001309
520.00 P 20260812 -1.00 -1.00 13 54 0.4445 -0.0202 0.001330
522.50 P 20260812 -1.00 -1.00 2 23 0.4545 -0.0258 0.001617
525.00 P 20260812 -1.00 -1.00 1 35 0.4465 -0.0278 0.001765
527.50 P 20260812 -1.00 -1.00 117 6 0.4438 -0.0339 0.002065
530.00 P 20260812 -1.00 -1.00 75 23 0.4332 -0.0372 0.002277
532.50 P 20260812 -1.00 -1.00 14 6 0.4187 -0.0392 0.002458
535.00 P 20260812 -1.00 -1.00 74 98 0.4114 -0.0441 0.002751
537.50 P 20260812 -1.00 -1.00 4 12 0.4217 -0.0555 0.003255
540.00 P 20260812 -1.00 -1.00 23 33 0.4150 -0.0608 0.003579
542.50 P 20260812 -1.00 -1.00 2 24 0.3952 -0.0618 0.003810
545.00 P 20260812 -1.00 -1.00 14 17 0.4146 -0.0855 0.004590
547.50 P 20260812 -1.00 -1.00 10 9 0.4212 -0.1019 0.005162
550.00 P 20260812 -1.00 -1.00 28 31 0.4152 -0.1121 0.005645
552.50 P 20260812 -1.00 -1.00 1 7 0.4117 -0.1238 0.006163
555.00 P 20260812 -1.00 -1.00 6 94 0.3891 -0.1287 0.006676
557.50 P 20260812 -1.00 -1.00 27 52 0.3864 -0.1478 0.007315
560.00 P 20260812 -1.00 -1.00 61 43 0.3896 -0.1708 0.007957
562.50 P 20260812 -1.00 -1.00 2 9 0.3879 -0.1907 0.008607
565.00 P 20260812 -1.00 -1.00 38 79 0.3941 -0.2148 0.009200
567.50 P 20260812 -1.00 -1.00 7 16 0.3824 -0.2342 0.009893
570.00 P 20260812 -1.00 -1.00 28 53 0.3807 -0.2609 0.010455
572.50 P 20260812 -1.00 -1.00 4 6 0.4149 -0.3028 0.010335
575.00 P 20260812 -1.00 -1.00 29 24 0.3776 -0.3154 0.011601
577.50 P 20260812 -1.00 -1.00 7 7 0.3942 -0.3494 0.011661
580.00 P 20260812 -1.00 -1.00 43 49 0.3908 -0.3791 0.011974
582.50 P 20260812 -1.00 -1.00 9 6 0.4052 -0.4123 0.011776
585.00 P 20260812 -1.00 -1.00 15 46 0.3933 -0.4410 0.012338
587.50 P 20260812 -1.00 -1.00 13 80 0.3991 -0.4717 0.012377
590.00 P 20260812 -1.00 -1.00 42 101 0.3924 -0.5024 0.012605
592.50 P 20260812 -1.00 -1.00 13 26 0.3872 -0.5336 0.012632
595.00 P 20260812 -1.00 -1.00 18 72 0.4041 -0.5609 0.011982
597.50 P 20260812 -1.00 -1.00 19 7 0.4110 -0.5887 0.011662
600.00 P 20260812 -1.00 -1.00 62 15 0.3897 -0.6257 0.012138
602.50 P 20260812 -1.00 -1.00 10 10 0.4216 -0.6413 0.011034
605.00 P 20260812 -1.00 -1.00 1 3 0.4169 -0.6679 0.010755
607.50 P 20260812 -1.00 -1.00 2 0 0.4123 -0.6952 0.010461
610.00 P 20260812 -1.00 -1.00 1 5 0.4136 -0.7198 0.010054
612.50 P 20260812 -1.00 -1.00 1 1 0.4312 -0.7347 0.009425
615.00 P 20260812 -1.00 -1.00 2 3 0.4374 -0.7552 0.008997
617.50 P 20260812 -1.00 -1.00 0 0 0.4292 -0.7787 0.008625
620.00 P 20260812 -1.00 -1.00 2 12 0.4276 -0.7981 0.008168
622.50 P 20260812 -1.00 -1.00 0 0 0.4203 -0.8213 0.007717
625.00 P 20260812 -1.00 -1.00 1 1 0.4364 -0.8296 0.007225
627.50 P 20260812 -1.00 -1.00 5 5 0.4534 -0.8365 0.006785
630.00 P 20260812 -1.00 -1.00 31 31 0.4870 -0.8327 0.006391
632.50 P 20260812 -1.00 -1.00 0 0 0.4379 -0.8758 0.005911
635.00 P 20260812 -1.00 -1.00 20 20 0.4388 -0.8873 0.005497
637.50 P 20260812 -1.00 -1.00 0 0 0.4662 -0.8845 0.005253
640.00 P 20260812 -1.00 -1.00 28 28 0.4720 -0.8928 0.004922
642.50 P 20260812 -1.00 -1.00 0 0 0.4677 -0.9063 0.004531
645.00 P 20260812 -1.00 -1.00 0 0 0.5065 -0.8966 0.004459
647.50 P 20260812 -1.00 -1.00 0 0 0.4922 -0.9147 0.004039
650.00 P 20260812 -1.00 -1.00 0 0 0.4799 -0.9313 0.003598
652.50 P 20260812 -1.00 -1.00 0 0 0.5042 -0.9290 0.003502
655.00 P 20260812 -1.00 -1.00 0 0 0.5567 -0.9113 0.003645
657.50 P 20260812 -1.00 -1.00 0 0 0.5048 -0.9409 0.003041
660.00 P 20260812 -1.00 -1.00 0 0 0.4888 -0.9531 0.002664
662.50 P 20260812 -1.00 -1.00 20 0 0.6006 -0.9175 0.003216
665.00 P 20260812 -1.00 -1.00 20 0 0.5349 -0.9476 0.002616
667.50 P 20260812 -1.00 -1.00 0 0 0.6373 -0.9176 0.003022
670.00 P 20260812 -1.00 -1.00 0 0 0.5373 -0.9581 0.002225
672.50 P 20260812 -1.00 -1.00 0 0 0.5704 -0.9516 0.002307
675.00 P 20260812 -1.00 -1.00 0 0 0.5537 -0.9630 0.001977
677.50 P 20260812 -1.00 -1.00 0 0 0.5723 -0.9615 0.001961
502.50 C 20260814 -1.00 -1.00 22 8 0.0010 0.9999 0.000000
505.00 C 20260814 -1.00 -1.00 16 23 0.4297 0.9904 0.000640
507.50 C 20260814 -1.00 -1.00 32 5 0.3111 0.9991 0.000096
510.00 C 20260814 -1.00 -1.00 6 50 0.4267 0.9860 0.000891
512.50 C 20260814 -1.00 -1.00 10 11 0.4189 0.9844 0.000994
515.00 C 20260814 -1.00 -1.00 114 22 0.3788 0.9899 0.000764
517.50 C 20260814 -1.00 -1.00 46 20 0.3863 0.9851 0.001034
520.00 C 20260814 -1.00 -1.00 114 65 0.3537 0.9895 0.000842
522.50 C 20260814 -1.00 -1.00 19 12 0.3884 0.9773 0.001486
525.00 C 20260814 -1.00 -1.00 3 136 0.3523 0.9825 0.001301
527.50 C 20260814 -1.00 -1.00 5 9 0.3933 0.9659 0.002064
530.00 C 20260814 -1.00 -1.00 21 234 0.4210 0.9484 0.002708
532.50 C 20260814 -1.00 -1.00 5 96 0.4338 0.9373 0.003102
535.00 C 20260814 -1.00 -1.00 24 320 0.3747 0.9516 0.002881
537.50 C 20260814 -1.00 -1.00 15 25 0.4031 0.9313 0.003557
540.00 C 20260814 -1.00 -1.00 10 176 0.4007 0.9206 0.003970
542.50 C 20260814 -1.00 -1.00 9 41 0.3839 0.9178 0.004252
545.00 C 20260814 -1.00 -1.00 55 174 0.3945 0.8996 0.004813
547.50 C 20260814 -1.00 -1.00 1 70 0.3890 0.8901 0.005241
550.00 C 20260814 -1.00 -1.00 9 312 0.3628 0.8908 0.005589
552.50 C 20260814 -1.00 -1.00 21 58 0.3606 0.8786 0.006117
555.00 C 20260814 -1.00 -1.00 40 227 0.3880 0.8417 0.006716
557.50 C 20260814 -1.00 -1.00 2 77 0.3831 0.8260 0.007238
560.00 C 20260814 -1.00 -1.00 60 258 0.4171 0.7905 0.007551
562.50 C 20260814 -1.00 -1.00 3 28 0.3640 0.7982 0.008424
565.00 C 20260814 -1.00 -1.00 75 70 0.3749 0.7702 0.008827
567.50 C 20260814 -1.00 -1.00 3 62 0.3654 0.7505 0.009409
570.00 C 20260814 -1.00 -1.00 56 122 0.3759 0.7198 0.009680
572.50 C 20260814 -1.00 -1.00 37 68 0.3871 0.6905 0.009895
575.00 C 20260814 -1.00 -1.00 44 236 0.3958 0.6636 0.010123
577.50 C 20260814 -1.00 -1.00 61 103 0.3952 0.6373 0.010334
580.00 C 20260814 -1.00 -1.00 194 385 0.3921 0.6111 0.010584
582.50 C 20260814 -1.00 -1.00 133 68 0.3931 0.5838 0.010730
585.00 C 20260814 -1.00 -1.00 1090 558 0.3962 0.5566 0.010820
587.50 C 20260814 -1.00 -1.00 265 65 0.3958 0.5297 0.011000
590.00 C 20260814 -1.00 -1.00 621 1001 0.3962 0.5030 0.011010
592.50 C 20260814 -1.00 -1.00 94 104 0.3955 0.4762 0.010924
595.00 C 20260814 -1.00 -1.00 236 264 0.3915 0.4488 0.010927
597.50 C 20260814 -1.00 -1.00 119 102 0.3935 0.4223 0.010766
600.00 C 20260814 -1.00 -1.00 3836 1827 0.3996 0.3975 0.010508
602.50 C 20260814 -1.00 -1.00 57 219 0.4022 0.3721 0.010340
605.00 C 20260814 -1.00 -1.00 403 381 0.4034 0.3497 0.010000
607.50 C 20260814 -1.00 -1.00 42 197 0.3962 0.3237 0.009813
610.00 C 20260814 -1.00 -1.00 197 457 0.3997 0.3023 0.009429
612.50 C 20260814 -1.00 -1.00 350 163 0.4008 0.2800 0.009090
615.00 C 20260814 -1.00 -1.00 275 214 0.4058 0.2602 0.008707
617.50 C 20260814 -1.00 -1.00 51 95 0.4087 0.2404 0.008348
620.00 C 20260814 -1.00 -1.00 223 415 0.4112 0.2247 0.007930
622.50 C 20260814 -1.00 -1.00 76 71 0.4059 0.2046 0.007556
625.00 C 20260814 -1.00 -1.00 268 1307 0.4094 0.1897 0.007140
627.50 C 20260814 -1.00 -1.00 102 34 0.4089 0.1724 0.006740
630.00 C 20260814 -1.00 -1.00 556 721 0.4153 0.1599 0.006347
632.50 C 20260814 -1.00 -1.00 14 68 0.4229 0.1487 0.005978
635.00 C 20260814 -1.00 -1.00 60 633 0.4256 0.1370 0.005625
637.50 C 20260814 -1.00 -1.00 21 35 0.4251 0.1260 0.005275
640.00 C 20260814 -1.00 -1.00 438 1008 0.4254 0.1153 0.004929
642.50 C 20260814 -1.00 -1.00 15 28 0.4261 0.1049 0.004587
645.00 C 20260814 -1.00 -1.00 185 247 0.4293 0.0960 0.004270
647.50 C 20260814 -1.00 -1.00 21 35 0.4327 0.0875 0.003965
650.00 C 20260814 -1.00 -1.00 540 1848 0.4379 0.0801 0.003689
652.50 C 20260814 -1.00 -1.00 7 81 0.4424 0.0733 0.003431
655.00 C 20260814 -1.00 -1.00 21 436 0.4441 0.0680 0.003206
657.50 C 20260814 -1.00 -1.00 111 40 0.4410 0.0608 0.002940
660.00 C 20260814 -1.00 -1.00 110 921 0.4456 0.0567 0.002748
662.50 C 20260814 -1.00 -1.00 6 79 0.4468 0.0513 0.002526
665.00 C 20260814 -1.00 -1.00 42 207 0.4504 0.0470 0.002335
667.50 C 20260814 -1.00 -1.00 8 21 0.4574 0.0442 0.002191
670.00 C 20260814 -1.00 -1.00 107 576 0.4624 0.0406 0.002031
672.50 C 20260814 -1.00 -1.00 5 32 0.4670 0.0370 0.001871
675.00 C 20260814 -1.00 -1.00 81 430 0.4739 0.0344 0.001748
677.50 C 20260814 -1.00 -1.00 17 35 0.4773 0.0323 0.001642
502.50 P 20260814 -1.00 -1.00 13 281 0.4764 -0.0150 0.000852
505.00 P 20260814 -1.00 -1.00 29 138 0.4713 -0.0171 0.000959
507.50 P 20260814 -1.00 -1.00 16 116 0.4627 -0.0185 0.001045
510.00 P 20260814 -1.00 -1.00 115 411 0.4600 -0.0210 0.001179
512.50 P 20260814 -1.00 -1.00 24 93 0.4481 -0.0218 0.001251
515.00 P 20260814 -1.00 -1.00 28 306 0.4535 -0.0261 0.001449
517.50 P 20260814 -1.00 -1.00 11 81 0.4501 -0.0296 0.001622
520.00 P 20260814 -1.00 -1.00 129 398 0.4394 -0.0320 0.001763
522.50 P 20260814 -1.00 -1.00 20 84 0.4337 -0.0364 0.001977
525.00 P 20260814 -1.00 -1.00 60 250 0.4270 -0.0405 0.002188
527.50 P 20260814 -1.00 -1.00 26 113 0.4243 -0.0462 0.002452
530.00 P 20260814 -1.00 -1.00 216 384 0.4211 -0.0517 0.002718
532.50 P 20260814 -1.00 -1.00 29 115 0.4223 -0.0589 0.003027
535.00 P 20260814 -1.00 -1.00 294 280 0.4166 -0.0648 0.003311
537.50 P 20260814 -1.00 -1.00 119 76 0.4143 -0.0752 0.003698
540.00 P 20260814 -1.00 -1.00 177 300 0.4076 -0.0834 0.004053
542.50 P 20260814 -1.00 -1.00 45 127 0.4057 -0.0943 0.004467
545.00 P 20260814 -1.00 -1.00 249 270 0.4039 -0.1054 0.004889
547.50 P 20260814 -1.00 -1.00 46 430 0.4046 -0.1177 0.005327
550.00 P 20260814 -1.00 -1.00 279 1924 0.4020 -0.1312 0.005776
552.50 P 20260814 -1.00 -1.00 33 92 0.3980 -0.1467 0.006247
555.00 P 20260814 -1.00 -1.00 90 324 0.3942 -0.1626 0.006735
557.50 P 20260814 -1.00 -1.00 27 29 0.3937 -0.1806 0.007230
560.00 P 20260814 -1.00 -1.00 142 397 0.3941 -0.1991 0.007721
562.50 P 20260814 -1.00 -1.00 34 46 0.3946 -0.2182 0.008208
565.00 P 20260814 -1.00 -1.00 111 234 0.3963 -0.2429 0.008581
567.50 P 20260814 -1.00 -1.00 37 40 0.3909 -0.2639 0.009053
570.00 P 20260814 -1.00 -1.00 138 483 0.3910 -0.2879 0.009454
572.50 P 20260814 -1.00 -1.00 31 96 0.3943 -0.3131 0.009795
575.00 P 20260814 -1.00 -1.00 358 569 0.3951 -0.3373 0.010178
577.50 P 20260814 -1.00 -1.00 60 60 0.3936 -0.3636 0.010410
580.00 P 20260814 -1.00 -1.00 278 400 0.3906 -0.3899 0.010662
582.50 P 20260814 -1.00 -1.00 81 48 0.3930 -0.4175 0.010774
585.00 P 20260814 -1.00 -1.00 122 177 0.3933 -0.4447 0.010940
587.50 P 20260814 -1.00 -1.00 35 115 0.3984 -0.4719 0.010976
590.00 P 20260814 -1.00 -1.00 99 891 0.3976 -0.4988 0.011010
592.50 P 20260814 -1.00 -1.00 19 96 0.3950 -0.5257 0.010981
595.00 P 20260814 -1.00 -1.00 71 234 0.3937 -0.5528 0.010914
597.50 P 20260814 -1.00 -1.00 13 50 0.3944 -0.5795 0.010794
600.00 P 20260814 -1.00 -1.00 117 810 0.3951 -0.6062 0.010677
602.50 P 20260814 -1.00 -1.00 10 1 0.4025 -0.6302 0.010380
605.00 P 20260814 -1.00 -1.00 14 97 0.3938 -0.6566 0.010240
607.50 P 20260814 -1.00 -1.00 18 18 0.3981 -0.6780 0.009833
610.00 P 20260814 -1.00 -1.00 5 152 0.4000 -0.7001 0.009481
612.50 P 20260814 -1.00 -1.00 1 17 0.4284 -0.7077 0.008750
615.00 P 20260814 -1.00 -1.00 1 103 0.4279 -0.7295 0.008482
617.50 P 20260814 -1.00 -1.00 1 1 0.4250 -0.7530 0.008238
620.00 P 20260814 -1.00 -1.00 23 129 0.4391 -0.7638 0.007787
622.50 P 20260814 -1.00 -1.00 17 0 0.4415 -0.7785 0.007428
625.00 P 20260814 -1.00 -1.00 7 145 0.4360 -0.7974 0.007112
627.50 P 20260814 -1.00 -1.00 7 3 0.4090 -0.8312 0.006812
630.00 P 20260814 -1.00 -1.00 1 216 0.4171 -0.8426 0.006421
632.50 P 20260814 -1.00 -1.00 0 0 0.4231 -0.8551 0.006050
635.00 P 20260814 -1.00 -1.00 8 43 0.4398 -0.8592 0.005724
637.50 P 20260814 -1.00 -1.00 0 0 0.4385 -0.8709 0.005393
640.00 P 20260814 -1.00 -1.00 2 197 0.4626 -0.8692 0.005151
642.50 P 20260814 -1.00 -1.00 3 3 0.4851 -0.8683 0.004928
645.00 P 20260814 -1.00 -1.00 2 54 0.4450 -0.8990 0.004470
647.50 P 20260814 -1.00 -1.00 10 0 0.4762 -0.8919 0.004360
650.00 P 20260814 -1.00 -1.00 4 37 0.5233 -0.8783 0.004301
652.50 P 20260814 -1.00 -1.00 0 0 0.5209 -0.8882 0.004067
655.00 P 20260814 -1.00 -1.00 2 19 0.5054 -0.9050 0.003757
657.50 P 20260814 -1.00 -1.00 0 0 0.4784 -0.9296 0.003287
660.00 P 20260814 -1.00 -1.00 4 12 0.5148 -0.9181 0.003346
662.50 P 20260814 -1.00 -1.00 0 0 0.4912 -0.9360 0.002974
665.00 P 20260814 -1.00 -1.00 10 7 0.4847 -0.9440 0.002738
667.50 P 20260814 -1.00 -1.00 0 0 0.4986 -0.9441 0.002651
670.00 P 20260814 -1.00 -1.00 6 40 0.4998 -0.9490 0.002475
672.50 P 20260814 -1.00 -1.00 0 0 0.5136 -0.9490 0.002403
675.00 P 20260814 -1.00 -1.00 2 8 0.5145 -0.9539 0.002235
677.50 P 20260814 -1.00 -1.00 0 0 0.5813 -0.9354 0.002496
505.00 C 20260817 -1.00 -1.00 26 0 0.3987 0.9853 0.000860
510.00 C 20260817 -1.00 -1.00 8 0 0.3747 0.9848 0.000941
512.50 C 20260817 -1.00 -1.00 0 0 0.3628 0.9846 0.000986
515.00 C 20260817 -1.00 -1.00 2 0 0.4033 0.9713 0.001528
517.50 C 20260817 -1.00 -1.00 0 0 0.3644 0.9774 0.001370
520.00 C 20260817 -1.00 -1.00 0 0 0.3969 0.9616 0.001952
522.50 C 20260817 -1.00 -1.00 0 0 0.3589 0.9715 0.001710
525.00 C 20260817 -1.00 -1.00 0 0 0.3907 0.9515 0.002402
527.50 C 20260817 -1.00 -1.00 0 0 0.3628 0.9562 0.002376
530.00 C 20260817 -1.00 -1.00 0 0 0.3524 0.9538 0.002556
532.50 C 20260817 -1.00 -1.00 0 0 0.3830 0.9333 0.003182
535.00 C 20260817 -1.00 -1.00 0 0 0.3639 0.9339 0.003328
537.50 C 20260817 -1.00 -1.00 0 0 0.3873 0.9090 0.003949
540.00 C 20260817 -1.00 -1.00 4 3 0.3599 0.9132 0.004099
542.50 C 20260817 -1.00 -1.00 0 0 0.3325 0.9182 0.004243
545.00 C 20260817 -1.00 -1.00 0 0 0.3489 0.8960 0.004858
547.50 C 20260817 -1.00 -1.00 0 0 0.3693 0.8717 0.005373
550.00 C 20260817 -1.00 -1.00 22 25 0.3493 0.8690 0.005753
552.50 C 20260817 -1.00 -1.00 0 0 0.3635 0.8415 0.006226
555.00 C 20260817 -1.00 -1.00 1 1 0.3639 0.8241 0.006663
557.50 C 20260817 -1.00 -1.00 0 0 0.3532 0.8131 0.007153
560.00 C 20260817 -1.00 -1.00 2 6 0.3518 0.7962 0.007626
562.50 C 20260817 -1.00 -1.00 10 0 0.3511 0.7768 0.008065
565.00 C 20260817 -1.00 -1.00 34 67 0.3679 0.7443 0.008205
567.50 C 20260817 -1.00 -1.00 12 12 0.3500 0.7312 0.008839
570.00 C 20260817 -1.00 -1.00 36 18 0.3480 0.7090 0.009255
572.50 C 20260817 -1.00 -1.00 8 0 0.3571 0.6821 0.009452
575.00 C 20260817 -1.00 -1.00 20 21 0.3555 0.6595 0.009831
577.50 C 20260817 -1.00 -1.00 2 2 0.3564 0.6333 0.009969
580.00 C 20260817 -1.00 -1.00 7 31 0.3722 0.6040 0.009720
582.50 C 20260817 -1.00 -1.00 10 3 0.3564 0.5816 0.010290
585.00 C 20260817 -1.00 -1.00 21 33 0.3591 0.5555 0.010374
587.50 C 20260817 -1.00 -1.00 13 4 0.3688 0.5297 0.010256
590.00 C 20260817 -1.00 -1.00 36 47 0.3605 0.5043 0.010500
592.50 C 20260817 -1.00 -1.00 2 6 0.3652 0.4795 0.010276
595.00 C 20260817 -1.00 -1.00 73 28 0.3676 0.4548 0.010123
597.50 C 20260817 -1.00 -1.00 77 1 0.3478 0.4244 0.010584
600.00 C 20260817 -1.00 -1.00 14 43 0.3711 0.4061 0.009856
602.50 C 20260817 -1.00 -1.00 1 1 0.3677 0.3801 0.009857
605.00 C 20260817 -1.00 -1.00 13 20 0.3735 0.3600 0.009501
607.50 C 20260817 -1.00 -1.00 1 100 0.3765 0.3400 0.009170
610.00 C 20260817 -1.00 -1.00 13 15 0.3861 0.3236 0.008738
612.50 C 20260817 -1.00 -1.00 4 1 0.3674 0.2924 0.008773
615.00 C 20260817 -1.00 -1.00 32 46 0.3776 0.2772 0.008344
617.50 C 20260817 -1.00 -1.00 0 0 0.3689 0.2501 0.008187
620.00 C 20260817 -1.00 -1.00 48 125 0.3761 0.2364 0.007782
622.50 C 20260817 -1.00 -1.00 4 1 0.3673 0.2148 0.007479
625.00 C 20260817 -1.00 -1.00 11 2 0.3872 0.2114 0.007019
627.50 C 20260817 -1.00 -1.00 16 1 0.3624 0.1782 0.006738
630.00 C 20260817 -1.00 -1.00 31 87 0.3998 0.1888 0.006328
632.50 C 20260817 -1.00 -1.00 11 5 0.3810 0.1599 0.006008
635.00 C 20260817 -1.00 -1.00 1 2 0.3915 0.1523 0.005687
637.50 C 20260817 -1.00 -1.00 0 0 0.3757 0.1302 0.005312
640.00 C 20260817 -1.00 -1.00 16 6 0.3795 0.1219 0.004999
642.50 C 20260817 -1.00 -1.00 0 0 0.4059 0.1271 0.004824
645.00 C 20260817 -1.00 -1.00 12 3 0.3866 0.1054 0.004404
647.50 C 20260817 -1.00 -1.00 0 0 0.3877 0.0958 0.004098
650.00 C 20260817 -1.00 -1.00 9 6 0.3957 0.0909 0.003869
652.50 C 20260817 -1.00 -1.00 0 0 0.4016 0.0849 0.003635
655.00 C 20260817 -1.00 -1.00 2 5 0.4095 0.0804 0.003435
657.50 C 20260817 -1.00 -1.00 0 0 0.4169 0.0757 0.003242
660.00 C 20260817 -1.00 -1.00 9 7 0.4097 0.0670 0.002979
662.50 C 20260817 -1.00 -1.00 0 0 0.4053 0.0595 0.002727
665.00 C 20260817 -1.00 -1.00 0 0 0.4303 0.0647 0.002752
667.50 C 20260817 -1.00 -1.00 2 0 0.4171 0.0536 0.002433
670.00 C 20260817 -1.00 -1.00 0 0 0.4407 0.0585 0.002471
672.50 C 20260817 -1.00 -1.00 0 0 0.4467 0.0558 0.002348
675.00 C 20260817 -1.00 -1.00 2 2 0.4293 0.0430 0.001985
677.50 C 20260817 -1.00 -1.00 0 0 0.4270 0.0366 0.001766
505.00 P 20260817 -1.00 -1.00 1 1 0.4911 -0.0380 0.001568
510.00 P 20260817 -1.00 -1.00 3 16 0.4268 -0.0267 0.001369
512.50 P 20260817 -1.00 -1.00 0 0 0.4627 -0.0446 0.001898
515.00 P 20260817 -1.00 -1.00 8 13 0.4546 -0.0474 0.002033
517.50 P 20260817 -1.00 -1.00 10 0 0.4107 -0.0377 0.001862
520.00 P 20260817 -1.00 -1.00 3 3 0.4014 -0.0401 0.002005
522.50 P 20260817 -1.00 -1.00 2 0 0.4010 -0.0461 0.002251
525.00 P 20260817 -1.00 -1.00 10 17 0.3773 -0.0432 0.002265
527.50 P 20260817 -1.00 -1.00 0 0 0.4201 -0.0671 0.002917
530.00 P 20260817 -1.00 -1.00 16 12 0.3807 -0.0574 0.002854
532.50 P 20260817 -1.00 -1.00 0 0 0.3914 -0.0718 0.003285
535.00 P 20260817 -1.00 -1.00 3 33 0.3888 -0.0811 0.003614
537.50 P 20260817 -1.00 -1.00 0 0 0.3892 -0.0921 0.003972
540.00 P 20260817 -1.00 -1.00 25 15 0.3636 -0.0891 0.004144
542.50 P 20260817 -1.00 -1.00 1 0 0.4155 -0.1276 0.004765
545.00 P 20260817 -1.00 -1.00 3 57 0.3830 -0.1218 0.005028
547.50 P 20260817 -1.00 -1.00 0 0 0.3787 -0.1351 0.005415
550.00 P 20260817 -1.00 -1.00 6 26 0.3743 -0.1488 0.005818
552.50 P 20260817 -1.00 -1.00 0 0 0.3819 -0.1701 0.006218
555.00 P 20260817 -1.00 -1.00 20 22 0.3867 -0.1890 0.006596
557.50 P 20260817 -1.00 -1.00 0 0 0.3858 -0.2048 0.006993
560.00 P 20260817 -1.00 -1.00 18 16 0.3900 -0.2257 0.007313
562.50 P 20260817 -1.00 -1.00 0 0 0.3956 -0.2495 0.007555
565.00 P 20260817 -1.00 -1.00 4 8 0.3936 -0.2691 0.007882
567.50 P 20260817 -1.00 -1.00 1 0 0.3936 -0.2898 0.008185
570.00 P 20260817 -1.00 -1.00 17 105 0.3647 -0.2992 0.008982
572.50 P 20260817 -1.00 -1.00 11 0 0.3799 -0.3269 0.009044
575.00 P 20260817 -1.00 -1.00 7 89 0.3752 -0.3484 0.009390
577.50 P 20260817 -1.00 -1.00 3 2 0.3892 -0.3766 0.009212
580.00 P 20260817 -1.00 -1.00 5 15 0.3669 -0.3960 0.009895
582.50 P 20260817 -1.00 -1.00 0 0 0.3613 -0.4204 0.010201
585.00 P 20260817 -1.00 -1.00 12 56 0.3740 -0.4469 0.010014
587.50 P 20260817 -1.00 -1.00 86 48 0.3849 -0.4718 0.009880
590.00 P 20260817 -1.00 -1.00 39 52 0.3897 -0.4956 0.009762
592.50 P 20260817 -1.00 -1.00 64 61 0.3874 -0.5194 0.009744
595.00 P 20260817 -1.00 -1.00 1 7 0.3769 -0.5452 0.009934
597.50 P 20260817 -1.00 -1.00 0 0 0.3746 -0.5702 0.009914
600.00 P 20260817 -1.00 -1.00 21 11 0.3903 -0.5898 0.009452
602.50 P 20260817 -1.00 -1.00 0 0 0.3948 -0.6118 0.009277
605.00 P 20260817 -1.00 -1.00 2 0 0.3881 -0.6368 0.009272
607.50 P 20260817 -1.00 -1.00 0 0 0.3825 -0.6599 0.009124
610.00 P 20260817 -1.00 -1.00 10 3 0.3895 -0.6773 0.008748
612.50 P 20260817 -1.00 -1.00 0 0 0.3845 -0.7006 0.008578
615.00 P 20260817 -1.00 -1.00 0 0 0.3920 -0.7170 0.008217
617.50 P 20260817 -1.00 -1.00 0 0 0.3850 -0.7422 0.008065
620.00 P 20260817 -1.00 -1.00 0 0 0.4054 -0.7490 0.007575
622.50 P 20260817 -1.00 -1.00 0 0 0.4053 -0.7663 0.007301
625.00 P 20260817 -1.00 -1.00 7 0 0.4032 -0.7825 0.007013
627.50 P 20260817 -1.00 -1.00 7 0 0.3866 -0.8085 0.006775
630.00 P 20260817 -1.00 -1.00 0 0 0.3758 -0.8325 0.006461
632.50 P 20260817 -1.00 -1.00 0 0 0.3922 -0.8361 0.006110
635.00 P 20260817 -1.00 -1.00 0 0 0.3991 -0.8463 0.005793
637.50 P 20260817 -1.00 -1.00 0 0 0.4040 -0.8578 0.005488
640.00 P 20260817 -1.00 -1.00 0 0 0.4012 -0.8704 0.005188
642.50 P 20260817 -1.00 -1.00 0 0 0.4493 -0.8527 0.005013
645.00 P 20260817 -1.00 -1.00 0 0 0.3985 -0.8923 0.004596
647.50 P 20260817 -1.00 -1.00 0 0 0.4016 -0.9006 0.004323
650.00 P 20260817 -1.00 -1.00 0 0 0.4160 -0.9013 0.004144
652.50 P 20260817 -1.00 -1.00 0 0 0.4124 -0.9136 0.003843
655.00 P 20260817 -1.00 -1.00 0 0 0.4150 -0.9218 0.003597
657.50 P 20260817 -1.00 -1.00 0 0 0.4320 -0.9199 0.003492
660.00 P 20260817 -1.00 -1.00 0 0 0.4579 -0.9126 0.003463
662.50 P 20260817 -1.00 -1.00 0 0 0.4721 -0.9128 0.003348
665.00 P 20260817 -1.00 -1.00 0 0 0.4641 -0.9264 0.003077
667.50 P 20260817 -1.00 -1.00 0 0 0.4440 -0.9408 0.002770
670.00 P 20260817 -1.00 -1.00 0 0 0.5067 -0.9175 0.003000
672.50 P 20260817 -1.00 -1.00 0 0 0.4270 -0.9597 0.002266
675.00 P 20260817 -1.00 -1.00 0 0 0.4295 -0.9640 0.002102
677.50 P 20260817 -1.00 -1.00 0 0 0.4605 -0.9546 0.002229
505.00 C 20260819 -1.00 -1.00 0 0 0.3906 0.9802 0.001052
507.50 C 20260819 -1.00 -1.00 0 0 0.4120 0.9727 0.001332
510.00 C 20260819 -1.00 -1.00 0 0 0.4182 0.9647 0.001601
512.50 C 20260819 -1.00 -1.00 0 0 0.3942 0.9686 0.001550
515.00 C 20260819 -1.00 -1.00 0 0 0.3935 0.9631 0.001765
517.50 C 20260819 -1.00 -1.00 0 0 0.3881 0.9594 0.001933
520.00 C 20260819 -1.00 -1.00 0 0 0.3944 0.9512 0.002219
522.50 C 20260819 -1.00 -1.00 0 0 0.4006 0.9432 0.002486
525.00 C 20260819 -1.00 -1.00 0 0 0.3973 0.9385 0.002684
527.50 C 20260819 -1.00 -1.00 0 0 0.3965 0.9291 0.002971
530.00 C 20260819 -1.00 -1.00 5 2 0.3971 0.9189 0.003272
532.50 C 20260819 -1.00 -1.00 0 0 0.3859 0.9151 0.003485
535.00 C 20260819 -1.00 -1.00 1 1 0.3904 0.9026 0.003824
537.50 C 20260819 -1.00 -1.00 0 0 0.3910 0.8923 0.004132
540.00 C 20260819 -1.00 -1.00 0 0 0.3747 0.8902 0.004377
542.50 C 20260819 -1.00 -1.00 0 0 0.3794 0.8770 0.004721
545.00 C 20260819 -1.00 -1.00 0 0 0.3779 0.8627 0.005066
547.50 C 20260819 -1.00 -1.00 0 0 0.3730 0.8505 0.005415
550.00 C 20260819 -1.00 -1.00 1 0 0.3689 0.8374 0.005780
552.50 C 20260819 -1.00 -1.00 0 0 0.3315 0.8460 0.006211
555.00 C 20260819 -1.00 -1.00 9 9 0.3592 0.8114 0.006560
557.50 C 20260819 -1.00 -1.00 0 0 0.3784 0.7854 0.006809
560.00 C 20260819 -1.00 -1.00 0 0 0.3615 0.7755 0.007274
562.50 C 20260819 -1.00 -1.00 0 0 0.3712 0.7493 0.007461
565.00 C 20260819 -1.00 -1.00 5 6 0.3764 0.7265 0.007683
567.50 C 20260819 -1.00 -1.00 0 0 0.3725 0.7082 0.008027
570.00 C 20260819 -1.00 -1.00 0 0 0.3610 0.6924 0.008515
572.50 C 20260819 -1.00 -1.00 0 0 0.3636 0.6707 0.008775
575.00 C 20260819 -1.00 -1.00 1 1 0.3757 0.6443 0.008696
577.50 C 20260819 -1.00 -1.00 0 0 0.3826 0.6199 0.008674
580.00 C 20260819 -1.00 -1.00 9 6 0.3601 0.6018 0.009321
582.50 C 20260819 -1.00 -1.00 3 0 0.3609 0.5779 0.009438
585.00 C 20260819 -1.00 -1.00 25 27 0.3645 0.5540 0.009484
587.50 C 20260819 -1.00 -1.00 5 0 0.3756 0.5305 0.009334
590.00 C 20260819 -1.00 -1.00 7 22 0.3629 0.5071 0.009668
592.50 C 20260819 -1.00 -1.00 6 0 0.3771 0.4854 0.009238
595.00 C 20260819 -1.00 -1.00 15 11 0.3624 0.4602 0.009531
597.50 C 20260819 -1.00 -1.00 9 0 0.3710 0.4389 0.009242
600.00 C 20260819 -1.00 -1.00 81 25 0.3748 0.4172 0.009083
602.50 C 20260819 -1.00 -1.00 0 0 0.3635 0.3903 0.009278
605.00 C 20260819 -1.00 -1.00 21 56 0.3972 0.3809 0.008465
607.50 C 20260819 -1.00 -1.00 5 0 0.3688 0.3501 0.008794
610.00 C 20260819 -1.00 -1.00 1 62 0.3685 0.3300 0.008558
612.50 C 20260819 -1.00 -1.00 0 0 0.3743 0.3131 0.008226
615.00 C 20260819 -1.00 -1.00 6 1 0.3788 0.2960 0.007929
617.50 C 20260819 -1.00 -1.00 2 0 0.3713 0.2717 0.007800
620.00 C 20260819 -1.00 -1.00 360 6 0.3927 0.2662 0.007315
622.50 C 20260819 -1.00 -1.00 1 0 0.3897 0.2456 0.007132
625.00 C 20260819 -1.00 -1.00 7 17 0.3862 0.2292 0.006873
627.50 C 20260819 -1.00 -1.00 0 0 0.3664 0.2018 0.006671
630.00 C 20260819 -1.00 -1.00 7 14 0.3940 0.2053 0.006271
632.50 C 20260819 -1.00 -1.00 0 0 0.3866 0.1860 0.006009
635.00 C 20260819 -1.00 -1.00 1 0 0.3645 0.1543 0.005705
637.50 C 20260819 -1.00 -1.00 0 0 0.4085 0.1732 0.005446
640.00 C 20260819 -1.00 -1.00 2 2 0.3766 0.1377 0.005125
642.50 C 20260819 -1.00 -1.00 2 0 0.3794 0.1295 0.004852
645.00 C 20260819 -1.00 -1.00 0 0 0.4135 0.1391 0.004705
647.50 C 20260819 -1.00 -1.00 0 0 0.3924 0.1181 0.004373
650.00 C 20260819 -1.00 -1.00 13 10 0.4038 0.1157 0.004184
652.50 C 20260819 -1.00 -1.00 0 0 0.3793 0.0904 0.003725
655.00 C 20260819 -1.00 -1.00 1 0 0.4072 0.0996 0.003718
657.50 C 20260819 -1.00 -1.00 0 0 0.4043 0.0886 0.003448
660.00 C 20260819 -1.00 -1.00 4 3 0.4065 0.0810 0.003225
662.50 C 20260819 -1.00 -1.00 1 0 0.4194 0.0808 0.003120
665.00 C 20260819 -1.00 -1.00 1 0 0.4216 0.0744 0.002930
667.50 C 20260819 -1.00 -1.00 0 0 0.4264 0.0714 0.002795
670.00 C 20260819 -1.00 -1.00 0 0 0.4273 0.0668 0.002638
672.50 C 20260819 -1.00 -1.00 2 0 0.4251 0.0609 0.002456
675.00 C 20260819 -1.00 -1.00 0 0 0.4217 0.0545 0.002259
677.50 C 20260819 -1.00 -1.00 0 0 0.4365 0.0561 0.002233
505.00 P 20260819 -1.00 -1.00 2 0 0.4210 -0.0262 0.001262
507.50 P 20260819 -1.00 -1.00 0 0 0.4545 -0.0427 0.001727
510.00 P 20260819 -1.00 -1.00 7 0 0.4288 -0.0391 0.001702
512.50 P 20260819 -1.00 -1.00 5 0 0.4092 -0.0373 0.001718
515.00 P 20260819 -1.00 -1.00 1 0 0.4106 -0.0434 0.001938
517.50 P 20260819 -1.00 -1.00 1 0 0.3982 -0.0444 0.002037
520.00 P 20260819 -1.00 -1.00 5 0 0.4467 -0.0697 0.002609
522.50 P 20260819 -1.00 -1.00 0 0 0.4245 -0.0672 0.002678
525.00 P 20260819 -1.00 -1.00 5 0 0.4133 -0.0706 0.002847
527.50 P 20260819 -1.00 -1.00 3 0 0.4005 -0.0732 0.003016
530.00 P 20260819 -1.00 -1.00 1 58 0.4189 -0.0923 0.003427
532.50 P 20260819 -1.00 -1.00 2 0 0.3847 -0.0843 0.003485
535.00 P 20260819 -1.00 -1.00 10 2 0.3952 -0.0999 0.003860
537.50 P 20260819 -1.00 -1.00 8 0 0.3946 -0.1095 0.004156
540.00 P 20260819 -1.00 -1.00 3 2 0.3795 -0.1123 0.004408
542.50 P 20260819 -1.00 -1.00 11 0 0.3796 -0.1234 0.004738
545.00 P 20260819 -1.00 -1.00 15 11 0.3824 -0.1405 0.005090
547.50 P 20260819 -1.00 -1.00 1 0 0.3982 -0.1650 0.005418
550.00 P 20260819 -1.00 -1.00 22 216 0.3771 -0.1678 0.005786
552.50 P 20260819 -1.00 -1.00 0 0 0.3923 -0.1913 0.006079
555.00 P 20260819 -1.00 -1.00 5 3 0.3684 -0.1940 0.006537
557.50 P 20260819 -1.00 -1.00 7 0 0.3891 -0.2217 0.006734
560.00 P 20260819 -1.00 -1.00 12 3 0.3865 -0.2397 0.007029
562.50 P 20260819 -1.00 -1.00 6 0 0.3801 -0.2560 0.007379
565.00 P 20260819 -1.00 -1.00 25 0 0.3808 -0.2762 0.007650
567.50 P 20260819 -1.00 -1.00 2 0 0.3700 -0.2914 0.008096
570.00 P 20260819 -1.00 -1.00 47 9 0.3828 -0.3166 0.008179
572.50 P 20260819 -1.00 -1.00 1 0 0.3776 -0.3349 0.008553
575.00 P 20260819 -1.00 -1.00 2 1 0.3873 -0.3602 0.008489
577.50 P 20260819 -1.00 -1.00 3 0 0.3848 -0.3818 0.008664
580.00 P 20260819 -1.00 -1.00 2 1 0.3740 -0.4021 0.009032
582.50 P 20260819 -1.00 -1.00 2 0 0.3825 -0.4260 0.008964
585.00 P 20260819 -1.00 -1.00 11 10 0.3821 -0.4485 0.009099
587.50 P 20260819 -1.00 -1.00 0 0 0.3844 -0.4711 0.009171
590.00 P 20260819 -1.00 -1.00 50 0 0.3878 -0.4932 0.009098
592.50 P 20260819 -1.00 -1.00 0 0 0.3949 -0.5143 0.008874
595.00 P 20260819 -1.00 -1.00 2 2 0.3943 -0.5360 0.008827
597.50 P 20260819 -1.00 -1.00 1 0 0.3942 -0.5576 0.008768
600.00 P 20260819 -1.00 -1.00 0 0 0.3844 -0.5821 0.008925
602.50 P 20260819 -1.00 -1.00 0 0 0.3875 -0.6033 0.008794
605.00 P 20260819 -1.00 -1.00 0 0 0.4002 -0.6204 0.008469
607.50 P 20260819 -1.00 -1.00 0 0 0.3932 -0.6424 0.008421
610.00 P 20260819 -1.00 -1.00 0 0 0.3965 -0.6598 0.008160
612.50 P 20260819 -1.00 -1.00 0 0 0.3974 -0.6780 0.007944
615.00 P 20260819 -1.00 -1.00 0 0 0.4000 -0.6953 0.007705
617.50 P 20260819 -1.00 -1.00 0 0 0.3911 -0.7191 0.007622
620.00 P 20260819 -1.00 -1.00 0 0 0.4040 -0.7300 0.007261
622.50 P 20260819 -1.00 -1.00 0 0 0.3966 -0.7535 0.007143
625.00 P 20260819 -1.00 -1.00 0 0 0.3875 -0.7740 0.006948
627.50 P 20260819 -1.00 -1.00 0 0 0.4051 -0.7779 0.006566
630.00 P 20260819 -1.00 -1.00 2 1 0.4062 -0.7911 0.006303
632.50 P 20260819 -1.00 -1.00 0 0 0.4041 -0.8064 0.006054
635.00 P 20260819 -1.00 -1.00 0 0 0.3988 -0.8242 0.005808
637.50 P 20260819 -1.00 -1.00 0 0 0.4075 -0.8320 0.005537
640.00 P 20260819 -1.00 -1.00 0 0 0.4209 -0.8360 0.005284
642.50 P 20260819 -1.00 -1.00 0 0 0.4078 -0.8596 0.005022
645.00 P 20260819 -1.00 -1.00 0 0 0.4405 -0.8484 0.004834
647.50 P 20260819 -1.00 -1.00 0 0 0.4267 -0.8676 0.004593
650.00 P 20260819 -1.00 -1.00 2 1 0.3789 -0.9066 0.004126
652.50 P 20260819 -1.00 -1.00 0 0 0.4440 -0.8755 0.004219
655.00 P 20260819 -1.00 -1.00 0 0 0.4433 -0.8843 0.004017
657.50 P 20260819 -1.00 -1.00 0 0 0.4248 -0.9040 0.003714
660.00 P 20260819 -1.00 -1.00 0 0 0.4177 -0.9178 0.003440
662.50 P 20260819 -1.00 -1.00 0 0 0.4248 -0.9220 0.003277
665.00 P 20260819 -1.00 -1.00 0 0 0.4305 -0.9269 0.003108
667.50 P 20260819 -1.00 -1.00 0 0 0.4325 -0.9325 0.002935
670.00 P 20260819 -1.00 -1.00 0 0 0.4457 -0.9321 0.002853
672.50 P 20260819 -1.00 -1.00 0 0 0.4280 -0.9446 0.002582
675.00 P 20260819 -1.00 -1.00 0 0 0.4515 -0.9393 0.002592
677.50 P 20260819 -1.00 -1.00 0 0 0.4418 -0.9485 0.002379
505.00 C 20260821 -1.00 -1.00 130 433 0.4132 0.9674 0.001425
510.00 C 20260821 -1.00 -1.00 1 560 0.3984 0.9625 0.001651
515.00 C 20260821 -1.00 -1.00 1 551 0.3664 0.9645 0.001719
520.00 C 20260821 -1.00 -1.00 90 741 0.3694 0.9517 0.002197
525.00 C 20260821 -1.00 -1.00 1 683 0.3787 0.9352 0.002729
530.00 C 20260821 -1.00 -1.00 13 1278 0.3699 0.9209 0.003224
535.00 C 20260821 -1.00 -1.00 6 1281 0.3736 0.8993 0.003838
540.00 C 20260821 -1.00 -1.00 3 1117 0.3795 0.8758 0.004440
545.00 C 20260821 -1.00 -1.00 43 1286 0.4025 0.8337 0.005033
550.00 C 20260821 -1.00 -1.00 52 1884 0.3649 0.8268 0.005703
555.00 C 20260821 -1.00 -1.00 16 397 0.3606 0.7993 0.006388
560.00 C 20260821 -1.00 -1.00 49 1171 0.3726 0.7569 0.006851
565.00 C 20260821 -1.00 -1.00 27 837 0.3749 0.7180 0.007332
570.00 C 20260821 -1.00 -1.00 242 1495 0.3892 0.6756 0.007613
575.00 C 20260821 -1.00 -1.00 242 1222 0.3880 0.6361 0.007917
580.00 C 20260821 -1.00 -1.00 304 4229 0.3836 0.5956 0.008219
585.00 C 20260821 -1.00 -1.00 467 2244 0.3870 0.5536 0.008365
590.00 C 20260821 -1.00 -1.00 1826 2478 0.3895 0.5125 0.008439
595.00 C 20260821 -1.00 -1.00 680 1741 0.3852 0.4711 0.008419
600.00 C 20260821 -1.00 -1.00 5915 10668 0.3886 0.4307 0.008238
605.00 C 20260821 -1.00 -1.00 248 809 0.3904 0.3906 0.008091
610.00 C 20260821 -1.00 -1.00 409 4218 0.3906 0.3536 0.007801
612.50 C 20260821 -1.00 -1.00 45 136 0.3897 0.3356 0.007630
615.00 C 20260821 -1.00 -1.00 361 1360 0.3899 0.3180 0.007441
617.50 C 20260821 -1.00 -1.00 35 530 0.3913 0.3011 0.007238
620.00 C 20260821 -1.00 -1.00 3707 7206 0.3937 0.2850 0.007025
622.50 C 20260821 -1.00 -1.00 49 479 0.3962 0.2691 0.006817
625.00 C 20260821 -1.00 -1.00 661 1593 0.3997 0.2541 0.006603
627.50 C 20260821 -1.00 -1.00 21 186 0.4003 0.2397 0.006389
630.00 C 20260821 -1.00 -1.00 3261 4312 0.4020 0.2277 0.006147
632.50 C 20260821 -1.00 -1.00 135 151 0.3994 0.2131 0.005927
635.00 C 20260821 -1.00 -1.00 79 1357 0.3990 0.1998 0.005695
637.50 C 20260821 -1.00 -1.00 18 80 0.4000 0.1874 0.005459
640.00 C 20260821 -1.00 -1.00 472 3194 0.4032 0.1766 0.005225
642.50 C 20260821 -1.00 -1.00 7 166 0.4063 0.1660 0.004998
645.00 C 20260821 -1.00 -1.00 39 985 0.4080 0.1544 0.004775
647.50 C 20260821 -1.00 -1.00 4 191 0.4112 0.1447 0.004562
650.00 C 20260821 -1.00 -1.00 1268 6901 0.4129 0.1372 0.004359
652.50 C 20260821 -1.00 -1.00 4 137 0.4103 0.1274 0.004144
655.00 C 20260821 -1.00 -1.00 15 952 0.4115 0.1198 0.003942
657.50 C 20260821 -1.00 -1.00 6 87 0.4125 0.1120 0.003741
660.00 C 20260821 -1.00 -1.00 276 6181 0.4148 0.1051 0.003550
665.00 C 20260821 -1.00 -1.00 22 1390 0.4201 0.0920 0.003188
670.00 C 20260821 -1.00 -1.00 886 5310 0.4278 0.0808 0.002864
675.00 C 20260821 -1.00 -1.00 204 5885 0.4317 0.0713 0.002578
505.00 P 20260821 -1.00 -1.00 58 3195 0.4275 -0.0379 0.001558
510.00 P 20260821 -1.00 -1.00 195 1714 0.4129 -0.0429 0.001785
515.00 P 20260821 -1.00 -1.00 60 813 0.4120 -0.0530 0.002138
520.00 P 20260821 -1.00 -1.00 113 2751 0.4099 -0.0643 0.002515
525.00 P 20260821 -1.00 -1.00 131 1543 0.4010 -0.0776 0.002940
530.00 P 20260821 -1.00 -1.00 349 5385 0.3962 -0.0934 0.003423
535.00 P 20260821 -1.00 -1.00 118 1003 0.3961 -0.1119 0.003944
540.00 P 20260821 -1.00 -1.00 154 3260 0.3929 -0.1334 0.004488
545.00 P 20260821 -1.00 -1.00 197 1545 0.3869 -0.1577 0.005065
550.00 P 20260821 -1.00 -1.00 1450 7273 0.3859 -0.1853 0.005659
555.00 P 20260821 -1.00 -1.00 117 763 0.3891 -0.2161 0.006226
560.00 P 20260821 -1.00 -1.00 564 3049 0.3831 -0.2493 0.006763
565.00 P 20260821 -1.00 -1.00 168 807 0.3819 -0.2857 0.007267
570.00 P 20260821 -1.00 -1.00 515 2761 0.3843 -0.3236 0.007724
575.00 P 20260821 -1.00 -1.00 213 1061 0.3821 -0.3635 0.008070
580.00 P 20260821 -1.00 -1.00 478 3226 0.3809 -0.4053 0.008316
585.00 P 20260821 -1.00 -1.00 107 1219 0.3838 -0.4476 0.008478
590.00 P 20260821 -1.00 -1.00 314 3565 0.3865 -0.4895 0.008551
595.00 P 20260821 -1.00 -1.00 86 1056 0.3824 -0.5314 0.008534
600.00 P 20260821 -1.00 -1.00 231 5166 0.3838 -0.5727 0.008397
605.00 P 20260821 -1.00 -1.00 11 1444 0.3905 -0.6120 0.008155
610.00 P 20260821 -1.00 -1.00 147 3691 0.3881 -0.6503 0.007907
612.50 P 20260821 -1.00 -1.00 31 88 0.3883 -0.6681 0.007719
615.00 P 20260821 -1.00 -1.00 60 1296 0.3874 -0.6864 0.007549
617.50 P 20260821 -1.00 -1.00 8 33 0.4046 -0.6948 0.007140
620.00 P 20260821 -1.00 -1.00 48 3844 0.4025 -0.7132 0.006998
622.50 P 20260821 -1.00 -1.00 5 20 0.4167 -0.7219 0.006673
625.00 P 20260821 -1.00 -1.00 9 2588 0.4099 -0.7430 0.006583
627.50 P 20260821 -1.00 -1.00 1 171 0.4091 -0.7595 0.006405
630.00 P 20260821 -1.00 -1.00 27 1679 0.4226 -0.7649 0.006106
632.50 P 20260821 -1.00 -1.00 3 65 0.4228 -0.7772 0.005899
635.00 P 20260821 -1.00 -1.00 1 300 0.4033 -0.8019 0.005769
637.50 P 20260821 -1.00 -1.00 4 36 0.4137 -0.8080 0.005517
640.00 P 20260821 -1.00 -1.00 8 1442 0.4277 -0.8114 0.005276
642.50 P 20260821 -1.00 -1.00 7 66 0.4241 -0.8262 0.005082
645.00 P 20260821 -1.00 -1.00 1 288 0.4093 -0.8499 0.004873
647.50 P 20260821 -1.00 -1.00 1 68 0.4201 -0.8544 0.004668
650.00 P 20260821 -1.00 -1.00 5 3197 0.4384 -0.8529 0.004490
652.50 P 20260821 -1.00 -1.00 2 3 0.3964 -0.8868 0.004192
655.00 P 20260821 -1.00 -1.00 10 148 0.4438 -0.8679 0.004134
657.50 P 20260821 -1.00 -1.00 1 11 0.4474 -0.8738 0.003970
660.00 P 20260821 -1.00 -1.00 13 1030 0.4423 -0.8845 0.003783
665.00 P 20260821 -1.00 -1.00 1 111 0.4428 -0.9001 0.003433
670.00 P 20260821 -1.00 -1.00 8 765 0.4584 -0.9062 0.003178
675.00 P 20260821 -1.00 -1.00 1 299 0.4782 -0.9093 0.002974
