# opt_chain GLD | epoch 1785939680 | 2026-08-05 10:21:20 | spot 387.61 | exps 20260805 20260807 20260810 20260812 20260814 20260817 20260819 20260821
# fuente polygon_snapshot_v3 | greeks polygon_directo | iv polygon_directo | oi polygon_directo | vol day.volume(-1 si no cotizo) | bid/ask NO_ENTITLED(-1) | spot_src ibkr_bridge spot_edad_s 138 | band 0.1800 vencimientos 8 exp_hasta 2026-08-21
# strike right exp bid ask vol oi iv delta gamma
342.00 C 20260805 -1.00 -1.00 13 0 -1.0000 -1.0000 -1.000000
343.00 C 20260805 -1.00 -1.00 8 0 -1.0000 -1.0000 -1.000000
344.00 C 20260805 -1.00 -1.00 9 0 -1.0000 -1.0000 -1.000000
345.00 C 20260805 -1.00 -1.00 13 0 -1.0000 -1.0000 -1.000000
346.00 C 20260805 -1.00 -1.00 9 0 -1.0000 -1.0000 -1.000000
347.00 C 20260805 -1.00 -1.00 4 0 -1.0000 -1.0000 -1.000000
348.00 C 20260805 -1.00 -1.00 5 0 -1.0000 -1.0000 -1.000000
349.00 C 20260805 -1.00 -1.00 4 1 -1.0000 -1.0000 -1.000000
350.00 C 20260805 -1.00 -1.00 3 2 -1.0000 -1.0000 -1.000000
351.00 C 20260805 -1.00 -1.00 9 3 -1.0000 -1.0000 -1.000000
352.00 C 20260805 -1.00 -1.00 7 1 -1.0000 -1.0000 -1.000000
353.00 C 20260805 -1.00 -1.00 4 4 -1.0000 -1.0000 -1.000000
354.00 C 20260805 -1.00 -1.00 14 2 -1.0000 -1.0000 -1.000000
355.00 C 20260805 -1.00 -1.00 11 3 -1.0000 -1.0000 -1.000000
356.00 C 20260805 -1.00 -1.00 5 2 -1.0000 -1.0000 -1.000000
357.00 C 20260805 -1.00 -1.00 4 2 -1.0000 -1.0000 -1.000000
358.00 C 20260805 -1.00 -1.00 5 2 -1.0000 -1.0000 -1.000000
359.00 C 20260805 -1.00 -1.00 16 0 -1.0000 -1.0000 -1.000000
360.00 C 20260805 -1.00 -1.00 15 29 -1.0000 -1.0000 -1.000000
361.00 C 20260805 -1.00 -1.00 3 23 -1.0000 -1.0000 -1.000000
362.00 C 20260805 -1.00 -1.00 4 34 -1.0000 -1.0000 -1.000000
363.00 C 20260805 -1.00 -1.00 4 0 -1.0000 -1.0000 -1.000000
364.00 C 20260805 -1.00 -1.00 1 15 -1.0000 -1.0000 -1.000000
365.00 C 20260805 -1.00 -1.00 1 63 -1.0000 -1.0000 -1.000000
366.00 C 20260805 -1.00 -1.00 86 99 -1.0000 -1.0000 -1.000000
367.00 C 20260805 -1.00 -1.00 9 48 -1.0000 -1.0000 -1.000000
368.00 C 20260805 -1.00 -1.00 2 87 -1.0000 -1.0000 -1.000000
369.00 C 20260805 -1.00 -1.00 52 80 -1.0000 -1.0000 -1.000000
370.00 C 20260805 -1.00 -1.00 86 451 -1.0000 -1.0000 -1.000000
371.00 C 20260805 -1.00 -1.00 32 309 -1.0000 -1.0000 -1.000000
372.00 C 20260805 -1.00 -1.00 97 303 -1.0000 -1.0000 -1.000000
373.00 C 20260805 -1.00 -1.00 80 311 -1.0000 -1.0000 -1.000000
374.00 C 20260805 -1.00 -1.00 75 350 -1.0000 -1.0000 -1.000000
375.00 C 20260805 -1.00 -1.00 338 1017 -1.0000 -1.0000 -1.000000
376.00 C 20260805 -1.00 -1.00 149 656 -1.0000 -1.0000 -1.000000
377.00 C 20260805 -1.00 -1.00 186 898 0.4999 0.9461 0.017123
378.00 C 20260805 -1.00 -1.00 293 831 -1.0000 -1.0000 -1.000000
379.00 C 20260805 -1.00 -1.00 168 655 -1.0000 -1.0000 -1.000000
380.00 C 20260805 -1.00 -1.00 704 1419 -1.0000 -1.0000 -1.000000
381.00 C 20260805 -1.00 -1.00 41 425 -1.0000 -1.0000 -1.000000
382.00 C 20260805 -1.00 -1.00 65 825 -1.0000 -1.0000 -1.000000
383.00 C 20260805 -1.00 -1.00 84 425 -1.0000 -1.0000 -1.000000
384.00 C 20260805 -1.00 -1.00 324 458 0.2378 0.8460 0.078355
385.00 C 20260805 -1.00 -1.00 518 201 0.2324 0.7604 0.105833
386.00 C 20260805 -1.00 -1.00 1263 206 0.2402 0.6395 0.123966
387.00 C 20260805 -1.00 -1.00 829 72 0.2387 0.5113 0.132995
388.00 C 20260805 -1.00 -1.00 396 201 0.2410 0.3834 0.125225
389.00 C 20260805 -1.00 -1.00 152 148 0.1841 0.2085 0.122882
390.00 C 20260805 -1.00 -1.00 464 253 0.1903 0.1161 0.080703
391.00 C 20260805 -1.00 -1.00 67 101 0.2713 0.1291 0.061502
392.00 C 20260805 -1.00 -1.00 56 154 0.2408 0.0561 0.036693
393.00 C 20260805 -1.00 -1.00 105 102 0.2892 0.0561 0.030553
394.00 C 20260805 -1.00 -1.00 36 66 0.2915 0.0307 0.018797
395.00 C 20260805 -1.00 -1.00 259 119 0.3159 0.0256 0.014710
396.00 C 20260805 -1.00 -1.00 1 66 0.4261 0.0533 0.019872
397.00 C 20260805 -1.00 -1.00 1 57 0.3572 0.0150 0.008264
398.00 C 20260805 -1.00 -1.00 4 52 0.3889 0.0140 0.007152
399.00 C 20260805 -1.00 -1.00 1 56 0.4205 0.0131 0.006271
400.00 C 20260805 -1.00 -1.00 10 79 0.4344 0.0103 0.004919
401.00 C 20260805 -1.00 -1.00 28 107 0.5208 0.0199 0.007175
402.00 C 20260805 -1.00 -1.00 1 44 0.5373 0.0159 0.005752
403.00 C 20260805 -1.00 -1.00 3 97 0.5686 0.0151 0.005221
404.00 C 20260805 -1.00 -1.00 2 64 0.6815 0.0280 0.007400
405.00 C 20260805 -1.00 -1.00 20 81 0.7051 0.0258 0.006653
406.00 C 20260805 -1.00 -1.00 185 55 0.7139 0.0216 0.005623
407.00 C 20260805 -1.00 -1.00 1 48 0.6929 0.0128 0.003742
408.00 C 20260805 -1.00 -1.00 2 63 0.7054 0.0111 0.003239
409.00 C 20260805 -1.00 -1.00 1 61 0.7916 0.0174 0.004204
410.00 C 20260805 -1.00 -1.00 7 88 0.8075 0.0148 0.003601
411.00 C 20260805 -1.00 -1.00 4 46 0.8308 0.0133 0.003215
412.00 C 20260805 -1.00 -1.00 1 43 0.8303 0.0108 0.002683
413.00 C 20260805 -1.00 -1.00 2 47 0.8914 0.0125 0.002858
414.00 C 20260805 -1.00 -1.00 44 64 0.8323 0.0070 0.001797
415.00 C 20260805 -1.00 -1.00 4 18 0.9446 0.0118 0.002563
416.00 C 20260805 -1.00 -1.00 2 24 1.0050 0.0141 0.002797
417.00 C 20260805 -1.00 -1.00 2 13 0.9634 0.0094 0.002035
418.00 C 20260805 -1.00 -1.00 2 3 1.0240 0.0110 0.002203
419.00 C 20260805 -1.00 -1.00 1 7 1.0503 0.0107 0.002101
420.00 C 20260805 -1.00 -1.00 1 1 1.0766 0.0105 0.002007
425.00 C 20260805 -1.00 -1.00 154 161 1.2578 0.0116 0.001887
430.00 C 20260805 -1.00 -1.00 1 1 1.4200 0.0119 0.001705
342.00 P 20260805 -1.00 -1.00 34 93 1.5253 -0.0060 0.000863
343.00 P 20260805 -1.00 -1.00 13 64 1.4548 -0.0049 0.000749
344.00 P 20260805 -1.00 -1.00 32 93 1.5357 -0.0087 0.001196
345.00 P 20260805 -1.00 -1.00 479 503 1.4088 -0.0057 0.000895
346.00 P 20260805 -1.00 -1.00 14 64 1.3765 -0.0059 0.000934
347.00 P 20260805 -1.00 -1.00 16 65 1.3255 -0.0053 0.000885
348.00 P 20260805 -1.00 -1.00 21 93 1.2934 -0.0054 0.000925
349.00 P 20260805 -1.00 -1.00 26 98 1.2614 -0.0055 0.000967
350.00 P 20260805 -1.00 -1.00 18 419 1.1920 -0.0041 0.000786
351.00 P 20260805 -1.00 -1.00 71 173 1.1602 -0.0042 0.000824
352.00 P 20260805 -1.00 -1.00 1 191 1.2407 -0.0090 0.001523
353.00 P 20260805 -1.00 -1.00 3 318 1.2090 -0.0092 0.001598
354.00 P 20260805 -1.00 -1.00 2 147 1.1960 -0.0102 0.001773
355.00 P 20260805 -1.00 -1.00 2 245 1.1272 -0.0089 0.001664
356.00 P 20260805 -1.00 -1.00 1 98 1.1510 -0.0115 0.002057
357.00 P 20260805 -1.00 -1.00 41 141 0.9715 -0.0049 0.001126
358.00 P 20260805 -1.00 -1.00 32 297 0.9218 -0.0040 0.000998
359.00 P 20260805 -1.00 -1.00 14 169 0.9279 -0.0062 0.001457
360.00 P 20260805 -1.00 -1.00 56 804 0.8784 -0.0053 0.001347
361.00 P 20260805 -1.00 -1.00 27 433 0.9029 -0.0087 0.002028
362.00 P 20260805 -1.00 -1.00 212 404 0.8351 -0.0068 0.001765
363.00 P 20260805 -1.00 -1.00 128 518 0.8413 -0.0093 0.002314
364.00 P 20260805 -1.00 -1.00 119 201 0.9642 -0.0249 0.004724
365.00 P 20260805 -1.00 -1.00 1 568 0.8428 -0.0162 0.003714
366.00 P 20260805 -1.00 -1.00 109 415 0.7127 -0.0079 0.002362
367.00 P 20260805 -1.00 -1.00 71 893 0.8364 -0.0251 0.005489
368.00 P 20260805 -1.00 -1.00 50 488 0.8608 -0.0354 0.007084
369.00 P 20260805 -1.00 -1.00 7 445 0.8759 -0.0477 0.008835
370.00 P 20260805 -1.00 -1.00 772 831 0.5552 -0.0063 0.002448
371.00 P 20260805 -1.00 -1.00 92 456 0.9536 -0.0867 0.012944
372.00 P 20260805 -1.00 -1.00 26 620 0.5554 -0.0136 0.004884
373.00 P 20260805 -1.00 -1.00 933 444 0.5137 -0.0127 0.005012
374.00 P 20260805 -1.00 -1.00 41 208 0.4877 -0.0152 0.006109
375.00 P 20260805 -1.00 -1.00 115 851 0.4384 -0.0125 0.005784
376.00 P 20260805 -1.00 -1.00 6 105 0.4125 -0.0154 0.007297
377.00 P 20260805 -1.00 -1.00 52 40 0.3790 -0.0166 0.008458
378.00 P 20260805 -1.00 -1.00 28 36 0.3455 -0.0180 0.009949
379.00 P 20260805 -1.00 -1.00 4 29 0.3491 -0.0310 0.015815
380.00 P 20260805 -1.00 -1.00 212 16 0.3069 -0.0319 0.018378
381.00 P 20260805 -1.00 -1.00 53 4 0.2918 -0.0498 0.027499
382.00 P 20260805 -1.00 -1.00 378 4 0.2536 -0.0565 0.035138
383.00 P 20260805 -1.00 -1.00 870 1 0.2477 -0.0979 0.054526
384.00 P 20260805 -1.00 -1.00 937 2 0.2408 -0.1575 0.078460
385.00 P 20260805 -1.00 -1.00 537 8 0.2471 -0.2540 0.102197
386.00 P 20260805 -1.00 -1.00 113 0 0.2658 -0.3739 0.112880
387.00 P 20260805 -1.00 -1.00 20 0 0.4621 -0.4921 0.068872
388.00 P 20260805 -1.00 -1.00 4 0 0.2468 -0.6143 0.122645
389.00 P 20260805 -1.00 -1.00 -1 0 0.5788 -0.5987 0.052626
390.00 P 20260805 -1.00 -1.00 8 0 0.2700 -0.7995 0.082038
391.00 P 20260805 -1.00 -1.00 2 6 0.3168 -0.8311 0.062625
392.00 P 20260805 -1.00 -1.00 2 0 0.3464 -0.8677 0.049433
393.00 P 20260805 -1.00 -1.00 1 0 0.6599 -0.7551 0.037781
394.00 P 20260805 -1.00 -1.00 1 0 0.3786 -0.9233 0.030255
395.00 P 20260805 -1.00 -1.00 1 0 0.9999 -0.7241 0.026263
396.00 P 20260805 -1.00 -1.00 1 0 0.8393 -0.7904 0.027062
397.00 P 20260805 -1.00 -1.00 1 0 0.5737 -0.9079 0.022628
398.00 P 20260805 -1.00 -1.00 3 0 1.0146 -0.7918 0.022279
399.00 P 20260805 -1.00 -1.00 3 0 0.6703 -0.9137 0.018467
400.00 P 20260805 -1.00 -1.00 2 0 1.1963 -0.7911 0.018929
401.00 P 20260805 -1.00 -1.00 2 0 0.7174 -0.9333 0.014357
402.00 P 20260805 -1.00 -1.00 1 0 1.3915 -0.7879 0.016427
403.00 P 20260805 -1.00 -1.00 1 0 1.1970 -0.8417 0.015878
404.00 P 20260805 -1.00 -1.00 3 0 0.6808 -0.9726 0.007420
405.00 P 20260805 -1.00 -1.00 3 0 1.4346 -0.8233 0.014168
406.00 P 20260805 -1.00 -1.00 1 0 0.5872 -0.9943 0.002456
407.00 P 20260805 -1.00 -1.00 3 0 1.5635 -0.8272 0.012820
408.00 P 20260805 -1.00 -1.00 2 0 0.8935 -0.9635 0.007095
409.00 P 20260805 -1.00 -1.00 8 0 1.6560 -0.8364 0.011708
410.00 P 20260805 -1.00 -1.00 9 0 0.9404 -0.9695 0.005858
411.00 P 20260805 -1.00 -1.00 4 0 0.9996 -0.9667 0.005911
412.00 P 20260805 -1.00 -1.00 13 0 1.0721 -0.9608 0.006220
413.00 P 20260805 -1.00 -1.00 11 0 1.1627 -0.9528 0.006629
414.00 P 20260805 -1.00 -1.00 12 0 1.6515 -0.8857 0.009184
415.00 P 20260805 -1.00 -1.00 16 0 1.0181 -0.9810 0.003609
416.00 P 20260805 -1.00 -1.00 18 0 1.0483 -0.9815 0.003428
417.00 P 20260805 -1.00 -1.00 18 0 1.2260 -0.9684 0.004622
418.00 P 20260805 -1.00 -1.00 10 0 1.0001 -0.9907 0.002038
419.00 P 20260805 -1.00 -1.00 14 0 2.2391 -0.8517 0.008182
420.00 P 20260805 -1.00 -1.00 9 0 2.1592 -0.8679 0.007840
425.00 P 20260805 -1.00 -1.00 -1 0 2.5364 -0.8613 0.006928
430.00 P 20260805 -1.00 -1.00 -1 0 1.6095 -0.9753 0.002822
342.00 C 20260807 -1.00 -1.00 -1 0 -1.0000 -1.0000 -1.000000
343.00 C 20260807 -1.00 -1.00 -1 0 -1.0000 -1.0000 -1.000000
344.00 C 20260807 -1.00 -1.00 4 11 -1.0000 -1.0000 -1.000000
345.00 C 20260807 -1.00 -1.00 6 13 -1.0000 -1.0000 -1.000000
346.00 C 20260807 -1.00 -1.00 -1 0 -1.0000 -1.0000 -1.000000
347.00 C 20260807 -1.00 -1.00 1 5 -1.0000 -1.0000 -1.000000
348.00 C 20260807 -1.00 -1.00 1 4 -1.0000 -1.0000 -1.000000
349.00 C 20260807 -1.00 -1.00 1 3 -1.0000 -1.0000 -1.000000
350.00 C 20260807 -1.00 -1.00 7 17 0.0005 1.0000 0.000000
351.00 C 20260807 -1.00 -1.00 1 0 0.0005 1.0000 0.000000
352.00 C 20260807 -1.00 -1.00 1 2 -1.0000 -1.0000 -1.000000
353.00 C 20260807 -1.00 -1.00 1 1 -1.0000 -1.0000 -1.000000
354.00 C 20260807 -1.00 -1.00 6 2 0.0005 1.0000 -0.000000
355.00 C 20260807 -1.00 -1.00 1 6 0.0005 1.0000 0.000000
356.00 C 20260807 -1.00 -1.00 1 1 -1.0000 -1.0000 -1.000000
357.00 C 20260807 -1.00 -1.00 24 6 0.0005 1.0000 0.000000
358.00 C 20260807 -1.00 -1.00 18 4 -1.0000 -1.0000 -1.000000
359.00 C 20260807 -1.00 -1.00 1 68 -1.0000 -1.0000 -1.000000
360.00 C 20260807 -1.00 -1.00 47 59 0.0005 1.0000 0.000000
361.00 C 20260807 -1.00 -1.00 5 108 -1.0000 -1.0000 -1.000000
362.00 C 20260807 -1.00 -1.00 10 98 0.0005 1.0000 0.000000
363.00 C 20260807 -1.00 -1.00 11 23 -1.0000 -1.0000 -1.000000
364.00 C 20260807 -1.00 -1.00 1 87 -1.0000 -1.0000 -1.000000
365.00 C 20260807 -1.00 -1.00 7 80 -1.0000 -1.0000 -1.000000
366.00 C 20260807 -1.00 -1.00 96 116 0.3229 0.9859 0.003532
367.00 C 20260807 -1.00 -1.00 2 68 0.2827 0.9913 0.002651
368.00 C 20260807 -1.00 -1.00 23 115 -1.0000 -1.0000 -1.000000
369.00 C 20260807 -1.00 -1.00 190 677 -1.0000 -1.0000 -1.000000
370.00 C 20260807 -1.00 -1.00 333 1465 -1.0000 -1.0000 -1.000000
371.00 C 20260807 -1.00 -1.00 24 485 -1.0000 -1.0000 -1.000000
372.00 C 20260807 -1.00 -1.00 85 727 -1.0000 -1.0000 -1.000000
373.00 C 20260807 -1.00 -1.00 47 1591 0.1383 0.9998 0.000206
374.00 C 20260807 -1.00 -1.00 166 748 0.2372 0.9667 0.010033
375.00 C 20260807 -1.00 -1.00 182 1288 -1.0000 -1.0000 -1.000000
376.00 C 20260807 -1.00 -1.00 132 528 -1.0000 -1.0000 -1.000000
377.00 C 20260807 -1.00 -1.00 186 590 0.2499 0.9071 0.021255
378.00 C 20260807 -1.00 -1.00 388 1245 -1.0000 -1.0000 -1.000000
379.00 C 20260807 -1.00 -1.00 57 1488 -1.0000 -1.0000 -1.000000
380.00 C 20260807 -1.00 -1.00 774 6414 0.2694 0.8066 0.032772
381.00 C 20260807 -1.00 -1.00 138 1278 0.2503 0.7896 0.037354
382.00 C 20260807 -1.00 -1.00 457 1796 -1.0000 -1.0000 -1.000000
383.00 C 20260807 -1.00 -1.00 79 952 0.1809 0.7739 0.054101
384.00 C 20260807 -1.00 -1.00 163 460 0.2586 0.6571 0.046329
385.00 C 20260807 -1.00 -1.00 515 3282 0.2697 0.6049 0.045926
386.00 C 20260807 -1.00 -1.00 658 1144 0.2028 0.5748 0.062068
387.00 C 20260807 -1.00 -1.00 885 271 0.2773 0.5114 0.046933
388.00 C 20260807 -1.00 -1.00 365 783 0.2296 0.4572 0.055570
389.00 C 20260807 -1.00 -1.00 342 207 0.2784 0.4209 0.045139
390.00 C 20260807 -1.00 -1.00 636 2421 0.2294 0.3493 0.052363
391.00 C 20260807 -1.00 -1.00 23 1896 0.2652 0.3268 0.043821
392.00 C 20260807 -1.00 -1.00 94 1074 0.2795 0.2958 0.039655
393.00 C 20260807 -1.00 -1.00 50 374 0.2865 0.2621 0.036650
394.00 C 20260807 -1.00 -1.00 49 502 0.2536 0.1998 0.035433
395.00 C 20260807 -1.00 -1.00 242 1416 0.2885 0.1988 0.031042
396.00 C 20260807 -1.00 -1.00 27 310 0.2933 0.1739 0.028045
397.00 C 20260807 -1.00 -1.00 21 1019 0.2945 0.1464 0.025186
398.00 C 20260807 -1.00 -1.00 46 111 0.2761 0.1102 0.021836
399.00 C 20260807 -1.00 -1.00 119 185 0.2972 0.1074 0.019890
400.00 C 20260807 -1.00 -1.00 1036 3727 0.3033 0.0935 0.017598
401.00 C 20260807 -1.00 -1.00 5 64 0.3024 0.0742 0.015014
402.00 C 20260807 -1.00 -1.00 34 1456 0.2838 0.0514 0.011839
403.00 C 20260807 -1.00 -1.00 9 820 0.3016 0.0509 0.011059
404.00 C 20260807 -1.00 -1.00 21 63 0.2968 0.0372 0.008764
405.00 C 20260807 -1.00 -1.00 26 160 0.3205 0.0411 0.008766
406.00 C 20260807 -1.00 -1.00 10 36 0.3382 0.0413 0.008330
407.00 C 20260807 -1.00 -1.00 14 41 0.3186 0.0260 0.006044
408.00 C 20260807 -1.00 -1.00 1 3289 0.3193 0.0212 0.005042
409.00 C 20260807 -1.00 -1.00 108 378 0.3760 0.0342 0.006498
410.00 C 20260807 -1.00 -1.00 106 81 0.3564 0.0235 0.004941
411.00 C 20260807 -1.00 -1.00 97 45 0.4018 0.0315 0.005695
412.00 C 20260807 -1.00 -1.00 90 387 0.4113 0.0299 0.005309
413.00 C 20260807 -1.00 -1.00 4 72 0.3356 0.0084 0.002141
414.00 C 20260807 -1.00 -1.00 111 93 0.3328 0.0058 0.001568
415.00 C 20260807 -1.00 -1.00 1 98 0.3506 0.0068 0.001704
416.00 C 20260807 -1.00 -1.00 10 31 0.3822 0.0097 0.002150
417.00 C 20260807 -1.00 -1.00 2 38 0.4138 0.0121 0.002447
418.00 C 20260807 -1.00 -1.00 2 53 0.4177 0.0110 0.002211
419.00 C 20260807 -1.00 -1.00 2 21 0.4216 0.0099 0.001984
420.00 C 20260807 -1.00 -1.00 7 1584 0.4255 0.0088 0.001765
425.00 C 20260807 -1.00 -1.00 5 97 0.4653 0.0062 0.001188
430.00 C 20260807 -1.00 -1.00 2 56 0.5591 0.0100 0.001506
342.00 P 20260807 -1.00 -1.00 10 60 0.6403 -0.0072 0.000989
343.00 P 20260807 -1.00 -1.00 1 165 0.5878 -0.0042 0.000667
344.00 P 20260807 -1.00 -1.00 19 132 0.5980 -0.0063 0.000933
345.00 P 20260807 -1.00 -1.00 1 737 0.5769 -0.0057 0.000894
346.00 P 20260807 -1.00 -1.00 6 160 0.5793 -0.0072 0.001090
347.00 P 20260807 -1.00 -1.00 13 1167 0.5350 -0.0045 0.000787
348.00 P 20260807 -1.00 -1.00 55 995 0.5297 -0.0054 0.000923
349.00 P 20260807 -1.00 -1.00 33 461 0.5165 -0.0055 0.000966
350.00 P 20260807 -1.00 -1.00 4 2931 0.6089 -0.0186 0.002367
351.00 P 20260807 -1.00 -1.00 144 2065 0.5137 -0.0081 0.001362
352.00 P 20260807 -1.00 -1.00 1 1441 0.4930 -0.0075 0.001330
353.00 P 20260807 -1.00 -1.00 1 1626 0.4800 -0.0077 0.001397
354.00 P 20260807 -1.00 -1.00 166 1391 0.4826 -0.0095 0.001676
355.00 P 20260807 -1.00 -1.00 11 386 0.4774 -0.0105 0.001860
356.00 P 20260807 -1.00 -1.00 15 641 0.4778 -0.0129 0.002226
357.00 P 20260807 -1.00 -1.00 266 2072 0.4699 -0.0147 0.002521
358.00 P 20260807 -1.00 -1.00 222 324 0.4653 -0.0173 0.002916
359.00 P 20260807 -1.00 -1.00 227 2238 0.4574 -0.0192 0.003248
360.00 P 20260807 -1.00 -1.00 55 2488 0.4266 -0.0161 0.002985
361.00 P 20260807 -1.00 -1.00 28 883 0.3779 -0.0097 0.002184
362.00 P 20260807 -1.00 -1.00 17 941 0.3913 -0.0154 0.003144
363.00 P 20260807 -1.00 -1.00 9 1811 0.3771 -0.0159 0.003355
364.00 P 20260807 -1.00 -1.00 72 553 0.3726 -0.0192 0.003974
365.00 P 20260807 -1.00 -1.00 143 1300 0.3454 -0.0161 0.003703
366.00 P 20260807 -1.00 -1.00 62 1536 0.3312 -0.0168 0.003985
367.00 P 20260807 -1.00 -1.00 105 493 0.3204 -0.0184 0.004474
368.00 P 20260807 -1.00 -1.00 50 372 0.3096 -0.0203 0.005021
369.00 P 20260807 -1.00 -1.00 42 311 0.3086 -0.0252 0.006118
370.00 P 20260807 -1.00 -1.00 133 2209 0.3059 -0.0303 0.007234
371.00 P 20260807 -1.00 -1.00 45 375 0.3060 -0.0410 0.009158
372.00 P 20260807 -1.00 -1.00 69 464 0.2932 -0.0448 0.010272
373.00 P 20260807 -1.00 -1.00 99 366 0.2804 -0.0490 0.011553
374.00 P 20260807 -1.00 -1.00 25 518 0.2790 -0.0598 0.013746
375.00 P 20260807 -1.00 -1.00 100 477 0.2795 -0.0766 0.016523
376.00 P 20260807 -1.00 -1.00 20 102 0.2943 -0.1077 0.020218
377.00 P 20260807 -1.00 -1.00 39 128 0.2664 -0.1071 0.022228
378.00 P 20260807 -1.00 -1.00 108 147 0.2909 -0.1521 0.025995
379.00 P 20260807 -1.00 -1.00 97 83 0.2625 -0.1562 0.029289
380.00 P 20260807 -1.00 -1.00 226 214 0.2551 -0.1818 0.033230
381.00 P 20260807 -1.00 -1.00 10 76 0.2678 -0.2248 0.036519
382.00 P 20260807 -1.00 -1.00 55 65 0.2909 -0.2823 0.037325
383.00 P 20260807 -1.00 -1.00 27 27 0.2641 -0.3048 0.042716
384.00 P 20260807 -1.00 -1.00 293 398 0.3181 -0.3710 0.038489
385.00 P 20260807 -1.00 -1.00 158 50 0.3093 -0.4084 0.040407
386.00 P 20260807 -1.00 -1.00 106 24 0.3275 -0.4514 0.039044
387.00 P 20260807 -1.00 -1.00 3 70 0.2707 -0.4900 0.048236
388.00 P 20260807 -1.00 -1.00 2 13 0.3658 -0.5244 0.035227
389.00 P 20260807 -1.00 -1.00 7 0 0.3458 -0.5630 0.036694
390.00 P 20260807 -1.00 -1.00 9 15 0.2797 -0.6256 0.044243
391.00 P 20260807 -1.00 -1.00 1 0 0.2752 -0.6692 0.042748
392.00 P 20260807 -1.00 -1.00 2 29 0.2722 -0.7117 0.040554
393.00 P 20260807 -1.00 -1.00 1 1 0.4444 -0.6565 0.026891
394.00 P 20260807 -1.00 -1.00 1 15 0.2996 -0.7666 0.033634
395.00 P 20260807 -1.00 -1.00 23 0 0.2883 -0.8038 0.031218
396.00 P 20260807 -1.00 -1.00 1 0 0.3007 -0.8221 0.028150
397.00 P 20260807 -1.00 -1.00 1 0 0.4225 -0.7676 0.023692
398.00 P 20260807 -1.00 -1.00 2 0 0.4796 -0.7596 0.021230
399.00 P 20260807 -1.00 -1.00 1 0 0.2945 -0.8979 0.019991
400.00 P 20260807 -1.00 -1.00 1 0 0.4618 -0.8045 0.019332
401.00 P 20260807 -1.00 -1.00 2 0 0.5917 -0.7650 0.016996
402.00 P 20260807 -1.00 -1.00 57 0 0.3113 -0.9366 0.013643
403.00 P 20260807 -1.00 -1.00 -1 0 0.6036 -0.7884 0.015531
404.00 P 20260807 -1.00 -1.00 1 0 0.6272 -0.7929 0.014733
405.00 P 20260807 -1.00 -1.00 14 0 0.5538 -0.8391 0.014283
406.00 P 20260807 -1.00 -1.00 2 0 0.3203 -0.9724 0.007408
407.00 P 20260807 -1.00 -1.00 1 0 0.6653 -0.8167 0.012849
408.00 P 20260807 -1.00 -1.00 15 0 0.4223 -0.9394 0.009532
409.00 P 20260807 -1.00 -1.00 40 32 0.6240 -0.8607 0.011667
410.00 P 20260807 -1.00 -1.00 5 0 0.4360 -0.9490 0.008069
411.00 P 20260807 -1.00 -1.00 -1 0 0.4191 -0.9641 0.006540
412.00 P 20260807 -1.00 -1.00 1 0 0.7756 -0.8325 0.010426
413.00 P 20260807 -1.00 -1.00 1 0 0.4869 -0.9501 0.007063
414.00 P 20260807 -1.00 -1.00 1 0 0.7926 -0.8472 0.009667
415.00 P 20260807 -1.00 -1.00 1 1 0.4762 -0.9678 0.005286
416.00 P 20260807 -1.00 -1.00 2 0 0.5142 -0.9592 0.005741
417.00 P 20260807 -1.00 -1.00 1 0 0.5439 -0.9547 0.005848
418.00 P 20260807 -1.00 -1.00 2 0 0.5426 -0.9610 0.005250
419.00 P 20260807 -1.00 -1.00 1 0 0.8226 -0.8775 0.008001
420.00 P 20260807 -1.00 -1.00 -1 0 0.5549 -0.9683 0.004438
425.00 P 20260807 -1.00 -1.00 1 0 0.9163 -0.8896 0.006635
430.00 P 20260807 -1.00 -1.00 3 0 0.9669 -0.9048 0.005649
342.00 C 20260810 -1.00 -1.00 -1 0 -1.0000 -1.0000 -1.000000
343.00 C 20260810 -1.00 -1.00 -1 0 -1.0000 -1.0000 -1.000000
344.00 C 20260810 -1.00 -1.00 -1 0 0.0008 1.0000 0.000000
345.00 C 20260810 -1.00 -1.00 -1 0 -1.0000 -1.0000 -1.000000
346.00 C 20260810 -1.00 -1.00 -1 0 -1.0000 -1.0000 -1.000000
347.00 C 20260810 -1.00 -1.00 -1 0 0.0008 1.0000 -0.000000
348.00 C 20260810 -1.00 -1.00 -1 0 -1.0000 -1.0000 -1.000000
349.00 C 20260810 -1.00 -1.00 -1 0 -1.0000 -1.0000 -1.000000
350.00 C 20260810 -1.00 -1.00 2 0 -1.0000 -1.0000 -1.000000
351.00 C 20260810 -1.00 -1.00 -1 0 -1.0000 -1.0000 -1.000000
352.00 C 20260810 -1.00 -1.00 26 5 0.0008 1.0000 -0.000000
353.00 C 20260810 -1.00 -1.00 -1 0 -1.0000 -1.0000 -1.000000
354.00 C 20260810 -1.00 -1.00 -1 0 0.0008 1.0000 -0.000000
355.00 C 20260810 -1.00 -1.00 -1 0 -1.0000 -1.0000 -1.000000
356.00 C 20260810 -1.00 -1.00 -1 0 0.0008 1.0000 -0.000000
357.00 C 20260810 -1.00 -1.00 26 5 -1.0000 -1.0000 -1.000000
358.00 C 20260810 -1.00 -1.00 -1 0 -1.0000 -1.0000 -1.000000
359.00 C 20260810 -1.00 -1.00 1 3 0.0008 1.0000 -0.000000
360.00 C 20260810 -1.00 -1.00 8 7 0.0008 1.0000 0.000000
361.00 C 20260810 -1.00 -1.00 6 6 0.0008 1.0000 0.000000
362.00 C 20260810 -1.00 -1.00 3 4 0.0008 1.0000 0.000000
363.00 C 20260810 -1.00 -1.00 4 4 0.1832 0.9987 0.000504
364.00 C 20260810 -1.00 -1.00 2 7 0.0008 1.0000 -0.000000
365.00 C 20260810 -1.00 -1.00 1 20 0.0008 1.0000 -0.000000
366.00 C 20260810 -1.00 -1.00 8 9 -1.0000 -1.0000 -1.000000
367.00 C 20260810 -1.00 -1.00 1 7 -1.0000 -1.0000 -1.000000
368.00 C 20260810 -1.00 -1.00 48 62 -1.0000 -1.0000 -1.000000
369.00 C 20260810 -1.00 -1.00 1 112 -1.0000 -1.0000 -1.000000
370.00 C 20260810 -1.00 -1.00 5 219 0.1628 0.9907 0.003264
371.00 C 20260810 -1.00 -1.00 27 97 0.1904 0.9717 0.007341
372.00 C 20260810 -1.00 -1.00 644 320 0.1699 0.9761 0.007062
373.00 C 20260810 -1.00 -1.00 229 225 0.1856 0.9535 0.011151
374.00 C 20260810 -1.00 -1.00 65 85 0.1914 0.9376 0.013879
375.00 C 20260810 -1.00 -1.00 241 327 0.1923 0.9182 0.016778
376.00 C 20260810 -1.00 -1.00 19 124 0.1987 0.8921 0.020011
377.00 C 20260810 -1.00 -1.00 33 86 0.2025 0.8676 0.022838
378.00 C 20260810 -1.00 -1.00 49 180 0.1326 0.9377 0.020006
379.00 C 20260810 -1.00 -1.00 142 152 0.2081 0.8067 0.028312
380.00 C 20260810 -1.00 -1.00 536 444 0.0008 1.0000 0.000000
381.00 C 20260810 -1.00 -1.00 16 215 0.1026 0.9054 0.035054
382.00 C 20260810 -1.00 -1.00 129 165 0.0996 0.8751 0.044754
383.00 C 20260810 -1.00 -1.00 249 203 0.1533 0.7260 0.046492
384.00 C 20260810 -1.00 -1.00 1280 1254 0.2089 0.6359 0.038819
385.00 C 20260810 -1.00 -1.00 27 234 0.2116 0.5947 0.039242
386.00 C 20260810 -1.00 -1.00 94 85 0.1765 0.5640 0.047860
387.00 C 20260810 -1.00 -1.00 220 2618 0.2143 0.5153 0.040498
388.00 C 20260810 -1.00 -1.00 62 109 0.2176 0.4766 0.039359
389.00 C 20260810 -1.00 -1.00 24 35 0.1755 0.4207 0.047756
390.00 C 20260810 -1.00 -1.00 296 1405 0.2177 0.3994 0.038182
391.00 C 20260810 -1.00 -1.00 20 18 0.1883 0.3411 0.041965
392.00 C 20260810 -1.00 -1.00 15 24 0.2252 0.3333 0.034704
393.00 C 20260810 -1.00 -1.00 10 25 0.2056 0.2821 0.035192
394.00 C 20260810 -1.00 -1.00 10 61 0.2269 0.2696 0.031261
395.00 C 20260810 -1.00 -1.00 218 72 0.2311 0.2417 0.029335
396.00 C 20260810 -1.00 -1.00 1 30 0.2069 0.1911 0.028115
397.00 C 20260810 -1.00 -1.00 1 6 0.2305 0.1917 0.025292
398.00 C 20260810 -1.00 -1.00 62 17 0.2314 0.1683 0.023233
399.00 C 20260810 -1.00 -1.00 6 48 0.2397 0.1541 0.021284
400.00 C 20260810 -1.00 -1.00 31 83 0.2109 0.1054 0.018420
401.00 C 20260810 -1.00 -1.00 31 52 0.2278 0.1062 0.017155
402.00 C 20260810 -1.00 -1.00 10 51 0.2406 0.1030 0.015879
403.00 C 20260810 -1.00 -1.00 7 15 0.2315 0.0774 0.013473
404.00 C 20260810 -1.00 -1.00 9 12 0.2346 0.0680 0.012047
405.00 C 20260810 -1.00 -1.00 28 41 0.2326 0.0572 0.010509
406.00 C 20260810 -1.00 -1.00 1 16 0.2434 0.0559 0.009849
407.00 C 20260810 -1.00 -1.00 164 25 0.2472 0.0498 0.008822
408.00 C 20260810 -1.00 -1.00 85 21 0.2481 0.0416 0.007631
409.00 C 20260810 -1.00 -1.00 5 3 0.2549 0.0381 0.006940
410.00 C 20260810 -1.00 -1.00 5 3 0.2656 0.0377 0.006602
411.00 C 20260810 -1.00 -1.00 4 3 0.2733 0.0352 0.006094
412.00 C 20260810 -1.00 -1.00 118 22 0.2830 0.0342 0.005764
413.00 C 20260810 -1.00 -1.00 130 11 0.2872 0.0313 0.005271
414.00 C 20260810 -1.00 -1.00 130 11 0.2916 0.0291 0.004867
415.00 C 20260810 -1.00 -1.00 131 8 0.2979 0.0277 0.004556
416.00 C 20260810 -1.00 -1.00 132 8 0.2770 0.0159 0.003045
417.00 C 20260810 -1.00 -1.00 132 6 0.3105 0.0250 0.003999
418.00 C 20260810 -1.00 -1.00 110 29 0.3168 0.0238 0.003748
419.00 C 20260810 -1.00 -1.00 -1 0 0.2892 0.0116 0.002235
420.00 C 20260810 -1.00 -1.00 4 1 0.3054 0.0129 0.002338
425.00 C 20260810 -1.00 -1.00 2 0 0.3142 0.0071 0.001313
430.00 C 20260810 -1.00 -1.00 -1 0 0.3764 0.0106 0.001583
342.00 P 20260810 -1.00 -1.00 2 21 0.4065 -0.0048 0.000717
343.00 P 20260810 -1.00 -1.00 4 4 0.4136 -0.0068 0.000962
344.00 P 20260810 -1.00 -1.00 9 8 0.3994 -0.0063 0.000930
345.00 P 20260810 -1.00 -1.00 8 316 0.3906 -0.0064 0.000969
346.00 P 20260810 -1.00 -1.00 5 41 0.3976 -0.0085 0.001226
347.00 P 20260810 -1.00 -1.00 28 28 0.4046 -0.0104 0.001465
348.00 P 20260810 -1.00 -1.00 1 8 0.3959 -0.0107 0.001527
349.00 P 20260810 -1.00 -1.00 6 14 0.3900 -0.0115 0.001653
350.00 P 20260810 -1.00 -1.00 25 201 0.3522 -0.0079 0.001295
351.00 P 20260810 -1.00 -1.00 4 52 0.3435 -0.0081 0.001357
352.00 P 20260810 -1.00 -1.00 11 30 0.3349 -0.0083 0.001423
353.00 P 20260810 -1.00 -1.00 13 61 0.3315 -0.0092 0.001588
354.00 P 20260810 -1.00 -1.00 9 56 0.3177 -0.0087 0.001570
355.00 P 20260810 -1.00 -1.00 2 211 0.3144 -0.0097 0.001756
356.00 P 20260810 -1.00 -1.00 3 65 0.3148 -0.0114 0.002042
357.00 P 20260810 -1.00 -1.00 13 236 0.2973 -0.0102 0.001951
358.00 P 20260810 -1.00 -1.00 3 314 0.3178 -0.0193 0.003133
359.00 P 20260810 -1.00 -1.00 11 121 0.2881 -0.0132 0.002509
360.00 P 20260810 -1.00 -1.00 2 279 0.2808 -0.0144 0.002767
361.00 P 20260810 -1.00 -1.00 31 2534 0.2957 -0.0232 0.003959
362.00 P 20260810 -1.00 -1.00 20 253 0.2950 -0.0267 0.004497
363.00 P 20260810 -1.00 -1.00 2 1041 0.2633 -0.0201 0.003914
364.00 P 20260810 -1.00 -1.00 1 65 0.2760 -0.0284 0.005091
365.00 P 20260810 -1.00 -1.00 22 636 0.2577 -0.0264 0.005097
366.00 P 20260810 -1.00 -1.00 203 238 0.2588 -0.0334 0.006140
367.00 P 20260810 -1.00 -1.00 11 32 0.2612 -0.0433 0.007471
368.00 P 20260810 -1.00 -1.00 7 42 0.2438 -0.0406 0.007600
369.00 P 20260810 -1.00 -1.00 112 190 0.2429 -0.0489 0.008883
370.00 P 20260810 -1.00 -1.00 8 201 0.2431 -0.0579 0.010240
371.00 P 20260810 -1.00 -1.00 59 55 0.2292 -0.0582 0.010923
372.00 P 20260810 -1.00 -1.00 163 142 0.2286 -0.0699 0.012616
373.00 P 20260810 -1.00 -1.00 5 113 0.2338 -0.0911 0.014952
374.00 P 20260810 -1.00 -1.00 27 24 0.2207 -0.0949 0.016334
375.00 P 20260810 -1.00 -1.00 8 44 0.2189 -0.1101 0.018470
376.00 P 20260810 -1.00 -1.00 3 38 0.2192 -0.1283 0.020752
377.00 P 20260810 -1.00 -1.00 15 37 0.2243 -0.1595 0.023176
378.00 P 20260810 -1.00 -1.00 27 18 0.2128 -0.1723 0.025684
379.00 P 20260810 -1.00 -1.00 2 5 0.2391 -0.2227 0.027139
380.00 P 20260810 -1.00 -1.00 1013 20 0.2381 -0.2525 0.028849
381.00 P 20260810 -1.00 -1.00 12 3 0.2127 -0.2611 0.032823
382.00 P 20260810 -1.00 -1.00 6 10 0.2426 -0.3171 0.031712
383.00 P 20260810 -1.00 -1.00 9 9 0.2454 -0.3497 0.032875
384.00 P 20260810 -1.00 -1.00 7 2 0.2145 -0.3689 0.038068
385.00 P 20260810 -1.00 -1.00 32 6 0.2139 -0.4078 0.039038
386.00 P 20260810 -1.00 -1.00 57 57 0.2155 -0.4475 0.039638
387.00 P 20260810 -1.00 -1.00 3 0 0.2610 -0.4871 0.033426
388.00 P 20260810 -1.00 -1.00 2 1 0.2628 -0.5192 0.032839
389.00 P 20260810 -1.00 -1.00 -1 0 0.2469 -0.5554 0.034500
390.00 P 20260810 -1.00 -1.00 20 23 0.2191 -0.6027 0.038262
391.00 P 20260810 -1.00 -1.00 -1 0 0.2872 -0.6045 0.029096
392.00 P 20260810 -1.00 -1.00 -1 0 0.2218 -0.6725 0.035434
393.00 P 20260810 -1.00 -1.00 -1 0 0.3213 -0.6430 0.025365
394.00 P 20260810 -1.00 -1.00 -1 0 0.3313 -0.6609 0.023988
395.00 P 20260810 -1.00 -1.00 -1 0 0.2990 -0.7028 0.025051
396.00 P 20260810 -1.00 -1.00 -1 0 0.3452 -0.6970 0.021850
397.00 P 20260810 -1.00 -1.00 -1 0 0.2320 -0.8115 0.025657
398.00 P 20260810 -1.00 -1.00 -1 0 0.3709 -0.7228 0.019547
399.00 P 20260810 -1.00 -1.00 -1 0 0.2424 -0.8481 0.021696
400.00 P 20260810 -1.00 -1.00 -1 0 0.2456 -0.8670 0.019886
401.00 P 20260810 -1.00 -1.00 -1 0 0.2365 -0.8914 0.017969
402.00 P 20260810 -1.00 -1.00 -1 0 0.3297 -0.8223 0.017239
403.00 P 20260810 -1.00 -1.00 -1 0 0.2241 -0.9378 0.013494
404.00 P 20260810 -1.00 -1.00 -1 0 0.4044 -0.8008 0.015001
405.00 P 20260810 -1.00 -1.00 -1 0 0.3732 -0.8365 0.014470
406.00 P 20260810 -1.00 -1.00 -1 0 0.2641 -0.9371 0.011287
407.00 P 20260810 -1.00 -1.00 -1 0 0.3947 -0.8495 0.013039
408.00 P 20260810 -1.00 -1.00 -1 0 0.2984 -0.9318 0.010438
409.00 P 20260810 -1.00 -1.00 -1 0 0.4456 -0.8406 0.011899
410.00 P 20260810 -1.00 -1.00 -1 0 0.4552 -0.8467 0.011388
411.00 P 20260810 -1.00 -1.00 -1 0 0.5078 -0.8269 0.010929
412.00 P 20260810 -1.00 -1.00 -1 0 0.4418 -0.8747 0.010309
413.00 P 20260810 -1.00 -1.00 -1 0 0.3527 -0.9378 0.008124
414.00 P 20260810 -1.00 -1.00 -1 0 0.3415 -0.9500 0.007194
415.00 P 20260810 -1.00 -1.00 -1 0 0.3718 -0.9407 0.007406
416.00 P 20260810 -1.00 -1.00 -1 0 0.5768 -0.8414 0.009129
417.00 P 20260810 -1.00 -1.00 -1 0 0.3753 -0.9507 0.006414
418.00 P 20260810 -1.00 -1.00 -1 0 0.3847 -0.9518 0.006144
419.00 P 20260810 -1.00 -1.00 -1 0 0.3889 -0.9554 0.005751
420.00 P 20260810 -1.00 -1.00 -1 0 0.5683 -0.8764 0.007871
425.00 P 20260810 -1.00 -1.00 -1 0 0.6199 -0.8867 0.006758
430.00 P 20260810 -1.00 -1.00 -1 0 0.6422 -0.9065 0.005691
342.00 C 20260812 -1.00 -1.00 -1 0 -1.0000 -1.0000 -1.000000
343.00 C 20260812 -1.00 -1.00 -1 0 -1.0000 -1.0000 -1.000000
344.00 C 20260812 -1.00 -1.00 1 1 -1.0000 -1.0000 -1.000000
345.00 C 20260812 -1.00 -1.00 -1 0 -1.0000 -1.0000 -1.000000
346.00 C 20260812 -1.00 -1.00 -1 0 0.0010 1.0000 0.000000
347.00 C 20260812 -1.00 -1.00 -1 0 -1.0000 -1.0000 -1.000000
348.00 C 20260812 -1.00 -1.00 -1 0 0.0010 1.0000 -0.000000
349.00 C 20260812 -1.00 -1.00 -1 0 -1.0000 -1.0000 -1.000000
350.00 C 20260812 -1.00 -1.00 -1 0 -1.0000 -1.0000 -1.000000
351.00 C 20260812 -1.00 -1.00 -1 0 -1.0000 -1.0000 -1.000000
352.00 C 20260812 -1.00 -1.00 -1 0 0.0010 1.0000 -0.000000
353.00 C 20260812 -1.00 -1.00 -1 0 0.2456 0.9969 0.000690
354.00 C 20260812 -1.00 -1.00 -1 0 0.2372 0.9970 0.000699
355.00 C 20260812 -1.00 -1.00 -1 0 -1.0000 -1.0000 -1.000000
356.00 C 20260812 -1.00 -1.00 -1 0 0.0010 1.0000 -0.000000
357.00 C 20260812 -1.00 -1.00 -1 0 0.0010 1.0000 -0.000000
358.00 C 20260812 -1.00 -1.00 -1 0 -1.0000 -1.0000 -1.000000
359.00 C 20260812 -1.00 -1.00 2 2 -1.0000 -1.0000 -1.000000
360.00 C 20260812 -1.00 -1.00 4 4 0.2395 0.9859 0.002710
361.00 C 20260812 -1.00 -1.00 3 3 -1.0000 -1.0000 -1.000000
362.00 C 20260812 -1.00 -1.00 -1 0 0.0010 1.0000 0.000000
363.00 C 20260812 -1.00 -1.00 -1 0 0.1805 0.9952 0.001392
364.00 C 20260812 -1.00 -1.00 2 2 0.2449 0.9655 0.005670
365.00 C 20260812 -1.00 -1.00 10 5 -1.0000 -1.0000 -1.000000
366.00 C 20260812 -1.00 -1.00 18 6 -1.0000 -1.0000 -1.000000
367.00 C 20260812 -1.00 -1.00 42 8 0.2356 0.9488 0.008139
368.00 C 20260812 -1.00 -1.00 36 10 -1.0000 -1.0000 -1.000000
369.00 C 20260812 -1.00 -1.00 6 16 -1.0000 -1.0000 -1.000000
370.00 C 20260812 -1.00 -1.00 12 65 0.2467 0.9069 0.012295
371.00 C 20260812 -1.00 -1.00 13 20 -1.0000 -1.0000 -1.000000
372.00 C 20260812 -1.00 -1.00 7 120 0.2493 0.8791 0.014922
373.00 C 20260812 -1.00 -1.00 4 16 -1.0000 -1.0000 -1.000000
374.00 C 20260812 -1.00 -1.00 27 33 -1.0000 -1.0000 -1.000000
375.00 C 20260812 -1.00 -1.00 19 54 0.1381 0.9517 0.013218
376.00 C 20260812 -1.00 -1.00 20 27 0.2387 0.8134 0.020595
377.00 C 20260812 -1.00 -1.00 9 1361 0.2295 0.8014 0.022356
378.00 C 20260812 -1.00 -1.00 83 155 0.2368 0.7725 0.023558
379.00 C 20260812 -1.00 -1.00 6 15 0.2359 0.7468 0.024839
380.00 C 20260812 -1.00 -1.00 90 194 0.2311 0.7242 0.026437
381.00 C 20260812 -1.00 -1.00 29 29 0.2356 0.6940 0.027341
382.00 C 20260812 -1.00 -1.00 4 124 0.2347 0.6679 0.028661
383.00 C 20260812 -1.00 -1.00 29 65 0.2333 0.6395 0.029603
384.00 C 20260812 -1.00 -1.00 2 108 0.1788 0.6382 0.038654
385.00 C 20260812 -1.00 -1.00 68 582 0.2332 0.5781 0.030702
386.00 C 20260812 -1.00 -1.00 117 115 0.2344 0.5472 0.031101
387.00 C 20260812 -1.00 -1.00 39 39 0.2091 0.5171 0.035464
388.00 C 20260812 -1.00 -1.00 82 77 0.2382 0.4864 0.030818
389.00 C 20260812 -1.00 -1.00 30 29 0.2384 0.4563 0.030449
390.00 C 20260812 -1.00 -1.00 48 75 0.2034 0.4113 0.035093
391.00 C 20260812 -1.00 -1.00 48 48 0.2422 0.3980 0.029315
392.00 C 20260812 -1.00 -1.00 5 37 0.2247 0.3586 0.030769
393.00 C 20260812 -1.00 -1.00 3 28 0.2119 0.3205 0.030918
394.00 C 20260812 -1.00 -1.00 71 28 0.2458 0.3192 0.026604
395.00 C 20260812 -1.00 -1.00 44 44 0.2303 0.2799 0.026755
396.00 C 20260812 -1.00 -1.00 9 45 0.2476 0.2698 0.024490
397.00 C 20260812 -1.00 -1.00 27 27 0.2302 0.2288 0.024278
398.00 C 20260812 -1.00 -1.00 31 31 0.2513 0.2273 0.022141
399.00 C 20260812 -1.00 -1.00 26 38 0.2299 0.1865 0.021291
400.00 C 20260812 -1.00 -1.00 60 53 0.2297 0.1653 0.019791
401.00 C 20260812 -1.00 -1.00 10 59 0.2348 0.1507 0.018342
402.00 C 20260812 -1.00 -1.00 6 27 0.2570 0.1571 0.017166
403.00 C 20260812 -1.00 -1.00 1 27 0.2613 0.1434 0.016022
404.00 C 20260812 -1.00 -1.00 1 44 0.2610 0.1301 0.014915
405.00 C 20260812 -1.00 -1.00 6 42 0.2616 0.1182 0.013832
406.00 C 20260812 -1.00 -1.00 30 40 0.2631 0.1073 0.012789
407.00 C 20260812 -1.00 -1.00 30 36 0.2509 0.0831 0.011156
408.00 C 20260812 -1.00 -1.00 32 37 0.2675 0.0873 0.010835
409.00 C 20260812 -1.00 -1.00 2 35 0.2714 0.0793 0.009986
410.00 C 20260812 -1.00 -1.00 182 33 0.2632 0.0648 0.008802
411.00 C 20260812 -1.00 -1.00 3 48 0.2740 0.0646 0.008433
412.00 C 20260812 -1.00 -1.00 6 39 0.2605 0.0488 0.007045
413.00 C 20260812 -1.00 -1.00 4 33 0.2629 0.0435 0.006363
414.00 C 20260812 -1.00 -1.00 10 38 0.2778 0.0469 0.006398
415.00 C 20260812 -1.00 -1.00 8 46 0.2826 0.0436 0.005931
416.00 C 20260812 -1.00 -1.00 14 43 0.2866 0.0398 0.005449
417.00 C 20260812 -1.00 -1.00 6 40 0.2845 0.0326 0.004715
418.00 C 20260812 -1.00 -1.00 5 29 0.2949 0.0331 0.004602
419.00 C 20260812 -1.00 -1.00 4 27 0.2986 0.0312 0.004318
420.00 C 20260812 -1.00 -1.00 4 6 0.3072 0.0311 0.004185
425.00 C 20260812 -1.00 -1.00 1 1 0.3041 0.0150 0.002266
430.00 C 20260812 -1.00 -1.00 -1 0 0.3630 0.0220 0.002606
342.00 P 20260812 -1.00 -1.00 33 33 0.4028 -0.0125 0.001457
343.00 P 20260812 -1.00 -1.00 33 34 0.4155 -0.0178 0.001909
344.00 P 20260812 -1.00 -1.00 33 34 0.3553 -0.0081 0.001129
345.00 P 20260812 -1.00 -1.00 34 43 0.3477 -0.0083 0.001175
346.00 P 20260812 -1.00 -1.00 33 44 0.3917 -0.0194 0.002177
347.00 P 20260812 -1.00 -1.00 33 33 0.3813 -0.0193 0.002229
348.00 P 20260812 -1.00 -1.00 40 45 0.3747 -0.0202 0.002359
349.00 P 20260812 -1.00 -1.00 4 40 0.3334 -0.0115 0.001650
350.00 P 20260812 -1.00 -1.00 4 40 0.3635 -0.0225 0.002681
351.00 P 20260812 -1.00 -1.00 4 75 0.3493 -0.0215 0.002680
352.00 P 20260812 -1.00 -1.00 6 56 0.3121 -0.0135 0.002017
353.00 P 20260812 -1.00 -1.00 3 37 0.3383 -0.0241 0.003059
354.00 P 20260812 -1.00 -1.00 3 47 0.3031 -0.0168 0.002483
355.00 P 20260812 -1.00 -1.00 3 102 0.3236 -0.0258 0.003401
356.00 P 20260812 -1.00 -1.00 32 43 0.3221 -0.0286 0.003736
357.00 P 20260812 -1.00 -1.00 41 1527 0.2898 -0.0219 0.003284
358.00 P 20260812 -1.00 -1.00 1 39 0.3079 -0.0327 0.004333
359.00 P 20260812 -1.00 -1.00 1 50 0.3003 -0.0346 0.004648
360.00 P 20260812 -1.00 -1.00 49 643 0.2870 -0.0334 0.004727
361.00 P 20260812 -1.00 -1.00 36 35 0.2729 -0.0315 0.004746
362.00 P 20260812 -1.00 -1.00 55 55 0.2701 -0.0366 0.005394
363.00 P 20260812 -1.00 -1.00 32 33 0.2665 -0.0413 0.006020
364.00 P 20260812 -1.00 -1.00 41 43 0.2638 -0.0466 0.006723
365.00 P 20260812 -1.00 -1.00 46 56 0.2554 -0.0487 0.007203
366.00 P 20260812 -1.00 -1.00 5 41 0.2537 -0.0549 0.008026
367.00 P 20260812 -1.00 -1.00 17 53 0.2520 -0.0613 0.008873
368.00 P 20260812 -1.00 -1.00 4 7 0.2491 -0.0698 0.009884
369.00 P 20260812 -1.00 -1.00 7 6 0.2546 -0.0875 0.011382
370.00 P 20260812 -1.00 -1.00 45 20 0.2530 -0.0987 0.012549
371.00 P 20260812 -1.00 -1.00 3 6 0.2395 -0.1002 0.013409
372.00 P 20260812 -1.00 -1.00 35 26 0.2390 -0.1131 0.014770
373.00 P 20260812 -1.00 -1.00 2 95 0.2390 -0.1274 0.016181
374.00 P 20260812 -1.00 -1.00 21 9 0.2479 -0.1566 0.017704
375.00 P 20260812 -1.00 -1.00 14 30 0.2476 -0.1756 0.019099
376.00 P 20260812 -1.00 -1.00 5 7 0.2419 -0.1901 0.020612
377.00 P 20260812 -1.00 -1.00 2 0 0.2352 -0.2043 0.022283
378.00 P 20260812 -1.00 -1.00 3 2 0.2521 -0.2428 0.022856
379.00 P 20260812 -1.00 -1.00 11 1 0.2563 -0.2710 0.023688
380.00 P 20260812 -1.00 -1.00 28 0 0.2326 -0.2781 0.026441
381.00 P 20260812 -1.00 -1.00 20 12 0.2372 -0.3082 0.027337
382.00 P 20260812 -1.00 -1.00 16 0 0.2344 -0.3332 0.028845
383.00 P 20260812 -1.00 -1.00 -1 0 0.2338 -0.3624 0.029706
384.00 P 20260812 -1.00 -1.00 4 0 0.2500 -0.3991 0.028390
385.00 P 20260812 -1.00 -1.00 14 3 0.2349 -0.4241 0.030673
386.00 P 20260812 -1.00 -1.00 23 9 0.2360 -0.4550 0.031089
387.00 P 20260812 -1.00 -1.00 2 2 0.2748 -0.4857 0.027148
388.00 P 20260812 -1.00 -1.00 1 0 0.2613 -0.5134 0.028296
389.00 P 20260812 -1.00 -1.00 -1 0 0.2455 -0.5445 0.029809
390.00 P 20260812 -1.00 -1.00 -1 0 0.2399 -0.5760 0.030170
391.00 P 20260812 -1.00 -1.00 -1 0 0.2469 -0.6028 0.029040
392.00 P 20260812 -1.00 -1.00 -1 0 0.2514 -0.6296 0.028243
393.00 P 20260812 -1.00 -1.00 -1 0 0.3150 -0.6226 0.022544
394.00 P 20260812 -1.00 -1.00 -1 0 0.2939 -0.6543 0.023381
395.00 P 20260812 -1.00 -1.00 -1 0 0.2535 -0.7040 0.025345
396.00 P 20260812 -1.00 -1.00 1 1 0.2607 -0.7226 0.023964
397.00 P 20260812 -1.00 -1.00 -1 0 0.3387 -0.6892 0.019278
398.00 P 20260812 -1.00 -1.00 -1 0 0.2710 -0.7612 0.021713
399.00 P 20260812 -1.00 -1.00 -1 0 0.2668 -0.7830 0.020789
400.00 P 20260812 -1.00 -1.00 2 0 0.2570 -0.8107 0.019895
401.00 P 20260812 -1.00 -1.00 -1 0 0.2773 -0.8094 0.018450
402.00 P 20260812 -1.00 -1.00 -1 0 0.2876 -0.8172 0.017339
403.00 P 20260812 -1.00 -1.00 -1 0 0.2928 -0.8292 0.016373
404.00 P 20260812 -1.00 -1.00 -1 0 0.2979 -0.8408 0.015460
405.00 P 20260812 -1.00 -1.00 -1 0 0.2805 -0.8724 0.014469
406.00 P 20260812 -1.00 -1.00 -1 0 0.3094 -0.8615 0.013783
407.00 P 20260812 -1.00 -1.00 -1 0 0.4183 -0.7919 0.012763
408.00 P 20260812 -1.00 -1.00 -1 0 0.3950 -0.8182 0.012462
409.00 P 20260812 -1.00 -1.00 -1 0 0.3196 -0.8859 0.011644
410.00 P 20260812 -1.00 -1.00 -1 0 0.4465 -0.8085 0.011343
411.00 P 20260812 -1.00 -1.00 -1 0 0.4398 -0.8233 0.010979
412.00 P 20260812 -1.00 -1.00 -1 0 0.3155 -0.9201 0.009382
413.00 P 20260812 -1.00 -1.00 -1 0 0.4629 -0.8301 0.010187
414.00 P 20260812 -1.00 -1.00 -1 0 0.4744 -0.8332 0.009830
415.00 P 20260812 -1.00 -1.00 -1 0 0.3139 -0.9446 0.007426
416.00 P 20260812 -1.00 -1.00 -1 0 0.3310 -0.9408 0.007328
417.00 P 20260812 -1.00 -1.00 -1 0 0.5036 -0.8447 0.008884
418.00 P 20260812 -1.00 -1.00 -1 0 0.3427 -0.9457 0.006633
419.00 P 20260812 -1.00 -1.00 -1 0 0.3463 -0.9492 0.006259
420.00 P 20260812 -1.00 -1.00 -1 0 0.5492 -0.8454 0.008114
425.00 P 20260812 -1.00 -1.00 -1 0 0.5875 -0.8632 0.007037
430.00 P 20260812 -1.00 -1.00 -1 0 0.4037 -0.9729 0.003554
342.00 C 20260814 -1.00 -1.00 2 0 -1.0000 -1.0000 -1.000000
343.00 C 20260814 -1.00 -1.00 -1 0 0.0011 1.0000 0.000000
344.00 C 20260814 -1.00 -1.00 24 2 -1.0000 -1.0000 -1.000000
345.00 C 20260814 -1.00 -1.00 6 6 0.3297 0.9884 0.001491
346.00 C 20260814 -1.00 -1.00 -1 0 -1.0000 -1.0000 -1.000000
347.00 C 20260814 -1.00 -1.00 -1 0 0.0011 1.0000 0.000000
348.00 C 20260814 -1.00 -1.00 2 1 -1.0000 -1.0000 -1.000000
349.00 C 20260814 -1.00 -1.00 -1 0 0.0011 1.0000 0.000000
350.00 C 20260814 -1.00 -1.00 8 26 -1.0000 -1.0000 -1.000000
351.00 C 20260814 -1.00 -1.00 1 0 0.0011 1.0000 0.000000
352.00 C 20260814 -1.00 -1.00 1 1 -1.0000 -1.0000 -1.000000
353.00 C 20260814 -1.00 -1.00 -1 0 0.2759 0.9840 0.002326
354.00 C 20260814 -1.00 -1.00 1 1 -1.0000 -1.0000 -1.000000
355.00 C 20260814 -1.00 -1.00 1 13 0.2519 0.9867 0.002178
356.00 C 20260814 -1.00 -1.00 1 1 -1.0000 -1.0000 -1.000000
357.00 C 20260814 -1.00 -1.00 2 1 0.2452 0.9828 0.002786
357.50 C 20260814 -1.00 -1.00 1 1 -1.0000 -1.0000 -1.000000
358.00 C 20260814 -1.00 -1.00 2 3 0.0011 1.0000 -0.000000
359.00 C 20260814 -1.00 -1.00 -1 0 -1.0000 -1.0000 -1.000000
360.00 C 20260814 -1.00 -1.00 8 14 0.2690 0.9581 0.005353
361.00 C 20260814 -1.00 -1.00 1 2 -1.0000 -1.0000 -1.000000
362.00 C 20260814 -1.00 -1.00 2 6 -1.0000 -1.0000 -1.000000
362.50 C 20260814 -1.00 -1.00 -1 0 0.2393 0.9608 0.005704
363.00 C 20260814 -1.00 -1.00 2 1 0.2350 0.9603 0.005872
364.00 C 20260814 -1.00 -1.00 2 4 -1.0000 -1.0000 -1.000000
365.00 C 20260814 -1.00 -1.00 10 27 0.2561 0.9318 0.008375
366.00 C 20260814 -1.00 -1.00 1 45 0.2608 0.9166 0.009502
367.00 C 20260814 -1.00 -1.00 1 43 -1.0000 -1.0000 -1.000000
367.50 C 20260814 -1.00 -1.00 416 397 -1.0000 -1.0000 -1.000000
368.00 C 20260814 -1.00 -1.00 4 31 -1.0000 -1.0000 -1.000000
369.00 C 20260814 -1.00 -1.00 2 91 0.2630 0.8824 0.012279
370.00 C 20260814 -1.00 -1.00 178 254 -1.0000 -1.0000 -1.000000
371.00 C 20260814 -1.00 -1.00 48 217 0.2491 0.8672 0.014079
372.00 C 20260814 -1.00 -1.00 27 684 0.2472 0.8522 0.015158
372.50 C 20260814 -1.00 -1.00 3 132 0.2478 0.8430 0.015711
373.00 C 20260814 -1.00 -1.00 9 661 0.1089 0.9863 0.005160
374.00 C 20260814 -1.00 -1.00 27 157 0.0011 1.0000 -0.000000
375.00 C 20260814 -1.00 -1.00 54 1310 0.2445 0.8029 0.018527
376.00 C 20260814 -1.00 -1.00 15 107 0.2472 0.7834 0.019571
377.00 C 20260814 -1.00 -1.00 6 85 0.2512 0.7574 0.020277
377.50 C 20260814 -1.00 -1.00 7 144 0.2455 0.7512 0.021000
378.00 C 20260814 -1.00 -1.00 8 135 0.1839 0.8026 0.024676
379.00 C 20260814 -1.00 -1.00 5 102 0.1664 0.7994 0.027586
380.00 C 20260814 -1.00 -1.00 362 1781 0.1773 0.7563 0.028789
381.00 C 20260814 -1.00 -1.00 10 72 0.2445 0.6726 0.024244
382.00 C 20260814 -1.00 -1.00 57 148 0.2443 0.6484 0.024935
382.50 C 20260814 -1.00 -1.00 4 364 0.2427 0.6362 0.025286
383.00 C 20260814 -1.00 -1.00 74 50 0.2267 0.6307 0.027161
384.00 C 20260814 -1.00 -1.00 13 258 0.1958 0.6166 0.031710
385.00 C 20260814 -1.00 -1.00 363 2045 0.2400 0.5713 0.026583
386.00 C 20260814 -1.00 -1.00 71 63 0.2420 0.5446 0.026777
387.00 C 20260814 -1.00 -1.00 76 222 0.2440 0.5183 0.026963
387.50 C 20260814 -1.00 -1.00 3 413 0.2448 0.5053 0.026774
388.00 C 20260814 -1.00 -1.00 3 110 0.2190 0.4896 0.029759
389.00 C 20260814 -1.00 -1.00 7 355 0.2446 0.4662 0.026429
390.00 C 20260814 -1.00 -1.00 2140 2230 0.2457 0.4405 0.026058
391.00 C 20260814 -1.00 -1.00 61 539 0.2449 0.4143 0.025897
392.00 C 20260814 -1.00 -1.00 11 65 0.2123 0.3692 0.029290
393.00 C 20260814 -1.00 -1.00 57 590 0.2281 0.3535 0.026689
394.00 C 20260814 -1.00 -1.00 621 2842 0.2496 0.3436 0.024065
395.00 C 20260814 -1.00 -1.00 136 415 0.2492 0.3210 0.023332
396.00 C 20260814 -1.00 -1.00 3 105 0.2317 0.2834 0.023731
397.00 C 20260814 -1.00 -1.00 1 27 0.2263 0.2535 0.023190
398.00 C 20260814 -1.00 -1.00 4 103 0.2382 0.2424 0.021636
399.00 C 20260814 -1.00 -1.00 529 709 0.2304 0.2171 0.020776
400.00 C 20260814 -1.00 -1.00 454 3357 0.2346 0.2029 0.019523
401.00 C 20260814 -1.00 -1.00 15 377 0.2441 0.1947 0.018276
402.00 C 20260814 -1.00 -1.00 5 84 0.2585 0.1920 0.017106
403.00 C 20260814 -1.00 -1.00 30 59 0.2603 0.1774 0.016172
404.00 C 20260814 -1.00 -1.00 2 31 0.2578 0.1582 0.015253
405.00 C 20260814 -1.00 -1.00 43 286 0.2456 0.1317 0.014191
406.00 C 20260814 -1.00 -1.00 2 20 0.2687 0.1394 0.013560
407.00 C 20260814 -1.00 -1.00 2 32 0.2687 0.1288 0.012751
408.00 C 20260814 -1.00 -1.00 4 23 0.2553 0.1063 0.011605
409.00 C 20260814 -1.00 -1.00 2 389 0.2523 0.0922 0.010591
410.00 C 20260814 -1.00 -1.00 15 208 0.2718 0.0999 0.010419
411.00 C 20260814 -1.00 -1.00 -1 0 0.2726 0.0903 0.009660
412.00 C 20260814 -1.00 -1.00 -1 0 0.2644 0.0725 0.008546
413.00 C 20260814 -1.00 -1.00 -1 0 0.2666 0.0676 0.007988
414.00 C 20260814 -1.00 -1.00 1 1 0.2665 0.0614 0.007367
415.00 C 20260814 -1.00 -1.00 76 265 0.2811 0.0645 0.007280
416.00 C 20260814 -1.00 -1.00 28 3 0.2714 0.0524 0.006352
417.00 C 20260814 -1.00 -1.00 28 6 0.2853 0.0555 0.006331
418.00 C 20260814 -1.00 -1.00 28 4 0.2866 0.0506 0.005847
419.00 C 20260814 -1.00 -1.00 28 4 0.2887 0.0463 0.005403
420.00 C 20260814 -1.00 -1.00 2 76 0.2966 0.0458 0.005216
425.00 C 20260814 -1.00 -1.00 10 128 0.3114 0.0313 0.003674
430.00 C 20260814 -1.00 -1.00 1 125 0.3115 0.0183 0.002307
342.00 P 20260814 -1.00 -1.00 2 331 0.3803 -0.0183 0.001897
343.00 P 20260814 -1.00 -1.00 12 10 0.3744 -0.0191 0.001998
344.00 P 20260814 -1.00 -1.00 11 43 0.3650 -0.0190 0.002043
345.00 P 20260814 -1.00 -1.00 106 278 0.3418 -0.0152 0.001797
346.00 P 20260814 -1.00 -1.00 16 25 0.3273 -0.0135 0.001696
347.00 P 20260814 -1.00 -1.00 11 121 0.3079 -0.0104 0.001458
348.00 P 20260814 -1.00 -1.00 1 541 0.3467 -0.0238 0.002623
349.00 P 20260814 -1.00 -1.00 1 100 0.3117 -0.0165 0.002116
350.00 P 20260814 -1.00 -1.00 3 764 0.3111 -0.0190 0.002394
351.00 P 20260814 -1.00 -1.00 25 3273 0.3002 -0.0184 0.002408
352.00 P 20260814 -1.00 -1.00 5 175 0.3202 -0.0269 0.003167
353.00 P 20260814 -1.00 -1.00 4 904 0.3160 -0.0289 0.003408
354.00 P 20260814 -1.00 -1.00 4 349 0.3108 -0.0314 0.003694
355.00 P 20260814 -1.00 -1.00 107 1684 0.2945 -0.0278 0.003552
356.00 P 20260814 -1.00 -1.00 6 48 0.2869 -0.0290 0.003767
357.00 P 20260814 -1.00 -1.00 706 485 0.2819 -0.0318 0.004113
357.50 P 20260814 -1.00 -1.00 1 35 0.2793 -0.0333 0.004294
358.00 P 20260814 -1.00 -1.00 23 108 0.2777 -0.0352 0.004519
359.00 P 20260814 -1.00 -1.00 15 148 0.2735 -0.0387 0.004947
360.00 P 20260814 -1.00 -1.00 17 2270 0.2736 -0.0448 0.005569
361.00 P 20260814 -1.00 -1.00 66 210 0.2678 -0.0476 0.005977
362.00 P 20260814 -1.00 -1.00 10 131 0.2646 -0.0519 0.006508
362.50 P 20260814 -1.00 -1.00 16 49 0.2655 -0.0555 0.006867
363.00 P 20260814 -1.00 -1.00 55 2248 0.2672 -0.0595 0.007247
364.00 P 20260814 -1.00 -1.00 4 115 0.2624 -0.0636 0.007797
365.00 P 20260814 -1.00 -1.00 26 320 0.2580 -0.0705 0.008517
366.00 P 20260814 -1.00 -1.00 2 49 0.2547 -0.0785 0.009321
367.00 P 20260814 -1.00 -1.00 17 71 0.2513 -0.0867 0.010165
367.50 P 20260814 -1.00 -1.00 14 400 0.2504 -0.0915 0.010627
368.00 P 20260814 -1.00 -1.00 20 86 0.2489 -0.0960 0.011081
369.00 P 20260814 -1.00 -1.00 49 176 0.2485 -0.1070 0.012076
370.00 P 20260814 -1.00 -1.00 133 240 0.2509 -0.1202 0.013124
371.00 P 20260814 -1.00 -1.00 18 48 0.2454 -0.1296 0.014117
372.00 P 20260814 -1.00 -1.00 5 77 0.2458 -0.1473 0.015240
372.50 P 20260814 -1.00 -1.00 3 31 0.2477 -0.1578 0.015800
373.00 P 20260814 -1.00 -1.00 11 44 0.2410 -0.1599 0.016372
374.00 P 20260814 -1.00 -1.00 34 196 0.2401 -0.1766 0.017546
375.00 P 20260814 -1.00 -1.00 74 133 0.2543 -0.2060 0.018412
376.00 P 20260814 -1.00 -1.00 12 39 0.2590 -0.2291 0.019214
377.00 P 20260814 -1.00 -1.00 4 30 0.2371 -0.2311 0.021071
377.50 P 20260814 -1.00 -1.00 6 7 0.2489 -0.2532 0.020951
378.00 P 20260814 -1.00 -1.00 4 29 0.2366 -0.2541 0.022073
379.00 P 20260814 -1.00 -1.00 14 21 0.2366 -0.2775 0.023053
380.00 P 20260814 -1.00 -1.00 1035 75 0.2492 -0.3093 0.023149
381.00 P 20260814 -1.00 -1.00 1 1 0.2399 -0.3266 0.024770
382.00 P 20260814 -1.00 -1.00 6 33 0.2515 -0.3576 0.024426
382.50 P 20260814 -1.00 -1.00 2 4 0.2376 -0.3636 0.025965
383.00 P 20260814 -1.00 -1.00 1 2 0.2371 -0.3767 0.026234
384.00 P 20260814 -1.00 -1.00 13 9 0.2360 -0.4033 0.026780
385.00 P 20260814 -1.00 -1.00 10 42 0.2370 -0.4305 0.027112
386.00 P 20260814 -1.00 -1.00 2 9 0.2400 -0.4579 0.027216
387.00 P 20260814 -1.00 -1.00 6 13 0.2621 -0.4848 0.025290
387.50 P 20260814 -1.00 -1.00 2 2 0.2403 -0.4982 0.027483
388.00 P 20260814 -1.00 -1.00 5 30 0.2430 -0.5112 0.027063
389.00 P 20260814 -1.00 -1.00 1 6 0.2624 -0.5335 0.024851
390.00 P 20260814 -1.00 -1.00 16 60 0.2413 -0.5645 0.026772
391.00 P 20260814 -1.00 -1.00 6 6 0.2414 -0.5911 0.026524
392.00 P 20260814 -1.00 -1.00 2 22 0.2495 -0.6134 0.025463
393.00 P 20260814 -1.00 -1.00 1 1 0.2968 -0.6138 0.021352
394.00 P 20260814 -1.00 -1.00 1 5 0.2552 -0.6574 0.023892
395.00 P 20260814 -1.00 -1.00 2 13 0.2594 -0.6764 0.022894
396.00 P 20260814 -1.00 -1.00 2 1 0.2579 -0.6993 0.022310
397.00 P 20260814 -1.00 -1.00 1 2 0.2643 -0.7157 0.021252
398.00 P 20260814 -1.00 -1.00 6 2 0.3265 -0.6907 0.017753
399.00 P 20260814 -1.00 -1.00 1 4 0.2700 -0.7531 0.019675
400.00 P 20260814 -1.00 -1.00 2 23 0.2683 -0.7726 0.018961
401.00 P 20260814 -1.00 -1.00 -1 0 0.2686 -0.7884 0.018109
402.00 P 20260814 -1.00 -1.00 -1 0 0.3297 -0.7569 0.015941
403.00 P 20260814 -1.00 -1.00 -1 0 0.2734 -0.8159 0.016373
404.00 P 20260814 -1.00 -1.00 -1 0 0.2750 -0.8302 0.015547
405.00 P 20260814 -1.00 -1.00 1 1 0.3403 -0.7890 0.014153
406.00 P 20260814 -1.00 -1.00 1 0 0.2824 -0.8538 0.013960
407.00 P 20260814 -1.00 -1.00 2 0 0.3597 -0.7999 0.012944
408.00 P 20260814 -1.00 -1.00 5 0 0.2817 -0.8784 0.012470
409.00 P 20260814 -1.00 -1.00 1 0 0.3147 -0.8634 0.012016
410.00 P 20260814 -1.00 -1.00 2 0 0.3567 -0.8379 0.011556
411.00 P 20260814 -1.00 -1.00 -1 0 0.3209 -0.8772 0.010920
412.00 P 20260814 -1.00 -1.00 -1 0 0.3027 -0.9007 0.010084
413.00 P 20260814 -1.00 -1.00 -1 0 0.4259 -0.8203 0.010205
414.00 P 20260814 -1.00 -1.00 -1 0 0.3197 -0.9052 0.009227
415.00 P 20260814 -1.00 -1.00 1 0 0.3259 -0.9091 0.008804
416.00 P 20260814 -1.00 -1.00 -1 0 0.3389 -0.9073 0.008535
417.00 P 20260814 -1.00 -1.00 -1 0 0.4399 -0.8500 0.008924
418.00 P 20260814 -1.00 -1.00 -1 0 0.3512 -0.9145 0.007814
419.00 P 20260814 -1.00 -1.00 -1 0 0.3480 -0.9254 0.007285
420.00 P 20260814 -1.00 -1.00 -1 0 0.4587 -0.8634 0.008088
425.00 P 20260814 -1.00 -1.00 1 0 0.5342 -0.8580 0.007100
430.00 P 20260814 -1.00 -1.00 3 0 0.5733 -0.8674 0.006277
342.00 C 20260817 -1.00 -1.00 -1 0 -1.0000 -1.0000 -1.000000
343.00 C 20260817 -1.00 -1.00 -1 0 -1.0000 -1.0000 -1.000000
344.00 C 20260817 -1.00 -1.00 -1 0 0.2737 0.9922 0.001092
345.00 C 20260817 -1.00 -1.00 -1 0 -1.0000 -1.0000 -1.000000
346.00 C 20260817 -1.00 -1.00 -1 0 -1.0000 -1.0000 -1.000000
347.00 C 20260817 -1.00 -1.00 -1 0 -1.0000 -1.0000 -1.000000
348.00 C 20260817 -1.00 -1.00 -1 0 -1.0000 -1.0000 -1.000000
349.00 C 20260817 -1.00 -1.00 -1 0 0.2570 0.9890 0.001593
350.00 C 20260817 -1.00 -1.00 -1 0 0.0012 1.0000 0.000000
351.00 C 20260817 -1.00 -1.00 -1 0 0.0012 1.0000 0.000000
352.00 C 20260817 -1.00 -1.00 -1 0 -1.0000 -1.0000 -1.000000
353.00 C 20260817 -1.00 -1.00 -1 0 -1.0000 -1.0000 -1.000000
354.00 C 20260817 -1.00 -1.00 -1 0 -1.0000 -1.0000 -1.000000
355.00 C 20260817 -1.00 -1.00 -1 0 0.2314 0.9818 0.002701
356.00 C 20260817 -1.00 -1.00 -1 0 0.2473 0.9729 0.003602
357.00 C 20260817 -1.00 -1.00 -1 0 0.2026 0.9881 0.002151
358.00 C 20260817 -1.00 -1.00 2 2 0.0012 1.0000 -0.000000
359.00 C 20260817 -1.00 -1.00 -1 0 -1.0000 -1.0000 -1.000000
360.00 C 20260817 -1.00 -1.00 1 1 -1.0000 -1.0000 -1.000000
361.00 C 20260817 -1.00 -1.00 35 35 0.2403 0.9487 0.006181
362.00 C 20260817 -1.00 -1.00 35 35 0.2366 0.9450 0.006657
363.00 C 20260817 -1.00 -1.00 2 2 -1.0000 -1.0000 -1.000000
364.00 C 20260817 -1.00 -1.00 -1 0 -1.0000 -1.0000 -1.000000
365.00 C 20260817 -1.00 -1.00 -1 0 0.2286 0.9267 0.008591
366.00 C 20260817 -1.00 -1.00 2 2 0.2159 0.9290 0.008894
367.00 C 20260817 -1.00 -1.00 1 3 -1.0000 -1.0000 -1.000000
368.00 C 20260817 -1.00 -1.00 2 0 0.2011 0.9219 0.010226
369.00 C 20260817 -1.00 -1.00 2 2 0.2118 0.8990 0.011792
370.00 C 20260817 -1.00 -1.00 11 12 0.2253 0.8748 0.013072
371.00 C 20260817 -1.00 -1.00 1 2 0.2035 0.8834 0.013743
372.00 C 20260817 -1.00 -1.00 15 12 0.2178 0.8505 0.015078
373.00 C 20260817 -1.00 -1.00 4 8 0.2121 0.8400 0.016177
374.00 C 20260817 -1.00 -1.00 10 10 0.2146 0.8201 0.017282
375.00 C 20260817 -1.00 -1.00 9 9 0.2172 0.8006 0.018331
376.00 C 20260817 -1.00 -1.00 40 22 0.1783 0.8244 0.020473
377.00 C 20260817 -1.00 -1.00 6 4 0.1138 0.9069 0.020647
378.00 C 20260817 -1.00 -1.00 7 6 0.2131 0.7425 0.021406
379.00 C 20260817 -1.00 -1.00 24 22 0.2230 0.7118 0.021653
380.00 C 20260817 -1.00 -1.00 26 171 0.2140 0.6966 0.023171
381.00 C 20260817 -1.00 -1.00 4 9 0.2228 0.6687 0.023347
382.00 C 20260817 -1.00 -1.00 7 26 0.2141 0.6498 0.024723
383.00 C 20260817 -1.00 -1.00 13 10 0.1926 0.6361 0.027726
384.00 C 20260817 -1.00 -1.00 2 20 0.2160 0.5975 0.025324
385.00 C 20260817 -1.00 -1.00 333 376 0.2214 0.5706 0.025116
386.00 C 20260817 -1.00 -1.00 3 3 0.2223 0.5455 0.025393
387.00 C 20260817 -1.00 -1.00 2 8 0.1948 0.5214 0.029401
388.00 C 20260817 -1.00 -1.00 3 7 0.2014 0.4936 0.028190
389.00 C 20260817 -1.00 -1.00 3 1 0.2246 0.4712 0.025089
390.00 C 20260817 -1.00 -1.00 46 10 0.2266 0.4471 0.024666
391.00 C 20260817 -1.00 -1.00 4 2 0.2233 0.4212 0.024806
392.00 C 20260817 -1.00 -1.00 3 1 0.2034 0.3846 0.026884
393.00 C 20260817 -1.00 -1.00 4 2 0.2062 0.3613 0.025955
394.00 C 20260817 -1.00 -1.00 13 12 0.2160 0.3449 0.024236
395.00 C 20260817 -1.00 -1.00 501 500 0.2326 0.3351 0.022199
396.00 C 20260817 -1.00 -1.00 16 15 0.2168 0.3006 0.022662
397.00 C 20260817 -1.00 -1.00 2 2 0.2086 0.2693 0.022470
398.00 C 20260817 -1.00 -1.00 5 3 0.2202 0.2594 0.020961
399.00 C 20260817 -1.00 -1.00 7 5 0.2357 0.2547 0.019441
400.00 C 20260817 -1.00 -1.00 19 10 0.2374 0.2380 0.018648
401.00 C 20260817 -1.00 -1.00 5 5 0.2367 0.2217 0.017835
402.00 C 20260817 -1.00 -1.00 -1 0 0.2381 0.2073 0.016975
403.00 C 20260817 -1.00 -1.00 3 3 0.2268 0.1791 0.016257
404.00 C 20260817 -1.00 -1.00 1 1 0.2220 0.1564 0.015333
405.00 C 20260817 -1.00 -1.00 409 0 0.2425 0.1655 0.014508
406.00 C 20260817 -1.00 -1.00 11 11 0.2456 0.1539 0.013733
407.00 C 20260817 -1.00 -1.00 1 0 0.2488 0.1429 0.012994
408.00 C 20260817 -1.00 -1.00 1 1 0.2357 0.1211 0.012060
409.00 C 20260817 -1.00 -1.00 -1 0 0.2463 0.1207 0.011515
410.00 C 20260817 -1.00 -1.00 1 1 0.2482 0.1125 0.010834
415.00 C 20260817 -1.00 -1.00 -1 0 0.2600 0.0755 0.007808
420.00 C 20260817 -1.00 -1.00 -1 0 0.2596 0.0473 0.005321
425.00 C 20260817 -1.00 -1.00 -1 0 0.2812 0.0365 0.004023
430.00 C 20260817 -1.00 -1.00 -1 0 0.2907 0.0264 0.002953
342.00 P 20260817 -1.00 -1.00 -1 0 0.3225 -0.0157 0.001704
343.00 P 20260817 -1.00 -1.00 -1 0 0.3158 -0.0160 0.001769
344.00 P 20260817 -1.00 -1.00 1 1 0.3107 -0.0168 0.001872
345.00 P 20260817 -1.00 -1.00 8 8 0.3011 -0.0161 0.001871
346.00 P 20260817 -1.00 -1.00 -1 0 0.3006 -0.0184 0.002097
347.00 P 20260817 -1.00 -1.00 3 3 0.2940 -0.0188 0.002183
348.00 P 20260817 -1.00 -1.00 11 11 0.2844 -0.0182 0.002194
349.00 P 20260817 -1.00 -1.00 -1 0 0.2855 -0.0211 0.002486
350.00 P 20260817 -1.00 -1.00 1 1 0.2850 -0.0234 0.002739
351.00 P 20260817 -1.00 -1.00 -1 0 0.2786 -0.0239 0.002858
352.00 P 20260817 -1.00 -1.00 2 2 0.2811 -0.0273 0.003190
353.00 P 20260817 -1.00 -1.00 -1 0 0.2755 -0.0289 0.003398
354.00 P 20260817 -1.00 -1.00 -1 0 0.2695 -0.0305 0.003619
355.00 P 20260817 -1.00 -1.00 508 507 0.2659 -0.0336 0.003953
356.00 P 20260817 -1.00 -1.00 2 35 0.2638 -0.0376 0.004365
357.00 P 20260817 -1.00 -1.00 1 11 0.2549 -0.0376 0.004517
358.00 P 20260817 -1.00 -1.00 12 12 0.2588 -0.0456 0.005200
359.00 P 20260817 -1.00 -1.00 -1 0 0.2589 -0.0512 0.005727
360.00 P 20260817 -1.00 -1.00 1 8 0.2472 -0.0499 0.005870
361.00 P 20260817 -1.00 -1.00 4 4 0.2451 -0.0544 0.006374
362.00 P 20260817 -1.00 -1.00 1 1 0.2460 -0.0607 0.006984
363.00 P 20260817 -1.00 -1.00 1 1 0.2431 -0.0671 0.007602
364.00 P 20260817 -1.00 -1.00 1 1 0.2363 -0.0708 0.008117
365.00 P 20260817 -1.00 -1.00 3 3 0.2415 -0.0859 0.009149
366.00 P 20260817 -1.00 -1.00 3 12 0.2297 -0.0854 0.009576
367.00 P 20260817 -1.00 -1.00 1 1 0.2366 -0.1021 0.010658
368.00 P 20260817 -1.00 -1.00 1 11 0.2295 -0.1065 0.011359
369.00 P 20260817 -1.00 -1.00 4 4 0.2312 -0.1187 0.012288
370.00 P 20260817 -1.00 -1.00 5 21 0.2325 -0.1344 0.013251
371.00 P 20260817 -1.00 -1.00 27 21 0.2337 -0.1515 0.014205
372.00 P 20260817 -1.00 -1.00 1 1 0.2302 -0.1636 0.015164
373.00 P 20260817 -1.00 -1.00 8 0 0.2208 -0.1703 0.016228
374.00 P 20260817 -1.00 -1.00 6 6 0.2350 -0.1999 0.017014
375.00 P 20260817 -1.00 -1.00 5 5 0.2330 -0.2143 0.018024
376.00 P 20260817 -1.00 -1.00 -1 0 0.2206 -0.2222 0.019368
377.00 P 20260817 -1.00 -1.00 -1 0 0.2186 -0.2420 0.020337
378.00 P 20260817 -1.00 -1.00 1 0 0.2183 -0.2638 0.021239
379.00 P 20260817 -1.00 -1.00 -1 0 0.2183 -0.2860 0.022120
380.00 P 20260817 -1.00 -1.00 17 0 0.2328 -0.3179 0.021933
381.00 P 20260817 -1.00 -1.00 -1 0 0.2208 -0.3320 0.023702
382.00 P 20260817 -1.00 -1.00 1 0 0.2203 -0.3562 0.024280
383.00 P 20260817 -1.00 -1.00 -1 0 0.2240 -0.3830 0.024293
384.00 P 20260817 -1.00 -1.00 -1 0 0.2186 -0.4060 0.025257
385.00 P 20260817 -1.00 -1.00 22 0 0.2187 -0.4314 0.025660
386.00 P 20260817 -1.00 -1.00 -1 0 0.2213 -0.4573 0.025763
387.00 P 20260817 -1.00 -1.00 -1 0 0.2538 -0.4828 0.022766
388.00 P 20260817 -1.00 -1.00 -1 0 0.2540 -0.5047 0.022595
389.00 P 20260817 -1.00 -1.00 -1 0 0.2233 -0.5329 0.025523
390.00 P 20260817 -1.00 -1.00 11 0 0.2235 -0.5579 0.025305
391.00 P 20260817 -1.00 -1.00 -1 0 0.2254 -0.5821 0.024904
392.00 P 20260817 -1.00 -1.00 -1 0 0.2334 -0.6028 0.023888
393.00 P 20260817 -1.00 -1.00 -1 0 0.2306 -0.6290 0.023976
394.00 P 20260817 -1.00 -1.00 -1 0 0.2296 -0.6511 0.023430
395.00 P 20260817 -1.00 -1.00 -1 0 0.2801 -0.6406 0.019384
396.00 P 20260817 -1.00 -1.00 -1 0 0.2290 -0.6945 0.022175
397.00 P 20260817 -1.00 -1.00 -1 0 0.2674 -0.6841 0.019179
398.00 P 20260817 -1.00 -1.00 -1 0 0.2353 -0.7314 0.020498
399.00 P 20260817 -1.00 -1.00 -1 0 0.2666 -0.7216 0.018267
400.00 P 20260817 -1.00 -1.00 -1 0 0.2459 -0.7615 0.018720
401.00 P 20260817 -1.00 -1.00 -1 0 0.2984 -0.7299 0.016082
402.00 P 20260817 -1.00 -1.00 -1 0 0.2323 -0.8067 0.017541
403.00 P 20260817 -1.00 -1.00 -1 0 0.2350 -0.8200 0.016651
404.00 P 20260817 -1.00 -1.00 -1 0 0.2442 -0.8254 0.015725
405.00 P 20260817 -1.00 -1.00 -1 0 0.2857 -0.7981 0.014468
406.00 P 20260817 -1.00 -1.00 -1 0 0.3256 -0.7789 0.013337
407.00 P 20260817 -1.00 -1.00 -1 0 0.3322 -0.7856 0.012821
408.00 P 20260817 -1.00 -1.00 -1 0 0.2423 -0.8829 0.012677
409.00 P 20260817 -1.00 -1.00 -1 0 0.3156 -0.8219 0.012133
410.00 P 20260817 -1.00 -1.00 -1 0 0.2494 -0.8967 0.011363
415.00 P 20260817 -1.00 -1.00 -1 0 0.3884 -0.8271 0.009616
420.00 P 20260817 -1.00 -1.00 -1 0 0.3193 -0.9205 0.007379
425.00 P 20260817 -1.00 -1.00 -1 0 0.4332 -0.8749 0.007070
430.00 P 20260817 -1.00 -1.00 -1 0 0.4952 -0.8698 0.006316
356.00 C 20260819 -1.00 -1.00 -1 0 -1.0000 -1.0000 -1.000000
357.00 C 20260819 -1.00 -1.00 -1 0 0.2107 0.9776 0.003303
358.00 C 20260819 -1.00 -1.00 -1 0 -1.0000 -1.0000 -1.000000
359.00 C 20260819 -1.00 -1.00 -1 0 -1.0000 -1.0000 -1.000000
360.00 C 20260819 -1.00 -1.00 -1 0 0.2343 0.9476 0.005993
361.00 C 20260819 -1.00 -1.00 -1 0 0.2486 0.9303 0.007068
362.00 C 20260819 -1.00 -1.00 -1 0 0.2763 0.8989 0.008398
363.00 C 20260819 -1.00 -1.00 -1 0 0.2505 0.9104 0.008439
364.00 C 20260819 -1.00 -1.00 -1 0 -1.0000 -1.0000 -1.000000
365.00 C 20260819 -1.00 -1.00 -1 0 0.2425 0.8986 0.009587
366.00 C 20260819 -1.00 -1.00 -1 0 0.2425 0.8893 0.010279
367.00 C 20260819 -1.00 -1.00 -1 0 0.2405 0.8814 0.010949
368.00 C 20260819 -1.00 -1.00 -1 0 0.2401 0.8690 0.011694
369.00 C 20260819 -1.00 -1.00 -1 0 0.0013 1.0000 -0.000000
370.00 C 20260819 -1.00 -1.00 96 25 0.2357 0.8450 0.013237
371.00 C 20260819 -1.00 -1.00 1 0 0.2341 0.8320 0.014044
372.00 C 20260819 -1.00 -1.00 -1 0 0.1250 0.9528 0.010304
373.00 C 20260819 -1.00 -1.00 1 1 0.1727 0.8748 0.015812
374.00 C 20260819 -1.00 -1.00 6 1 0.1909 0.8310 0.017296
375.00 C 20260819 -1.00 -1.00 2 4 0.2324 0.7713 0.017216
376.00 C 20260819 -1.00 -1.00 5 2 0.2308 0.7535 0.017957
377.00 C 20260819 -1.00 -1.00 4 3 0.2273 0.7371 0.018817
378.00 C 20260819 -1.00 -1.00 2 1 0.1712 0.7761 0.023125
379.00 C 20260819 -1.00 -1.00 2 1 0.1728 0.7482 0.024226
380.00 C 20260819 -1.00 -1.00 4 16 0.2303 0.6762 0.020703
381.00 C 20260819 -1.00 -1.00 1 2 0.1971 0.6770 0.024169
382.00 C 20260819 -1.00 -1.00 1 42 0.2272 0.6349 0.021818
383.00 C 20260819 -1.00 -1.00 2 1 0.2172 0.6167 0.023088
384.00 C 20260819 -1.00 -1.00 4 2 0.2297 0.5890 0.022213
385.00 C 20260819 -1.00 -1.00 27 8 0.2305 0.5665 0.022443
356.00 P 20260819 -1.00 -1.00 3 3 0.2640 -0.0490 0.005030
357.00 P 20260819 -1.00 -1.00 -1 0 0.2620 -0.0529 0.005411
358.00 P 20260819 -1.00 -1.00 1 1 0.2621 -0.0581 0.005855
359.00 P 20260819 -1.00 -1.00 -1 0 0.2604 -0.0629 0.006292
360.00 P 20260819 -1.00 -1.00 15 15 0.2576 -0.0692 0.006799
361.00 P 20260819 -1.00 -1.00 -1 0 0.2509 -0.0721 0.007189
362.00 P 20260819 -1.00 -1.00 1 4 0.2434 -0.0744 0.007581
363.00 P 20260819 -1.00 -1.00 -1 0 0.2438 -0.0842 0.008284
364.00 P 20260819 -1.00 -1.00 1 1 0.2482 -0.0972 0.009079
365.00 P 20260819 -1.00 -1.00 12 26 0.2400 -0.0997 0.009574
366.00 P 20260819 -1.00 -1.00 1 1 0.2475 -0.1151 0.010401
367.00 P 20260819 -1.00 -1.00 -1 0 0.2457 -0.1239 0.011078
368.00 P 20260819 -1.00 -1.00 26 26 0.2372 -0.1285 0.011731
369.00 P 20260819 -1.00 -1.00 -1 0 0.2445 -0.1506 0.012550
370.00 P 20260819 -1.00 -1.00 3 3 0.2345 -0.1546 0.013312
371.00 P 20260819 -1.00 -1.00 1 1 0.2304 -0.1651 0.014143
372.00 P 20260819 -1.00 -1.00 1 1 0.2387 -0.1876 0.014877
373.00 P 20260819 -1.00 -1.00 -1 0 0.2298 -0.1942 0.015837
374.00 P 20260819 -1.00 -1.00 -1 0 0.2451 -0.2237 0.016218
375.00 P 20260819 -1.00 -1.00 3 1 0.2457 -0.2425 0.016800
376.00 P 20260819 -1.00 -1.00 -1 0 0.2434 -0.2589 0.017508
377.00 P 20260819 -1.00 -1.00 -1 0 0.2356 -0.2713 0.018518
378.00 P 20260819 -1.00 -1.00 1 0 0.2431 -0.2957 0.018756
379.00 P 20260819 -1.00 -1.00 5 0 0.2271 -0.3038 0.020382
380.00 P 20260819 -1.00 -1.00 1 0 0.2294 -0.3251 0.020939
381.00 P 20260819 -1.00 -1.00 5 0 0.2446 -0.3545 0.020261
382.00 P 20260819 -1.00 -1.00 1 1 0.2479 -0.3769 0.020279
383.00 P 20260819 -1.00 -1.00 -1 0 0.2504 -0.3985 0.020358
384.00 P 20260819 -1.00 -1.00 5 0 0.2271 -0.4129 0.022672
385.00 P 20260819 -1.00 -1.00 2 0 0.2296 -0.4361 0.022759
342.00 C 20260821 -1.00 -1.00 -1 0 -1.0000 -1.0000 -1.000000
343.00 C 20260821 -1.00 -1.00 2 5 -1.0000 -1.0000 -1.000000
344.00 C 20260821 -1.00 -1.00 -1 0 0.2910 0.9769 0.002307
345.00 C 20260821 -1.00 -1.00 2 32 0.0014 1.0000 0.000000
346.00 C 20260821 -1.00 -1.00 -1 0 0.2907 0.9723 0.002708
347.00 C 20260821 -1.00 -1.00 1 0 0.2725 0.9759 0.002555
348.00 C 20260821 -1.00 -1.00 13 7 0.2597 0.9778 0.002494
349.00 C 20260821 -1.00 -1.00 -1 0 0.2737 0.9690 0.003134
350.00 C 20260821 -1.00 -1.00 3 228 0.2542 0.9748 0.002850
351.00 C 20260821 -1.00 -1.00 1 3 0.2635 0.9659 0.003507
352.00 C 20260821 -1.00 -1.00 2 2 0.2634 0.9613 0.003886
353.00 C 20260821 -1.00 -1.00 1 2 0.2502 0.9646 0.003802
354.00 C 20260821 -1.00 -1.00 1 6 -1.0000 -1.0000 -1.000000
355.00 C 20260821 -1.00 -1.00 1 169 -1.0000 -1.0000 -1.000000
356.00 C 20260821 -1.00 -1.00 1 1 0.2434 0.9539 0.004852
357.00 C 20260821 -1.00 -1.00 1 1 0.0014 1.0000 0.000000
358.00 C 20260821 -1.00 -1.00 1 3 0.2544 0.9366 0.006053
359.00 C 20260821 -1.00 -1.00 1 13 0.0014 1.0000 0.000000
360.00 C 20260821 -1.00 -1.00 10 839 0.2430 0.9301 0.006789
361.00 C 20260821 -1.00 -1.00 1 32 0.2709 0.8985 0.008049
362.00 C 20260821 -1.00 -1.00 1 13 0.0014 1.0000 0.000000
363.00 C 20260821 -1.00 -1.00 136 277 -1.0000 -1.0000 -1.000000
364.00 C 20260821 -1.00 -1.00 20 8 0.2576 0.8839 0.009422
365.00 C 20260821 -1.00 -1.00 210 774 0.2594 0.8718 0.010005
366.00 C 20260821 -1.00 -1.00 3 28 0.2518 0.8671 0.010536
367.00 C 20260821 -1.00 -1.00 115 167 0.1558 0.9537 0.007614
368.00 C 20260821 -1.00 -1.00 187 969 0.2402 0.8530 0.011758
369.00 C 20260821 -1.00 -1.00 6 175 0.1836 0.9013 0.011623
370.00 C 20260821 -1.00 -1.00 344 11376 0.2397 0.8268 0.013118
371.00 C 20260821 -1.00 -1.00 29 396 0.2455 0.8085 0.013720
372.00 C 20260821 -1.00 -1.00 14 134 0.1747 0.8739 0.014703
373.00 C 20260821 -1.00 -1.00 28 827 0.1636 0.8730 0.015760
374.00 C 20260821 -1.00 -1.00 11 686 0.2391 0.7695 0.015726
375.00 C 20260821 -1.00 -1.00 148 2323 0.2321 0.7583 0.016567
376.00 C 20260821 -1.00 -1.00 7 690 0.1794 0.7965 0.019608
377.00 C 20260821 -1.00 -1.00 9 426 0.1945 0.7573 0.019806
378.00 C 20260821 -1.00 -1.00 8 329 0.1776 0.7547 0.021803
379.00 C 20260821 -1.00 -1.00 7 434 0.2200 0.6941 0.019706
380.00 C 20260821 -1.00 -1.00 609 8835 0.2330 0.6675 0.019475
381.00 C 20260821 -1.00 -1.00 8 930 0.2342 0.6465 0.019681
382.00 C 20260821 -1.00 -1.00 34 929 0.2091 0.6387 0.022153
383.00 C 20260821 -1.00 -1.00 21 266 0.2334 0.6057 0.020274
384.00 C 20260821 -1.00 -1.00 101 314 0.2357 0.5845 0.020345
385.00 C 20260821 -1.00 -1.00 269 4429 0.2333 0.5645 0.020807
386.00 C 20260821 -1.00 -1.00 81 350 0.2341 0.5439 0.021005
387.00 C 20260821 -1.00 -1.00 52 549 0.2148 0.5237 0.023179
388.00 C 20260821 -1.00 -1.00 88 844 0.2367 0.5029 0.020911
389.00 C 20260821 -1.00 -1.00 3 195 0.2192 0.4796 0.022407
390.00 C 20260821 -1.00 -1.00 1749 11721 0.2347 0.4617 0.020807
391.00 C 20260821 -1.00 -1.00 18 139 0.2371 0.4420 0.020459
392.00 C 20260821 -1.00 -1.00 312 421 0.2335 0.4201 0.020629
393.00 C 20260821 -1.00 -1.00 16 342 0.2405 0.4030 0.019916
394.00 C 20260821 -1.00 -1.00 24 3731 0.2429 0.3843 0.019595
395.00 C 20260821 -1.00 -1.00 701 3361 0.2427 0.3659 0.019279
396.00 C 20260821 -1.00 -1.00 59 221 0.2416 0.3478 0.018899
397.00 C 20260821 -1.00 -1.00 274 1238 0.2285 0.3203 0.019232
398.00 C 20260821 -1.00 -1.00 4 69 0.2224 0.2962 0.019090
399.00 C 20260821 -1.00 -1.00 10 99 0.2435 0.2969 0.017453
400.00 C 20260821 -1.00 -1.00 1211 17982 0.2323 0.2686 0.017542
401.00 C 20260821 -1.00 -1.00 13 457 0.2314 0.2494 0.017093
402.00 C 20260821 -1.00 -1.00 21 236 0.2316 0.2350 0.016457
403.00 C 20260821 -1.00 -1.00 24 65 0.2509 0.2383 0.015338
404.00 C 20260821 -1.00 -1.00 2 547 0.2505 0.2251 0.014790
405.00 C 20260821 -1.00 -1.00 62 4288 0.2372 0.1990 0.014427
406.00 C 20260821 -1.00 -1.00 1 297 0.2336 0.1812 0.013828
407.00 C 20260821 -1.00 -1.00 2 238 0.2448 0.1803 0.013153
408.00 C 20260821 -1.00 -1.00 17 120 0.2541 0.1774 0.012551
409.00 C 20260821 -1.00 -1.00 1 75 0.2561 0.1669 0.012010
410.00 C 20260821 -1.00 -1.00 145 5607 0.2501 0.1471 0.011444
411.00 C 20260821 -1.00 -1.00 1 71 0.2612 0.1477 0.010982
412.00 C 20260821 -1.00 -1.00 10 59 0.2621 0.1393 0.010497
413.00 C 20260821 -1.00 -1.00 5 6 0.2618 0.1308 0.010010
414.00 C 20260821 -1.00 -1.00 -1 0 0.2624 0.1232 0.009536
415.00 C 20260821 -1.00 -1.00 68 5146 0.2499 0.1031 0.008774
416.00 C 20260821 -1.00 -1.00 2 2 0.2522 0.0968 0.008310
417.00 C 20260821 -1.00 -1.00 20 20 0.2660 0.1020 0.008181
418.00 C 20260821 -1.00 -1.00 20 39 0.2574 0.0852 0.007449
419.00 C 20260821 -1.00 -1.00 3 16 0.2657 0.0856 0.007235
420.00 C 20260821 -1.00 -1.00 188 5010 0.2734 0.0853 0.007015
425.00 C 20260821 -1.00 -1.00 61 4167 0.2742 0.0591 0.005242
430.00 C 20260821 -1.00 -1.00 138 9646 0.2862 0.0450 0.004039
342.00 P 20260821 -1.00 -1.00 1 37 0.3025 -0.0223 0.002152
343.00 P 20260821 -1.00 -1.00 2 277 0.3007 -0.0239 0.002301
344.00 P 20260821 -1.00 -1.00 4 2727 0.2976 -0.0251 0.002431
345.00 P 20260821 -1.00 -1.00 32 5756 0.2983 -0.0279 0.002654
346.00 P 20260821 -1.00 -1.00 10 537 0.2930 -0.0291 0.002796
347.00 P 20260821 -1.00 -1.00 20 93 0.2904 -0.0320 0.003029
348.00 P 20260821 -1.00 -1.00 189 2465 0.2845 -0.0330 0.003168
349.00 P 20260821 -1.00 -1.00 197 203 0.2806 -0.0352 0.003380
350.00 P 20260821 -1.00 -1.00 154 10783 0.2774 -0.0378 0.003623
351.00 P 20260821 -1.00 -1.00 1 152 0.2722 -0.0394 0.003815
352.00 P 20260821 -1.00 -1.00 4 103 0.2729 -0.0444 0.004196
353.00 P 20260821 -1.00 -1.00 6 157 0.2697 -0.0472 0.004469
354.00 P 20260821 -1.00 -1.00 4 1000 0.2652 -0.0493 0.004719
355.00 P 20260821 -1.00 -1.00 390 6713 0.2653 -0.0541 0.005101
356.00 P 20260821 -1.00 -1.00 7 462 0.2628 -0.0574 0.005424
357.00 P 20260821 -1.00 -1.00 3 291 0.2596 -0.0605 0.005748
358.00 P 20260821 -1.00 -1.00 10 86 0.2615 -0.0701 0.006334
359.00 P 20260821 -1.00 -1.00 3 111 0.2608 -0.0777 0.006840
360.00 P 20260821 -1.00 -1.00 555 6063 0.2496 -0.0764 0.007055
361.00 P 20260821 -1.00 -1.00 21 166 0.2538 -0.0884 0.007741
362.00 P 20260821 -1.00 -1.00 9 3086 0.2523 -0.0957 0.008270
363.00 P 20260821 -1.00 -1.00 49 268 0.2461 -0.0992 0.008717
364.00 P 20260821 -1.00 -1.00 10 159 0.2450 -0.1070 0.009295
365.00 P 20260821 -1.00 -1.00 94 3013 0.2532 -0.1224 0.009998
366.00 P 20260821 -1.00 -1.00 13 133 0.2432 -0.1244 0.010512
367.00 P 20260821 -1.00 -1.00 6 1369 0.2471 -0.1417 0.011199
368.00 P 20260821 -1.00 -1.00 38 236 0.2381 -0.1456 0.011823
369.00 P 20260821 -1.00 -1.00 9 1053 0.2336 -0.1544 0.012517
370.00 P 20260821 -1.00 -1.00 159 15929 0.2446 -0.1784 0.013155
371.00 P 20260821 -1.00 -1.00 40 219 0.2407 -0.1883 0.013868
372.00 P 20260821 -1.00 -1.00 70 381 0.2311 -0.1934 0.014722
373.00 P 20260821 -1.00 -1.00 9 180 0.2328 -0.2089 0.015431
374.00 P 20260821 -1.00 -1.00 6 568 0.2400 -0.2328 0.015808
375.00 P 20260821 -1.00 -1.00 184 4521 0.2314 -0.2426 0.016721
376.00 P 20260821 -1.00 -1.00 3 392 0.2284 -0.2581 0.017468
377.00 P 20260821 -1.00 -1.00 5 578 0.2300 -0.2778 0.017999
378.00 P 20260821 -1.00 -1.00 6 248 0.2413 -0.3038 0.017984
379.00 P 20260821 -1.00 -1.00 22 269 0.2461 -0.3241 0.018268
380.00 P 20260821 -1.00 -1.00 38 4260 0.2310 -0.3337 0.019789
381.00 P 20260821 -1.00 -1.00 3 351 0.2308 -0.3542 0.020131
382.00 P 20260821 -1.00 -1.00 5 119 0.2472 -0.3820 0.019126
383.00 P 20260821 -1.00 -1.00 9 164 0.2464 -0.4013 0.019432
384.00 P 20260821 -1.00 -1.00 1 56 0.2316 -0.4172 0.020903
385.00 P 20260821 -1.00 -1.00 98 4481 0.2308 -0.4380 0.021260
386.00 P 20260821 -1.00 -1.00 2 113 0.2470 -0.4605 0.020140
387.00 P 20260821 -1.00 -1.00 4 23 0.2373 -0.4806 0.021219
388.00 P 20260821 -1.00 -1.00 20 15 0.2368 -0.5010 0.021146
389.00 P 20260821 -1.00 -1.00 9 5 0.2339 -0.5221 0.021281
390.00 P 20260821 -1.00 -1.00 29 3484 0.2348 -0.5426 0.021072
391.00 P 20260821 -1.00 -1.00 1 12 0.2571 -0.5559 0.019142
392.00 P 20260821 -1.00 -1.00 1 20 0.2396 -0.5820 0.020414
393.00 P 20260821 -1.00 -1.00 1 11 0.2397 -0.6025 0.020298
394.00 P 20260821 -1.00 -1.00 6 11 0.2648 -0.6089 0.018302
395.00 P 20260821 -1.00 -1.00 19 815 0.2428 -0.6398 0.019577
396.00 P 20260821 -1.00 -1.00 1 1 0.2763 -0.6374 0.017202
397.00 P 20260821 -1.00 -1.00 1 11 0.2846 -0.6480 0.016462
398.00 P 20260821 -1.00 -1.00 6 5 0.2662 -0.6749 0.017029
399.00 P 20260821 -1.00 -1.00 2 5 0.2529 -0.7016 0.017329
400.00 P 20260821 -1.00 -1.00 25 7442 0.2509 -0.7206 0.017037
401.00 P 20260821 -1.00 -1.00 10 11 0.2754 -0.7153 0.015580
402.00 P 20260821 -1.00 -1.00 1 4 0.2999 -0.7108 0.014358
403.00 P 20260821 -1.00 -1.00 15 3 0.2709 -0.7511 0.015071
404.00 P 20260821 -1.00 -1.00 1 3 0.3007 -0.7388 0.013775
405.00 P 20260821 -1.00 -1.00 22 1085 0.2569 -0.7902 0.014505
406.00 P 20260821 -1.00 -1.00 2 1 0.2581 -0.8019 0.013966
407.00 P 20260821 -1.00 -1.00 3 3 0.3218 -0.7610 0.012386
408.00 P 20260821 -1.00 -1.00 1 1 0.3241 -0.7695 0.012021
409.00 P 20260821 -1.00 -1.00 7 4 0.2694 -0.8279 0.012362
410.00 P 20260821 -1.00 -1.00 1175 1148 0.2647 -0.8458 0.011914
411.00 P 20260821 -1.00 -1.00 -1 0 0.3209 -0.8021 0.011092
412.00 P 20260821 -1.00 -1.00 -1 0 0.3565 -0.7851 0.010431
413.00 P 20260821 -1.00 -1.00 -1 0 0.3242 -0.8196 0.010415
414.00 P 20260821 -1.00 -1.00 -1 0 0.3564 -0.8033 0.009905
415.00 P 20260821 -1.00 -1.00 2 17 0.3497 -0.8177 0.009677
416.00 P 20260821 -1.00 -1.00 -1 0 0.2785 -0.8897 0.009271
417.00 P 20260821 -1.00 -1.00 -1 0 0.3662 -0.8227 0.009079
418.00 P 20260821 -1.00 -1.00 -1 0 0.2879 -0.8969 0.008576
419.00 P 20260821 -1.00 -1.00 -1 0 0.3692 -0.8380 0.008576
420.00 P 20260821 -1.00 -1.00 51 23 0.2902 -0.9103 0.007828
425.00 P 20260821 -1.00 -1.00 1 6 0.2877 -0.9457 0.006018
430.00 P 20260821 -1.00 -1.00 51 36 0.3508 -0.9251 0.005696
320.00 C 20260805 -1.00 -1.00 -1 0 -1.0000 -1.0000 -1.000000
325.00 C 20260805 -1.00 -1.00 1 1 -1.0000 -1.0000 -1.000000
330.00 C 20260805 -1.00 -1.00 -1 0 -1.0000 -1.0000 -1.000000
335.00 C 20260805 -1.00 -1.00 17 17 -1.0000 -1.0000 -1.000000
340.00 C 20260805 -1.00 -1.00 3 18 0.0002 1.0000 -0.000000
341.00 C 20260805 -1.00 -1.00 10 0 -1.0000 -1.0000 -1.000000
320.00 P 20260805 -1.00 -1.00 6 7 2.2671 -0.0042 0.000424
325.00 P 20260805 -1.00 -1.00 4 42 2.0744 -0.0040 0.000449
330.00 P 20260805 -1.00 -1.00 1 57 2.2177 -0.0121 0.001112
335.00 P 20260805 -1.00 -1.00 2 84 1.7935 -0.0064 0.000770
340.00 P 20260805 -1.00 -1.00 2 153 1.5707 -0.0052 0.000736
341.00 P 20260805 -1.00 -1.00 18 61 1.5949 -0.0071 0.000955
320.00 C 20260807 -1.00 -1.00 14 25 -1.0000 -1.0000 -1.000000
325.00 C 20260807 -1.00 -1.00 1 19 0.0005 1.0000 0.000000
330.00 C 20260807 -1.00 -1.00 9 19 -1.0000 -1.0000 -1.000000
335.00 C 20260807 -1.00 -1.00 1 8 -1.0000 -1.0000 -1.000000
340.00 C 20260807 -1.00 -1.00 1 2 -1.0000 -1.0000 -1.000000
341.00 C 20260807 -1.00 -1.00 -1 0 -1.0000 -1.0000 -1.000000
320.00 P 20260807 -1.00 -1.00 2 78 0.9023 -0.0033 0.000354
325.00 P 20260807 -1.00 -1.00 1203 109 0.7946 -0.0025 0.000313
330.00 P 20260807 -1.00 -1.00 1 427 0.7873 -0.0049 0.000567
335.00 P 20260807 -1.00 -1.00 16 1855 0.6927 -0.0036 0.000499
340.00 P 20260807 -1.00 -1.00 9 2563 0.6274 -0.0039 0.000596
341.00 P 20260807 -1.00 -1.00 7 72 0.6218 -0.0047 0.000693
320.00 C 20260810 -1.00 -1.00 1 1 0.0008 1.0000 -0.000000
325.00 C 20260810 -1.00 -1.00 -1 0 0.0008 1.0000 0.000000
330.00 C 20260810 -1.00 -1.00 -1 0 0.0008 1.0000 0.000000
335.00 C 20260810 -1.00 -1.00 -1 0 -1.0000 -1.0000 -1.000000
340.00 C 20260810 -1.00 -1.00 -1 0 -1.0000 -1.0000 -1.000000
341.00 C 20260810 -1.00 -1.00 -1 0 0.0008 1.0000 -0.000000
320.00 P 20260810 -1.00 -1.00 1 1 0.6355 -0.0054 0.000516
325.00 P 20260810 -1.00 -1.00 4 11 0.5666 -0.0040 0.000447
330.00 P 20260810 -1.00 -1.00 3 8 0.5470 -0.0068 0.000729
335.00 P 20260810 -1.00 -1.00 4 36 0.4631 -0.0036 0.000497
340.00 P 20260810 -1.00 -1.00 101 91 0.4241 -0.0046 0.000665
341.00 P 20260810 -1.00 -1.00 6 12 0.4205 -0.0053 0.000761
320.00 C 20260812 -1.00 -1.00 -1 0 -1.0000 -1.0000 -1.000000
325.00 C 20260812 -1.00 -1.00 -1 0 0.0010 1.0000 -0.000000
330.00 C 20260812 -1.00 -1.00 -1 0 0.0010 1.0000 -0.000000
335.00 C 20260812 -1.00 -1.00 -1 0 0.0010 1.0000 -0.000000
340.00 C 20260812 -1.00 -1.00 -1 0 -1.0000 -1.0000 -1.000000
341.00 C 20260812 -1.00 -1.00 -1 0 -1.0000 -1.0000 -1.000000
320.00 P 20260812 -1.00 -1.00 4 4 0.5480 -0.0058 0.000544
325.00 P 20260812 -1.00 -1.00 2 2 0.4936 -0.0050 0.000523
330.00 P 20260812 -1.00 -1.00 7 12 0.4539 -0.0054 0.000609
335.00 P 20260812 -1.00 -1.00 36 46 0.4148 -0.0058 0.000717
340.00 P 20260812 -1.00 -1.00 36 44 0.4219 -0.0125 0.001393
341.00 P 20260812 -1.00 -1.00 33 43 0.4307 -0.0167 0.001746
320.00 C 20260814 -1.00 -1.00 2 12 0.0011 1.0000 -0.000000
325.00 C 20260814 -1.00 -1.00 10 10 0.0011 1.0000 0.000000
330.00 C 20260814 -1.00 -1.00 2 26 0.0011 1.0000 -0.000000
335.00 C 20260814 -1.00 -1.00 24 25 0.3280 0.9977 0.000343
340.00 C 20260814 -1.00 -1.00 3 5 0.3667 0.9895 0.001237
341.00 C 20260814 -1.00 -1.00 -1 0 -1.0000 -1.0000 -1.000000
320.00 P 20260814 -1.00 -1.00 12 176 0.4699 -0.0042 0.000421
325.00 P 20260814 -1.00 -1.00 9 1003 0.4673 -0.0079 0.000746
330.00 P 20260814 -1.00 -1.00 4 224 0.4739 -0.0150 0.001281
335.00 P 20260814 -1.00 -1.00 2 1337 0.3808 -0.0074 0.000855
340.00 P 20260814 -1.00 -1.00 2 2347 0.3670 -0.0106 0.001242
341.00 P 20260814 -1.00 -1.00 3 14 0.3687 -0.0132 0.001477
320.00 C 20260817 -1.00 -1.00 -1 0 -1.0000 -1.0000 -1.000000
325.00 C 20260817 -1.00 -1.00 -1 0 0.0012 1.0000 -0.000000
330.00 C 20260817 -1.00 -1.00 -1 0 -1.0000 -1.0000 -1.000000
335.00 C 20260817 -1.00 -1.00 -1 0 -1.0000 -1.0000 -1.000000
340.00 C 20260817 -1.00 -1.00 -1 0 0.0012 1.0000 -0.000000
341.00 C 20260817 -1.00 -1.00 -1 0 0.0012 1.0000 -0.000000
320.00 P 20260817 -1.00 -1.00 -1 0 0.4278 -0.0062 0.000570
325.00 P 20260817 -1.00 -1.00 -1 0 0.4039 -0.0075 0.000716
330.00 P 20260817 -1.00 -1.00 4 4 0.3947 -0.0106 0.001004
335.00 P 20260817 -1.00 -1.00 2 2 0.3502 -0.0097 0.001045
340.00 P 20260817 -1.00 -1.00 -1 0 0.3251 -0.0120 0.001350
341.00 P 20260817 -1.00 -1.00 4 4 0.3200 -0.0127 0.001436
320.00 C 20260821 -1.00 -1.00 100 31 -1.0000 -1.0000 -1.000000
325.00 C 20260821 -1.00 -1.00 162 66 -1.0000 -1.0000 -1.000000
330.00 C 20260821 -1.00 -1.00 2 52 -1.0000 -1.0000 -1.000000
335.00 C 20260821 -1.00 -1.00 1 122 -1.0000 -1.0000 -1.000000
340.00 C 20260821 -1.00 -1.00 74 63 0.2891 0.9861 0.001489
341.00 C 20260821 -1.00 -1.00 1 3 0.0014 1.0000 0.000000
320.00 P 20260821 -1.00 -1.00 37 7611 0.3823 -0.0074 0.000646
325.00 P 20260821 -1.00 -1.00 52 7936 0.3679 -0.0094 0.000843
330.00 P 20260821 -1.00 -1.00 17 9830 0.3463 -0.0113 0.001050
335.00 P 20260821 -1.00 -1.00 68 1140 0.3274 -0.0154 0.001438
340.00 P 20260821 -1.00 -1.00 55 3405 0.3141 -0.0215 0.002007
341.00 P 20260821 -1.00 -1.00 12 100 0.3056 -0.0212 0.002030
435.00 C 20260805 -1.00 -1.00 9 9 1.6324 0.0147 0.001784
440.00 C 20260805 -1.00 -1.00 3 3 1.7829 0.0142 0.001588
445.00 C 20260805 -1.00 -1.00 1 1 1.9245 0.0134 0.001399
450.00 C 20260805 -1.00 -1.00 -1 0 2.0521 0.0126 0.001247
455.00 C 20260805 -1.00 -1.00 -1 0 2.1727 0.0120 0.001121
435.00 P 20260805 -1.00 -1.00 -1 0 1.5614 -0.9889 0.001501
440.00 P 20260805 -1.00 -1.00 -1 0 2.9241 -0.8993 0.004715
445.00 P 20260805 -1.00 -1.00 -1 0 2.2317 -0.9700 0.002404
450.00 P 20260805 -1.00 -1.00 -1 0 3.2805 -0.9102 0.003874
455.00 P 20260805 -1.00 -1.00 -1 0 3.4965 -0.9115 0.003600
435.00 C 20260807 -1.00 -1.00 509 625 0.5711 0.0052 0.000830
440.00 C 20260807 -1.00 -1.00 1 39 0.6430 0.0067 0.000921
445.00 C 20260807 -1.00 -1.00 2 28 0.7209 0.0085 0.001011
450.00 C 20260807 -1.00 -1.00 1 336 0.7377 0.0054 0.000660
455.00 C 20260807 -1.00 -1.00 9 69 0.7810 0.0045 0.000543
435.00 P 20260807 -1.00 -1.00 1 0 0.7036 -0.9809 0.002320
440.00 P 20260807 -1.00 -1.00 -1 0 0.9570 -0.9483 0.003605
445.00 P 20260807 -1.00 -1.00 -1 0 0.8041 -0.9857 0.001628
450.00 P 20260807 -1.00 -1.00 2 0 0.8612 -0.9865 0.001448
455.00 P 20260807 -1.00 -1.00 -1 0 1.3941 -0.9189 0.003503
435.00 C 20260810 -1.00 -1.00 2 1 0.4114 0.0098 0.001343
440.00 C 20260810 -1.00 -1.00 2 0 0.4414 0.0085 0.001104
445.00 C 20260810 -1.00 -1.00 2 1 0.4665 0.0069 0.000862
450.00 C 20260810 -1.00 -1.00 2 2 0.5002 0.0064 0.000761
455.00 C 20260810 -1.00 -1.00 -1 0 0.5291 0.0056 0.000636
435.00 P 20260810 -1.00 -1.00 -1 0 0.4903 -0.9783 0.002741
440.00 P 20260810 -1.00 -1.00 -1 0 0.8274 -0.8905 0.004907
445.00 P 20260810 -1.00 -1.00 -1 0 0.8056 -0.9196 0.004085
450.00 P 20260810 -1.00 -1.00 1 0 0.5412 -0.9939 0.001171
455.00 P 20260810 -1.00 -1.00 -1 0 0.6964 -0.9735 0.002117
435.00 C 20260812 -1.00 -1.00 5 2 0.3547 0.0104 0.001406
440.00 C 20260812 -1.00 -1.00 -1 0 0.3728 0.0079 0.001049
445.00 C 20260812 -1.00 -1.00 -1 0 0.4570 0.0160 0.001593
450.00 C 20260812 -1.00 -1.00 1 1 0.4307 0.0070 0.000810
455.00 C 20260812 -1.00 -1.00 -1 0 0.4554 0.0061 0.000681
435.00 P 20260812 -1.00 -1.00 -1 0 0.4199 -0.9800 0.002866
440.00 P 20260812 -1.00 -1.00 -1 0 0.7409 -0.8791 0.005059
445.00 P 20260812 -1.00 -1.00 -1 0 0.7562 -0.8943 0.004502
450.00 P 20260812 -1.00 -1.00 -1 0 0.7927 -0.9014 0.004089
455.00 P 20260812 -1.00 -1.00 -1 0 0.6556 -0.9584 0.002696
435.00 C 20260814 -1.00 -1.00 1 119 0.3275 0.0127 0.001623
440.00 C 20260814 -1.00 -1.00 8 8 0.3436 0.0102 0.001267
445.00 C 20260814 -1.00 -1.00 1 3 0.4094 0.0173 0.001681
450.00 C 20260814 -1.00 -1.00 160 177 0.4370 0.0160 0.001472
455.00 C 20260814 -1.00 -1.00 6 6 0.4038 0.0061 0.000682
435.00 P 20260814 -1.00 -1.00 -1 0 0.6071 -0.8772 0.005593
440.00 P 20260814 -1.00 -1.00 -1 0 0.4959 -0.9468 0.003910
445.00 P 20260814 -1.00 -1.00 -1 0 0.5258 -0.9511 0.003453
450.00 P 20260814 -1.00 -1.00 2 0 0.7100 -0.8993 0.004143
455.00 P 20260814 -1.00 -1.00 -1 0 0.5597 -0.9678 0.002476
435.00 C 20260817 -1.00 -1.00 -1 0 0.3032 0.0194 0.002168
440.00 C 20260817 -1.00 -1.00 -1 0 0.3267 0.0171 0.001818
445.00 C 20260817 -1.00 -1.00 -1 0 0.3498 0.0152 0.001541
450.00 C 20260817 -1.00 -1.00 -1 0 0.3461 0.0095 0.001024
455.00 C 20260817 -1.00 -1.00 -1 0 0.3851 0.0116 0.001104
435.00 P 20260817 -1.00 -1.00 -1 0 0.4964 -0.8935 0.005481
440.00 P 20260817 -1.00 -1.00 -1 0 0.5725 -0.8799 0.005123
445.00 P 20260817 -1.00 -1.00 -1 0 0.4176 -0.9729 0.002893
450.00 P 20260817 -1.00 -1.00 -1 0 0.5900 -0.9130 0.004009
455.00 P 20260817 -1.00 -1.00 -1 0 0.6311 -0.9131 0.003732
435.00 C 20260821 -1.00 -1.00 68 1328 0.3028 0.0354 0.003185
440.00 C 20260821 -1.00 -1.00 30 3006 0.3069 0.0265 0.002437
445.00 C 20260821 -1.00 -1.00 15 2346 0.3164 0.0203 0.001877
450.00 C 20260821 -1.00 -1.00 135 4111 0.3299 0.0160 0.001481
455.00 C 20260821 -1.00 -1.00 20 3111 0.3462 0.0136 0.001239
435.00 P 20260821 -1.00 -1.00 20 7 0.3340 -0.9572 0.004336
440.00 P 20260821 -1.00 -1.00 1850 767 0.4148 -0.9314 0.004494
445.00 P 20260821 -1.00 -1.00 225 0 0.3820 -0.9644 0.003359
450.00 P 20260821 -1.00 -1.00 200 63 0.4330 -0.9528 0.003388
455.00 P 20260821 -1.00 -1.00 1 0 0.4086 -0.9784 0.002447
