# opt_chain ASML | epoch 1785941586 | 2026-08-05 10:53:06 | spot 1689.92 | exps 20260807 20260814 20260821
# fuente polygon_snapshot_v3 | greeks polygon_directo | iv polygon_directo | oi polygon_directo | vol day.volume(-1 si no cotizo) | bid/ask NO_ENTITLED(-1) | spot_src ibkr_bridge spot_edad_s 125 | band 0.4050 vencimientos 3 exp_hasta 2026-08-21
# strike right exp bid ask vol oi iv delta gamma
1235.00 C 20260807 -1.00 -1.00 -1 0 1.7765 0.9891 0.000119
1240.00 C 20260807 -1.00 -1.00 2 4 -1.0000 -1.0000 -1.000000
1245.00 C 20260807 -1.00 -1.00 2 3 1.7253 0.9894 0.000120
1250.00 C 20260807 -1.00 -1.00 2 3 1.7376 0.9875 0.000137
1255.00 C 20260807 -1.00 -1.00 2 3 2.0612 0.9702 0.000242
1260.00 C 20260807 -1.00 -1.00 -1 0 1.8205 0.9810 0.000187
1265.00 C 20260807 -1.00 -1.00 -1 0 1.6991 0.9857 0.000156
1270.00 C 20260807 -1.00 -1.00 -1 0 1.9880 0.9692 0.000257
1275.00 C 20260807 -1.00 -1.00 -1 0 1.9888 0.9670 0.000272
1280.00 C 20260807 -1.00 -1.00 1 1 1.7522 0.9794 0.000209
1285.00 C 20260807 -1.00 -1.00 1 1 1.4887 0.9910 0.000120
1290.00 C 20260807 -1.00 -1.00 -1 0 -1.0000 -1.0000 -1.000000
1295.00 C 20260807 -1.00 -1.00 1 2 2.5018 0.9210 0.000433
1300.00 C 20260807 -1.00 -1.00 -1 0 1.8854 0.9639 0.000309
1305.00 C 20260807 -1.00 -1.00 -1 0 2.3141 0.9299 0.000429
1310.00 C 20260807 -1.00 -1.00 5 5 1.7193 0.9732 0.000268
1315.00 C 20260807 -1.00 -1.00 -1 0 1.4430 0.9871 0.000168
1320.00 C 20260807 -1.00 -1.00 1 1 1.4229 0.9870 0.000173
1325.00 C 20260807 -1.00 -1.00 -1 0 2.2147 0.9257 0.000468
1330.00 C 20260807 -1.00 -1.00 -1 0 1.4967 0.9796 0.000242
1335.00 C 20260807 -1.00 -1.00 1 1 1.3872 0.9849 0.000201
1340.00 C 20260807 -1.00 -1.00 1 1 1.3754 0.9841 0.000211
1345.00 C 20260807 -1.00 -1.00 1 1 1.3232 0.9862 0.000195
1350.00 C 20260807 -1.00 -1.00 10 7 1.7291 0.9529 0.000419
1355.00 C 20260807 -1.00 -1.00 5 6 1.2919 0.9852 0.000211
1360.00 C 20260807 -1.00 -1.00 1 1 1.2482 0.9868 0.000198
1365.00 C 20260807 -1.00 -1.00 5 5 1.3492 0.9782 0.000284
1370.00 C 20260807 -1.00 -1.00 -1 0 1.5176 0.9615 0.000404
1375.00 C 20260807 -1.00 -1.00 1 1 1.3821 0.9731 0.000335
1380.00 C 20260807 -1.00 -1.00 1 1 1.9081 0.9165 0.000593
1385.00 C 20260807 -1.00 -1.00 -1 0 1.1596 0.9853 0.000235
1390.00 C 20260807 -1.00 -1.00 -1 0 1.2997 0.9735 0.000351
1395.00 C 20260807 -1.00 -1.00 1 1 1.1930 0.9792 0.000308
1400.00 C 20260807 -1.00 -1.00 1 6 1.1422 0.9813 0.000292
1405.00 C 20260807 -1.00 -1.00 1 9 1.1232 0.9811 0.000301
1410.00 C 20260807 -1.00 -1.00 1 2 1.0331 0.9871 0.000236
1415.00 C 20260807 -1.00 -1.00 -1 0 1.0775 0.9812 0.000312
1420.00 C 20260807 -1.00 -1.00 1 1 1.7314 0.9039 0.000728
1425.00 C 20260807 -1.00 -1.00 6 5 1.0637 0.9785 0.000355
1430.00 C 20260807 -1.00 -1.00 -1 0 1.6597 0.9035 0.000761
1435.00 C 20260807 -1.00 -1.00 1 6 1.0812 0.9733 0.000424
1440.00 C 20260807 -1.00 -1.00 2 3 1.0626 0.9729 0.000438
1445.00 C 20260807 -1.00 -1.00 -1 0 1.0441 0.9724 0.000452
1450.00 C 20260807 -1.00 -1.00 -1 0 1.0327 0.9707 0.000479
1455.00 C 20260807 -1.00 -1.00 1 0 1.5107 0.8991 0.000866
1460.00 C 20260807 -1.00 -1.00 -1 0 1.0220 0.9646 0.000560
1465.00 C 20260807 -1.00 -1.00 -1 0 1.1871 0.9389 0.000761
1470.00 C 20260807 -1.00 -1.00 -1 0 1.2010 0.9309 0.000821
1475.00 C 20260807 -1.00 -1.00 1 1 1.5154 0.8800 0.000990
1480.00 C 20260807 -1.00 -1.00 -1 0 0.9739 0.9563 0.000698
1485.00 C 20260807 -1.00 -1.00 -1 0 0.9571 0.9548 0.000730
1490.00 C 20260807 -1.00 -1.00 1 6 0.9712 0.9485 0.000802
1495.00 C 20260807 -1.00 -1.00 1 1 0.8855 0.9583 0.000738
1500.00 C 20260807 -1.00 -1.00 2 19 0.8920 0.9527 0.000813
1505.00 C 20260807 -1.00 -1.00 8 18 0.8908 0.9485 0.000875
1510.00 C 20260807 -1.00 -1.00 8 3 0.8629 0.9487 0.000900
1515.00 C 20260807 -1.00 -1.00 5 5 0.8961 0.9388 0.001008
1520.00 C 20260807 -1.00 -1.00 8 0 1.0319 0.9020 0.001238
1525.00 C 20260807 -1.00 -1.00 2 12 0.8101 0.9439 0.001034
1530.00 C 20260807 -1.00 -1.00 1 23 0.8465 0.9304 0.001173
1535.00 C 20260807 -1.00 -1.00 20 10 0.8123 0.9319 0.001203
1540.00 C 20260807 -1.00 -1.00 50 23 0.9313 0.8947 0.001449
1545.00 C 20260807 -1.00 -1.00 5 39 1.2420 0.8225 0.001550
1550.00 C 20260807 -1.00 -1.00 2 38 0.9196 0.8825 0.001600
1555.00 C 20260807 -1.00 -1.00 4 11 0.7288 0.9222 0.001475
1560.00 C 20260807 -1.00 -1.00 1 19 0.8901 0.8725 0.001756
1565.00 C 20260807 -1.00 -1.00 1 37 1.0577 0.8210 0.001830
1567.50 C 20260807 -1.00 -1.00 -1 0 0.8663 0.8625 0.001888
1570.00 C 20260807 -1.00 -1.00 4 8 0.9594 0.8324 0.001931
1572.50 C 20260807 -1.00 -1.00 -1 0 0.8029 0.8704 0.001966
1575.00 C 20260807 -1.00 -1.00 20 9 0.7720 0.8747 0.002006
1577.50 C 20260807 -1.00 -1.00 -1 0 0.7671 0.8699 0.002063
1580.00 C 20260807 -1.00 -1.00 2 17 0.7211 0.8782 0.002098
1582.50 C 20260807 -1.00 -1.00 1 0 0.7371 0.8673 0.002173
1585.00 C 20260807 -1.00 -1.00 4 6 0.7739 0.8482 0.002246
1587.50 C 20260807 -1.00 -1.00 4 0 0.7288 0.8567 0.002302
1590.00 C 20260807 -1.00 -1.00 1 5 0.7712 0.8362 0.002366
1592.50 C 20260807 -1.00 -1.00 3 1 0.7434 0.8383 0.002435
1595.00 C 20260807 -1.00 -1.00 8 4 0.7027 0.8450 0.002507
1597.50 C 20260807 -1.00 -1.00 5 6 0.7208 0.8319 0.002574
1600.00 C 20260807 -1.00 -1.00 2 42 0.9505 0.7677 0.002397
1605.00 C 20260807 -1.00 -1.00 3 9 0.7690 0.7980 0.002730
1610.00 C 20260807 -1.00 -1.00 1 15 0.7649 0.7860 0.002857
1615.00 C 20260807 -1.00 -1.00 28 13 0.7456 0.7765 0.003006
1620.00 C 20260807 -1.00 -1.00 1 7 0.8409 0.7349 0.002884
1625.00 C 20260807 -1.00 -1.00 4 8 0.7138 0.7508 0.003299
1630.00 C 20260807 -1.00 -1.00 1 71 0.7093 0.7340 0.003425
1635.00 C 20260807 -1.00 -1.00 29 18 0.8754 0.6831 0.003033
1640.00 C 20260807 -1.00 -1.00 1 34 0.7155 0.6963 0.003626
1645.00 C 20260807 -1.00 -1.00 2 16 0.7067 0.6800 0.003773
1650.00 C 20260807 -1.00 -1.00 1 64 1.0301 0.6204 0.002744
1655.00 C 20260807 -1.00 -1.00 1 46 0.7127 0.6409 0.003923
1660.00 C 20260807 -1.00 -1.00 2 59 0.6988 0.6224 0.004044
1665.00 C 20260807 -1.00 -1.00 3 72 0.6953 0.6019 0.004112
1670.00 C 20260807 -1.00 -1.00 6 24 0.8393 0.5713 0.003466
1675.00 C 20260807 -1.00 -1.00 2 55 0.6892 0.5603 0.004246
1680.00 C 20260807 -1.00 -1.00 1 73 0.8039 0.5370 0.003689
1685.00 C 20260807 -1.00 -1.00 2 9 0.7407 0.5183 0.004044
1690.00 C 20260807 -1.00 -1.00 11 25 0.6967 0.4972 0.004286
1695.00 C 20260807 -1.00 -1.00 2 16 0.6882 0.4759 0.004304
1700.00 C 20260807 -1.00 -1.00 11 459 0.6880 0.4549 0.004270
1705.00 C 20260807 -1.00 -1.00 9 25 0.6934 0.4346 0.004203
1710.00 C 20260807 -1.00 -1.00 21 36 0.7853 0.4266 0.003699
1715.00 C 20260807 -1.00 -1.00 14 26 0.7280 0.3991 0.003947
1720.00 C 20260807 -1.00 -1.00 4 79 0.7479 0.3831 0.003818
1725.00 C 20260807 -1.00 -1.00 10 58 0.6995 0.3546 0.003984
1730.00 C 20260807 -1.00 -1.00 10 74 0.6947 0.3355 0.003903
1735.00 C 20260807 -1.00 -1.00 1 47 0.7160 0.3231 0.003719
1740.00 C 20260807 -1.00 -1.00 4 305 0.7841 0.3230 0.003395
1745.00 C 20260807 -1.00 -1.00 3 61 0.7084 0.2857 0.003552
1750.00 C 20260807 -1.00 -1.00 73 184 0.7025 0.2661 0.003471
1755.00 C 20260807 -1.00 -1.00 4 82 0.7070 0.2499 0.003359
1760.00 C 20260807 -1.00 -1.00 6 84 0.7141 0.2359 0.003237
1765.00 C 20260807 -1.00 -1.00 3 13 0.7161 0.2231 0.003110
1767.50 C 20260807 -1.00 -1.00 7 24 0.7129 0.2155 0.003052
1770.00 C 20260807 -1.00 -1.00 9 46 0.7328 0.2153 0.002966
1772.50 C 20260807 -1.00 -1.00 2 21 0.7027 0.1987 0.002936
1775.00 C 20260807 -1.00 -1.00 6 51 0.7145 0.1961 0.002863
1780.00 C 20260807 -1.00 -1.00 7 78 0.7190 0.1845 0.002736
1785.00 C 20260807 -1.00 -1.00 2 23 0.7250 0.1735 0.002613
1790.00 C 20260807 -1.00 -1.00 22 39 0.7309 0.1627 0.002493
1792.50 C 20260807 -1.00 -1.00 1 21 0.7331 0.1572 0.002434
1795.00 C 20260807 -1.00 -1.00 2 32 0.7381 0.1527 0.002377
1797.50 C 20260807 -1.00 -1.00 5 30 0.7337 0.1444 0.002317
1800.00 C 20260807 -1.00 -1.00 23 314 0.7440 0.1423 0.002265
1802.50 C 20260807 -1.00 -1.00 4 10 0.7487 0.1385 0.002213
1805.00 C 20260807 -1.00 -1.00 1 84 0.7603 0.1375 0.002167
1807.50 C 20260807 -1.00 -1.00 4 12 0.7579 0.1327 0.002114
1810.00 C 20260807 -1.00 -1.00 23 142 0.7574 0.1285 0.002062
1812.50 C 20260807 -1.00 -1.00 2 2 0.8326 0.1465 0.002059
1815.00 C 20260807 -1.00 -1.00 3 13 0.7405 0.1151 0.001938
1820.00 C 20260807 -1.00 -1.00 3 52 0.8395 0.1349 0.001932
1825.00 C 20260807 -1.00 -1.00 65 27 0.7627 0.1054 0.001761
1830.00 C 20260807 -1.00 -1.00 8 96 0.7578 0.0956 0.001650
1835.00 C 20260807 -1.00 -1.00 3 23 0.7768 0.0937 0.001587
1840.00 C 20260807 -1.00 -1.00 3 87 0.7699 0.0833 0.001473
1845.00 C 20260807 -1.00 -1.00 4 74 0.7789 0.0783 0.001396
1850.00 C 20260807 -1.00 -1.00 2 598 0.7878 0.0735 0.001322
1855.00 C 20260807 -1.00 -1.00 2 105 0.7918 0.0694 0.001256
1860.00 C 20260807 -1.00 -1.00 9 33 0.7974 0.0661 0.001196
1865.00 C 20260807 -1.00 -1.00 3 10 0.8030 0.0628 0.001137
1870.00 C 20260807 -1.00 -1.00 10 56 0.8579 0.0696 0.001161
1875.00 C 20260807 -1.00 -1.00 48 53 0.8124 0.0560 0.001022
1880.00 C 20260807 -1.00 -1.00 9 22 0.8146 0.0521 0.000960
1885.00 C 20260807 -1.00 -1.00 9 12 0.8218 0.0493 0.000911
1890.00 C 20260807 -1.00 -1.00 7 80 0.8307 0.0470 0.000868
1895.00 C 20260807 -1.00 -1.00 7 16 0.8413 0.0452 0.000829
1900.00 C 20260807 -1.00 -1.00 6 222 0.8333 0.0391 0.000748
1905.00 C 20260807 -1.00 -1.00 1 5 0.8422 0.0369 0.000709
1910.00 C 20260807 -1.00 -1.00 3 46 0.8476 0.0340 0.000662
1915.00 C 20260807 -1.00 -1.00 16 77 0.8648 0.0339 0.000648
1920.00 C 20260807 -1.00 -1.00 9 71 0.8971 0.0372 0.000670
1925.00 C 20260807 -1.00 -1.00 2 14 0.8601 0.0290 0.000568
1930.00 C 20260807 -1.00 -1.00 1 15 0.8666 0.0278 0.000542
1935.00 C 20260807 -1.00 -1.00 2 3 0.8732 0.0265 0.000517
1940.00 C 20260807 -1.00 -1.00 5 16 0.8797 0.0254 0.000493
1945.00 C 20260807 -1.00 -1.00 1 37 0.8729 0.0225 0.000448
1950.00 C 20260807 -1.00 -1.00 2 98 0.8894 0.0226 0.000442
1955.00 C 20260807 -1.00 -1.00 2 13 0.8859 0.0202 0.000402
1960.00 C 20260807 -1.00 -1.00 10 57 0.8956 0.0195 0.000387
1965.00 C 20260807 -1.00 -1.00 1 52 0.9087 0.0193 0.000377
1970.00 C 20260807 -1.00 -1.00 10 85 0.9516 0.0227 0.000414
1975.00 C 20260807 -1.00 -1.00 2 5 0.9282 0.0180 0.000348
1980.00 C 20260807 -1.00 -1.00 40 63 0.9477 0.0186 0.000351
1985.00 C 20260807 -1.00 -1.00 12 16 0.9508 0.0171 0.000327
1990.00 C 20260807 -1.00 -1.00 3 94 0.9374 0.0135 0.000274
1995.00 C 20260807 -1.00 -1.00 1 14 0.9766 0.0167 0.000312
2000.00 C 20260807 -1.00 -1.00 11 315 1.0125 0.0193 0.000339
2010.00 C 20260807 -1.00 -1.00 1 31 0.9839 0.0130 0.000251
2020.00 C 20260807 -1.00 -1.00 4 43 1.0138 0.0131 0.000246
2030.00 C 20260807 -1.00 -1.00 1 23 1.0529 0.0140 0.000251
2040.00 C 20260807 -1.00 -1.00 6 9 1.0426 0.0118 0.000217
2050.00 C 20260807 -1.00 -1.00 2 48 0.9737 0.0063 0.000133
2060.00 C 20260807 -1.00 -1.00 5 23 1.0712 0.0106 0.000191
2070.00 C 20260807 -1.00 -1.00 1 13 1.5261 0.0538 0.000526
2080.00 C 20260807 -1.00 -1.00 2 8 1.0845 0.0086 0.000156
2090.00 C 20260807 -1.00 -1.00 -1 0 1.2037 0.0133 0.000210
2100.00 C 20260807 -1.00 -1.00 1 95 1.0752 0.0053 0.000104
2110.00 C 20260807 -1.00 -1.00 -1 0 1.2087 0.0111 0.000177
2120.00 C 20260807 -1.00 -1.00 80 160 1.1553 0.0072 0.000126
2130.00 C 20260807 -1.00 -1.00 -1 0 1.2509 0.0108 0.000167
2140.00 C 20260807 -1.00 -1.00 1 17 1.2867 0.0113 0.000169
1235.00 P 20260807 -1.00 -1.00 1 2 1.8852 -0.0161 0.000156
1240.00 P 20260807 -1.00 -1.00 3 14 1.8637 -0.0163 0.000159
1245.00 P 20260807 -1.00 -1.00 1 2 1.8423 -0.0164 0.000163
1250.00 P 20260807 -1.00 -1.00 3 47 1.8210 -0.0166 0.000166
1255.00 P 20260807 -1.00 -1.00 4 9 1.7997 -0.0168 0.000170
1260.00 P 20260807 -1.00 -1.00 5 4 1.7786 -0.0170 0.000173
1265.00 P 20260807 -1.00 -1.00 1 2 1.7575 -0.0172 0.000177
1270.00 P 20260807 -1.00 -1.00 2 2 1.7365 -0.0174 0.000181
1275.00 P 20260807 -1.00 -1.00 1 2 1.5468 -0.0093 0.000120
1280.00 P 20260807 -1.00 -1.00 1 17 1.4897 -0.0084 0.000112
1285.00 P 20260807 -1.00 -1.00 1 82 1.6741 -0.0180 0.000194
1290.00 P 20260807 -1.00 -1.00 1 12 1.6535 -0.0182 0.000198
1295.00 P 20260807 -1.00 -1.00 9 16 1.6329 -0.0184 0.000203
1300.00 P 20260807 -1.00 -1.00 26 195 1.1892 -0.0024 0.000046
1305.00 P 20260807 -1.00 -1.00 1 2 1.2746 -0.0047 0.000079
1310.00 P 20260807 -1.00 -1.00 1 4 1.4610 -0.0126 0.000163
1315.00 P 20260807 -1.00 -1.00 1 54 1.2681 -0.0059 0.000096
1320.00 P 20260807 -1.00 -1.00 1 11 1.2601 -0.0063 0.000103
1325.00 P 20260807 -1.00 -1.00 10 28 1.4745 -0.0177 0.000216
1330.00 P 20260807 -1.00 -1.00 1 10 1.2156 -0.0061 0.000104
1335.00 P 20260807 -1.00 -1.00 4 3 1.5240 -0.0233 0.000268
1340.00 P 20260807 -1.00 -1.00 4 11 1.1431 -0.0048 0.000089
1345.00 P 20260807 -1.00 -1.00 21 22 1.1637 -0.0064 0.000113
1350.00 P 20260807 -1.00 -1.00 23 87 1.1277 -0.0057 0.000105
1355.00 P 20260807 -1.00 -1.00 1 15 1.1012 -0.0054 0.000102
1360.00 P 20260807 -1.00 -1.00 13 169 1.0843 -0.0055 0.000105
1365.00 P 20260807 -1.00 -1.00 3 34 1.1143 -0.0076 0.000137
1370.00 P 20260807 -1.00 -1.00 2 46 1.1254 -0.0088 0.000155
1375.00 P 20260807 -1.00 -1.00 63 96 1.0804 -0.0078 0.000145
1380.00 P 20260807 -1.00 -1.00 14 126 1.0450 -0.0071 0.000138
1385.00 P 20260807 -1.00 -1.00 14 31 1.0562 -0.0084 0.000159
1390.00 P 20260807 -1.00 -1.00 4 51 1.0859 -0.0105 0.000189
1395.00 P 20260807 -1.00 -1.00 1 23 1.0748 -0.0110 0.000200
1400.00 P 20260807 -1.00 -1.00 20 268 0.9692 -0.0071 0.000149
1405.00 P 20260807 -1.00 -1.00 2 17 1.0572 -0.0132 0.000235
1410.00 P 20260807 -1.00 -1.00 2 35 1.0545 -0.0149 0.000261
1415.00 P 20260807 -1.00 -1.00 3 34 1.0280 -0.0144 0.000260
1420.00 P 20260807 -1.00 -1.00 3 22 0.9405 -0.0094 0.000198
1425.00 P 20260807 -1.00 -1.00 12 48 1.0068 -0.0164 0.000296
1430.00 P 20260807 -1.00 -1.00 1548 210 0.9452 -0.0123 0.000249
1435.00 P 20260807 -1.00 -1.00 6 12 0.9897 -0.0188 0.000340
1440.00 P 20260807 -1.00 -1.00 135 116 0.9206 -0.0140 0.000284
1445.00 P 20260807 -1.00 -1.00 13 162 0.9102 -0.0151 0.000306
1450.00 P 20260807 -1.00 -1.00 35 251 0.8843 -0.0145 0.000305
1455.00 P 20260807 -1.00 -1.00 2 54 0.8858 -0.0169 0.000347
1460.00 P 20260807 -1.00 -1.00 5 98 0.8601 -0.0164 0.000347
1465.00 P 20260807 -1.00 -1.00 3 44 0.8305 -0.0154 0.000340
1470.00 P 20260807 -1.00 -1.00 30 52 0.8321 -0.0179 0.000388
1475.00 P 20260807 -1.00 -1.00 30 59 0.8181 -0.0187 0.000410
1480.00 P 20260807 -1.00 -1.00 17 229 0.8313 -0.0226 0.000476
1485.00 P 20260807 -1.00 -1.00 36 154 0.8367 -0.0256 0.000528
1490.00 P 20260807 -1.00 -1.00 22 134 0.8267 -0.0270 0.000560
1495.00 P 20260807 -1.00 -1.00 3 134 0.7937 -0.0258 0.000561
1500.00 P 20260807 -1.00 -1.00 46 356 0.8005 -0.0298 0.000628
1505.00 P 20260807 -1.00 -1.00 2 115 0.8014 -0.0349 0.000708
1510.00 P 20260807 -1.00 -1.00 28 85 0.8005 -0.0396 0.000784
1515.00 P 20260807 -1.00 -1.00 23 143 0.7862 -0.0417 0.000832
1520.00 P 20260807 -1.00 -1.00 2 48 0.7739 -0.0442 0.000887
1525.00 P 20260807 -1.00 -1.00 5 34 0.7731 -0.0491 0.000969
1530.00 P 20260807 -1.00 -1.00 17 67 0.7779 -0.0551 0.001061
1535.00 P 20260807 -1.00 -1.00 1 18 0.7789 -0.0603 0.001145
1540.00 P 20260807 -1.00 -1.00 17 105 0.7744 -0.0652 0.001227
1545.00 P 20260807 -1.00 -1.00 6 33 0.7558 -0.0682 0.001297
1550.00 P 20260807 -1.00 -1.00 72 369 0.7569 -0.0774 0.001416
1555.00 P 20260807 -1.00 -1.00 10 76 0.7492 -0.0840 0.001518
1560.00 P 20260807 -1.00 -1.00 11 158 0.7416 -0.0908 0.001625
1565.00 P 20260807 -1.00 -1.00 1 43 0.7362 -0.0983 0.001738
1567.50 P 20260807 -1.00 -1.00 1 4 0.7313 -0.1015 0.001793
1570.00 P 20260807 -1.00 -1.00 3 68 0.7329 -0.1065 0.001857
1572.50 P 20260807 -1.00 -1.00 1 2 0.7324 -0.1110 0.001919
1575.00 P 20260807 -1.00 -1.00 13 131 0.6994 -0.1065 0.001946
1577.50 P 20260807 -1.00 -1.00 1 31 0.7335 -0.1204 0.002044
1580.00 P 20260807 -1.00 -1.00 5 70 0.7383 -0.1264 0.002109
1582.50 P 20260807 -1.00 -1.00 13 12 0.7320 -0.1309 0.002171
1585.00 P 20260807 -1.00 -1.00 9 345 0.7113 -0.1301 0.002226
1587.50 P 20260807 -1.00 -1.00 7 28 0.7222 -0.1410 0.002302
1590.00 P 20260807 -1.00 -1.00 16 38 0.7231 -0.1482 0.002370
1592.50 P 20260807 -1.00 -1.00 1 6 0.7254 -0.1559 0.002438
1595.00 P 20260807 -1.00 -1.00 2 94 0.7163 -0.1597 0.002508
1597.50 P 20260807 -1.00 -1.00 4 6 0.7229 -0.1688 0.002575
1600.00 P 20260807 -1.00 -1.00 30 193 0.7066 -0.1705 0.002651
1605.00 P 20260807 -1.00 -1.00 1 24 0.7184 -0.1881 0.002784
1610.00 P 20260807 -1.00 -1.00 6 75 0.7173 -0.2017 0.002924
1615.00 P 20260807 -1.00 -1.00 6 27 0.7219 -0.2167 0.003055
1620.00 P 20260807 -1.00 -1.00 5 29 0.7134 -0.2311 0.003191
1625.00 P 20260807 -1.00 -1.00 5 85 0.6829 -0.2398 0.003390
1630.00 P 20260807 -1.00 -1.00 2 35 0.7034 -0.2645 0.003445
1635.00 P 20260807 -1.00 -1.00 18 20 0.7055 -0.2833 0.003553
1640.00 P 20260807 -1.00 -1.00 22 38 0.6903 -0.2981 0.003725
1645.00 P 20260807 -1.00 -1.00 19 29 0.7031 -0.3194 0.003790
1650.00 P 20260807 -1.00 -1.00 4 195 0.7095 -0.3388 0.003877
1655.00 P 20260807 -1.00 -1.00 5 20 0.7010 -0.3573 0.003987
1660.00 P 20260807 -1.00 -1.00 2 20 0.6975 -0.3776 0.004054
1665.00 P 20260807 -1.00 -1.00 6 11 0.6481 -0.3925 0.004401
1670.00 P 20260807 -1.00 -1.00 8 90 0.6130 -0.4113 0.004703
1675.00 P 20260807 -1.00 -1.00 5 88 0.6944 -0.4402 0.004218
1680.00 P 20260807 -1.00 -1.00 4 350 0.5979 -0.4583 0.004947
1685.00 P 20260807 -1.00 -1.00 1 182 0.7042 -0.4822 0.004257
1690.00 P 20260807 -1.00 -1.00 21 26 0.6434 -0.5051 0.004643
1695.00 P 20260807 -1.00 -1.00 27 10 0.6507 -0.5271 0.004552
1700.00 P 20260807 -1.00 -1.00 20 172 0.6867 -0.5456 0.004282
1705.00 P 20260807 -1.00 -1.00 2 13 0.6514 -0.5714 0.004468
1710.00 P 20260807 -1.00 -1.00 4 29 0.6956 -0.5863 0.004160
1715.00 P 20260807 -1.00 -1.00 2 19 0.6530 -0.6155 0.004379
1720.00 P 20260807 -1.00 -1.00 4 31 0.7025 -0.6264 0.004053
1725.00 P 20260807 -1.00 -1.00 2 185 0.5648 -0.6812 0.004697
1730.00 P 20260807 -1.00 -1.00 1 25 0.6909 -0.6659 0.003924
1735.00 P 20260807 -1.00 -1.00 35 19 0.6861 -0.6853 0.003840
1740.00 P 20260807 -1.00 -1.00 2 37 0.6396 -0.7187 0.003915
1745.00 P 20260807 -1.00 -1.00 25 4 0.6932 -0.7196 0.003607
1750.00 P 20260807 -1.00 -1.00 1 84 0.6665 -0.7475 0.003588
1755.00 P 20260807 -1.00 -1.00 21 159 0.7033 -0.7521 0.003375
1760.00 P 20260807 -1.00 -1.00 1 5 0.7062 -0.7671 0.003256
1765.00 P 20260807 -1.00 -1.00 1 19 0.4851 -0.8759 0.003175
1767.50 P 20260807 -1.00 -1.00 1 4 0.6901 -0.7927 0.003085
1770.00 P 20260807 -1.00 -1.00 2 11 0.7019 -0.7955 0.003006
1772.50 P 20260807 -1.00 -1.00 6 6 0.7029 -0.8019 0.002941
1775.00 P 20260807 -1.00 -1.00 1 10 0.6215 -0.8418 0.002899
1780.00 P 20260807 -1.00 -1.00 2 27 0.7071 -0.8206 0.002747
1785.00 P 20260807 -1.00 -1.00 2 24 0.6847 -0.8432 0.002617
1790.00 P 20260807 -1.00 -1.00 5 36 0.7000 -0.8505 0.002490
1792.50 P 20260807 -1.00 -1.00 -1 0 0.6796 -0.8648 0.002410
1795.00 P 20260807 -1.00 -1.00 2 11 0.7098 -0.8598 0.002367
1797.50 P 20260807 -1.00 -1.00 1 2 0.7525 -0.8487 0.002332
1800.00 P 20260807 -1.00 -1.00 3 168 0.6844 -0.8771 0.002223
1802.50 P 20260807 -1.00 -1.00 -1 0 0.7423 -0.8640 0.002214
1805.00 P 20260807 -1.00 -1.00 2 6 0.5691 -0.9317 0.001764
1807.50 P 20260807 -1.00 -1.00 1 0 0.7414 -0.8728 0.002106
1810.00 P 20260807 -1.00 -1.00 3 1 0.7389 -0.8777 0.002050
1812.50 P 20260807 -1.00 -1.00 -1 0 0.7325 -0.8840 0.001988
1815.00 P 20260807 -1.00 -1.00 4 4 0.5496 -0.9509 0.001406
1820.00 P 20260807 -1.00 -1.00 4 5 0.7491 -0.8914 0.001849
1825.00 P 20260807 -1.00 -1.00 1 7 0.6940 -0.9195 0.001618
1830.00 P 20260807 -1.00 -1.00 4 43 0.7592 -0.9048 0.001659
1835.00 P 20260807 -1.00 -1.00 5 1 0.6182 -0.9543 0.001177
1840.00 P 20260807 -1.00 -1.00 2 8 0.7712 -0.9172 0.001483
1845.00 P 20260807 -1.00 -1.00 2 2 -1.0000 -1.0000 -1.000000
1850.00 P 20260807 -1.00 -1.00 2 1 0.7564 -0.9345 0.001274
1855.00 P 20260807 -1.00 -1.00 1 2 0.6860 -0.9570 0.001010
1860.00 P 20260807 -1.00 -1.00 30 30 0.7813 -0.9383 0.001173
1865.00 P 20260807 -1.00 -1.00 14 13 0.7972 -0.9394 0.001133
1870.00 P 20260807 -1.00 -1.00 -1 0 0.7925 -0.9450 0.001054
1875.00 P 20260807 -1.00 -1.00 1 3 0.7739 -0.9539 0.000940
1880.00 P 20260807 -1.00 -1.00 -1 0 -1.0000 -1.0000 -1.000000
1885.00 P 20260807 -1.00 -1.00 2 1 0.7985 -0.9571 0.000862
1890.00 P 20260807 -1.00 -1.00 2 3 0.8280 -0.9546 0.000867
1895.00 P 20260807 -1.00 -1.00 -1 0 0.8368 -0.9569 0.000825
1900.00 P 20260807 -1.00 -1.00 1 1 0.7977 -0.9694 0.000671
1905.00 P 20260807 -1.00 -1.00 -1 0 0.8438 -0.9638 0.000719
1910.00 P 20260807 -1.00 -1.00 1 1 -1.0000 -1.0000 -1.000000
1915.00 P 20260807 -1.00 -1.00 -1 0 0.7249 -0.9875 0.000375
1920.00 P 20260807 -1.00 -1.00 1 1 0.8867 -0.9661 0.000651
1925.00 P 20260807 -1.00 -1.00 -1 0 -1.0000 -1.0000 -1.000000
1930.00 P 20260807 -1.00 -1.00 -1 0 0.8505 -0.9754 0.000523
1935.00 P 20260807 -1.00 -1.00 -1 0 0.8707 -0.9749 0.000520
1940.00 P 20260807 -1.00 -1.00 1 1 0.9181 -0.9710 0.000553
1945.00 P 20260807 -1.00 -1.00 5 5 0.9245 -0.9722 0.000531
1950.00 P 20260807 -1.00 -1.00 2 13 0.9376 -0.9725 0.000517
1955.00 P 20260807 -1.00 -1.00 -1 0 -1.0000 -1.0000 -1.000000
1960.00 P 20260807 -1.00 -1.00 -1 0 -1.0000 -1.0000 -1.000000
1965.00 P 20260807 -1.00 -1.00 -1 0 0.8871 -0.9848 0.000344
1970.00 P 20260807 -1.00 -1.00 -1 0 0.8597 -0.9892 0.000277
1975.00 P 20260807 -1.00 -1.00 -1 0 0.9825 -0.9765 0.000434
1980.00 P 20260807 -1.00 -1.00 2 1 -1.0000 -1.0000 -1.000000
1985.00 P 20260807 -1.00 -1.00 1 1 -1.0000 -1.0000 -1.000000
1990.00 P 20260807 -1.00 -1.00 -1 0 -1.0000 -1.0000 -1.000000
1995.00 P 20260807 -1.00 -1.00 -1 0 0.9496 -0.9878 0.000273
2000.00 P 20260807 -1.00 -1.00 -1 0 0.9446 -0.9889 0.000255
2010.00 P 20260807 -1.00 -1.00 -1 0 1.0793 -0.9775 0.000380
2020.00 P 20260807 -1.00 -1.00 4 0 1.0501 -0.9841 0.000298
2030.00 P 20260807 -1.00 -1.00 1 0 1.0120 -0.9896 0.000225
2040.00 P 20260807 -1.00 -1.00 -1 0 -1.0000 -1.0000 -1.000000
2050.00 P 20260807 -1.00 -1.00 -1 0 0.9699 -0.9953 0.000137
2060.00 P 20260807 -1.00 -1.00 -1 0 -1.0000 -1.0000 -1.000000
2070.00 P 20260807 -1.00 -1.00 -1 0 1.1895 -0.9840 0.000262
2080.00 P 20260807 -1.00 -1.00 -1 0 1.2347 -0.9822 0.000274
2090.00 P 20260807 -1.00 -1.00 9 0 -1.0000 -1.0000 -1.000000
2100.00 P 20260807 -1.00 -1.00 -1 0 -1.0000 -1.0000 -1.000000
2110.00 P 20260807 -1.00 -1.00 1 0 1.2808 -0.9857 0.000223
2120.00 P 20260807 -1.00 -1.00 2 0 -1.0000 -1.0000 -1.000000
2130.00 P 20260807 -1.00 -1.00 -1 0 1.3565 -0.9835 0.000234
2140.00 P 20260807 -1.00 -1.00 4 0 1.3294 -0.9877 0.000191
1235.00 C 20260814 -1.00 -1.00 -1 0 0.9212 0.9865 0.000137
1240.00 C 20260814 -1.00 -1.00 2 2 1.0256 0.9765 0.000201
1245.00 C 20260814 -1.00 -1.00 1 2 1.1065 0.9651 0.000257
1250.00 C 20260814 -1.00 -1.00 2 2 0.9774 0.9781 0.000198
1255.00 C 20260814 -1.00 -1.00 2 2 1.1620 0.9547 0.000304
1260.00 C 20260814 -1.00 -1.00 -1 0 1.3636 0.9264 0.000379
1265.00 C 20260814 -1.00 -1.00 -1 0 0.8974 0.9817 0.000184
1270.00 C 20260814 -1.00 -1.00 1 1 0.8610 0.9840 0.000170
1275.00 C 20260814 -1.00 -1.00 -1 0 0.9744 0.9713 0.000250
1280.00 C 20260814 -1.00 -1.00 -1 0 0.8814 0.9795 0.000206
1285.00 C 20260814 -1.00 -1.00 -1 0 0.8369 0.9827 0.000187
1290.00 C 20260814 -1.00 -1.00 -1 0 0.9295 0.9718 0.000259
1295.00 C 20260814 -1.00 -1.00 1 1 1.1475 0.9396 0.000390
1300.00 C 20260814 -1.00 -1.00 -1 0 0.8883 0.9741 0.000254
1305.00 C 20260814 -1.00 -1.00 1 1 1.2360 0.9190 0.000450
1310.00 C 20260814 -1.00 -1.00 -1 0 1.2253 0.9176 0.000460
1315.00 C 20260814 -1.00 -1.00 -1 0 0.8986 0.9653 0.000315
1320.00 C 20260814 -1.00 -1.00 -1 0 0.8122 0.9762 0.000257
1325.00 C 20260814 -1.00 -1.00 1 1 1.1290 0.9237 0.000471
1330.00 C 20260814 -1.00 -1.00 -1 0 0.8589 0.9649 0.000333
1335.00 C 20260814 -1.00 -1.00 -1 0 0.9522 0.9481 0.000416
1340.00 C 20260814 -1.00 -1.00 -1 0 0.8149 0.9678 0.000327
1345.00 C 20260814 -1.00 -1.00 -1 0 0.7827 0.9715 0.000310
1350.00 C 20260814 -1.00 -1.00 -1 0 0.8142 0.9628 0.000368
1355.00 C 20260814 -1.00 -1.00 1 1 0.7678 0.9691 0.000336
1360.00 C 20260814 -1.00 -1.00 -1 0 0.7788 0.9643 0.000372
1365.00 C 20260814 -1.00 -1.00 -1 0 0.9105 0.9395 0.000494
1370.00 C 20260814 -1.00 -1.00 -1 0 0.9876 0.9190 0.000563
1375.00 C 20260814 -1.00 -1.00 -1 0 0.7831 0.9555 0.000443
1380.00 C 20260814 -1.00 -1.00 -1 0 0.8647 0.9387 0.000525
1385.00 C 20260814 -1.00 -1.00 -1 0 0.7806 0.9507 0.000485
1390.00 C 20260814 -1.00 -1.00 -1 0 0.8197 0.9416 0.000535
1395.00 C 20260814 -1.00 -1.00 -1 0 0.7660 0.9480 0.000518
1400.00 C 20260814 -1.00 -1.00 -1 0 0.7325 0.9514 0.000510
1405.00 C 20260814 -1.00 -1.00 -1 0 0.9953 0.8923 0.000698
1410.00 C 20260814 -1.00 -1.00 -1 0 0.7442 0.9437 0.000570
1415.00 C 20260814 -1.00 -1.00 -1 0 0.8289 0.9185 0.000674
1420.00 C 20260814 -1.00 -1.00 -1 0 1.1684 0.8449 0.000759
1425.00 C 20260814 -1.00 -1.00 2 2 0.7374 0.9342 0.000649
1430.00 C 20260814 -1.00 -1.00 2 1 1.1338 0.8417 0.000793
1435.00 C 20260814 -1.00 -1.00 -1 0 0.7361 0.9251 0.000713
1440.00 C 20260814 -1.00 -1.00 2 2 0.8918 0.8845 0.000824
1445.00 C 20260814 -1.00 -1.00 -1 0 0.6890 0.9296 0.000729
1450.00 C 20260814 -1.00 -1.00 1 1 0.6959 0.9224 0.000774
1455.00 C 20260814 -1.00 -1.00 1 1 0.6890 0.9195 0.000804
1460.00 C 20260814 -1.00 -1.00 3 2 0.8929 0.8616 0.000922
1465.00 C 20260814 -1.00 -1.00 -1 0 0.6890 0.9094 0.000879
1470.00 C 20260814 -1.00 -1.00 -1 0 0.6993 0.9015 0.000923
1475.00 C 20260814 -1.00 -1.00 -1 0 0.8440 0.8566 0.000998
1480.00 C 20260814 -1.00 -1.00 -1 0 0.6518 0.9050 0.000964
1485.00 C 20260814 -1.00 -1.00 -1 0 0.6609 0.8970 0.001012
1490.00 C 20260814 -1.00 -1.00 1 1 0.8069 0.8480 0.001084
1495.00 C 20260814 -1.00 -1.00 -1 0 0.6903 0.8784 0.001104
1500.00 C 20260814 -1.00 -1.00 -1 0 0.6892 0.8714 0.001143
1505.00 C 20260814 -1.00 -1.00 2 1 0.6552 0.8766 0.001173
1510.00 C 20260814 -1.00 -1.00 1 1 0.6654 0.8650 0.001220
1515.00 C 20260814 -1.00 -1.00 -1 0 0.6651 0.8575 0.001263
1520.00 C 20260814 -1.00 -1.00 1 1 0.6388 0.8593 0.001304
1525.00 C 20260814 -1.00 -1.00 -1 0 0.6585 0.8444 0.001349
1530.00 C 20260814 -1.00 -1.00 -1 0 0.6427 0.8420 0.001396
1535.00 C 20260814 -1.00 -1.00 1 1 0.6395 0.8352 0.001443
1540.00 C 20260814 -1.00 -1.00 -1 0 0.6533 0.8228 0.001483
1545.00 C 20260814 -1.00 -1.00 8 4 0.6971 0.8026 0.001498
1550.00 C 20260814 -1.00 -1.00 18 8 0.6042 0.8228 0.001603
1555.00 C 20260814 -1.00 -1.00 1 1 0.6422 0.8026 0.001625
1560.00 C 20260814 -1.00 -1.00 1 3 0.6703 0.7867 0.001641
1565.00 C 20260814 -1.00 -1.00 -1 0 0.6558 0.7817 0.001696
1567.50 C 20260814 -1.00 -1.00 -1 0 0.6400 0.7821 0.001737
1570.00 C 20260814 -1.00 -1.00 2 2 0.6470 0.7746 0.001744
1572.50 C 20260814 -1.00 -1.00 -1 0 0.6551 0.7670 0.001750
1575.00 C 20260814 -1.00 -1.00 18 23 0.6610 0.7602 0.001758
1577.50 C 20260814 -1.00 -1.00 10 10 0.6535 0.7574 0.001788
1580.00 C 20260814 -1.00 -1.00 2 20 0.6310 0.7593 0.001845
1582.50 C 20260814 -1.00 -1.00 -1 0 0.6297 0.7545 0.001866
1585.00 C 20260814 -1.00 -1.00 2 2 0.6639 0.7396 0.001822
1587.50 C 20260814 -1.00 -1.00 -1 0 0.6509 0.7381 0.001864
1590.00 C 20260814 -1.00 -1.00 1 1 0.6412 0.7357 0.001901
1592.50 C 20260814 -1.00 -1.00 5 11 0.7107 0.7140 0.001786
1595.00 C 20260814 -1.00 -1.00 19 10 0.6374 0.7265 0.001945
1597.50 C 20260814 -1.00 -1.00 -1 0 0.6306 0.7231 0.001979
1600.00 C 20260814 -1.00 -1.00 3 158 0.6238 0.7197 0.002013
1605.00 C 20260814 -1.00 -1.00 1 7 0.7098 0.6911 0.001863
1610.00 C 20260814 -1.00 -1.00 10 11 0.6311 0.6970 0.002072
1615.00 C 20260814 -1.00 -1.00 6 6 0.7053 0.6733 0.001934
1620.00 C 20260814 -1.00 -1.00 1 30 0.6177 0.6789 0.002185
1625.00 C 20260814 -1.00 -1.00 12 11 0.6255 0.6669 0.002202
1630.00 C 20260814 -1.00 -1.00 2 20 0.6247 0.6555 0.002225
1635.00 C 20260814 -1.00 -1.00 1 10 0.6206 0.6444 0.002256
1640.00 C 20260814 -1.00 -1.00 3 33 0.6171 0.6331 0.002286
1645.00 C 20260814 -1.00 -1.00 2 4 0.6819 0.6136 0.002094
1650.00 C 20260814 -1.00 -1.00 3 56 0.6100 0.6100 0.002347
1655.00 C 20260814 -1.00 -1.00 1 17 0.6112 0.5978 0.002360
1660.00 C 20260814 -1.00 -1.00 7 46 0.6752 0.5816 0.002159
1665.00 C 20260814 -1.00 -1.00 2 14 0.6084 0.5739 0.002407
1670.00 C 20260814 -1.00 -1.00 8 15 0.6708 0.5599 0.002203
1675.00 C 20260814 -1.00 -1.00 3 13 0.6131 0.5496 0.002424
1680.00 C 20260814 -1.00 -1.00 2 29 0.6148 0.5376 0.002436
1685.00 C 20260814 -1.00 -1.00 2 19 0.6619 0.5267 0.002278
1690.00 C 20260814 -1.00 -1.00 6 21 0.6155 0.5138 0.002448
1695.00 C 20260814 -1.00 -1.00 12 18 0.6524 0.5042 0.002302
1700.00 C 20260814 -1.00 -1.00 10 45 0.6104 0.4899 0.002450
1705.00 C 20260814 -1.00 -1.00 2 18 0.6235 0.4793 0.002390
1710.00 C 20260814 -1.00 -1.00 4 14 0.6040 0.4654 0.002456
1715.00 C 20260814 -1.00 -1.00 2 19 0.6032 0.4532 0.002449
1720.00 C 20260814 -1.00 -1.00 1 60 0.6046 0.4414 0.002434
1725.00 C 20260814 -1.00 -1.00 13 35 0.6052 0.4296 0.002422
1730.00 C 20260814 -1.00 -1.00 2 97 0.6057 0.4177 0.002410
1735.00 C 20260814 -1.00 -1.00 46 43 0.6440 0.4137 0.002265
1740.00 C 20260814 -1.00 -1.00 3 22 0.6095 0.3946 0.002377
1745.00 C 20260814 -1.00 -1.00 6 20 0.6601 0.3949 0.002196
1750.00 C 20260814 -1.00 -1.00 16 43 0.6219 0.3746 0.002309
1755.00 C 20260814 -1.00 -1.00 1 27 0.6103 0.3616 0.002313
1760.00 C 20260814 -1.00 -1.00 1 25 0.6097 0.3512 0.002283
1765.00 C 20260814 -1.00 -1.00 6 10 0.6195 0.3438 0.002224
1767.50 C 20260814 -1.00 -1.00 3 9 0.6439 0.3457 0.002145
1770.00 C 20260814 -1.00 -1.00 7 16 0.6064 0.3297 0.002229
1772.50 C 20260814 -1.00 -1.00 6 4 0.6048 0.3240 0.002217
1775.00 C 20260814 -1.00 -1.00 3 15 0.6047 0.3188 0.002201
1780.00 C 20260814 -1.00 -1.00 1 146 0.6062 0.3090 0.002165
1785.00 C 20260814 -1.00 -1.00 3 13 0.6061 0.2986 0.002133
1790.00 C 20260814 -1.00 -1.00 7 30 0.6060 0.2883 0.002101
1792.50 C 20260814 -1.00 -1.00 5 12 0.6214 0.2891 0.002052
1795.00 C 20260814 -1.00 -1.00 11 35 0.6100 0.2796 0.002060
1797.50 C 20260814 -1.00 -1.00 41 42 0.6466 0.2886 0.001970
1800.00 C 20260814 -1.00 -1.00 1 108 0.6403 0.2814 0.001969
1805.00 C 20260814 -1.00 -1.00 1 6 0.6402 0.2716 0.001940
1810.00 C 20260814 -1.00 -1.00 4 25 0.6267 0.2562 0.001936
1815.00 C 20260814 -1.00 -1.00 2 24 0.6466 0.2548 0.001872
1820.00 C 20260814 -1.00 -1.00 30 78 0.6146 0.2345 0.001879
1825.00 C 20260814 -1.00 -1.00 2 25 0.6421 0.2369 0.001811
1830.00 C 20260814 -1.00 -1.00 5 13 0.6213 0.2218 0.001792
1835.00 C 20260814 -1.00 -1.00 1 18 0.6186 0.2132 0.001754
1840.00 C 20260814 -1.00 -1.00 2 76 0.6113 0.2025 0.001718
1845.00 C 20260814 -1.00 -1.00 1 16 0.6080 0.1933 0.001678
1850.00 C 20260814 -1.00 -1.00 22 78 0.6106 0.1868 0.001635
1855.00 C 20260814 -1.00 -1.00 1 22 0.6338 0.1895 0.001589
1860.00 C 20260814 -1.00 -1.00 6 27 0.6196 0.1753 0.001551
1865.00 C 20260814 -1.00 -1.00 13 19 0.6407 0.1775 0.001511
1870.00 C 20260814 -1.00 -1.00 3 35 0.6156 0.1582 0.001470
1875.00 C 20260814 -1.00 -1.00 7 17 0.6254 0.1555 0.001433
1880.00 C 20260814 -1.00 -1.00 4 15 0.6287 0.1496 0.001395
1885.00 C 20260814 -1.00 -1.00 1 15 0.6444 0.1501 0.001363
1890.00 C 20260814 -1.00 -1.00 30 9 0.6456 0.1441 0.001327
1895.00 C 20260814 -1.00 -1.00 5 23 0.6272 0.1328 0.001283
1900.00 C 20260814 -1.00 -1.00 1 82 0.6284 0.1284 0.001247
1905.00 C 20260814 -1.00 -1.00 2 8 0.6180 0.1194 0.001201
1910.00 C 20260814 -1.00 -1.00 9 24 0.6329 0.1203 0.001178
1915.00 C 20260814 -1.00 -1.00 2 10 0.6273 0.1132 0.001136
1920.00 C 20260814 -1.00 -1.00 10 10 0.6247 0.1072 0.001096
1925.00 C 20260814 -1.00 -1.00 -1 0 0.6396 0.1083 0.001079
1930.00 C 20260814 -1.00 -1.00 6 3 0.6330 0.1008 0.001034
1935.00 C 20260814 -1.00 -1.00 1 2 0.6342 0.0965 0.001000
1940.00 C 20260814 -1.00 -1.00 4 3 0.6384 0.0934 0.000971
1945.00 C 20260814 -1.00 -1.00 1 12 0.6406 0.0895 0.000939
1950.00 C 20260814 -1.00 -1.00 1 9 0.6428 0.0856 0.000908
1955.00 C 20260814 -1.00 -1.00 1 15 0.6459 0.0822 0.000879
1960.00 C 20260814 -1.00 -1.00 18 19 0.6462 0.0775 0.000845
1965.00 C 20260814 -1.00 -1.00 17 31 0.6528 0.0759 0.000825
1970.00 C 20260814 -1.00 -1.00 1 7 0.6503 0.0726 0.000797
1975.00 C 20260814 -1.00 -1.00 -1 0 0.6429 0.0678 0.000761
1980.00 C 20260814 -1.00 -1.00 10 20 0.6470 0.0663 0.000742
1985.00 C 20260814 -1.00 -1.00 1 1 0.6495 0.0642 0.000720
1990.00 C 20260814 -1.00 -1.00 10 15 0.6519 0.0622 0.000698
1995.00 C 20260814 -1.00 -1.00 13 18 0.6445 0.0574 0.000661
2000.00 C 20260814 -1.00 -1.00 1 76 0.6470 0.0554 0.000640
2010.00 C 20260814 -1.00 -1.00 17 36 0.6634 0.0548 0.000619
2020.00 C 20260814 -1.00 -1.00 13 8 0.6559 0.0473 0.000556
2030.00 C 20260814 -1.00 -1.00 5 4 0.6706 0.0465 0.000536
2040.00 C 20260814 -1.00 -1.00 19 10 0.6681 0.0405 0.000484
2050.00 C 20260814 -1.00 -1.00 1 25 0.6818 0.0395 0.000466
2060.00 C 20260814 -1.00 -1.00 1 8 0.6857 0.0357 0.000429
2070.00 C 20260814 -1.00 -1.00 9 9 0.6802 0.0320 0.000394
2080.00 C 20260814 -1.00 -1.00 1 2 0.6812 0.0297 0.000367
2090.00 C 20260814 -1.00 -1.00 1 1 0.6854 0.0279 0.000345
2100.00 C 20260814 -1.00 -1.00 6 37 0.6944 0.0269 0.000331
2110.00 C 20260814 -1.00 -1.00 2 23 0.7050 0.0262 0.000318
2120.00 C 20260814 -1.00 -1.00 10 11 0.7059 0.0240 0.000294
2130.00 C 20260814 -1.00 -1.00 2 0 0.7005 0.0206 0.000261
2140.00 C 20260814 -1.00 -1.00 1 20 0.7125 0.0203 0.000253
1235.00 P 20260814 -1.00 -1.00 1 4 0.8761 -0.0094 0.000108
1240.00 P 20260814 -1.00 -1.00 1 1 0.8715 -0.0098 0.000112
1245.00 P 20260814 -1.00 -1.00 1 5 0.8672 -0.0103 0.000118
1250.00 P 20260814 -1.00 -1.00 1 18 0.8587 -0.0107 0.000122
1255.00 P 20260814 -1.00 -1.00 1 4 0.8503 -0.0110 0.000127
1260.00 P 20260814 -1.00 -1.00 17 17 0.8440 -0.0116 0.000133
1265.00 P 20260814 -1.00 -1.00 6 21 0.8356 -0.0120 0.000138
1270.00 P 20260814 -1.00 -1.00 1 11 0.8294 -0.0126 0.000145
1275.00 P 20260814 -1.00 -1.00 12 18 0.8211 -0.0129 0.000150
1280.00 P 20260814 -1.00 -1.00 6 8 0.8170 -0.0138 0.000159
1285.00 P 20260814 -1.00 -1.00 1 24 0.8088 -0.0142 0.000165
1290.00 P 20260814 -1.00 -1.00 10 21 0.8027 -0.0148 0.000172
1295.00 P 20260814 -1.00 -1.00 14 42 0.7987 -0.0157 0.000182
1300.00 P 20260814 -1.00 -1.00 3 63 0.7633 -0.0130 0.000162
1305.00 P 20260814 -1.00 -1.00 39 40 0.7865 -0.0170 0.000198
1310.00 P 20260814 -1.00 -1.00 15 40 0.7805 -0.0177 0.000206
1315.00 P 20260814 -1.00 -1.00 24 24 0.7766 -0.0186 0.000217
1320.00 P 20260814 -1.00 -1.00 1 20 0.7727 -0.0196 0.000227
1325.00 P 20260814 -1.00 -1.00 1 22 0.7688 -0.0205 0.000238
1330.00 P 20260814 -1.00 -1.00 4 35 0.7649 -0.0215 0.000249
1335.00 P 20260814 -1.00 -1.00 10 35 0.7611 -0.0224 0.000261
1340.00 P 20260814 -1.00 -1.00 2 25 0.7511 -0.0227 0.000267
1345.00 P 20260814 -1.00 -1.00 1 39 0.7555 -0.0246 0.000285
1350.00 P 20260814 -1.00 -1.00 5 54 0.7373 -0.0240 0.000286
1355.00 P 20260814 -1.00 -1.00 5 44 0.7438 -0.0261 0.000306
1360.00 P 20260814 -1.00 -1.00 2 56 0.7382 -0.0273 0.000320
1365.00 P 20260814 -1.00 -1.00 2 46 0.7352 -0.0295 0.000340
1370.00 P 20260814 -1.00 -1.00 50 72 0.7240 -0.0299 0.000349
1375.00 P 20260814 -1.00 -1.00 1 25 0.7210 -0.0321 0.000370
1380.00 P 20260814 -1.00 -1.00 1 57 0.7109 -0.0327 0.000382
1385.00 P 20260814 -1.00 -1.00 12 12 0.7089 -0.0352 0.000406
1390.00 P 20260814 -1.00 -1.00 1 50 0.7050 -0.0372 0.000427
1395.00 P 20260814 -1.00 -1.00 1 26 0.7000 -0.0391 0.000447
1400.00 P 20260814 -1.00 -1.00 1 100 0.6870 -0.0392 0.000457
1405.00 P 20260814 -1.00 -1.00 2 48 0.6941 -0.0437 0.000494
1410.00 P 20260814 -1.00 -1.00 20 69 0.6912 -0.0460 0.000518
1415.00 P 20260814 -1.00 -1.00 20 51 0.6833 -0.0473 0.000537
1420.00 P 20260814 -1.00 -1.00 22 70 0.6865 -0.0510 0.000569
1425.00 P 20260814 -1.00 -1.00 26 45 0.6836 -0.0534 0.000594
1430.00 P 20260814 -1.00 -1.00 2 34 0.6847 -0.0566 0.000623
1435.00 P 20260814 -1.00 -1.00 23 51 0.6779 -0.0582 0.000646
1440.00 P 20260814 -1.00 -1.00 3 32 0.6671 -0.0591 0.000665
1445.00 P 20260814 -1.00 -1.00 4 28 0.6758 -0.0662 0.000713
1450.00 P 20260814 -1.00 -1.00 5 105 0.6714 -0.0699 0.000746
1455.00 P 20260814 -1.00 -1.00 2 38 0.6624 -0.0722 0.000773
1460.00 P 20260814 -1.00 -1.00 1 42 0.6580 -0.0760 0.000808
1465.00 P 20260814 -1.00 -1.00 6 33 0.6616 -0.0824 0.000853
1470.00 P 20260814 -1.00 -1.00 1 27 0.6516 -0.0844 0.000882
1475.00 P 20260814 -1.00 -1.00 2 30 0.6495 -0.0891 0.000922
1480.00 P 20260814 -1.00 -1.00 6 56 0.6508 -0.0948 0.000965
1485.00 P 20260814 -1.00 -1.00 20 1 0.6454 -0.0985 0.001002
1490.00 P 20260814 -1.00 -1.00 1 8 0.6523 -0.1058 0.001049
1495.00 P 20260814 -1.00 -1.00 30 14 0.6402 -0.1077 0.001084
1500.00 P 20260814 -1.00 -1.00 83 209 0.6550 -0.1171 0.001133
1505.00 P 20260814 -1.00 -1.00 10 27 0.6450 -0.1198 0.001172
1510.00 P 20260814 -1.00 -1.00 4 14 0.6403 -0.1255 0.001215
1515.00 P 20260814 -1.00 -1.00 1 35 0.6446 -0.1351 0.001262
1520.00 P 20260814 -1.00 -1.00 11 29 0.6251 -0.1356 0.001304
1525.00 P 20260814 -1.00 -1.00 47 27 0.6219 -0.1425 0.001352
1530.00 P 20260814 -1.00 -1.00 1 30 0.6366 -0.1560 0.001400
1535.00 P 20260814 -1.00 -1.00 5 48 0.6150 -0.1563 0.001451
1540.00 P 20260814 -1.00 -1.00 7 15 0.6119 -0.1634 0.001501
1545.00 P 20260814 -1.00 -1.00 3 27 0.6324 -0.1786 0.001542
1550.00 P 20260814 -1.00 -1.00 1 68 0.6087 -0.1789 0.001604
1555.00 P 20260814 -1.00 -1.00 1 11 0.6225 -0.1917 0.001644
1560.00 P 20260814 -1.00 -1.00 2 32 0.6077 -0.1953 0.001706
1565.00 P 20260814 -1.00 -1.00 3 43 0.6360 -0.2119 0.001727
1567.50 P 20260814 -1.00 -1.00 13 13 0.6237 -0.2126 0.001765
1570.00 P 20260814 -1.00 -1.00 6 27 0.6296 -0.2199 0.001775
1572.50 P 20260814 -1.00 -1.00 2 1 0.6300 -0.2252 0.001793
1575.00 P 20260814 -1.00 -1.00 8 41 0.6281 -0.2298 0.001816
1577.50 P 20260814 -1.00 -1.00 1 11 0.6246 -0.2338 0.001841
1580.00 P 20260814 -1.00 -1.00 2 47 0.6255 -0.2394 0.001859
1582.50 P 20260814 -1.00 -1.00 -1 0 0.6237 -0.2440 0.001881
1585.00 P 20260814 -1.00 -1.00 2 12 0.6207 -0.2484 0.001907
1587.50 P 20260814 -1.00 -1.00 -1 0 0.6211 -0.2537 0.001925
1590.00 P 20260814 -1.00 -1.00 2 267 0.6203 -0.2588 0.001947
1592.50 P 20260814 -1.00 -1.00 9 7 0.5902 -0.2550 0.002031
1595.00 P 20260814 -1.00 -1.00 1 11 0.6177 -0.2686 0.001992
1597.50 P 20260814 -1.00 -1.00 1 4 0.6181 -0.2740 0.002011
1600.00 P 20260814 -1.00 -1.00 5 81 0.6174 -0.2791 0.002032
1605.00 P 20260814 -1.00 -1.00 1 3 0.6181 -0.2899 0.002070
1610.00 P 20260814 -1.00 -1.00 1 17 0.6150 -0.2997 0.002117
1615.00 P 20260814 -1.00 -1.00 1 15 0.6173 -0.3109 0.002151
1620.00 P 20260814 -1.00 -1.00 2 9 0.6197 -0.3220 0.002184
1625.00 P 20260814 -1.00 -1.00 1 53 0.5810 -0.3251 0.002341
1630.00 P 20260814 -1.00 -1.00 2 10 0.6190 -0.3441 0.002249
1635.00 P 20260814 -1.00 -1.00 3 8 0.6150 -0.3554 0.002280
1640.00 P 20260814 -1.00 -1.00 1 40 0.6124 -0.3669 0.002307
1645.00 P 20260814 -1.00 -1.00 18 27 0.6103 -0.3787 0.002333
1650.00 P 20260814 -1.00 -1.00 3 110 0.6087 -0.3906 0.002357
1655.00 P 20260814 -1.00 -1.00 5 25 0.5617 -0.3977 0.002566
1660.00 P 20260814 -1.00 -1.00 3 30 0.6046 -0.4145 0.002409
1665.00 P 20260814 -1.00 -1.00 1 6 0.6068 -0.4268 0.002419
1670.00 P 20260814 -1.00 -1.00 1 10 0.6052 -0.4389 0.002443
1675.00 P 20260814 -1.00 -1.00 2 24 0.5641 -0.4502 0.002639
1680.00 P 20260814 -1.00 -1.00 1 19 0.6095 -0.4632 0.002463
1685.00 P 20260814 -1.00 -1.00 1 6 0.5718 -0.4762 0.002646
1690.00 P 20260814 -1.00 -1.00 4 13 0.6079 -0.4875 0.002484
1695.00 P 20260814 -1.00 -1.00 4 10 0.5912 -0.5005 0.002544
1700.00 P 20260814 -1.00 -1.00 1 15 0.6049 -0.5116 0.002478
1705.00 P 20260814 -1.00 -1.00 3 16 0.6022 -0.5239 0.002479
1710.00 P 20260814 -1.00 -1.00 2 10 0.5990 -0.5363 0.002482
1715.00 P 20260814 -1.00 -1.00 4 9 0.4897 -0.5672 0.003007
1720.00 P 20260814 -1.00 -1.00 4 69 0.6011 -0.5602 0.002454
1725.00 P 20260814 -1.00 -1.00 2 15 0.6007 -0.5724 0.002446
1730.00 P 20260814 -1.00 -1.00 4 22 0.5625 -0.5929 0.002595
1735.00 P 20260814 -1.00 -1.00 1 8 0.5576 -0.6071 0.002606
1740.00 P 20260814 -1.00 -1.00 1 22 0.5456 -0.6237 0.002648
1745.00 P 20260814 -1.00 -1.00 1 4 0.5304 -0.6399 0.002672
1750.00 P 20260814 -1.00 -1.00 3 14 0.6075 -0.6302 0.002360
1755.00 P 20260814 -1.00 -1.00 1 2 0.5520 -0.6566 0.002510
1760.00 P 20260814 -1.00 -1.00 1 6 0.5781 -0.6595 0.002386
1765.00 P 20260814 -1.00 -1.00 1 28 0.5994 -0.6636 0.002287
1767.50 P 20260814 -1.00 -1.00 -1 0 0.5994 -0.6688 0.002271
1770.00 P 20260814 -1.00 -1.00 1 3 0.5192 -0.7039 0.002498
1772.50 P 20260814 -1.00 -1.00 1 1 0.5983 -0.6796 0.002242
1775.00 P 20260814 -1.00 -1.00 1 2 0.6014 -0.6838 0.002217
1780.00 P 20260814 -1.00 -1.00 2 8 0.5982 -0.6954 0.002193
1785.00 P 20260814 -1.00 -1.00 2 11 0.6012 -0.7047 0.002153
1790.00 P 20260814 -1.00 -1.00 2 25 0.5623 -0.7317 0.002213
1792.50 P 20260814 -1.00 -1.00 -1 0 0.5902 -0.7250 0.002129
1795.00 P 20260814 -1.00 -1.00 2 9 0.5912 -0.7299 0.002110
1797.50 P 20260814 -1.00 -1.00 5 5 0.5160 -0.7689 0.002244
1800.00 P 20260814 -1.00 -1.00 1 15 0.5729 -0.7490 0.002116
1805.00 P 20260814 -1.00 -1.00 -1 0 0.6070 -0.7440 0.002012
1810.00 P 20260814 -1.00 -1.00 2 1 0.6098 -0.7531 0.001975
1815.00 P 20260814 -1.00 -1.00 3 4 0.6075 -0.7621 0.001937
1820.00 P 20260814 -1.00 -1.00 2 93 0.5532 -0.7925 0.001952
1825.00 P 20260814 -1.00 -1.00 2 1 0.5821 -0.7881 0.001878
1830.00 P 20260814 -1.00 -1.00 2 1 0.5775 -0.7983 0.001836
1835.00 P 20260814 -1.00 -1.00 2 3 0.5808 -0.8050 0.001788
1840.00 P 20260814 -1.00 -1.00 14 7 0.6116 -0.7993 0.001727
1845.00 P 20260814 -1.00 -1.00 1 1 0.5936 -0.8153 0.001693
1850.00 P 20260814 -1.00 -1.00 2 3 0.5775 -0.8312 0.001651
1855.00 P 20260814 -1.00 -1.00 2 3 0.5995 -0.8283 0.001605
1860.00 P 20260814 -1.00 -1.00 11 11 0.6055 -0.8333 0.001563
1865.00 P 20260814 -1.00 -1.00 -1 0 0.6067 -0.8406 0.001521
1870.00 P 20260814 -1.00 -1.00 -1 0 0.5208 -0.8860 0.001418
1875.00 P 20260814 -1.00 -1.00 1 31 0.6116 -0.8536 0.001439
1880.00 P 20260814 -1.00 -1.00 1 12 0.5822 -0.8710 0.001383
1885.00 P 20260814 -1.00 -1.00 1 1 0.5776 -0.8783 0.001337
1890.00 P 20260814 -1.00 -1.00 6 4 0.6146 -0.8690 0.001324
1895.00 P 20260814 -1.00 -1.00 1 2 0.5464 -0.9035 0.001203
1900.00 P 20260814 -1.00 -1.00 4 78 -1.0000 -1.0000 -1.000000
1905.00 P 20260814 -1.00 -1.00 12 11 0.6203 -0.8819 0.001215
1910.00 P 20260814 -1.00 -1.00 -1 0 0.6166 -0.8885 0.001174
1915.00 P 20260814 -1.00 -1.00 2 3 0.6099 -0.8964 0.001127
1920.00 P 20260814 -1.00 -1.00 -1 0 -1.0000 -1.0000 -1.000000
1925.00 P 20260814 -1.00 -1.00 -1 0 -1.0000 -1.0000 -1.000000
1930.00 P 20260814 -1.00 -1.00 -1 0 0.5662 -0.9309 0.000929
1935.00 P 20260814 -1.00 -1.00 -1 0 0.6234 -0.9109 0.000996
1940.00 P 20260814 -1.00 -1.00 -1 0 0.5628 -0.9384 0.000856
1945.00 P 20260814 -1.00 -1.00 -1 0 0.6304 -0.9177 0.000935
1950.00 P 20260814 -1.00 -1.00 25 25 0.6333 -0.9214 0.000904
1955.00 P 20260814 -1.00 -1.00 7 7 0.6371 -0.9245 0.000876
1960.00 P 20260814 -1.00 -1.00 -1 0 0.6470 -0.9249 0.000859
1965.00 P 20260814 -1.00 -1.00 -1 0 -1.0000 -1.0000 -1.000000
1970.00 P 20260814 -1.00 -1.00 -1 0 0.6527 -0.9295 0.000812
1975.00 P 20260814 -1.00 -1.00 -1 0 0.6517 -0.9325 0.000786
1980.00 P 20260814 -1.00 -1.00 2 1 0.6525 -0.9351 0.000762
1985.00 P 20260814 -1.00 -1.00 -1 0 0.6430 -0.9405 0.000723
1990.00 P 20260814 -1.00 -1.00 -1 0 0.6454 -0.9426 0.000702
1995.00 P 20260814 -1.00 -1.00 -1 0 0.6494 -0.9442 0.000683
2000.00 P 20260814 -1.00 -1.00 25 25 -1.0000 -1.0000 -1.000000
2010.00 P 20260814 -1.00 -1.00 -1 0 0.6494 -0.9525 0.000608
2020.00 P 20260814 -1.00 -1.00 -1 0 0.6521 -0.9572 0.000563
2030.00 P 20260814 -1.00 -1.00 -1 0 0.6632 -0.9591 0.000536
2040.00 P 20260814 -1.00 -1.00 -1 0 0.6708 -0.9621 0.000503
2050.00 P 20260814 -1.00 -1.00 -1 0 0.6745 -0.9662 0.000464
2060.00 P 20260814 -1.00 -1.00 -1 0 0.6785 -0.9692 0.000434
2070.00 P 20260814 -1.00 -1.00 -1 0 0.6911 -0.9697 0.000420
2080.00 P 20260814 -1.00 -1.00 1 1 0.6896 -0.9725 0.000393
2090.00 P 20260814 -1.00 -1.00 -1 0 0.7228 -0.9694 0.000402
2100.00 P 20260814 -1.00 -1.00 -1 0 -1.0000 -1.0000 -1.000000
2110.00 P 20260814 -1.00 -1.00 -1 0 0.7127 -0.9761 0.000343
2120.00 P 20260814 -1.00 -1.00 -1 0 0.7106 -0.9790 0.000314
2130.00 P 20260814 -1.00 -1.00 -1 0 0.7155 -0.9806 0.000295
2140.00 P 20260814 -1.00 -1.00 -1 0 0.7349 -0.9796 0.000296
1240.00 C 20260821 -1.00 -1.00 1 11 0.7950 0.9747 0.000209
1250.00 C 20260821 -1.00 -1.00 1 11 1.0551 0.9279 0.000365
1260.00 C 20260821 -1.00 -1.00 1 27 1.2701 0.8918 0.000417
1270.00 C 20260821 -1.00 -1.00 1 5 1.0136 0.9244 0.000393
1280.00 C 20260821 -1.00 -1.00 2 109 0.7736 0.9623 0.000296
1290.00 C 20260821 -1.00 -1.00 1 7 0.7533 0.9618 0.000307
1300.00 C 20260821 -1.00 -1.00 5 21 0.8785 0.9343 0.000409
1310.00 C 20260821 -1.00 -1.00 2 26 0.7209 0.9593 0.000338
1320.00 C 20260821 -1.00 -1.00 2 16 0.7120 0.9566 0.000361
1330.00 C 20260821 -1.00 -1.00 6 15 0.7377 0.9475 0.000410
1340.00 C 20260821 -1.00 -1.00 1 24 0.7054 0.9489 0.000419
1350.00 C 20260821 -1.00 -1.00 6 46 0.7276 0.9394 0.000467
1360.00 C 20260821 -1.00 -1.00 6 20 0.6336 0.9540 0.000426
1380.00 C 20260821 -1.00 -1.00 13 28 0.6629 0.9362 0.000532
1400.00 C 20260821 -1.00 -1.00 2 47 0.6389 0.9277 0.000605
1420.00 C 20260821 -1.00 -1.00 2 25 0.6688 0.9025 0.000726
1430.00 C 20260821 -1.00 -1.00 2 1 0.6534 0.8987 0.000765
1440.00 C 20260821 -1.00 -1.00 8 35 0.6538 0.8905 0.000814
1450.00 C 20260821 -1.00 -1.00 8 31 0.6628 0.8785 0.000866
1460.00 C 20260821 -1.00 -1.00 2 26 0.6405 0.8749 0.000913
1480.00 C 20260821 -1.00 -1.00 8 42 0.6324 0.8534 0.001022
1500.00 C 20260821 -1.00 -1.00 3 514 0.6267 0.8307 0.001135
1520.00 C 20260821 -1.00 -1.00 1 50 0.7107 0.7819 0.001179
1530.00 C 20260821 -1.00 -1.00 2 1 0.6119 0.7975 0.001317
1535.00 C 20260821 -1.00 -1.00 1 1 0.6888 0.7666 0.001257
1540.00 C 20260821 -1.00 -1.00 4 33 0.6292 0.7769 0.001348
1545.00 C 20260821 -1.00 -1.00 7 9 0.6196 0.7720 0.001383
1550.00 C 20260821 -1.00 -1.00 2 19 0.7540 0.7304 0.001236
1555.00 C 20260821 -1.00 -1.00 11 9 0.6086 0.7587 0.001447
1560.00 C 20260821 -1.00 -1.00 2 331 0.6051 0.7515 0.001477
1565.00 C 20260821 -1.00 -1.00 2 4 0.6101 0.7419 0.001493
1570.00 C 20260821 -1.00 -1.00 4 33 0.6011 0.7362 0.001533
1575.00 C 20260821 -1.00 -1.00 2 19 0.6107 0.7254 0.001540
1580.00 C 20260821 -1.00 -1.00 2 56 0.6633 0.7057 0.001472
1585.00 C 20260821 -1.00 -1.00 4 36 0.6660 0.6976 0.001488
1590.00 C 20260821 -1.00 -1.00 13 9 0.6037 0.7025 0.001626
1595.00 C 20260821 -1.00 -1.00 9 10 0.6032 0.6944 0.001652
1600.00 C 20260821 -1.00 -1.00 43 393 0.6069 0.6854 0.001668
1620.00 C 20260821 -1.00 -1.00 1 294 0.6128 0.6494 0.001719
1640.00 C 20260821 -1.00 -1.00 6 103 0.5857 0.6159 0.001842
1660.00 C 20260821 -1.00 -1.00 12 519 0.5805 0.5781 0.001906
1675.00 C 20260821 -1.00 -1.00 2 32 0.5852 0.5492 0.001926
1680.00 C 20260821 -1.00 -1.00 3 86 0.5846 0.5397 0.001941
1685.00 C 20260821 -1.00 -1.00 1 8 0.5889 0.5303 0.001938
1690.00 C 20260821 -1.00 -1.00 4 11 0.5864 0.5209 0.001944
1695.00 C 20260821 -1.00 -1.00 2 24 0.5849 0.5114 0.001944
1700.00 C 20260821 -1.00 -1.00 7 1067 0.5791 0.5016 0.001958
1705.00 C 20260821 -1.00 -1.00 1 30 0.5776 0.4920 0.001958
1710.00 C 20260821 -1.00 -1.00 10 22 0.6166 0.4868 0.001830
1715.00 C 20260821 -1.00 -1.00 20 22 0.5862 0.4742 0.001919
1720.00 C 20260821 -1.00 -1.00 7 119 0.5756 0.4633 0.001948
1725.00 C 20260821 -1.00 -1.00 5 7 0.5769 0.4540 0.001938
1730.00 C 20260821 -1.00 -1.00 5 24 0.5754 0.4442 0.001938
1735.00 C 20260821 -1.00 -1.00 1 50 0.5757 0.4348 0.001932
1740.00 C 20260821 -1.00 -1.00 34 106 0.5770 0.4256 0.001922
1745.00 C 20260821 -1.00 -1.00 8 17 0.5859 0.4181 0.001889
1750.00 C 20260821 -1.00 -1.00 4 573 0.5785 0.4070 0.001906
1755.00 C 20260821 -1.00 -1.00 4 29 0.5888 0.4002 0.001870
1760.00 C 20260821 -1.00 -1.00 4 104 0.5832 0.3893 0.001882
1765.00 C 20260821 -1.00 -1.00 1 7 0.5836 0.3804 0.001871
1767.50 C 20260821 -1.00 -1.00 2 5 0.5827 0.3762 0.001864
1770.00 C 20260821 -1.00 -1.00 1 85 0.5822 0.3720 0.001856
1772.50 C 20260821 -1.00 -1.00 4 8 0.6136 0.3763 0.001770
1775.00 C 20260821 -1.00 -1.00 4 15 0.5796 0.3632 0.001843
1780.00 C 20260821 -1.00 -1.00 10 97 0.5774 0.3544 0.001829
1785.00 C 20260821 -1.00 -1.00 1 18 0.6003 0.3534 0.001756
1790.00 C 20260821 -1.00 -1.00 2 337 0.5864 0.3411 0.001769
1792.50 C 20260821 -1.00 -1.00 9 12 0.5855 0.3368 0.001762
1795.00 C 20260821 -1.00 -1.00 1 5 0.5760 0.3295 0.001774
1797.50 C 20260821 -1.00 -1.00 2 25 0.5747 0.3250 0.001767
1800.00 C 20260821 -1.00 -1.00 3 400 0.5746 0.3208 0.001757
1805.00 C 20260821 -1.00 -1.00 1 9 0.5752 0.3129 0.001736
1810.00 C 20260821 -1.00 -1.00 13 60 0.5762 0.3051 0.001714
1815.00 C 20260821 -1.00 -1.00 12 21 0.5772 0.2973 0.001693
1820.00 C 20260821 -1.00 -1.00 5 116 0.5781 0.2896 0.001672
1825.00 C 20260821 -1.00 -1.00 10 19 0.6163 0.2971 0.001585
1830.00 C 20260821 -1.00 -1.00 1 61 0.5885 0.2779 0.001615
1835.00 C 20260821 -1.00 -1.00 4 15 0.5833 0.2676 0.001605
1840.00 C 20260821 -1.00 -1.00 30 97 0.5977 0.2662 0.001563
1845.00 C 20260821 -1.00 -1.00 11 30 0.5863 0.2529 0.001562
1850.00 C 20260821 -1.00 -1.00 6 293 0.5952 0.2499 0.001528
1860.00 C 20260821 -1.00 -1.00 15 516 0.5959 0.2383 0.001479
1870.00 C 20260821 -1.00 -1.00 2 56 0.5826 0.2209 0.001440
1880.00 C 20260821 -1.00 -1.00 4 99 0.5779 0.2066 0.001392
1890.00 C 20260821 -1.00 -1.00 10 37 0.5786 0.1948 0.001340
1900.00 C 20260821 -1.00 -1.00 5 1741 0.5858 0.1861 0.001288
1910.00 C 20260821 -1.00 -1.00 45 39 0.5850 0.1737 0.001238
1920.00 C 20260821 -1.00 -1.00 18 137 0.5897 0.1641 0.001188
1930.00 C 20260821 -1.00 -1.00 3 47 0.5923 0.1536 0.001140
1940.00 C 20260821 -1.00 -1.00 8 57 0.5994 0.1467 0.001095
1950.00 C 20260821 -1.00 -1.00 1 74 0.5966 0.1380 0.001049
1960.00 C 20260821 -1.00 -1.00 2 69 0.5917 0.1283 0.001000
1970.00 C 20260821 -1.00 -1.00 4 50 0.5897 0.1196 0.000952
1980.00 C 20260821 -1.00 -1.00 3 276 0.5986 0.1157 0.000915
2000.00 C 20260821 -1.00 -1.00 5 625 0.5989 0.1004 0.000825
2020.00 C 20260821 -1.00 -1.00 2 108 0.6063 0.0886 0.000747
2040.00 C 20260821 -1.00 -1.00 3 97 0.6166 0.0785 0.000677
2060.00 C 20260821 -1.00 -1.00 4 168 0.6113 0.0684 0.000609
2080.00 C 20260821 -1.00 -1.00 8 261 0.6133 0.0605 0.000548
2100.00 C 20260821 -1.00 -1.00 6 942 0.6200 0.0542 0.000496
2120.00 C 20260821 -1.00 -1.00 9 72 0.6291 0.0488 0.000450
2140.00 C 20260821 -1.00 -1.00 10 94 0.6370 0.0432 0.000404
1240.00 P 20260821 -1.00 -1.00 2 65 0.7299 -0.0183 0.000172
1250.00 P 20260821 -1.00 -1.00 4 138 0.7184 -0.0193 0.000183
1260.00 P 20260821 -1.00 -1.00 19 92 0.7184 -0.0215 0.000202
1270.00 P 20260821 -1.00 -1.00 5 89 0.7103 -0.0229 0.000216
1280.00 P 20260821 -1.00 -1.00 10 175 0.7159 -0.0263 0.000242
1290.00 P 20260821 -1.00 -1.00 70 131 0.6978 -0.0269 0.000252
1300.00 P 20260821 -1.00 -1.00 3 430 0.6791 -0.0273 0.000262
1310.00 P 20260821 -1.00 -1.00 51 126 0.6780 -0.0317 0.000295
1320.00 P 20260821 -1.00 -1.00 2 359 0.6769 -0.0361 0.000328
1330.00 P 20260821 -1.00 -1.00 4 62 0.6640 -0.0380 0.000349
1340.00 P 20260821 -1.00 -1.00 3 151 0.6638 -0.0427 0.000384
1350.00 P 20260821 -1.00 -1.00 1 307 0.6589 -0.0465 0.000415
1360.00 P 20260821 -1.00 -1.00 1 125 0.6602 -0.0515 0.000453
1380.00 P 20260821 -1.00 -1.00 3 298 0.6488 -0.0592 0.000518
1400.00 P 20260821 -1.00 -1.00 10 982 0.6264 -0.0682 0.000594
1420.00 P 20260821 -1.00 -1.00 2 226 0.6245 -0.0846 0.000698
1430.00 P 20260821 -1.00 -1.00 1 16 0.6157 -0.0903 0.000744
1440.00 P 20260821 -1.00 -1.00 11 197 0.6131 -0.0981 0.000797
1450.00 P 20260821 -1.00 -1.00 12 179 0.6157 -0.1075 0.000854
1460.00 P 20260821 -1.00 -1.00 6 178 0.6139 -0.1156 0.000908
1480.00 P 20260821 -1.00 -1.00 3 221 0.6047 -0.1367 0.001024
1500.00 P 20260821 -1.00 -1.00 39 850 0.5996 -0.1605 0.001147
1520.00 P 20260821 -1.00 -1.00 4 160 0.5974 -0.1857 0.001271
1530.00 P 20260821 -1.00 -1.00 10 84 0.6036 -0.2005 0.001328
1535.00 P 20260821 -1.00 -1.00 12 67 0.6032 -0.2069 0.001360
1540.00 P 20260821 -1.00 -1.00 4 140 0.5993 -0.2137 0.001390
1545.00 P 20260821 -1.00 -1.00 6 26 0.5972 -0.2212 0.001418
1550.00 P 20260821 -1.00 -1.00 79 489 0.5929 -0.2281 0.001449
1555.00 P 20260821 -1.00 -1.00 30 54 0.5895 -0.2354 0.001479
1560.00 P 20260821 -1.00 -1.00 30 152 0.5865 -0.2429 0.001510
1565.00 P 20260821 -1.00 -1.00 9 12 0.5891 -0.2521 0.001531
1570.00 P 20260821 -1.00 -1.00 12 19 0.5874 -0.2601 0.001560
1575.00 P 20260821 -1.00 -1.00 37 306 0.5739 -0.2647 0.001611
1580.00 P 20260821 -1.00 -1.00 48 616 0.5857 -0.2766 0.001615
1585.00 P 20260821 -1.00 -1.00 4 31 0.5853 -0.2850 0.001642
1590.00 P 20260821 -1.00 -1.00 15 58 0.5836 -0.2931 0.001672
1595.00 P 20260821 -1.00 -1.00 5 23 0.5857 -0.3021 0.001693
1600.00 P 20260821 -1.00 -1.00 9 496 0.5865 -0.3107 0.001717
1620.00 P 20260821 -1.00 -1.00 32 157 0.5835 -0.3462 0.001805
1640.00 P 20260821 -1.00 -1.00 6 163 0.5755 -0.3835 0.001878
1660.00 P 20260821 -1.00 -1.00 11 434 0.5731 -0.4222 0.001936
1675.00 P 20260821 -1.00 -1.00 4 50 0.5755 -0.4515 0.001966
1680.00 P 20260821 -1.00 -1.00 2 135 0.5770 -0.4612 0.001973
1685.00 P 20260821 -1.00 -1.00 5 17 0.5797 -0.4709 0.001976
1690.00 P 20260821 -1.00 -1.00 1 14 0.5764 -0.4806 0.001984
1695.00 P 20260821 -1.00 -1.00 21 27 0.5721 -0.4904 0.001994
1700.00 P 20260821 -1.00 -1.00 2 471 0.5580 -0.5012 0.002039
1705.00 P 20260821 -1.00 -1.00 3 45 0.5696 -0.5098 0.001992
1710.00 P 20260821 -1.00 -1.00 2 62 0.5674 -0.5197 0.001994
1715.00 P 20260821 -1.00 -1.00 15 20 0.5460 -0.5324 0.002066
1720.00 P 20260821 -1.00 -1.00 13 239 0.5681 -0.5389 0.001981
1725.00 P 20260821 -1.00 -1.00 5 8 0.5680 -0.5486 0.001976
1730.00 P 20260821 -1.00 -1.00 12 35 0.5655 -0.5587 0.001979
1735.00 P 20260821 -1.00 -1.00 12 21 0.5683 -0.5679 0.001964
1740.00 P 20260821 -1.00 -1.00 2 76 0.5665 -0.5780 0.001965
1745.00 P 20260821 -1.00 -1.00 2 76 0.5703 -0.5868 0.001947
1750.00 P 20260821 -1.00 -1.00 112 57 0.5671 -0.5973 0.001953
1755.00 P 20260821 -1.00 -1.00 7 12 0.5732 -0.6053 0.001928
1760.00 P 20260821 -1.00 -1.00 3 57 0.5755 -0.6143 0.001915
1765.00 P 20260821 -1.00 -1.00 1 4 0.5736 -0.6237 0.001907
1767.50 P 20260821 -1.00 -1.00 1 1 0.5392 -0.6378 0.001994
1770.00 P 20260821 -1.00 -1.00 13 39 0.5585 -0.6363 0.001928
1772.50 P 20260821 -1.00 -1.00 1 1 0.5679 -0.6377 0.001893
1775.00 P 20260821 -1.00 -1.00 5 2 0.5682 -0.6418 0.001882
1780.00 P 20260821 -1.00 -1.00 12 105 0.5676 -0.6503 0.001863
1785.00 P 20260821 -1.00 -1.00 31 24 0.5655 -0.6593 0.001848
1790.00 P 20260821 -1.00 -1.00 1 67 0.5611 -0.6692 0.001839
1792.50 P 20260821 -1.00 -1.00 2 1 0.5641 -0.6723 0.001821
1795.00 P 20260821 -1.00 -1.00 1 82 0.5637 -0.6767 0.001812
1797.50 P 20260821 -1.00 -1.00 2 1 0.5507 -0.6859 0.001833
1800.00 P 20260821 -1.00 -1.00 3 157 0.5584 -0.6871 0.001804
1805.00 P 20260821 -1.00 -1.00 4 6 0.5629 -0.6938 0.001773
1810.00 P 20260821 -1.00 -1.00 2 30 0.5604 -0.7033 0.001759
1815.00 P 20260821 -1.00 -1.00 38 24 0.5653 -0.7096 0.001728
1820.00 P 20260821 -1.00 -1.00 2 62 0.5573 -0.7216 0.001724
1825.00 P 20260821 -1.00 -1.00 14 60 0.5587 -0.7295 0.001701
1830.00 P 20260821 -1.00 -1.00 1 36 0.5689 -0.7331 0.001661
1835.00 P 20260821 -1.00 -1.00 2 1 0.5589 -0.7465 0.001659
1840.00 P 20260821 -1.00 -1.00 5 67 0.5585 -0.7542 0.001635
1845.00 P 20260821 -1.00 -1.00 -1 0 0.5504 -0.7640 0.001616
1850.00 P 20260821 -1.00 -1.00 2 1007 0.5559 -0.7681 0.001582
1860.00 P 20260821 -1.00 -1.00 4 45 0.5578 -0.7801 0.001525
1870.00 P 20260821 -1.00 -1.00 3 11 0.5541 -0.7946 0.001473
1880.00 P 20260821 -1.00 -1.00 11 38 0.4951 -0.8411 0.001428
1890.00 P 20260821 -1.00 -1.00 6 32 0.5611 -0.8168 0.001359
1900.00 P 20260821 -1.00 -1.00 3 34 0.5733 -0.8230 0.001304
1910.00 P 20260821 -1.00 -1.00 2 16 0.5420 -0.8537 0.001245
1920.00 P 20260821 -1.00 -1.00 2 19 0.5185 -0.8735 0.001176
1930.00 P 20260821 -1.00 -1.00 1 12 0.5418 -0.8718 0.001134
1940.00 P 20260821 -1.00 -1.00 2 56 0.5614 -0.8718 0.001093
1950.00 P 20260821 -1.00 -1.00 1 24 0.5288 -0.8958 0.001010
1960.00 P 20260821 -1.00 -1.00 4 25 0.5251 -0.9068 0.000946
1970.00 P 20260821 -1.00 -1.00 1 21 0.5085 -0.9255 0.000854
1980.00 P 20260821 -1.00 -1.00 2 27 0.5579 -0.9072 0.000885
2000.00 P 20260821 -1.00 -1.00 2 45 0.5478 -0.9287 0.000766
2020.00 P 20260821 -1.00 -1.00 1 7 0.4832 -0.9650 0.000553
2040.00 P 20260821 -1.00 -1.00 2 111 -1.0000 -1.0000 -1.000000
2060.00 P 20260821 -1.00 -1.00 1 7 -1.0000 -1.0000 -1.000000
2080.00 P 20260821 -1.00 -1.00 3 5 -1.0000 -1.0000 -1.000000
2100.00 P 20260821 -1.00 -1.00 5 8 0.5466 -0.9752 0.000392
2120.00 P 20260821 -1.00 -1.00 6 4 -1.0000 -1.0000 -1.000000
2140.00 P 20260821 -1.00 -1.00 7 11 -1.0000 -1.0000 -1.000000
1010.00 C 20260807 -1.00 -1.00 -1 0 2.4544 0.9971 0.000026
1015.00 C 20260807 -1.00 -1.00 1 2 3.4824 0.9761 0.000120
1020.00 C 20260807 -1.00 -1.00 -1 0 2.9990 0.9867 0.000083
1025.00 C 20260807 -1.00 -1.00 -1 0 2.5764 0.9943 0.000046
1030.00 C 20260807 -1.00 -1.00 -1 0 2.6827 0.9923 0.000058
1035.00 C 20260807 -1.00 -1.00 -1 0 2.7238 0.9914 0.000063
1040.00 C 20260807 -1.00 -1.00 1 1 -1.0000 -1.0000 -1.000000
1045.00 C 20260807 -1.00 -1.00 -1 0 3.1808 0.9786 0.000120
1050.00 C 20260807 -1.00 -1.00 2 3 2.6744 0.9909 0.000068
1055.00 C 20260807 -1.00 -1.00 -1 0 3.1817 0.9770 0.000127
1060.00 C 20260807 -1.00 -1.00 -1 0 2.5850 0.9914 0.000067
1065.00 C 20260807 -1.00 -1.00 -1 0 2.3705 0.9943 0.000050
1070.00 C 20260807 -1.00 -1.00 -1 0 3.3083 0.9676 0.000161
1075.00 C 20260807 -1.00 -1.00 -1 0 2.7319 0.9850 0.000101
1080.00 C 20260807 -1.00 -1.00 -1 0 2.5257 0.9905 0.000075
1085.00 C 20260807 -1.00 -1.00 -1 0 2.2390 0.9948 0.000048
1090.00 C 20260807 -1.00 -1.00 -1 0 2.5395 0.9882 0.000089
1095.00 C 20260807 -1.00 -1.00 -1 0 2.3628 0.9918 0.000069
1100.00 C 20260807 -1.00 -1.00 1 1 4.2632 0.9217 0.000253
1105.00 C 20260807 -1.00 -1.00 1 2 2.3945 0.9904 0.000079
1110.00 C 20260807 -1.00 -1.00 -1 0 3.5876 0.9465 0.000226
1115.00 C 20260807 -1.00 -1.00 -1 0 2.8744 0.9729 0.000161
1120.00 C 20260807 -1.00 -1.00 -1 0 2.4469 0.9858 0.000108
1125.00 C 20260807 -1.00 -1.00 -1 0 2.3608 0.9878 0.000098
1130.00 C 20260807 -1.00 -1.00 -1 0 3.1059 0.9583 0.000211
1135.00 C 20260807 -1.00 -1.00 1 1 2.2957 0.9882 0.000098
1140.00 C 20260807 -1.00 -1.00 -1 0 3.0497 0.9576 0.000219
1145.00 C 20260807 -1.00 -1.00 -1 0 3.2067 0.9502 0.000239
1150.00 C 20260807 -1.00 -1.00 3 4 3.9228 0.9150 0.000294
1155.00 C 20260807 -1.00 -1.00 1 2 2.0623 0.9917 0.000080
1160.00 C 20260807 -1.00 -1.00 1 2 2.1441 0.9891 0.000099
1165.00 C 20260807 -1.00 -1.00 -1 0 1.8378 0.9955 0.000051
1170.00 C 20260807 -1.00 -1.00 -1 0 1.9795 0.9919 0.000082
1175.00 C 20260807 -1.00 -1.00 1 1 2.1535 0.9856 0.000124
1180.00 C 20260807 -1.00 -1.00 -1 0 1.6383 0.9976 0.000033
1185.00 C 20260807 -1.00 -1.00 -1 0 2.0562 0.9875 0.000115
1190.00 C 20260807 -1.00 -1.00 -1 0 1.9378 0.9908 0.000094
1195.00 C 20260807 -1.00 -1.00 -1 0 2.5301 0.9639 0.000230
1200.00 C 20260807 -1.00 -1.00 1 2 1.9804 0.9875 0.000120
1205.00 C 20260807 -1.00 -1.00 -1 0 1.8571 0.9910 0.000096
1210.00 C 20260807 -1.00 -1.00 -1 0 1.8570 0.9905 0.000102
1215.00 C 20260807 -1.00 -1.00 -1 0 2.2389 0.9739 0.000201
1220.00 C 20260807 -1.00 -1.00 -1 0 1.6584 0.9941 0.000073
1225.00 C 20260807 -1.00 -1.00 1 1 1.8448 0.9881 0.000123
1230.00 C 20260807 -1.00 -1.00 -1 0 1.3442 0.9989 0.000019
1010.00 P 20260807 -1.00 -1.00 14 2 2.5338 -0.0038 0.000033
1015.00 P 20260807 -1.00 -1.00 1 2 3.0941 -0.0148 0.000089
1020.00 P 20260807 -1.00 -1.00 34 10 2.2211 -0.0016 0.000017
1025.00 P 20260807 -1.00 -1.00 5 27 2.3200 -0.0025 0.000024
1030.00 P 20260807 -1.00 -1.00 14 3 2.4640 -0.0043 0.000038
1035.00 P 20260807 -1.00 -1.00 10 1 2.4414 -0.0044 0.000038
1040.00 P 20260807 -1.00 -1.00 2 105 2.1109 -0.0014 0.000016
1045.00 P 20260807 -1.00 -1.00 1 1 2.0910 -0.0014 0.000016
1050.00 P 20260807 -1.00 -1.00 1 6 2.3742 -0.0045 0.000040
1055.00 P 20260807 -1.00 -1.00 1 1 2.3520 -0.0045 0.000041
1060.00 P 20260807 -1.00 -1.00 1 5 2.9321 -0.0179 0.000110
1065.00 P 20260807 -1.00 -1.00 1 1 3.2125 -0.0271 0.000144
1070.00 P 20260807 -1.00 -1.00 -1 0 2.3179 -0.0052 0.000047
1075.00 P 20260807 -1.00 -1.00 2 1 3.1588 -0.0278 0.000149
1080.00 P 20260807 -1.00 -1.00 1 3 3.1299 -0.0280 0.000151
1085.00 P 20260807 -1.00 -1.00 1 1 2.2527 -0.0054 0.000050
1090.00 P 20260807 -1.00 -1.00 1 2 3.0726 -0.0285 0.000156
1095.00 P 20260807 -1.00 -1.00 1 3 3.0441 -0.0287 0.000159
1100.00 P 20260807 -1.00 -1.00 121 331 3.1819 -0.0359 0.000182
1105.00 P 20260807 -1.00 -1.00 443 441 2.9875 -0.0292 0.000164
1110.00 P 20260807 -1.00 -1.00 -1 0 2.9594 -0.0295 0.000167
1115.00 P 20260807 -1.00 -1.00 2 2 2.2081 -0.0072 0.000067
1120.00 P 20260807 -1.00 -1.00 128 126 2.0419 -0.0045 0.000047
1125.00 P 20260807 -1.00 -1.00 1 3 2.1452 -0.0070 0.000066
1130.00 P 20260807 -1.00 -1.00 14 17 2.1656 -0.0078 0.000073
1135.00 P 20260807 -1.00 -1.00 1 3 2.1652 -0.0083 0.000077
1140.00 P 20260807 -1.00 -1.00 1 3 2.0007 -0.0055 0.000058
1145.00 P 20260807 -1.00 -1.00 77 17 1.9905 -0.0058 0.000060
1150.00 P 20260807 -1.00 -1.00 2 34 1.8679 -0.0036 0.000042
1155.00 P 20260807 -1.00 -1.00 6 26 1.7333 -0.0023 0.000031
1160.00 P 20260807 -1.00 -1.00 1 4 2.0721 -0.0089 0.000086
1165.00 P 20260807 -1.00 -1.00 1 4 2.6761 -0.0335 0.000205
1170.00 P 20260807 -1.00 -1.00 2 4 1.9098 -0.0066 0.000070
1175.00 P 20260807 -1.00 -1.00 4 3 1.8999 -0.0069 0.000074
1180.00 P 20260807 -1.00 -1.00 9 22 1.7590 -0.0041 0.000050
1185.00 P 20260807 -1.00 -1.00 1 2 1.8703 -0.0072 0.000078
1190.00 P 20260807 -1.00 -1.00 1 4 1.6368 -0.0028 0.000038
1195.00 P 20260807 -1.00 -1.00 3 9 2.4921 -0.0340 0.000223
1200.00 P 20260807 -1.00 -1.00 8 40 1.5744 -0.0026 0.000037
1205.00 P 20260807 -1.00 -1.00 9 10 1.7419 -0.0063 0.000075
1210.00 P 20260807 -1.00 -1.00 3 4 1.9936 -0.0153 0.000141
1215.00 P 20260807 -1.00 -1.00 9 11 1.7828 -0.0084 0.000094
1220.00 P 20260807 -1.00 -1.00 1 2 1.9498 -0.0156 0.000147
1225.00 P 20260807 -1.00 -1.00 1 2 1.9280 -0.0157 0.000150
1230.00 P 20260807 -1.00 -1.00 1 14 1.7745 -0.0098 0.000109
1010.00 C 20260814 -1.00 -1.00 -1 0 1.5057 0.9885 0.000073
1015.00 C 20260814 -1.00 -1.00 1 1 1.4439 0.9910 0.000062
1020.00 C 20260814 -1.00 -1.00 1 0 1.4830 0.9881 0.000076
1025.00 C 20260814 -1.00 -1.00 -1 0 2.0499 0.9553 0.000172
1030.00 C 20260814 -1.00 -1.00 -1 0 1.6298 0.9796 0.000112
1035.00 C 20260814 -1.00 -1.00 -1 0 1.4095 0.9897 0.000071
1040.00 C 20260814 -1.00 -1.00 -1 0 1.7178 0.9721 0.000138
1045.00 C 20260814 -1.00 -1.00 -1 0 2.0490 0.9503 0.000188
1050.00 C 20260814 -1.00 -1.00 -1 0 1.2238 0.9945 0.000046
1055.00 C 20260814 -1.00 -1.00 -1 0 1.3472 0.9900 0.000072
1060.00 C 20260814 -1.00 -1.00 1 1 1.8007 0.9610 0.000173
1065.00 C 20260814 -1.00 -1.00 2 1 1.4459 0.9828 0.000108
1070.00 C 20260814 -1.00 -1.00 -1 0 1.3266 0.9887 0.000082
1075.00 C 20260814 -1.00 -1.00 8 8 1.3689 0.9853 0.000099
1080.00 C 20260814 -1.00 -1.00 -1 0 1.1619 0.9940 0.000052
1085.00 C 20260814 -1.00 -1.00 -1 0 1.1713 0.9932 0.000058
1090.00 C 20260814 -1.00 -1.00 -1 0 1.2707 0.9887 0.000085
1095.00 C 20260814 -1.00 -1.00 2 0 1.9212 0.9419 0.000225
1100.00 C 20260814 -1.00 -1.00 -1 0 1.2545 0.9880 0.000091
1105.00 C 20260814 -1.00 -1.00 -1 0 1.1769 0.9914 0.000073
1110.00 C 20260814 -1.00 -1.00 -1 0 1.7656 0.9500 0.000219
1115.00 C 20260814 -1.00 -1.00 -1 0 1.2214 0.9874 0.000097
1120.00 C 20260814 -1.00 -1.00 1 1 1.2495 0.9846 0.000113
1125.00 C 20260814 -1.00 -1.00 -1 0 1.1509 0.9905 0.000082
1130.00 C 20260814 -1.00 -1.00 1 1 1.7063 0.9483 0.000233
1135.00 C 20260814 -1.00 -1.00 1 1 1.7054 0.9463 0.000240
1140.00 C 20260814 -1.00 -1.00 -1 0 1.0119 0.9942 0.000059
1145.00 C 20260814 -1.00 -1.00 1 1 1.6753 0.9451 0.000248
1150.00 C 20260814 -1.00 -1.00 -1 0 1.6539 0.9453 0.000251
1155.00 C 20260814 -1.00 -1.00 1 2 1.6506 0.9433 0.000258
1160.00 C 20260814 -1.00 -1.00 1 1 1.0498 0.9908 0.000086
1165.00 C 20260814 -1.00 -1.00 -1 0 1.1394 0.9836 0.000132
1170.00 C 20260814 -1.00 -1.00 -1 0 1.1935 0.9789 0.000157
1175.00 C 20260814 -1.00 -1.00 -1 0 1.1463 0.9811 0.000148
1180.00 C 20260814 -1.00 -1.00 -1 0 0.9641 0.9923 0.000080
1185.00 C 20260814 -1.00 -1.00 -1 0 1.0744 0.9844 0.000133
1190.00 C 20260814 -1.00 -1.00 -1 0 1.2707 0.9661 0.000218
1195.00 C 20260814 -1.00 -1.00 1 1 1.0335 0.9855 0.000130
1200.00 C 20260814 -1.00 -1.00 -1 0 1.0350 0.9843 0.000139
1205.00 C 20260814 -1.00 -1.00 4 4 1.0929 0.9789 0.000171
1210.00 C 20260814 -1.00 -1.00 4 4 0.9989 0.9852 0.000137
1215.00 C 20260814 -1.00 -1.00 4 5 1.0307 0.9815 0.000162
1220.00 C 20260814 -1.00 -1.00 4 4 0.9372 0.9885 0.000118
1225.00 C 20260814 -1.00 -1.00 -1 0 1.0164 0.9805 0.000172
1230.00 C 20260814 -1.00 -1.00 -1 0 0.9147 0.9883 0.000122
1010.00 P 20260814 -1.00 -1.00 1 1 1.7810 -0.0244 0.000120
1015.00 P 20260814 -1.00 -1.00 1 3 1.6026 -0.0168 0.000096
1020.00 P 20260814 -1.00 -1.00 2 2 1.2761 -0.0046 0.000039
1025.00 P 20260814 -1.00 -1.00 2 3 1.2645 -0.0047 0.000039
1030.00 P 20260814 -1.00 -1.00 -1 0 1.2585 -0.0049 0.000041
1035.00 P 20260814 -1.00 -1.00 -1 0 1.2526 -0.0051 0.000043
1040.00 P 20260814 -1.00 -1.00 -1 0 1.2412 -0.0051 0.000044
1045.00 P 20260814 -1.00 -1.00 2 3 1.2299 -0.0052 0.000044
1050.00 P 20260814 -1.00 -1.00 -1 0 1.2240 -0.0054 0.000046
1055.00 P 20260814 -1.00 -1.00 2 2 1.2128 -0.0054 0.000047
1060.00 P 20260814 -1.00 -1.00 1 1 1.1962 -0.0053 0.000047
1065.00 P 20260814 -1.00 -1.00 2 2 1.2391 -0.0071 0.000059
1070.00 P 20260814 -1.00 -1.00 -1 0 1.2494 -0.0078 0.000064
1075.00 P 20260814 -1.00 -1.00 -1 0 1.1953 -0.0065 0.000056
1080.00 P 20260814 -1.00 -1.00 -1 0 1.2110 -0.0075 0.000063
1085.00 P 20260814 -1.00 -1.00 1 4 1.1786 -0.0068 0.000060
1090.00 P 20260814 -1.00 -1.00 1 1 1.1730 -0.0071 0.000062
1095.00 P 20260814 -1.00 -1.00 1 1 1.1781 -0.0077 0.000066
1100.00 P 20260814 -1.00 -1.00 2 58 1.0769 -0.0045 0.000045
1105.00 P 20260814 -1.00 -1.00 1 2 1.1616 -0.0080 0.000070
1110.00 P 20260814 -1.00 -1.00 2 3 1.0159 -0.0031 0.000034
1115.00 P 20260814 -1.00 -1.00 1 1 1.1612 -0.0088 0.000077
1120.00 P 20260814 -1.00 -1.00 75 37 1.0663 -0.0059 0.000058
1125.00 P 20260814 -1.00 -1.00 -1 0 1.0505 -0.0058 0.000058
1130.00 P 20260814 -1.00 -1.00 -1 0 1.0401 -0.0059 0.000059
1135.00 P 20260814 -1.00 -1.00 -1 0 1.0245 -0.0057 0.000058
1140.00 P 20260814 -1.00 -1.00 -1 0 1.0193 -0.0060 0.000061
1145.00 P 20260814 -1.00 -1.00 -1 0 1.2047 -0.0169 0.000129
1150.00 P 20260814 -1.00 -1.00 2 1 1.1929 -0.0171 0.000131
1155.00 P 20260814 -1.00 -1.00 -1 0 0.9937 -0.0064 0.000066
1160.00 P 20260814 -1.00 -1.00 2 1 1.1739 -0.0177 0.000137
1165.00 P 20260814 -1.00 -1.00 10 5 1.2987 -0.0282 0.000185
1170.00 P 20260814 -1.00 -1.00 -1 0 0.9685 -0.0068 0.000072
1175.00 P 20260814 -1.00 -1.00 10 10 0.9687 -0.0073 0.000077
1180.00 P 20260814 -1.00 -1.00 10 13 0.9638 -0.0076 0.000080
1185.00 P 20260814 -1.00 -1.00 1 1 0.9589 -0.0079 0.000083
1190.00 P 20260814 -1.00 -1.00 -1 0 0.9540 -0.0082 0.000087
1195.00 P 20260814 -1.00 -1.00 1 4 0.9441 -0.0082 0.000088
1200.00 P 20260814 -1.00 -1.00 3 11 0.9189 -0.0077 0.000085
1205.00 P 20260814 -1.00 -1.00 1 6 1.3966 -0.0508 0.000281
1210.00 P 20260814 -1.00 -1.00 2 13 0.9491 -0.0102 0.000107
1215.00 P 20260814 -1.00 -1.00 2 2 0.9404 -0.0105 0.000110
1220.00 P 20260814 -1.00 -1.00 3 17 0.9273 -0.0104 0.000111
1225.00 P 20260814 -1.00 -1.00 2 2 1.2471 -0.0435 0.000275
1230.00 P 20260814 -1.00 -1.00 4 3 0.8857 -0.0093 0.000106
1020.00 C 20260821 -1.00 -1.00 2 9 1.3405 0.9735 0.000128
1040.00 C 20260821 -1.00 -1.00 2 14 1.4978 0.9554 0.000177
1060.00 C 20260821 -1.00 -1.00 1 3 1.1031 0.9830 0.000105
1080.00 C 20260821 -1.00 -1.00 2 8 1.1180 0.9788 0.000127
1100.00 C 20260821 -1.00 -1.00 2 17 1.2792 0.9577 0.000197
1120.00 C 20260821 -1.00 -1.00 2 2 0.9209 0.9868 0.000101
1140.00 C 20260821 -1.00 -1.00 2 4 0.8793 0.9868 0.000106
1160.00 C 20260821 -1.00 -1.00 5 27 0.8924 0.9818 0.000138
1180.00 C 20260821 -1.00 -1.00 1 34 0.8953 0.9777 0.000165
1200.00 C 20260821 -1.00 -1.00 2 7 1.0623 0.9502 0.000273
1210.00 C 20260821 -1.00 -1.00 1 1 1.1745 0.9287 0.000325
1220.00 C 20260821 -1.00 -1.00 2 10 1.3320 0.9035 0.000364
1230.00 C 20260821 -1.00 -1.00 1 5 0.8361 0.9712 0.000220
1020.00 P 20260821 -1.00 -1.00 1 164 0.9706 -0.0048 0.000040
1040.00 P 20260821 -1.00 -1.00 1 137 0.9401 -0.0051 0.000044
1060.00 P 20260821 -1.00 -1.00 30 52 0.9102 -0.0055 0.000048
1080.00 P 20260821 -1.00 -1.00 60 104 0.9013 -0.0068 0.000059
1100.00 P 20260821 -1.00 -1.00 40 653 0.8562 -0.0065 0.000059
1120.00 P 20260821 -1.00 -1.00 80 60 0.8319 -0.0071 0.000066
1140.00 P 20260821 -1.00 -1.00 40 70 0.8201 -0.0083 0.000078
1160.00 P 20260821 -1.00 -1.00 3 64 0.8086 -0.0098 0.000091
1180.00 P 20260821 -1.00 -1.00 2 64 0.7860 -0.0115 0.000107
1200.00 P 20260821 -1.00 -1.00 24 218 0.7820 -0.0153 0.000137
1210.00 P 20260821 -1.00 -1.00 104 243 0.7536 -0.0143 0.000135
1220.00 P 20260821 -1.00 -1.00 33 64 0.7469 -0.0157 0.000147
1230.00 P 20260821 -1.00 -1.00 1 172 0.7385 -0.0170 0.000159
2150.00 C 20260807 -1.00 -1.00 120 102 1.3672 0.0137 0.000189
2160.00 C 20260807 -1.00 -1.00 10 52 1.1884 0.0045 0.000081
2170.00 C 20260807 -1.00 -1.00 1 4 1.5702 0.0260 0.000282
2180.00 C 20260807 -1.00 -1.00 60 174 1.8038 0.0434 0.000376
2190.00 C 20260807 -1.00 -1.00 15 114 1.4343 0.0124 0.000164
2200.00 C 20260807 -1.00 -1.00 16 71 1.4033 0.0101 0.000140
2210.00 C 20260807 -1.00 -1.00 3 3 1.4601 0.0115 0.000151
2220.00 C 20260807 -1.00 -1.00 3 73 1.6166 0.0192 0.000212
2230.00 C 20260807 -1.00 -1.00 3 4 1.4420 0.0088 0.000120
2240.00 C 20260807 -1.00 -1.00 3 30 1.4620 0.0087 0.000117
2250.00 C 20260807 -1.00 -1.00 5 28 1.4820 0.0086 0.000114
2260.00 C 20260807 -1.00 -1.00 1 12 1.5525 0.0105 0.000131
2270.00 C 20260807 -1.00 -1.00 2 3 1.5649 0.0101 0.000125
2280.00 C 20260807 -1.00 -1.00 6 21 1.5989 0.0106 0.000128
2290.00 C 20260807 -1.00 -1.00 40 43 1.5322 0.0070 0.000092
2300.00 C 20260807 -1.00 -1.00 40 70 1.6235 0.0098 0.000117
2310.00 C 20260807 -1.00 -1.00 10 10 1.6142 0.0086 0.000105
2320.00 C 20260807 -1.00 -1.00 1 4 1.6336 0.0085 0.000103
2330.00 C 20260807 -1.00 -1.00 1 5 1.6457 0.0081 0.000098
2340.00 C 20260807 -1.00 -1.00 1 1 1.7502 0.0112 0.000123
2350.00 C 20260807 -1.00 -1.00 20 20 1.9127 0.0172 0.000164
2360.00 C 20260807 -1.00 -1.00 2 2 1.9282 0.0166 0.000158
2370.00 C 20260807 -1.00 -1.00 1 13 1.7219 0.0078 0.000090
2150.00 P 20260807 -1.00 -1.00 4 0 1.3078 -0.9898 0.000167
2160.00 P 20260807 -1.00 -1.00 6 0 -1.0000 -1.0000 -1.000000
2170.00 P 20260807 -1.00 -1.00 9 0 1.4117 -0.9874 0.000183
2180.00 P 20260807 -1.00 -1.00 6 0 1.4571 -0.9863 0.000189
2190.00 P 20260807 -1.00 -1.00 4 0 -1.0000 -1.0000 -1.000000
2200.00 P 20260807 -1.00 -1.00 -1 0 1.4426 -0.9891 0.000159
2210.00 P 20260807 -1.00 -1.00 5 0 -1.0000 -1.0000 -1.000000
2220.00 P 20260807 -1.00 -1.00 -1 0 -1.0000 -1.0000 -1.000000
2230.00 P 20260807 -1.00 -1.00 -1 0 1.5643 -0.9871 0.000167
2240.00 P 20260807 -1.00 -1.00 -1 0 -1.0000 -1.0000 -1.000000
2250.00 P 20260807 -1.00 -1.00 -1 0 1.6043 -0.9874 0.000160
2260.00 P 20260807 -1.00 -1.00 -1 0 -1.0000 -1.0000 -1.000000
2270.00 P 20260807 -1.00 -1.00 1 0 -1.0000 -1.0000 -1.000000
2280.00 P 20260807 -1.00 -1.00 2 0 1.6636 -0.9878 0.000150
2290.00 P 20260807 -1.00 -1.00 1 0 1.6076 -0.9908 0.000124
2300.00 P 20260807 -1.00 -1.00 1 0 -1.0000 -1.0000 -1.000000
2310.00 P 20260807 -1.00 -1.00 -1 0 -1.0000 -1.0000 -1.000000
2320.00 P 20260807 -1.00 -1.00 1 0 1.7415 -0.9883 0.000138
2330.00 P 20260807 -1.00 -1.00 -1 0 -1.0000 -1.0000 -1.000000
2340.00 P 20260807 -1.00 -1.00 1 0 1.9108 -0.9818 0.000177
2350.00 P 20260807 -1.00 -1.00 -1 0 1.7990 -0.9886 0.000130
2360.00 P 20260807 -1.00 -1.00 -1 0 1.7733 -0.9903 0.000116
2370.00 P 20260807 -1.00 -1.00 -1 0 1.8661 -0.9878 0.000132
2150.00 C 20260814 -1.00 -1.00 3 3 0.7198 0.0192 0.000239
2160.00 C 20260814 -1.00 -1.00 -1 0 0.7207 0.0170 0.000216
2170.00 C 20260814 -1.00 -1.00 2 1 0.7278 0.0159 0.000203
2180.00 C 20260814 -1.00 -1.00 -1 0 0.7350 0.0149 0.000190
2190.00 C 20260814 -1.00 -1.00 42 56 0.7427 0.0141 0.000181
2200.00 C 20260814 -1.00 -1.00 4 16 0.7420 0.0131 0.000169
2210.00 C 20260814 -1.00 -1.00 -1 0 0.7448 0.0124 0.000159
2220.00 C 20260814 -1.00 -1.00 1 32 0.7513 0.0119 0.000153
2230.00 C 20260814 -1.00 -1.00 26 26 0.7723 0.0126 0.000157
2240.00 C 20260814 -1.00 -1.00 34 36 0.7823 0.0125 0.000153
2250.00 C 20260814 -1.00 -1.00 1 7 0.7814 0.0115 0.000142
2260.00 C 20260814 -1.00 -1.00 9 9 0.7914 0.0114 0.000139
2270.00 C 20260814 -1.00 -1.00 1 1 0.9463 0.0287 0.000257
2280.00 C 20260814 -1.00 -1.00 1 2 1.1151 0.0544 0.000365
2290.00 C 20260814 -1.00 -1.00 2 2 1.1922 0.0653 0.000396
2300.00 C 20260814 -1.00 -1.00 2 1 0.9349 0.0220 0.000207
2310.00 C 20260814 -1.00 -1.00 78 31 1.1834 0.0584 0.000364
2320.00 C 20260814 -1.00 -1.00 8 5 0.9295 0.0177 0.000174
2330.00 C 20260814 -1.00 -1.00 2 1 0.8492 0.0098 0.000113
2340.00 C 20260814 -1.00 -1.00 105 41 0.8446 0.0086 0.000101
2350.00 C 20260814 -1.00 -1.00 1 1 0.8472 0.0080 0.000094
2360.00 C 20260814 -1.00 -1.00 2 2 0.8532 0.0076 0.000090
2370.00 C 20260814 -1.00 -1.00 2 3 0.8628 0.0075 0.000088
2150.00 P 20260814 -1.00 -1.00 -1 0 0.7357 -0.9818 0.000273
2160.00 P 20260814 -1.00 -1.00 -1 0 0.7440 -0.9827 0.000261
2170.00 P 20260814 -1.00 -1.00 -1 0 0.6632 -0.9957 0.000142
2180.00 P 20260814 -1.00 -1.00 -1 0 0.7640 -0.9839 0.000244
2190.00 P 20260814 -1.00 -1.00 -1 0 -1.0000 -1.0000 -1.000000
2200.00 P 20260814 -1.00 -1.00 -1 0 0.7197 -0.9932 0.000159
2210.00 P 20260814 -1.00 -1.00 -1 0 0.7955 -0.9852 0.000222
2220.00 P 20260814 -1.00 -1.00 -1 0 0.7157 -0.9960 0.000124
2230.00 P 20260814 -1.00 -1.00 -1 0 0.8266 -0.9842 0.000220
2240.00 P 20260814 -1.00 -1.00 -1 0 -1.0000 -1.0000 -1.000000
2250.00 P 20260814 -1.00 -1.00 -1 0 0.8458 -0.9852 0.000207
2260.00 P 20260814 -1.00 -1.00 -1 0 0.8573 -0.9854 0.000202
2270.00 P 20260814 -1.00 -1.00 -1 0 0.8648 -0.9862 0.000194
2280.00 P 20260814 -1.00 -1.00 -1 0 0.8761 -0.9863 0.000190
2290.00 P 20260814 -1.00 -1.00 1 0 0.8952 -0.9852 0.000193
2300.00 P 20260814 -1.00 -1.00 -1 0 0.8219 -0.9939 0.000127
2310.00 P 20260814 -1.00 -1.00 -1 0 0.9138 -0.9861 0.000183
2320.00 P 20260814 -1.00 -1.00 -1 0 0.8171 -0.9964 0.000100
2330.00 P 20260814 -1.00 -1.00 -1 0 0.9400 -0.9858 0.000179
2340.00 P 20260814 -1.00 -1.00 2 0 0.9350 -0.9884 0.000162
2350.00 P 20260814 -1.00 -1.00 1 0 -1.0000 -1.0000 -1.000000
2360.00 P 20260814 -1.00 -1.00 1 0 0.9610 -0.9880 0.000159
2370.00 P 20260814 -1.00 -1.00 -1 0 0.9024 -0.9933 0.000119
2160.00 C 20260821 -1.00 -1.00 5 89 0.6501 0.0397 0.000372
2180.00 C 20260821 -1.00 -1.00 3 408 0.6407 0.0325 0.000320
2200.00 C 20260821 -1.00 -1.00 23 350 0.6547 0.0311 0.000301
2220.00 C 20260821 -1.00 -1.00 20 462 0.6521 0.0267 0.000265
2240.00 C 20260821 -1.00 -1.00 2 56 0.6589 0.0242 0.000240
2260.00 C 20260821 -1.00 -1.00 1 29 0.6691 0.0223 0.000221
2280.00 C 20260821 -1.00 -1.00 1 69 0.6746 0.0196 0.000197
2300.00 C 20260821 -1.00 -1.00 5 128 0.6858 0.0181 0.000181
2320.00 C 20260821 -1.00 -1.00 5 17 0.6969 0.0166 0.000167
2340.00 C 20260821 -1.00 -1.00 1 200 0.7067 0.0150 0.000151
2360.00 C 20260821 -1.00 -1.00 1 28 0.7112 0.0138 0.000140
2160.00 P 20260821 -1.00 -1.00 1 14 0.6177 -0.9736 0.000348
2180.00 P 20260821 -1.00 -1.00 1 6 0.6070 -0.9806 0.000304
2200.00 P 20260821 -1.00 -1.00 1 4 -1.0000 -1.0000 -1.000000
2220.00 P 20260821 -1.00 -1.00 4 2 -1.0000 -1.0000 -1.000000
2240.00 P 20260821 -1.00 -1.00 2 0 -1.0000 -1.0000 -1.000000
2260.00 P 20260821 -1.00 -1.00 1 0 -1.0000 -1.0000 -1.000000
2280.00 P 20260821 -1.00 -1.00 4 4 0.6153 -0.9965 0.000119
2300.00 P 20260821 -1.00 -1.00 5 0 -1.0000 -1.0000 -1.000000
2320.00 P 20260821 -1.00 -1.00 1 0 -1.0000 -1.0000 -1.000000
2340.00 P 20260821 -1.00 -1.00 1 0 -1.0000 -1.0000 -1.000000
2360.00 P 20260821 -1.00 -1.00 1 0 -1.0000 -1.0000 -1.000000
