# opt_chain WDC | epoch 1785947368 | 2026-08-05 12:29:28 | spot 550.42 | exps 20260807 20260814 20260821
# fuente polygon_snapshot_v3 | greeks polygon_directo | iv polygon_directo | oi polygon_directo | vol day.volume(-1 si no cotizo) | bid/ask NO_ENTITLED(-1) | spot_src ibkr_bridge spot_edad_s 87 | band 0.6000 vencimientos 3 exp_hasta 2026-08-21
# strike right exp bid ask vol oi iv delta gamma
332.50 C 20260807 -1.00 -1.00 -1 0 3.7498 0.9667 0.000453
335.00 C 20260807 -1.00 -1.00 1 1 4.0794 0.9553 0.000536
337.50 C 20260807 -1.00 -1.00 1 1 3.8560 0.9596 0.000519
340.00 C 20260807 -1.00 -1.00 1 12 3.5912 0.9660 0.000482
342.50 C 20260807 -1.00 -1.00 -1 0 3.6803 0.9610 0.000527
345.00 C 20260807 -1.00 -1.00 3 3 3.4470 0.9669 0.000491
347.50 C 20260807 -1.00 -1.00 -1 0 3.9632 0.9482 0.000622
350.00 C 20260807 -1.00 -1.00 1 1 3.6171 0.9570 0.000583
352.50 C 20260807 -1.00 -1.00 1 1 3.4926 0.9590 0.000579
355.00 C 20260807 -1.00 -1.00 4 4 3.5170 0.9561 0.000610
357.50 C 20260807 -1.00 -1.00 -1 0 3.2324 0.9641 0.000559
360.00 C 20260807 -1.00 -1.00 6 30 3.5163 0.9520 0.000659
362.50 C 20260807 -1.00 -1.00 -1 0 3.2825 0.9578 0.000631
365.00 C 20260807 -1.00 -1.00 -1 0 3.2240 0.9578 0.000643
367.50 C 20260807 -1.00 -1.00 -1 0 3.1382 0.9588 0.000647
370.00 C 20260807 -1.00 -1.00 25 44 3.3494 0.9490 0.000729
372.50 C 20260807 -1.00 -1.00 57 22 3.2363 0.9507 0.000732
375.00 C 20260807 -1.00 -1.00 82 34 3.2472 0.9481 0.000763
377.50 C 20260807 -1.00 -1.00 50 6 3.1557 0.9491 0.000772
380.00 C 20260807 -1.00 -1.00 36 6 3.1851 0.9450 0.000813
382.50 C 20260807 -1.00 -1.00 14 1 3.0762 0.9474 0.000814
385.00 C 20260807 -1.00 -1.00 18 7 3.0334 0.9467 0.000835
387.50 C 20260807 -1.00 -1.00 50 14 3.0046 0.9450 0.000863
390.00 C 20260807 -1.00 -1.00 2 15 2.8953 0.9473 0.000865
392.50 C 20260807 -1.00 -1.00 6 2 3.0022 0.9373 0.000948
395.00 C 20260807 -1.00 -1.00 16 10 2.7656 0.9478 0.000898
397.50 C 20260807 -1.00 -1.00 12 8 2.7886 0.9437 0.000947
400.00 C 20260807 -1.00 -1.00 1 54 2.7104 0.9451 0.000957
402.50 C 20260807 -1.00 -1.00 6 13 2.6039 0.9473 0.000961
405.00 C 20260807 -1.00 -1.00 80 25 2.6160 0.9438 0.001009
407.50 C 20260807 -1.00 -1.00 86 1 2.6729 0.9351 0.001093
410.00 C 20260807 -1.00 -1.00 14 18 2.6161 0.9350 0.001119
412.50 C 20260807 -1.00 -1.00 26 15 2.5106 0.9387 0.001118
415.00 C 20260807 -1.00 -1.00 116 10 2.5824 0.9287 0.001213
417.50 C 20260807 -1.00 -1.00 104 0 2.4477 0.9346 0.001202
420.00 C 20260807 -1.00 -1.00 12 7 2.5267 0.9239 0.001302
422.50 C 20260807 -1.00 -1.00 110 18 2.4526 0.9249 0.001328
425.00 C 20260807 -1.00 -1.00 110 21 2.3678 0.9270 0.001347
427.50 C 20260807 -1.00 -1.00 18 50 2.3612 0.9227 0.001409
430.00 C 20260807 -1.00 -1.00 24 60 2.3583 0.9182 0.001474
432.50 C 20260807 -1.00 -1.00 6 6 2.2893 0.9189 0.001508
435.00 C 20260807 -1.00 -1.00 4 13 2.3269 0.9110 0.001594
437.50 C 20260807 -1.00 -1.00 4 9 2.3132 0.9072 0.001657
440.00 C 20260807 -1.00 -1.00 1 16 2.3579 0.8990 0.001738
442.50 C 20260807 -1.00 -1.00 1 38 2.2860 0.8994 0.001786
445.00 C 20260807 -1.00 -1.00 18 24 2.2472 0.8974 0.001846
447.50 C 20260807 -1.00 -1.00 1 34 2.0930 0.9047 0.001869
450.00 C 20260807 -1.00 -1.00 1 70 2.0333 0.9045 0.001926
452.50 C 20260807 -1.00 -1.00 2 62 2.0458 0.8979 0.002017
455.00 C 20260807 -1.00 -1.00 3 42 2.0439 0.8926 0.002103
457.50 C 20260807 -1.00 -1.00 6 34 2.0099 0.8900 0.002180
460.00 C 20260807 -1.00 -1.00 14 111 1.9369 0.8906 0.002251
462.50 C 20260807 -1.00 -1.00 6 9 2.1897 0.8571 0.002376
465.00 C 20260807 -1.00 -1.00 7 19 1.9241 0.8788 0.002442
467.50 C 20260807 -1.00 -1.00 7 21 1.8673 0.8776 0.002533
470.00 C 20260807 -1.00 -1.00 4 29 1.8318 0.8735 0.002634
472.50 C 20260807 -1.00 -1.00 10 9 1.9347 0.8524 0.002749
475.00 C 20260807 -1.00 -1.00 1 13 1.9040 0.8474 0.002854
477.50 C 20260807 -1.00 -1.00 1 20 1.8781 0.8418 0.002964
480.00 C 20260807 -1.00 -1.00 3 101 1.7989 0.8421 0.003090
482.50 C 20260807 -1.00 -1.00 1 1 2.1858 0.7977 0.003023
485.00 C 20260807 -1.00 -1.00 21 30 1.8104 0.8229 0.003317
487.50 C 20260807 -1.00 -1.00 1 6 1.7896 0.8161 0.003444
490.00 C 20260807 -1.00 -1.00 25 33 1.8172 0.8044 0.003542
492.50 C 20260807 -1.00 -1.00 2 10 1.8331 0.7941 0.003643
495.00 C 20260807 -1.00 -1.00 3 34 1.8143 0.7854 0.003759
497.50 C 20260807 -1.00 -1.00 2 3 1.9769 0.7580 0.003652
500.00 C 20260807 -1.00 -1.00 15 90 1.7995 0.7643 0.003962
502.50 C 20260807 -1.00 -1.00 2 2 1.7948 0.7534 0.004062
505.00 C 20260807 -1.00 -1.00 2 35 1.7780 0.7435 0.004181
507.50 C 20260807 -1.00 -1.00 2 8 1.7595 0.7336 0.004308
510.00 C 20260807 -1.00 -1.00 14 70 1.7894 0.7195 0.004352
512.50 C 20260807 -1.00 -1.00 3 42 1.7779 0.7088 0.004467
515.00 C 20260807 -1.00 -1.00 9 47 1.7664 0.6981 0.004585
517.50 C 20260807 -1.00 -1.00 3 23 1.7721 0.6861 0.004669
520.00 C 20260807 -1.00 -1.00 17 107 1.7795 0.6741 0.004749
522.50 C 20260807 -1.00 -1.00 4 13 1.7756 0.6618 0.004816
525.00 C 20260807 -1.00 -1.00 1 95 1.7644 0.6495 0.004889
527.50 C 20260807 -1.00 -1.00 3 34 1.7666 0.6365 0.004927
530.00 C 20260807 -1.00 -1.00 18 208 1.7570 0.6239 0.004997
532.50 C 20260807 -1.00 -1.00 3 27 1.7518 0.6110 0.005056
535.00 C 20260807 -1.00 -1.00 6 79 1.7452 0.5981 0.005119
537.50 C 20260807 -1.00 -1.00 2 39 1.7591 0.5848 0.005123
540.00 C 20260807 -1.00 -1.00 67 158 1.7628 0.5717 0.005157
542.50 C 20260807 -1.00 -1.00 3 28 1.7606 0.5588 0.005207
545.00 C 20260807 -1.00 -1.00 69 141 1.7598 0.5457 0.005254
547.50 C 20260807 -1.00 -1.00 22 54 1.7707 0.5329 0.005265
550.00 C 20260807 -1.00 -1.00 115 698 1.7532 0.5198 0.005320
552.50 C 20260807 -1.00 -1.00 45 121 1.7736 0.5076 0.005240
555.00 C 20260807 -1.00 -1.00 78 122 1.7463 0.4941 0.005302
557.50 C 20260807 -1.00 -1.00 32 43 1.7507 0.4815 0.005269
560.00 C 20260807 -1.00 -1.00 440 546 1.7523 0.4688 0.005245
562.50 C 20260807 -1.00 -1.00 25 139 1.7396 0.4554 0.005262
565.00 C 20260807 -1.00 -1.00 76 160 1.7354 0.4423 0.005254
567.50 C 20260807 -1.00 -1.00 1 76 1.7313 0.4291 0.005246
570.00 C 20260807 -1.00 -1.00 77 222 1.7457 0.4174 0.005185
572.50 C 20260807 -1.00 -1.00 3 19 1.7615 0.4059 0.005121
575.00 C 20260807 -1.00 -1.00 32 355 1.7673 0.3938 0.005086
577.50 C 20260807 -1.00 -1.00 10 18 1.7669 0.3813 0.005063
580.00 C 20260807 -1.00 -1.00 85 181 1.7490 0.3689 0.005035
582.50 C 20260807 -1.00 -1.00 2 26 1.7440 0.3575 0.004975
585.00 C 20260807 -1.00 -1.00 27 88 1.7359 0.3456 0.004921
587.50 C 20260807 -1.00 -1.00 4 9 1.7438 0.3356 0.004833
590.00 C 20260807 -1.00 -1.00 392 367 1.7421 0.3244 0.004765
592.50 C 20260807 -1.00 -1.00 12 10 1.7340 0.3125 0.004709
595.00 C 20260807 -1.00 -1.00 10 172 1.7482 0.3034 0.004612
597.50 C 20260807 -1.00 -1.00 12 36 1.7449 0.2920 0.004547
600.00 C 20260807 -1.00 -1.00 547 572 1.7590 0.2832 0.004453
602.50 C 20260807 -1.00 -1.00 1 12 1.7415 0.2697 0.004410
605.00 C 20260807 -1.00 -1.00 54 94 1.7556 0.2610 0.004319
607.50 C 20260807 -1.00 -1.00 7 20 1.7665 0.2519 0.004234
610.00 C 20260807 -1.00 -1.00 98 224 1.7520 0.2418 0.004158
612.50 C 20260807 -1.00 -1.00 9 31 1.7506 0.2335 0.004066
615.00 C 20260807 -1.00 -1.00 21 62 1.7431 0.2243 0.003978
617.50 C 20260807 -1.00 -1.00 2 16 1.8357 0.2293 0.003830
620.00 C 20260807 -1.00 -1.00 56 449 1.8077 0.2176 0.003761
622.50 C 20260807 -1.00 -1.00 2 65 1.7391 0.1992 0.003699
625.00 C 20260807 -1.00 -1.00 76 571 1.8270 0.2048 0.003582
627.50 C 20260807 -1.00 -1.00 3 9 1.7425 0.1834 0.003510
630.00 C 20260807 -1.00 -1.00 77 226 1.7493 0.1765 0.003417
632.50 C 20260807 -1.00 -1.00 1 17 1.7419 0.1670 0.003323
635.00 C 20260807 -1.00 -1.00 24 99 1.7566 0.1615 0.003233
637.50 C 20260807 -1.00 -1.00 8 62 1.7673 0.1554 0.003145
640.00 C 20260807 -1.00 -1.00 98 185 1.7760 0.1490 0.003057
642.50 C 20260807 -1.00 -1.00 4 13 1.7713 0.1430 0.002971
645.00 C 20260807 -1.00 -1.00 31 156 1.7619 0.1365 0.002882
647.50 C 20260807 -1.00 -1.00 1 10 1.7645 0.1317 0.002799
650.00 C 20260807 -1.00 -1.00 766 599 1.7373 0.1226 0.002693
652.50 C 20260807 -1.00 -1.00 20 31 1.8322 0.1305 0.002676
655.00 C 20260807 -1.00 -1.00 8 623 1.7573 0.1149 0.002537
657.50 C 20260807 -1.00 -1.00 1 3 1.9112 0.1310 0.002572
660.00 C 20260807 -1.00 -1.00 66 185 1.7536 0.1038 0.002362
662.50 C 20260807 -1.00 -1.00 3 15 1.7591 0.0994 0.002283
665.00 C 20260807 -1.00 -1.00 5 198 1.7646 0.0950 0.002204
667.50 C 20260807 -1.00 -1.00 2 3 1.7701 0.0907 0.002127
670.00 C 20260807 -1.00 -1.00 46 146 1.8003 0.0903 0.002086
672.50 C 20260807 -1.00 -1.00 -1 0 1.9564 0.1086 0.002187
675.00 C 20260807 -1.00 -1.00 43 156 1.7849 0.0777 0.001901
677.50 C 20260807 -1.00 -1.00 1 0 1.7781 0.0741 0.001833
680.00 C 20260807 -1.00 -1.00 194 294 1.7583 0.0692 0.001748
682.50 C 20260807 -1.00 -1.00 -1 0 2.0460 0.1027 0.002009
685.00 C 20260807 -1.00 -1.00 8 67 1.7591 0.0633 0.001624
687.50 C 20260807 -1.00 -1.00 -1 0 1.6764 0.0509 0.001427
690.00 C 20260807 -1.00 -1.00 47 119 1.7659 0.0581 0.001508
692.50 C 20260807 -1.00 -1.00 -1 0 2.1395 0.0981 0.001860
695.00 C 20260807 -1.00 -1.00 1 25 1.7039 0.0449 0.001273
697.50 C 20260807 -1.00 -1.00 1 0 1.7739 0.0502 0.001334
700.00 C 20260807 -1.00 -1.00 882 1514 1.7544 0.0450 0.001238
702.50 C 20260807 -1.00 -1.00 -1 0 1.7082 0.0362 0.001080
705.00 C 20260807 -1.00 -1.00 3 16 1.7280 0.0358 0.001058
707.50 C 20260807 -1.00 -1.00 -1 0 2.0399 0.0670 0.001465
710.00 C 20260807 -1.00 -1.00 92 245 1.8219 0.0413 0.001118
712.50 C 20260807 -1.00 -1.00 -1 0 2.2150 0.0776 0.001524
715.00 C 20260807 -1.00 -1.00 16 47 1.8588 0.0400 0.001070
717.50 C 20260807 -1.00 -1.00 1 0 2.2259 0.0739 0.001456
720.00 C 20260807 -1.00 -1.00 33 194 1.8522 0.0350 0.000966
722.50 C 20260807 -1.00 -1.00 -1 0 2.1976 0.0669 0.001358
725.00 C 20260807 -1.00 -1.00 24 58 1.8599 0.0327 0.000907
727.50 C 20260807 -1.00 -1.00 7 0 1.9950 0.0421 0.001036
730.00 C 20260807 -1.00 -1.00 8 123 1.8171 0.0272 0.000790
732.50 C 20260807 -1.00 -1.00 -1 0 2.2290 0.0606 0.001234
735.00 C 20260807 -1.00 -1.00 4 54 2.1713 0.0529 0.001136
740.00 C 20260807 -1.00 -1.00 2 330 1.8422 0.0234 0.000683
745.00 C 20260807 -1.00 -1.00 1 22 1.8614 0.0220 0.000641
750.00 C 20260807 -1.00 -1.00 51 326 1.8613 0.0193 0.000574
755.00 C 20260807 -1.00 -1.00 7 98 1.9108 0.0200 0.000578
760.00 C 20260807 -1.00 -1.00 6 47 1.8381 0.0135 0.000434
765.00 C 20260807 -1.00 -1.00 5 26 1.9368 0.0166 0.000489
770.00 C 20260807 -1.00 -1.00 25 18 1.9478 0.0148 0.000444
332.50 P 20260807 -1.00 -1.00 -1 0 3.0724 -0.0144 0.000271
335.00 P 20260807 -1.00 -1.00 1 76 3.3182 -0.0211 0.000353
337.50 P 20260807 -1.00 -1.00 6 2 2.8607 -0.0113 0.000237
340.00 P 20260807 -1.00 -1.00 182 331 2.3377 -0.0030 0.000090
342.50 P 20260807 -1.00 -1.00 7 30 3.1934 -0.0219 0.000380
345.00 P 20260807 -1.00 -1.00 162 222 2.1651 -0.0023 0.000076
347.50 P 20260807 -1.00 -1.00 9 68 2.4677 -0.0070 0.000181
350.00 P 20260807 -1.00 -1.00 34 430 2.1403 -0.0027 0.000087
352.50 P 20260807 -1.00 -1.00 6 87 2.6252 -0.0122 0.000276
355.00 P 20260807 -1.00 -1.00 9 97 2.2405 -0.0052 0.000151
357.50 P 20260807 -1.00 -1.00 6 103 2.6582 -0.0159 0.000343
360.00 P 20260807 -1.00 -1.00 47 138 2.1417 -0.0047 0.000145
362.50 P 20260807 -1.00 -1.00 43 64 2.3822 -0.0097 0.000253
365.00 P 20260807 -1.00 -1.00 101 136 2.0572 -0.0044 0.000143
367.50 P 20260807 -1.00 -1.00 2 12 3.0917 -0.0394 0.000631
370.00 P 20260807 -1.00 -1.00 26 192 2.1085 -0.0069 0.000208
372.50 P 20260807 -1.00 -1.00 1 24 2.0316 -0.0061 0.000193
375.00 P 20260807 -1.00 -1.00 19 344 2.0444 -0.0071 0.000221
377.50 P 20260807 -1.00 -1.00 7 2 2.0381 -0.0077 0.000239
380.00 P 20260807 -1.00 -1.00 10 319 2.0256 -0.0082 0.000254
382.50 P 20260807 -1.00 -1.00 6 18 2.0320 -0.0091 0.000279
385.00 P 20260807 -1.00 -1.00 37 133 2.0296 -0.0098 0.000300
387.50 P 20260807 -1.00 -1.00 91 167 2.2823 -0.0213 0.000515
390.00 P 20260807 -1.00 -1.00 68 292 1.9928 -0.0116 0.000349
392.50 P 20260807 -1.00 -1.00 2 7 1.8332 -0.0081 0.000276
395.00 P 20260807 -1.00 -1.00 28 289 1.9192 -0.0117 0.000366
397.50 P 20260807 -1.00 -1.00 8 28 1.8285 -0.0096 0.000325
400.00 P 20260807 -1.00 -1.00 515 798 2.0394 -0.0203 0.000553
402.50 P 20260807 -1.00 -1.00 1 10 1.9712 -0.0193 0.000545
405.00 P 20260807 -1.00 -1.00 9 123 1.9218 -0.0189 0.000550
407.50 P 20260807 -1.00 -1.00 5 14 1.9381 -0.0214 0.000608
410.00 P 20260807 -1.00 -1.00 487 263 1.7692 -0.0155 0.000502
412.50 P 20260807 -1.00 -1.00 12 23 2.2156 -0.0434 0.000955
415.00 P 20260807 -1.00 -1.00 76 138 1.9062 -0.0253 0.000721
417.50 P 20260807 -1.00 -1.00 3 37 2.0128 -0.0364 0.000909
420.00 P 20260807 -1.00 -1.00 163 250 1.8634 -0.0284 0.000806
422.50 P 20260807 -1.00 -1.00 2 36 1.9011 -0.0349 0.000929
425.00 P 20260807 -1.00 -1.00 292 447 1.8541 -0.0347 0.000949
427.50 P 20260807 -1.00 -1.00 4 20 1.9274 -0.0437 0.001104
430.00 P 20260807 -1.00 -1.00 101 294 1.8399 -0.0407 0.001088
432.50 P 20260807 -1.00 -1.00 14 31 1.7859 -0.0400 0.001106
435.00 P 20260807 -1.00 -1.00 43 110 1.7853 -0.0436 0.001189
437.50 P 20260807 -1.00 -1.00 11 26 1.8176 -0.0497 0.001304
440.00 P 20260807 -1.00 -1.00 61 366 1.8320 -0.0544 0.001397
442.50 P 20260807 -1.00 -1.00 3 24 1.8376 -0.0584 0.001481
445.00 P 20260807 -1.00 -1.00 27 182 1.8335 -0.0635 0.001577
447.50 P 20260807 -1.00 -1.00 3 45 1.8250 -0.0686 0.001673
450.00 P 20260807 -1.00 -1.00 469 645 1.8181 -0.0739 0.001772
452.50 P 20260807 -1.00 -1.00 8 51 1.8154 -0.0796 0.001876
455.00 P 20260807 -1.00 -1.00 55 107 1.8007 -0.0841 0.001971
457.50 P 20260807 -1.00 -1.00 13 58 1.7996 -0.0901 0.002079
460.00 P 20260807 -1.00 -1.00 126 455 1.8056 -0.0969 0.002192
462.50 P 20260807 -1.00 -1.00 13 38 1.8009 -0.1025 0.002297
465.00 P 20260807 -1.00 -1.00 57 182 1.8033 -0.1089 0.002407
467.50 P 20260807 -1.00 -1.00 5 266 1.8057 -0.1152 0.002516
470.00 P 20260807 -1.00 -1.00 258 188 1.8017 -0.1225 0.002628
472.50 P 20260807 -1.00 -1.00 9 33 1.7994 -0.1312 0.002743
475.00 P 20260807 -1.00 -1.00 33 143 1.7784 -0.1374 0.002858
477.50 P 20260807 -1.00 -1.00 6 16 1.7622 -0.1444 0.002976
480.00 P 20260807 -1.00 -1.00 76 158 1.7554 -0.1527 0.003098
482.50 P 20260807 -1.00 -1.00 7 52 1.7578 -0.1622 0.003219
485.00 P 20260807 -1.00 -1.00 33 134 1.7580 -0.1713 0.003340
487.50 P 20260807 -1.00 -1.00 10 61 1.7489 -0.1795 0.003466
490.00 P 20260807 -1.00 -1.00 60 699 1.7582 -0.1897 0.003582
492.50 P 20260807 -1.00 -1.00 4 66 1.7630 -0.1993 0.003700
495.00 P 20260807 -1.00 -1.00 17 112 1.7712 -0.2095 0.003810
497.50 P 20260807 -1.00 -1.00 6 69 1.7665 -0.2206 0.003912
500.00 P 20260807 -1.00 -1.00 122 344 1.7567 -0.2311 0.004022
502.50 P 20260807 -1.00 -1.00 1 14 1.7383 -0.2409 0.004147
505.00 P 20260807 -1.00 -1.00 3 184 1.7476 -0.2536 0.004231
507.50 P 20260807 -1.00 -1.00 1 79 1.7413 -0.2648 0.004340
510.00 P 20260807 -1.00 -1.00 49 90 1.7420 -0.2766 0.004437
512.50 P 20260807 -1.00 -1.00 1 195 1.7478 -0.2889 0.004525
515.00 P 20260807 -1.00 -1.00 4 80 1.7433 -0.3003 0.004632
517.50 P 20260807 -1.00 -1.00 47 57 1.7525 -0.3127 0.004711
520.00 P 20260807 -1.00 -1.00 80 110 1.7617 -0.3249 0.004789
522.50 P 20260807 -1.00 -1.00 3 24 1.7659 -0.3377 0.004843
525.00 P 20260807 -1.00 -1.00 22 145 1.7266 -0.3485 0.004992
527.50 P 20260807 -1.00 -1.00 6 190 1.7496 -0.3629 0.004974
530.00 P 20260807 -1.00 -1.00 42 153 1.7238 -0.3749 0.005091
532.50 P 20260807 -1.00 -1.00 3 26 1.7143 -0.3879 0.005164
535.00 P 20260807 -1.00 -1.00 35 133 1.7255 -0.4015 0.005177
537.50 P 20260807 -1.00 -1.00 25 10 1.7278 -0.4148 0.005216
540.00 P 20260807 -1.00 -1.00 135 106 1.6657 -0.4274 0.005455
542.50 P 20260807 -1.00 -1.00 2 22 1.7323 -0.4413 0.005293
545.00 P 20260807 -1.00 -1.00 23 92 1.7492 -0.4544 0.005288
547.50 P 20260807 -1.00 -1.00 1 25 1.7514 -0.4675 0.005326
550.00 P 20260807 -1.00 -1.00 250 690 1.7266 -0.4809 0.005404
552.50 P 20260807 -1.00 -1.00 23 23 1.7499 -0.4932 0.005313
555.00 P 20260807 -1.00 -1.00 116 48 1.7169 -0.5071 0.005394
557.50 P 20260807 -1.00 -1.00 1 2 1.7013 -0.5208 0.005421
560.00 P 20260807 -1.00 -1.00 133 67 1.7203 -0.5329 0.005342
562.50 P 20260807 -1.00 -1.00 18 2 1.7033 -0.5469 0.005373
565.00 P 20260807 -1.00 -1.00 1 35 1.7150 -0.5592 0.005317
567.50 P 20260807 -1.00 -1.00 1 3 1.7224 -0.5717 0.005275
570.00 P 20260807 -1.00 -1.00 14 18 1.7297 -0.5841 0.005233
572.50 P 20260807 -1.00 -1.00 -1 0 1.6320 -0.6061 0.005507
575.00 P 20260807 -1.00 -1.00 12 11 1.7400 -0.6089 0.005164
577.50 P 20260807 -1.00 -1.00 3 2 1.7388 -0.6214 0.005132
580.00 P 20260807 -1.00 -1.00 2 96 1.7516 -0.6311 0.005031
582.50 P 20260807 -1.00 -1.00 2 2 1.6598 -0.6518 0.005170
585.00 P 20260807 -1.00 -1.00 1 8 1.6214 -0.6680 0.005179
587.50 P 20260807 -1.00 -1.00 -1 0 1.7321 -0.6660 0.004860
590.00 P 20260807 -1.00 -1.00 3 44 1.7160 -0.6790 0.004819
592.50 P 20260807 -1.00 -1.00 -1 0 1.7543 -0.6852 0.004674
595.00 P 20260807 -1.00 -1.00 2 27 1.7128 -0.7017 0.004678
597.50 P 20260807 -1.00 -1.00 -1 0 1.7334 -0.7099 0.004569
600.00 P 20260807 -1.00 -1.00 6 69 1.7064 -0.7250 0.004541
602.50 P 20260807 -1.00 -1.00 2 2 1.7095 -0.7357 0.004462
605.00 P 20260807 -1.00 -1.00 1 18 1.7284 -0.7437 0.004361
607.50 P 20260807 -1.00 -1.00 3 0 1.7319 -0.7529 0.004273
610.00 P 20260807 -1.00 -1.00 2 16 1.7306 -0.7613 0.004179
612.50 P 20260807 -1.00 -1.00 -1 0 1.7150 -0.7718 0.004096
615.00 P 20260807 -1.00 -1.00 1 10 1.7178 -0.7797 0.003998
617.50 P 20260807 -1.00 -1.00 -1 0 1.7002 -0.7907 0.003910
620.00 P 20260807 -1.00 -1.00 1 33 1.7193 -0.7960 0.003804
622.50 P 20260807 -1.00 -1.00 1 1 1.6998 -0.8075 0.003713
625.00 P 20260807 -1.00 -1.00 1 21 1.7046 -0.8151 0.003613
627.50 P 20260807 -1.00 -1.00 -1 0 1.7094 -0.8226 0.003515
630.00 P 20260807 -1.00 -1.00 1 14 1.6900 -0.8345 0.003415
632.50 P 20260807 -1.00 -1.00 10 10 1.7028 -0.8405 0.003319
635.00 P 20260807 -1.00 -1.00 1 8 1.7075 -0.8480 0.003222
637.50 P 20260807 -1.00 -1.00 -1 0 1.7192 -0.8535 0.003131
640.00 P 20260807 -1.00 -1.00 21 25 1.6347 -0.8707 0.002994
642.50 P 20260807 -1.00 -1.00 -1 0 1.6136 -0.8796 0.002875
645.00 P 20260807 -1.00 -1.00 20 59 1.5686 -0.8927 0.002719
647.50 P 20260807 -1.00 -1.00 -1 0 1.6074 -0.8921 0.002662
650.00 P 20260807 -1.00 -1.00 2 75 1.5595 -0.9062 0.002486
652.50 P 20260807 -1.00 -1.00 1 1 1.3522 -0.9422 0.001988
655.00 P 20260807 -1.00 -1.00 1 5 1.4212 -0.9369 0.002030
657.50 P 20260807 -1.00 -1.00 -1 0 1.4028 -0.9431 0.001891
660.00 P 20260807 -1.00 -1.00 3 50 1.2804 -0.9655 0.001421
662.50 P 20260807 -1.00 -1.00 2 1 1.2939 -0.9668 0.001363
665.00 P 20260807 -1.00 -1.00 1 2 1.3571 -0.9615 0.001452
667.50 P 20260807 -1.00 -1.00 -1 0 1.1143 -0.9882 0.000707
670.00 P 20260807 -1.00 -1.00 2 30 1.1856 -0.9835 0.000846
672.50 P 20260807 -1.00 -1.00 -1 0 1.1484 -0.9886 0.000669
675.00 P 20260807 -1.00 -1.00 1 3 1.0602 -0.9946 0.000433
677.50 P 20260807 -1.00 -1.00 -1 0 1.1316 -0.9915 0.000539
680.00 P 20260807 -1.00 -1.00 1 1 1.1221 -0.9930 0.000471
682.50 P 20260807 -1.00 -1.00 -1 0 -1.0000 -1.0000 -1.000000
685.00 P 20260807 -1.00 -1.00 10 15 -1.0000 -1.0000 -1.000000
687.50 P 20260807 -1.00 -1.00 -1 0 -1.0000 -1.0000 -1.000000
690.00 P 20260807 -1.00 -1.00 2 4 -1.0000 -1.0000 -1.000000
692.50 P 20260807 -1.00 -1.00 -1 0 -1.0000 -1.0000 -1.000000
695.00 P 20260807 -1.00 -1.00 -1 0 -1.0000 -1.0000 -1.000000
697.50 P 20260807 -1.00 -1.00 -1 0 -1.0000 -1.0000 -1.000000
700.00 P 20260807 -1.00 -1.00 5 4 -1.0000 -1.0000 -1.000000
702.50 P 20260807 -1.00 -1.00 -1 0 -1.0000 -1.0000 -1.000000
705.00 P 20260807 -1.00 -1.00 -1 0 -1.0000 -1.0000 -1.000000
707.50 P 20260807 -1.00 -1.00 -1 0 -1.0000 -1.0000 -1.000000
710.00 P 20260807 -1.00 -1.00 1 1 -1.0000 -1.0000 -1.000000
712.50 P 20260807 -1.00 -1.00 -1 0 -1.0000 -1.0000 -1.000000
715.00 P 20260807 -1.00 -1.00 1 2 -1.0000 -1.0000 -1.000000
717.50 P 20260807 -1.00 -1.00 -1 0 -1.0000 -1.0000 -1.000000
720.00 P 20260807 -1.00 -1.00 4 4 -1.0000 -1.0000 -1.000000
722.50 P 20260807 -1.00 -1.00 -1 0 -1.0000 -1.0000 -1.000000
725.00 P 20260807 -1.00 -1.00 1 0 -1.0000 -1.0000 -1.000000
727.50 P 20260807 -1.00 -1.00 -1 0 -1.0000 -1.0000 -1.000000
730.00 P 20260807 -1.00 -1.00 1 1 -1.0000 -1.0000 -1.000000
732.50 P 20260807 -1.00 -1.00 -1 0 -1.0000 -1.0000 -1.000000
735.00 P 20260807 -1.00 -1.00 2 2 -1.0000 -1.0000 -1.000000
740.00 P 20260807 -1.00 -1.00 2 1 -1.0000 -1.0000 -1.000000
745.00 P 20260807 -1.00 -1.00 -1 0 -1.0000 -1.0000 -1.000000
750.00 P 20260807 -1.00 -1.00 1 1 -1.0000 -1.0000 -1.000000
755.00 P 20260807 -1.00 -1.00 1 0 -1.0000 -1.0000 -1.000000
760.00 P 20260807 -1.00 -1.00 1 0 -1.0000 -1.0000 -1.000000
765.00 P 20260807 -1.00 -1.00 -1 0 -1.0000 -1.0000 -1.000000
770.00 P 20260807 -1.00 -1.00 20 0 -1.0000 -1.0000 -1.000000
332.50 C 20260814 -1.00 -1.00 -1 0 2.0390 0.9570 0.000516
335.00 C 20260814 -1.00 -1.00 1 1 1.9193 0.9618 0.000495
337.50 C 20260814 -1.00 -1.00 -1 0 2.0072 0.9550 0.000546
340.00 C 20260814 -1.00 -1.00 1 0 1.9860 0.9542 0.000559
342.50 C 20260814 -1.00 -1.00 -1 0 1.9183 0.9561 0.000558
345.00 C 20260814 -1.00 -1.00 -1 0 1.7366 0.9657 0.000500
347.50 C 20260814 -1.00 -1.00 -1 0 1.8309 0.9574 0.000569
350.00 C 20260814 -1.00 -1.00 -1 0 1.9102 0.9508 0.000619
352.50 C 20260814 -1.00 -1.00 -1 0 1.8651 0.9514 0.000627
355.00 C 20260814 -1.00 -1.00 4 4 1.7215 0.9584 0.000593
357.50 C 20260814 -1.00 -1.00 -1 0 1.8388 0.9488 0.000665
360.00 C 20260814 -1.00 -1.00 1 27 1.7877 0.9500 0.000670
362.50 C 20260814 -1.00 -1.00 -1 0 1.7746 0.9487 0.000690
365.00 C 20260814 -1.00 -1.00 -1 0 1.8113 0.9417 0.000741
367.50 C 20260814 -1.00 -1.00 -1 0 1.6912 0.9499 0.000709
370.00 C 20260814 -1.00 -1.00 1 25 1.7660 0.9396 0.000780
372.50 C 20260814 -1.00 -1.00 -1 0 1.7386 0.9390 0.000798
375.00 C 20260814 -1.00 -1.00 10 43 1.7670 0.9327 0.000844
377.50 C 20260814 -1.00 -1.00 -1 0 1.6844 0.9378 0.000836
380.00 C 20260814 -1.00 -1.00 25 40 1.6299 0.9403 0.000839
382.50 C 20260814 -1.00 -1.00 -1 0 1.6446 0.9350 0.000884
385.00 C 20260814 -1.00 -1.00 1 9 1.5437 0.9432 0.000855
387.50 C 20260814 -1.00 -1.00 -1 0 1.5723 0.9360 0.000915
390.00 C 20260814 -1.00 -1.00 1 41 1.5734 0.9321 0.000955
392.50 C 20260814 -1.00 -1.00 -1 0 1.5938 0.9261 0.001005
395.00 C 20260814 -1.00 -1.00 20 15 1.5331 0.9293 0.001011
397.50 C 20260814 -1.00 -1.00 -1 0 1.5285 0.9261 0.001049
400.00 C 20260814 -1.00 -1.00 3 12 1.5298 0.9221 0.001091
402.50 C 20260814 -1.00 -1.00 -1 0 1.5061 0.9210 0.001120
405.00 C 20260814 -1.00 -1.00 2 1 1.5055 0.9172 0.001162
407.50 C 20260814 -1.00 -1.00 -1 0 1.5486 0.9087 0.001221
410.00 C 20260814 -1.00 -1.00 2 3 1.5896 0.9009 0.001271
412.50 C 20260814 -1.00 -1.00 -1 0 1.5094 0.9052 0.001290
415.00 C 20260814 -1.00 -1.00 -1 0 1.4523 0.9076 0.001313
417.50 C 20260814 -1.00 -1.00 -1 0 1.4538 0.9035 0.001358
420.00 C 20260814 -1.00 -1.00 1 6 1.4926 0.8954 0.001413
422.50 C 20260814 -1.00 -1.00 -1 0 1.4734 0.8935 0.001452
425.00 C 20260814 -1.00 -1.00 1 2 1.4358 0.8935 0.001490
427.50 C 20260814 -1.00 -1.00 2 0 1.4411 0.8880 0.001538
430.00 C 20260814 -1.00 -1.00 2 5 1.4753 0.8771 0.001591
432.50 C 20260814 -1.00 -1.00 -1 0 1.4245 0.8789 0.001633
435.00 C 20260814 -1.00 -1.00 4 6 1.4524 0.8690 0.001684
437.50 C 20260814 -1.00 -1.00 2 0 1.3703 0.8755 0.001729
440.00 C 20260814 -1.00 -1.00 2 28 1.3642 0.8704 0.001782
442.50 C 20260814 -1.00 -1.00 -1 0 1.3762 0.8625 0.001835
445.00 C 20260814 -1.00 -1.00 1 1 1.3531 0.8599 0.001890
447.50 C 20260814 -1.00 -1.00 1 1 1.3627 0.8524 0.001943
450.00 C 20260814 -1.00 -1.00 5 9 1.3531 0.8477 0.001998
452.50 C 20260814 -1.00 -1.00 -1 0 1.2907 0.8507 0.002067
455.00 C 20260814 -1.00 -1.00 1 4 1.3649 0.8340 0.002103
457.50 C 20260814 -1.00 -1.00 -1 0 1.3076 0.8356 0.002180
460.00 C 20260814 -1.00 -1.00 134 718 1.2733 0.8341 0.002252
462.50 C 20260814 -1.00 -1.00 -1 0 1.2817 0.8265 0.002308
465.00 C 20260814 -1.00 -1.00 4 3 1.2701 0.8216 0.002375
467.50 C 20260814 -1.00 -1.00 -1 0 1.2927 0.8123 0.002421
470.00 C 20260814 -1.00 -1.00 1 29 1.3517 0.7980 0.002427
472.50 C 20260814 -1.00 -1.00 -1 0 1.2695 0.8023 0.002559
475.00 C 20260814 -1.00 -1.00 3 5 1.2695 0.7944 0.002610
477.50 C 20260814 -1.00 -1.00 -1 0 1.2591 0.7878 0.002672
480.00 C 20260814 -1.00 -1.00 10 60 1.2549 0.7802 0.002727
482.50 C 20260814 -1.00 -1.00 12 6 1.2596 0.7713 0.002771
485.00 C 20260814 -1.00 -1.00 2 18 1.2740 0.7612 0.002800
487.50 C 20260814 -1.00 -1.00 6 3 1.2628 0.7544 0.002866
490.00 C 20260814 -1.00 -1.00 1 11 1.2551 0.7472 0.002929
492.50 C 20260814 -1.00 -1.00 -1 0 1.2378 0.7409 0.003008
495.00 C 20260814 -1.00 -1.00 2 3 1.2600 0.7301 0.003021
497.50 C 20260814 -1.00 -1.00 -1 0 1.2576 0.7222 0.003075
500.00 C 20260814 -1.00 -1.00 27 500 1.2457 0.7151 0.003148
502.50 C 20260814 -1.00 -1.00 1 1 1.2660 0.7050 0.003159
505.00 C 20260814 -1.00 -1.00 1 7 1.2628 0.6970 0.003215
507.50 C 20260814 -1.00 -1.00 1 1 1.2734 0.6880 0.003243
510.00 C 20260814 -1.00 -1.00 55 83 1.2262 0.6833 0.003396
512.50 C 20260814 -1.00 -1.00 41 41 1.2144 0.6750 0.003458
515.00 C 20260814 -1.00 -1.00 5 65 1.2163 0.6655 0.003478
517.50 C 20260814 -1.00 -1.00 1 41 1.2196 0.6559 0.003495
520.00 C 20260814 -1.00 -1.00 1 46 1.2073 0.6472 0.003555
522.50 C 20260814 -1.00 -1.00 2 4 1.2092 0.6377 0.003575
525.00 C 20260814 -1.00 -1.00 3 13 1.2051 0.6284 0.003613
527.50 C 20260814 -1.00 -1.00 2 4 1.1996 0.6191 0.003655
530.00 C 20260814 -1.00 -1.00 2 26 1.2000 0.6096 0.003680
532.50 C 20260814 -1.00 -1.00 3 4 1.2004 0.6001 0.003705
535.00 C 20260814 -1.00 -1.00 4 29 1.1971 0.5906 0.003741
537.50 C 20260814 -1.00 -1.00 3 3 1.1953 0.5811 0.003773
540.00 C 20260814 -1.00 -1.00 1 50 1.2067 0.5715 0.003764
542.50 C 20260814 -1.00 -1.00 13 10 1.2063 0.5621 0.003791
545.00 C 20260814 -1.00 -1.00 6 147 1.2169 0.5528 0.003784
547.50 C 20260814 -1.00 -1.00 10 29 1.2245 0.5436 0.003785
550.00 C 20260814 -1.00 -1.00 174 694 1.2093 0.5340 0.003837
552.50 C 20260814 -1.00 -1.00 7 68 1.2144 0.5251 0.003813
555.00 C 20260814 -1.00 -1.00 164 272 1.2044 0.5155 0.003837
557.50 C 20260814 -1.00 -1.00 3 14 1.2153 0.5069 0.003796
560.00 C 20260814 -1.00 -1.00 37 55 1.1997 0.4968 0.003837
562.50 C 20260814 -1.00 -1.00 2 1 1.2205 0.4891 0.003765
565.00 C 20260814 -1.00 -1.00 9 17 1.2127 0.4794 0.003781
567.50 C 20260814 -1.00 -1.00 1 11 1.2143 0.4705 0.003769
570.00 C 20260814 -1.00 -1.00 23 83 1.2016 0.4601 0.003800
572.50 C 20260814 -1.00 -1.00 3 5 1.2116 0.4520 0.003762
575.00 C 20260814 -1.00 -1.00 16 111 1.2131 0.4430 0.003750
577.50 C 20260814 -1.00 -1.00 1 24 1.1977 0.4321 0.003789
580.00 C 20260814 -1.00 -1.00 21 136 1.1985 0.4230 0.003779
582.50 C 20260814 -1.00 -1.00 2 12 1.2014 0.4141 0.003762
585.00 C 20260814 -1.00 -1.00 1 23 1.2065 0.4057 0.003740
587.50 C 20260814 -1.00 -1.00 1 0 1.2150 0.3978 0.003708
590.00 C 20260814 -1.00 -1.00 6 26 1.2125 0.3891 0.003692
592.50 C 20260814 -1.00 -1.00 -1 0 1.2062 0.3805 0.003673
595.00 C 20260814 -1.00 -1.00 1 37 1.2016 0.3720 0.003650
597.50 C 20260814 -1.00 -1.00 2 4 1.2017 0.3643 0.003616
600.00 C 20260814 -1.00 -1.00 56 188 1.1962 0.3556 0.003594
602.50 C 20260814 -1.00 -1.00 1 1 1.1948 0.3475 0.003562
605.00 C 20260814 -1.00 -1.00 4 33 1.1941 0.3396 0.003529
607.50 C 20260814 -1.00 -1.00 -1 0 1.1958 0.3320 0.003490
610.00 C 20260814 -1.00 -1.00 20 27 1.1951 0.3241 0.003457
612.50 C 20260814 -1.00 -1.00 1 1 1.1945 0.3161 0.003423
615.00 C 20260814 -1.00 -1.00 1 15 1.2149 0.3126 0.003350
617.50 C 20260814 -1.00 -1.00 4 6 1.2126 0.3044 0.003320
620.00 C 20260814 -1.00 -1.00 6 77 1.1979 0.2934 0.003312
622.50 C 20260814 -1.00 -1.00 1 1 1.2004 0.2862 0.003274
625.00 C 20260814 -1.00 -1.00 23 22 1.2043 0.2793 0.003233
627.50 C 20260814 -1.00 -1.00 1 0 1.2075 0.2723 0.003193
630.00 C 20260814 -1.00 -1.00 33 43 1.2115 0.2656 0.003154
632.50 C 20260814 -1.00 -1.00 -1 0 1.2088 0.2581 0.003118
635.00 C 20260814 -1.00 -1.00 1 24 1.2075 0.2521 0.003074
637.50 C 20260814 -1.00 -1.00 -1 0 1.2012 0.2451 0.003034
640.00 C 20260814 -1.00 -1.00 3 174 1.1990 0.2388 0.002990
642.50 C 20260814 -1.00 -1.00 -1 0 1.1958 0.2323 0.002946
645.00 C 20260814 -1.00 -1.00 2 16 1.1955 0.2265 0.002899
647.50 C 20260814 -1.00 -1.00 -1 0 1.1933 0.2202 0.002854
650.00 C 20260814 -1.00 -1.00 46 181 1.1931 0.2143 0.002807
652.50 C 20260814 -1.00 -1.00 -1 0 1.1909 0.2080 0.002761
655.00 C 20260814 -1.00 -1.00 10 13 1.1926 0.2026 0.002714
657.50 C 20260814 -1.00 -1.00 -1 0 1.1914 0.1965 0.002667
660.00 C 20260814 -1.00 -1.00 9 98 1.1951 0.1917 0.002620
662.50 C 20260814 -1.00 -1.00 -1 0 1.1949 0.1858 0.002573
665.00 C 20260814 -1.00 -1.00 2 21 1.1986 0.1810 0.002526
667.50 C 20260814 -1.00 -1.00 -1 0 1.2013 0.1760 0.002480
670.00 C 20260814 -1.00 -1.00 12 12 1.2030 0.1707 0.002435
672.50 C 20260814 -1.00 -1.00 -1 0 1.2066 0.1660 0.002390
675.00 C 20260814 -1.00 -1.00 19 172 1.2103 0.1613 0.002345
677.50 C 20260814 -1.00 -1.00 -1 0 1.2110 0.1558 0.002300
680.00 C 20260814 -1.00 -1.00 36 30 1.2113 0.1519 0.002258
682.50 C 20260814 -1.00 -1.00 -1 0 1.2396 0.1538 0.002226
685.00 C 20260814 -1.00 -1.00 3 26 1.2026 0.1428 0.002168
687.50 C 20260814 -1.00 -1.00 -1 0 1.2250 0.1437 0.002138
690.00 C 20260814 -1.00 -1.00 5 24 1.1983 0.1345 0.002079
692.50 C 20260814 -1.00 -1.00 -1 0 1.2235 0.1361 0.002055
695.00 C 20260814 -1.00 -1.00 1 19 1.1983 0.1270 0.001993
697.50 C 20260814 -1.00 -1.00 1 0 1.1962 0.1228 0.001947
700.00 C 20260814 -1.00 -1.00 18 178 1.1983 0.1196 0.001906
702.50 C 20260814 -1.00 -1.00 -1 0 1.1976 0.1157 0.001862
705.00 C 20260814 -1.00 -1.00 2 28 1.1983 0.1121 0.001819
707.50 C 20260814 -1.00 -1.00 1 0 1.1976 0.1082 0.001775
710.00 C 20260814 -1.00 -1.00 7 15 1.1969 0.1043 0.001731
712.50 C 20260814 -1.00 -1.00 -1 0 1.1585 0.0909 0.001626
715.00 C 20260814 -1.00 -1.00 4 12 1.2026 0.0983 0.001653
717.50 C 20260814 -1.00 -1.00 -1 0 1.2722 0.1111 0.001703
720.00 C 20260814 -1.00 -1.00 3 37 1.2068 0.0919 0.001574
722.50 C 20260814 -1.00 -1.00 1 0 1.2117 0.0895 0.001539
725.00 C 20260814 -1.00 -1.00 4 42 1.2110 0.0856 0.001496
727.50 C 20260814 -1.00 -1.00 -1 0 1.2509 0.0921 0.001520
730.00 C 20260814 -1.00 -1.00 4 60 1.2142 0.0805 0.001427
732.50 C 20260814 -1.00 -1.00 -1 0 1.2729 0.0904 0.001476
735.00 C 20260814 -1.00 -1.00 1 33 1.2972 0.0929 0.001475
740.00 C 20260814 -1.00 -1.00 1 70 1.1990 0.0698 0.001282
745.00 C 20260814 -1.00 -1.00 10 51 1.1988 0.0656 0.001219
750.00 C 20260814 -1.00 -1.00 21 153 1.3697 0.0901 0.001370
755.00 C 20260814 -1.00 -1.00 1 22 1.3064 0.0748 0.001245
760.00 C 20260814 -1.00 -1.00 4 10 1.2898 0.0684 0.001172
765.00 C 20260814 -1.00 -1.00 3 30 1.3243 0.0700 0.001162
770.00 C 20260814 -1.00 -1.00 5 24 1.2169 0.0481 0.000939
332.50 P 20260814 -1.00 -1.00 1 1 2.1697 -0.0503 0.000553
335.00 P 20260814 -1.00 -1.00 34 60 1.5385 -0.0158 0.000294
337.50 P 20260814 -1.00 -1.00 4 4 1.5325 -0.0167 0.000310
340.00 P 20260814 -1.00 -1.00 1 51 1.5266 -0.0176 0.000326
342.50 P 20260814 -1.00 -1.00 -1 0 1.5351 -0.0192 0.000350
345.00 P 20260814 -1.00 -1.00 12 26 2.0434 -0.0545 0.000624
347.50 P 20260814 -1.00 -1.00 45 27 1.5234 -0.0211 0.000384
350.00 P 20260814 -1.00 -1.00 6 67 1.3828 -0.0152 0.000315
352.50 P 20260814 -1.00 -1.00 -1 0 1.9707 -0.0573 0.000671
355.00 P 20260814 -1.00 -1.00 34 18 1.5055 -0.0246 0.000442
357.50 P 20260814 -1.00 -1.00 18 9 1.4977 -0.0262 0.000467
360.00 P 20260814 -1.00 -1.00 324 43 1.3662 -0.0195 0.000398
362.50 P 20260814 -1.00 -1.00 10 9 1.6013 -0.0394 0.000608
365.00 P 20260814 -1.00 -1.00 1 16 1.6141 -0.0426 0.000645
367.50 P 20260814 -1.00 -1.00 94 42 1.5921 -0.0431 0.000661
370.00 P 20260814 -1.00 -1.00 15 28 1.4730 -0.0358 0.000610
372.50 P 20260814 -1.00 -1.00 30 12 1.5685 -0.0458 0.000707
375.00 P 20260814 -1.00 -1.00 6 69 1.3551 -0.0296 0.000568
377.50 P 20260814 -1.00 -1.00 54 20 1.5323 -0.0476 0.000748
380.00 P 20260814 -1.00 -1.00 10 72 1.2872 -0.0276 0.000567
382.50 P 20260814 -1.00 -1.00 64 13 1.5237 -0.0516 0.000806
385.00 P 20260814 -1.00 -1.00 5 63 1.4282 -0.0463 0.000782
387.50 P 20260814 -1.00 -1.00 26 13 1.4948 -0.0544 0.000858
390.00 P 20260814 -1.00 -1.00 13 34 1.3305 -0.0425 0.000779
392.50 P 20260814 -1.00 -1.00 90 39 1.4545 -0.0569 0.000910
395.00 P 20260814 -1.00 -1.00 103 68 1.2487 -0.0395 0.000781
397.50 P 20260814 -1.00 -1.00 2 2 1.4185 -0.0601 0.000970
400.00 P 20260814 -1.00 -1.00 104 186 1.2992 -0.0499 0.000916
402.50 P 20260814 -1.00 -1.00 -1 0 1.3758 -0.0623 0.001028
405.00 P 20260814 -1.00 -1.00 6 24 1.3472 -0.0624 0.001051
407.50 P 20260814 -1.00 -1.00 5 5 1.3427 -0.0660 0.001099
410.00 P 20260814 -1.00 -1.00 5 60 1.3326 -0.0689 0.001142
412.50 P 20260814 -1.00 -1.00 36 17 1.2999 -0.0684 0.001165
415.00 P 20260814 -1.00 -1.00 12 22 1.3200 -0.0757 0.001237
417.50 P 20260814 -1.00 -1.00 -1 0 1.3059 -0.0780 0.001280
420.00 P 20260814 -1.00 -1.00 6 78 1.2497 -0.0743 0.001289
422.50 P 20260814 -1.00 -1.00 2 2 1.3205 -0.0887 0.001398
425.00 P 20260814 -1.00 -1.00 6 73 1.2411 -0.0821 0.001400
427.50 P 20260814 -1.00 -1.00 2 13 1.3075 -0.0957 0.001499
430.00 P 20260814 -1.00 -1.00 10 119 1.2382 -0.0908 0.001517
432.50 P 20260814 -1.00 -1.00 -1 0 1.2755 -0.1003 0.001595
435.00 P 20260814 -1.00 -1.00 6 94 1.2446 -0.1008 0.001640
437.50 P 20260814 -1.00 -1.00 1 1 1.2486 -0.1058 0.001701
440.00 P 20260814 -1.00 -1.00 26 144 1.2471 -0.1102 0.001760
442.50 P 20260814 -1.00 -1.00 30 49 1.2413 -0.1150 0.001820
445.00 P 20260814 -1.00 -1.00 4 45 1.2345 -0.1204 0.001882
447.50 P 20260814 -1.00 -1.00 6 6 1.2264 -0.1255 0.001945
450.00 P 20260814 -1.00 -1.00 18 123 1.2197 -0.1310 0.002010
452.50 P 20260814 -1.00 -1.00 1 8 1.2177 -0.1374 0.002075
455.00 P 20260814 -1.00 -1.00 2 53 1.2146 -0.1436 0.002142
457.50 P 20260814 -1.00 -1.00 4 2 1.2115 -0.1498 0.002208
460.00 P 20260814 -1.00 -1.00 8 254 1.2096 -0.1562 0.002275
462.50 P 20260814 -1.00 -1.00 -1 0 1.2148 -0.1638 0.002340
465.00 P 20260814 -1.00 -1.00 2 72 1.2082 -0.1695 0.002409
467.50 P 20260814 -1.00 -1.00 1 0 1.2888 -0.1873 0.002426
470.00 P 20260814 -1.00 -1.00 9 159 1.2220 -0.1850 0.002534
472.50 P 20260814 -1.00 -1.00 4 2 1.2905 -0.2009 0.002540
475.00 P 20260814 -1.00 -1.00 14 28 1.2344 -0.2002 0.002653
477.50 P 20260814 -1.00 -1.00 22 17 1.2277 -0.2075 0.002713
480.00 P 20260814 -1.00 -1.00 5 46 1.2166 -0.2142 0.002781
482.50 P 20260814 -1.00 -1.00 4 2 1.2100 -0.2217 0.002843
485.00 P 20260814 -1.00 -1.00 2 68 1.2087 -0.2301 0.002899
487.50 P 20260814 -1.00 -1.00 1 2 1.1968 -0.2370 0.002972
490.00 P 20260814 -1.00 -1.00 9 82 1.2052 -0.2467 0.003013
492.50 P 20260814 -1.00 -1.00 1 4 1.2013 -0.2548 0.003074
495.00 P 20260814 -1.00 -1.00 1 25 1.1931 -0.2624 0.003144
497.50 P 20260814 -1.00 -1.00 57 29 1.2058 -0.2725 0.003175
500.00 P 20260814 -1.00 -1.00 14 118 1.1950 -0.2799 0.003250
502.50 P 20260814 -1.00 -1.00 2 3 1.2015 -0.2892 0.003292
505.00 P 20260814 -1.00 -1.00 1 20 1.2063 -0.2983 0.003336
507.50 P 20260814 -1.00 -1.00 4 5 1.2120 -0.3073 0.003378
510.00 P 20260814 -1.00 -1.00 6 42 1.2158 -0.3162 0.003423
512.50 P 20260814 -1.00 -1.00 5 3 1.2014 -0.3242 0.003497
515.00 P 20260814 -1.00 -1.00 11 209 1.2034 -0.3338 0.003517
517.50 P 20260814 -1.00 -1.00 9 2 1.2001 -0.3431 0.003553
520.00 P 20260814 -1.00 -1.00 14 265 1.1998 -0.3526 0.003580
522.50 P 20260814 -1.00 -1.00 8 1 1.1921 -0.3618 0.003628
525.00 P 20260814 -1.00 -1.00 7 55 1.1881 -0.3712 0.003667
527.50 P 20260814 -1.00 -1.00 3 163 1.1694 -0.3801 0.003751
530.00 P 20260814 -1.00 -1.00 1 131 1.1876 -0.3904 0.003722
532.50 P 20260814 -1.00 -1.00 1 28 1.1867 -0.4000 0.003751
535.00 P 20260814 -1.00 -1.00 9 36 1.1894 -0.4097 0.003770
537.50 P 20260814 -1.00 -1.00 8 4 1.1906 -0.4193 0.003793
540.00 P 20260814 -1.00 -1.00 29 48 1.1764 -0.4289 0.003865
542.50 P 20260814 -1.00 -1.00 1 1 1.1820 -0.4386 0.003874
545.00 P 20260814 -1.00 -1.00 6 45 1.1942 -0.4480 0.003861
547.50 P 20260814 -1.00 -1.00 1 10 1.2091 -0.4572 0.003840
550.00 P 20260814 -1.00 -1.00 78 68 1.2096 -0.4665 0.003841
552.50 P 20260814 -1.00 -1.00 7 5 1.2011 -0.4760 0.003861
555.00 P 20260814 -1.00 -1.00 27 36 1.1948 -0.4855 0.003874
557.50 P 20260814 -1.00 -1.00 2 1 1.1791 -0.4957 0.003917
560.00 P 20260814 -1.00 -1.00 10 54 1.1772 -0.5052 0.003915
562.50 P 20260814 -1.00 -1.00 1 1 1.1839 -0.5141 0.003886
565.00 P 20260814 -1.00 -1.00 10 29 1.1791 -0.5239 0.003893
567.50 P 20260814 -1.00 -1.00 5 0 1.1786 -0.5333 0.003887
570.00 P 20260814 -1.00 -1.00 3 23 1.1753 -0.5430 0.003889
572.50 P 20260814 -1.00 -1.00 -1 0 1.1450 -0.5558 0.003981
575.00 P 20260814 -1.00 -1.00 1 9 1.1814 -0.5611 0.003854
577.50 P 20260814 -1.00 -1.00 2 1 1.1541 -0.5740 0.003934
580.00 P 20260814 -1.00 -1.00 1 28 1.1902 -0.5787 0.003811
582.50 P 20260814 -1.00 -1.00 50 26 1.1862 -0.5886 0.003816
585.00 P 20260814 -1.00 -1.00 1 10 1.1351 -0.6058 0.003970
587.50 P 20260814 -1.00 -1.00 8 4 1.1905 -0.6066 0.003787
590.00 P 20260814 -1.00 -1.00 2 44 1.1956 -0.6139 0.003741
592.50 P 20260814 -1.00 -1.00 -1 0 1.1488 -0.6290 0.003826
595.00 P 20260814 -1.00 -1.00 1 26 1.1888 -0.6307 0.003688
597.50 P 20260814 -1.00 -1.00 5 5 1.1898 -0.6384 0.003650
600.00 P 20260814 -1.00 -1.00 2 71 1.1757 -0.6487 0.003648
602.50 P 20260814 -1.00 -1.00 10 10 1.1894 -0.6542 0.003581
605.00 P 20260814 -1.00 -1.00 12 19 1.1825 -0.6634 0.003561
607.50 P 20260814 -1.00 -1.00 -1 0 1.1701 -0.6737 0.003552
610.00 P 20260814 -1.00 -1.00 1 17 1.1711 -0.6816 0.003514
612.50 P 20260814 -1.00 -1.00 -1 0 1.1752 -0.6887 0.003469
615.00 P 20260814 -1.00 -1.00 14 7 1.1840 -0.6948 0.003416
617.50 P 20260814 -1.00 -1.00 -1 0 1.1546 -0.7094 0.003436
620.00 P 20260814 -1.00 -1.00 2 31 1.1579 -0.7168 0.003393
622.50 P 20260814 -1.00 -1.00 -1 0 1.1620 -0.7239 0.003349
625.00 P 20260814 -1.00 -1.00 1 2 1.1629 -0.7318 0.003310
627.50 P 20260814 -1.00 -1.00 -1 0 1.1525 -0.7424 0.003287
630.00 P 20260814 -1.00 -1.00 14 15 1.1504 -0.7489 0.003239
632.50 P 20260814 -1.00 -1.00 -1 0 1.1392 -0.7573 0.003200
635.00 P 20260814 -1.00 -1.00 2 9 1.1381 -0.7637 0.003149
637.50 P 20260814 -1.00 -1.00 -1 0 1.1391 -0.7696 0.003097
640.00 P 20260814 -1.00 -1.00 4 8 1.1300 -0.7779 0.003052
642.50 P 20260814 -1.00 -1.00 -1 0 1.1329 -0.7833 0.002997
645.00 P 20260814 -1.00 -1.00 1 6 1.0771 -0.8042 0.002968
647.50 P 20260814 -1.00 -1.00 -1 0 1.0880 -0.8076 0.002907
650.00 P 20260814 -1.00 -1.00 3 17 1.1307 -0.8024 0.002841
652.50 P 20260814 -1.00 -1.00 -1 0 1.1128 -0.8135 0.002792
655.00 P 20260814 -1.00 -1.00 -1 0 1.0830 -0.8285 0.002736
657.50 P 20260814 -1.00 -1.00 -1 0 1.0819 -0.8353 0.002678
660.00 P 20260814 -1.00 -1.00 7 9 1.0797 -0.8425 0.002619
662.50 P 20260814 -1.00 -1.00 -1 0 1.0974 -0.8435 0.002569
665.00 P 20260814 -1.00 -1.00 1 1 1.0955 -0.8497 0.002512
667.50 P 20260814 -1.00 -1.00 -1 0 1.1141 -0.8498 0.002466
670.00 P 20260814 -1.00 -1.00 1 1 1.1414 -0.8482 0.002426
672.50 P 20260814 -1.00 -1.00 -1 0 1.0677 -0.8685 0.002333
675.00 P 20260814 -1.00 -1.00 2 4 1.0409 -0.8794 0.002249
677.50 P 20260814 -1.00 -1.00 -1 0 1.0886 -0.8720 0.002243
680.00 P 20260814 -1.00 -1.00 1 1 1.0925 -0.8753 0.002193
682.50 P 20260814 -1.00 -1.00 -1 0 1.0891 -0.8803 0.002137
685.00 P 20260814 -1.00 -1.00 2 16 1.0405 -0.8972 0.002013
687.50 P 20260814 -1.00 -1.00 -1 0 1.0341 -0.9034 0.001943
690.00 P 20260814 -1.00 -1.00 1 4 1.0656 -0.8990 0.001941
692.50 P 20260814 -1.00 -1.00 -1 0 1.0956 -0.8953 0.001934
695.00 P 20260814 -1.00 -1.00 2 1 1.0351 -0.9164 0.001766
697.50 P 20260814 -1.00 -1.00 -1 0 1.0958 -0.9036 0.001829
700.00 P 20260814 -1.00 -1.00 1 1 1.0893 -0.9095 0.001765
702.50 P 20260814 -1.00 -1.00 -1 0 1.0663 -0.9203 0.001662
705.00 P 20260814 -1.00 -1.00 50 25 1.0319 -0.9294 0.001566
707.50 P 20260814 -1.00 -1.00 -1 0 1.0447 -0.9295 0.001544
710.00 P 20260814 -1.00 -1.00 8 4 1.0526 -0.9305 0.001514
712.50 P 20260814 -1.00 -1.00 -1 0 0.9856 -0.9463 0.001332
715.00 P 20260814 -1.00 -1.00 1 1 1.0731 -0.9316 0.001465
717.50 P 20260814 -1.00 -1.00 -1 0 0.9836 -0.9521 0.001231
720.00 P 20260814 -1.00 -1.00 -1 0 0.9365 -0.9658 0.001029
722.50 P 20260814 -1.00 -1.00 -1 0 0.9940 -0.9551 0.001163
725.00 P 20260814 -1.00 -1.00 -1 0 1.0093 -0.9544 0.001158
727.50 P 20260814 -1.00 -1.00 -1 0 0.9548 -0.9679 0.000961
730.00 P 20260814 -1.00 -1.00 1 1 1.0897 -0.9428 0.001257
732.50 P 20260814 -1.00 -1.00 -1 0 0.9050 -0.9775 0.000793
735.00 P 20260814 -1.00 -1.00 1 1 0.9862 -0.9680 0.000925
740.00 P 20260814 -1.00 -1.00 -1 0 0.8372 -0.9911 0.000495
745.00 P 20260814 -1.00 -1.00 1 0 0.8980 -0.9860 0.000597
750.00 P 20260814 -1.00 -1.00 1 1 0.9331 -0.9835 0.000623
755.00 P 20260814 -1.00 -1.00 -1 0 1.0247 -0.9735 0.000774
760.00 P 20260814 -1.00 -1.00 -1 0 1.0417 -0.9739 0.000753
765.00 P 20260814 -1.00 -1.00 -1 0 -1.0000 -1.0000 -1.000000
770.00 P 20260814 -1.00 -1.00 -1 0 -1.0000 -1.0000 -1.000000
340.00 C 20260821 -1.00 -1.00 1 25 1.5532 0.9506 0.000577
350.00 C 20260821 -1.00 -1.00 1 27 1.3717 0.9566 0.000584
360.00 C 20260821 -1.00 -1.00 2 13 1.4729 0.9355 0.000740
370.00 C 20260821 -1.00 -1.00 3 34 1.4026 0.9311 0.000817
380.00 C 20260821 -1.00 -1.00 5 76 1.3403 0.9257 0.000907
390.00 C 20260821 -1.00 -1.00 6 99 1.3062 0.9164 0.001021
395.00 C 20260821 -1.00 -1.00 6 0 1.2558 0.9158 0.001067
400.00 C 20260821 -1.00 -1.00 2 44 1.2919 0.9044 0.001149
405.00 C 20260821 -1.00 -1.00 -1 0 1.2972 0.8969 0.001218
410.00 C 20260821 -1.00 -1.00 1 58 1.2734 0.8916 0.001283
415.00 C 20260821 -1.00 -1.00 2 1 1.2395 0.8873 0.001352
420.00 C 20260821 -1.00 -1.00 4 337 1.2476 0.8757 0.001429
425.00 C 20260821 -1.00 -1.00 2 48 1.2312 0.8681 0.001506
430.00 C 20260821 -1.00 -1.00 2 81 1.2281 0.8583 0.001584
435.00 C 20260821 -1.00 -1.00 1 1 1.2278 0.8480 0.001663
440.00 C 20260821 -1.00 -1.00 1 339 1.1942 0.8425 0.001752
442.50 C 20260821 -1.00 -1.00 5 17 1.1689 0.8409 0.001802
445.00 C 20260821 -1.00 -1.00 1 5 1.1895 0.8326 0.001836
447.50 C 20260821 -1.00 -1.00 5 11 1.1945 0.8266 0.001875
450.00 C 20260821 -1.00 -1.00 11 351 1.1630 0.8256 0.001934
452.50 C 20260821 -1.00 -1.00 18 23 1.2290 0.8118 0.001936
455.00 C 20260821 -1.00 -1.00 1 33 1.2154 0.8080 0.001983
457.50 C 20260821 -1.00 -1.00 1 1 1.1984 0.8041 0.002031
460.00 C 20260821 -1.00 -1.00 8 621 1.1552 0.8042 0.002108
462.50 C 20260821 -1.00 -1.00 8 6 1.1741 0.7945 0.002123
465.00 C 20260821 -1.00 -1.00 1 3 1.1648 0.7891 0.002168
467.50 C 20260821 -1.00 -1.00 6 3 1.1221 0.7888 0.002254
470.00 C 20260821 -1.00 -1.00 2 130 1.1226 0.7817 0.002290
472.50 C 20260821 -1.00 -1.00 2 2 1.1285 0.7738 0.002320
475.00 C 20260821 -1.00 -1.00 3 4 1.1269 0.7671 0.002359
477.50 C 20260821 -1.00 -1.00 1 2 1.1462 0.7576 0.002369
480.00 C 20260821 -1.00 -1.00 1 217 1.1062 0.7558 0.002464
482.50 C 20260821 -1.00 -1.00 1 2 1.1195 0.7470 0.002482
485.00 C 20260821 -1.00 -1.00 13 7 1.1172 0.7402 0.002523
487.50 C 20260821 -1.00 -1.00 1 1 1.1124 0.7337 0.002569
490.00 C 20260821 -1.00 -1.00 2 228 1.1095 0.7270 0.002611
495.00 C 20260821 -1.00 -1.00 1 7 1.1098 0.7128 0.002687
500.00 C 20260821 -1.00 -1.00 17 1029 1.1220 0.6976 0.002739
505.00 C 20260821 -1.00 -1.00 3 9 1.0969 0.6850 0.002858
510.00 C 20260821 -1.00 -1.00 402 499 1.0921 0.6696 0.002908
515.00 C 20260821 -1.00 -1.00 1 16 1.0788 0.6545 0.002982
520.00 C 20260821 -1.00 -1.00 1 199 1.0742 0.6387 0.003034
525.00 C 20260821 -1.00 -1.00 52 103 1.0673 0.6229 0.003094
530.00 C 20260821 -1.00 -1.00 4 331 1.0627 0.6068 0.003147
535.00 C 20260821 -1.00 -1.00 6 88 1.0649 0.5905 0.003181
540.00 C 20260821 -1.00 -1.00 1 214 1.0798 0.5745 0.003177
545.00 C 20260821 -1.00 -1.00 6 222 1.0895 0.5588 0.003188
547.50 C 20260821 -1.00 -1.00 3 17 1.0850 0.5507 0.003221
550.00 C 20260821 -1.00 -1.00 35 593 1.0852 0.5429 0.003224
552.50 C 20260821 -1.00 -1.00 10 21 1.0833 0.5352 0.003226
555.00 C 20260821 -1.00 -1.00 9 127 1.0830 0.5275 0.003223
560.00 C 20260821 -1.00 -1.00 24 219 1.0749 0.5116 0.003239
565.00 C 20260821 -1.00 -1.00 2 12 1.0685 0.4956 0.003250
570.00 C 20260821 -1.00 -1.00 7 293 1.0669 0.4798 0.003245
575.00 C 20260821 -1.00 -1.00 2 53 1.0676 0.4643 0.003235
580.00 C 20260821 -1.00 -1.00 9 291 1.0703 0.4491 0.003218
585.00 C 20260821 -1.00 -1.00 5 30 1.0736 0.4341 0.003200
590.00 C 20260821 -1.00 -1.00 11 4833 1.0778 0.4193 0.003180
595.00 C 20260821 -1.00 -1.00 103 155 1.0879 0.4057 0.003143
600.00 C 20260821 -1.00 -1.00 23 1367 1.0916 0.3928 0.003100
605.00 C 20260821 -1.00 -1.00 17 307 1.0744 0.3769 0.003094
610.00 C 20260821 -1.00 -1.00 5 843 1.0728 0.3636 0.003051
620.00 C 20260821 -1.00 -1.00 6 744 1.0672 0.3363 0.002968
630.00 C 20260821 -1.00 -1.00 8 1326 1.0728 0.3114 0.002864
640.00 C 20260821 -1.00 -1.00 30 2276 1.0846 0.2886 0.002752
650.00 C 20260821 -1.00 -1.00 4 579 1.0864 0.2644 0.002653
660.00 C 20260821 -1.00 -1.00 1 337 1.0785 0.2435 0.002536
670.00 C 20260821 -1.00 -1.00 8 133 1.0663 0.2212 0.002416
680.00 C 20260821 -1.00 -1.00 7 210 1.0740 0.2041 0.002286
690.00 C 20260821 -1.00 -1.00 9 174 1.0773 0.1860 0.002159
700.00 C 20260821 -1.00 -1.00 24 721 1.0827 0.1686 0.002035
710.00 C 20260821 -1.00 -1.00 1 530 1.0881 0.1546 0.001917
720.00 C 20260821 -1.00 -1.00 1 177 1.0795 0.1404 0.001797
730.00 C 20260821 -1.00 -1.00 2 75 1.0752 0.1271 0.001676
740.00 C 20260821 -1.00 -1.00 132 166 1.0805 0.1163 0.001564
750.00 C 20260821 -1.00 -1.00 23 818 1.0815 0.1044 0.001448
760.00 C 20260821 -1.00 -1.00 2 326 1.0877 0.0940 0.001342
770.00 C 20260821 -1.00 -1.00 2 177 1.0987 0.0853 0.001246
340.00 P 20260821 -1.00 -1.00 7 282 1.2595 -0.0248 0.000401
350.00 P 20260821 -1.00 -1.00 20 886 1.1914 -0.0261 0.000442
360.00 P 20260821 -1.00 -1.00 61 422 1.1869 -0.0346 0.000556
370.00 P 20260821 -1.00 -1.00 21 529 1.1710 -0.0419 0.000663
380.00 P 20260821 -1.00 -1.00 8 794 1.1695 -0.0508 0.000784
390.00 P 20260821 -1.00 -1.00 15 2269 1.1446 -0.0606 0.000913
395.00 P 20260821 -1.00 -1.00 3 65 1.1309 -0.0660 0.000984
400.00 P 20260821 -1.00 -1.00 37 1309 1.1247 -0.0727 0.001064
405.00 P 20260821 -1.00 -1.00 5 25 1.1269 -0.0808 0.001152
410.00 P 20260821 -1.00 -1.00 12 337 1.1139 -0.0866 0.001230
415.00 P 20260821 -1.00 -1.00 17 22 1.1121 -0.0941 0.001317
420.00 P 20260821 -1.00 -1.00 28 316 1.1218 -0.1033 0.001407
425.00 P 20260821 -1.00 -1.00 50 125 1.1142 -0.1111 0.001495
430.00 P 20260821 -1.00 -1.00 13 491 1.1027 -0.1201 0.001586
435.00 P 20260821 -1.00 -1.00 22 29 1.0924 -0.1295 0.001681
440.00 P 20260821 -1.00 -1.00 45 425 1.0839 -0.1394 0.001778
442.50 P 20260821 -1.00 -1.00 2 19 1.0839 -0.1452 0.001827
445.00 P 20260821 -1.00 -1.00 7 46 1.0839 -0.1510 0.001876
447.50 P 20260821 -1.00 -1.00 2 18 1.0820 -0.1564 0.001925
450.00 P 20260821 -1.00 -1.00 48 2498 1.0783 -0.1616 0.001976
452.50 P 20260821 -1.00 -1.00 2 10 1.0783 -0.1674 0.002025
455.00 P 20260821 -1.00 -1.00 3 63 1.0819 -0.1738 0.002073
457.50 P 20260821 -1.00 -1.00 1 6 1.0828 -0.1797 0.002121
460.00 P 20260821 -1.00 -1.00 52 1312 1.0936 -0.1870 0.002162
462.50 P 20260821 -1.00 -1.00 10 46 1.0836 -0.1913 0.002219
465.00 P 20260821 -1.00 -1.00 9 65 1.0851 -0.1981 0.002262
467.50 P 20260821 -1.00 -1.00 44 58 1.0810 -0.2047 0.002307
470.00 P 20260821 -1.00 -1.00 15 608 1.0796 -0.2117 0.002349
472.50 P 20260821 -1.00 -1.00 4 94 1.0776 -0.2187 0.002391
475.00 P 20260821 -1.00 -1.00 2 106 1.0634 -0.2237 0.002452
477.50 P 20260821 -1.00 -1.00 2 30 1.0743 -0.2328 0.002477
480.00 P 20260821 -1.00 -1.00 15 350 1.0743 -0.2401 0.002517
482.50 P 20260821 -1.00 -1.00 1 9 1.0682 -0.2466 0.002567
485.00 P 20260821 -1.00 -1.00 23 57 1.0515 -0.2517 0.002637
487.50 P 20260821 -1.00 -1.00 36 44 1.0676 -0.2612 0.002650
490.00 P 20260821 -1.00 -1.00 14 258 1.0710 -0.2690 0.002685
495.00 P 20260821 -1.00 -1.00 3 10 1.0532 -0.2817 0.002802
500.00 P 20260821 -1.00 -1.00 22 1436 1.0777 -0.2989 0.002833
505.00 P 20260821 -1.00 -1.00 2 27 1.0834 -0.3143 0.002896
510.00 P 20260821 -1.00 -1.00 20 224 1.0697 -0.3292 0.002971
515.00 P 20260821 -1.00 -1.00 1 142 1.0675 -0.3452 0.003018
520.00 P 20260821 -1.00 -1.00 6 178 1.0597 -0.3611 0.003080
525.00 P 20260821 -1.00 -1.00 4 66 1.0587 -0.3773 0.003124
530.00 P 20260821 -1.00 -1.00 3 313 1.0605 -0.3937 0.003160
535.00 P 20260821 -1.00 -1.00 9 24 1.0700 -0.4100 0.003172
540.00 P 20260821 -1.00 -1.00 24 398 1.0651 -0.4263 0.003228
545.00 P 20260821 -1.00 -1.00 3 43 1.0761 -0.4422 0.003235
547.50 P 20260821 -1.00 -1.00 9 6 1.0771 -0.4503 0.003253
550.00 P 20260821 -1.00 -1.00 26 376 1.0842 -0.4578 0.003234
552.50 P 20260821 -1.00 -1.00 5 20 1.0714 -0.4661 0.003269
555.00 P 20260821 -1.00 -1.00 22 38 1.0702 -0.4740 0.003269
560.00 P 20260821 -1.00 -1.00 20 258 1.0622 -0.4901 0.003285
565.00 P 20260821 -1.00 -1.00 1 11 1.0587 -0.5061 0.003287
570.00 P 20260821 -1.00 -1.00 1 82 1.0547 -0.5223 0.003291
575.00 P 20260821 -1.00 -1.00 2 1 1.0614 -0.5372 0.003262
580.00 P 20260821 -1.00 -1.00 8 411 1.0653 -0.5524 0.003242
585.00 P 20260821 -1.00 -1.00 2 3 1.0650 -0.5681 0.003235
590.00 P 20260821 -1.00 -1.00 10 127 1.0715 -0.5827 0.003208
595.00 P 20260821 -1.00 -1.00 2 3 1.0777 -0.5972 0.003182
600.00 P 20260821 -1.00 -1.00 1 416 1.0745 -0.6112 0.003150
605.00 P 20260821 -1.00 -1.00 1 1 1.0688 -0.6253 0.003116
610.00 P 20260821 -1.00 -1.00 1 37 1.0643 -0.6393 0.003079
620.00 P 20260821 -1.00 -1.00 1 126 1.0567 -0.6674 0.003001
630.00 P 20260821 -1.00 -1.00 2 121 1.0626 -0.6925 0.002894
640.00 P 20260821 -1.00 -1.00 2 228 1.0688 -0.7172 0.002790
650.00 P 20260821 -1.00 -1.00 4 267 1.0013 -0.7579 0.002751
660.00 P 20260821 -1.00 -1.00 10 108 1.0434 -0.7672 0.002576
670.00 P 20260821 -1.00 -1.00 11 106 1.0050 -0.7985 0.002456
680.00 P 20260821 -1.00 -1.00 10 87 0.9601 -0.8348 0.002305
690.00 P 20260821 -1.00 -1.00 2 29 0.9685 -0.8505 0.002151
700.00 P 20260821 -1.00 -1.00 2 87 0.9956 -0.8574 0.002020
710.00 P 20260821 -1.00 -1.00 1 34 0.9627 -0.8802 0.001848
720.00 P 20260821 -1.00 -1.00 1 55 0.9568 -0.8962 0.001690
730.00 P 20260821 -1.00 -1.00 1 49 0.9481 -0.9134 0.001520
740.00 P 20260821 -1.00 -1.00 1 83 0.9267 -0.9290 0.001354
750.00 P 20260821 -1.00 -1.00 5 58 0.9230 -0.9382 0.001229
760.00 P 20260821 -1.00 -1.00 5 64 0.8685 -0.9608 0.000969
770.00 P 20260821 -1.00 -1.00 2 18 0.8627 -0.9691 0.000840
230.00 C 20260807 -1.00 -1.00 2 1 6.3755 0.9760 0.000202
240.00 C 20260807 -1.00 -1.00 -1 0 6.1958 0.9733 0.000228
280.00 C 20260807 -1.00 -1.00 -1 0 5.0335 0.9704 0.000306
290.00 C 20260807 -1.00 -1.00 3 3 4.9041 0.9668 0.000346
300.00 C 20260807 -1.00 -1.00 1 4 4.7948 0.9626 0.000391
302.50 C 20260807 -1.00 -1.00 -1 0 4.3857 0.9706 0.000349
305.00 C 20260807 -1.00 -1.00 -1 0 4.6381 0.9628 0.000403
307.50 C 20260807 -1.00 -1.00 -1 0 4.5532 0.9631 0.000408
310.00 C 20260807 -1.00 -1.00 -1 0 3.8628 0.9795 0.000296
312.50 C 20260807 -1.00 -1.00 -1 0 4.3100 0.9656 0.000406
315.00 C 20260807 -1.00 -1.00 -1 0 4.3629 0.9625 0.000431
317.50 C 20260807 -1.00 -1.00 -1 0 4.1759 0.9655 0.000419
320.00 C 20260807 -1.00 -1.00 -1 0 4.4004 0.9580 0.000471
322.50 C 20260807 -1.00 -1.00 -1 0 3.9772 0.9674 0.000419
325.00 C 20260807 -1.00 -1.00 -1 0 4.2744 0.9576 0.000489
327.50 C 20260807 -1.00 -1.00 -1 0 3.5908 0.9761 0.000362
330.00 C 20260807 -1.00 -1.00 1 1 3.9305 0.9631 0.000471
230.00 P 20260807 -1.00 -1.00 46 35 3.6660 -0.0006 0.000014
240.00 P 20260807 -1.00 -1.00 1 17 5.2958 -0.0142 0.000157
280.00 P 20260807 -1.00 -1.00 447 266 3.3385 -0.0032 0.000066
290.00 P 20260807 -1.00 -1.00 5 380 3.6712 -0.0086 0.000147
300.00 P 20260807 -1.00 -1.00 4 278 3.8465 -0.0161 0.000240
302.50 P 20260807 -1.00 -1.00 17 12 2.9720 -0.0035 0.000081
305.00 P 20260807 -1.00 -1.00 82 83 2.8063 -0.0025 0.000063
307.50 P 20260807 -1.00 -1.00 92 31 2.7516 -0.0024 0.000063
310.00 P 20260807 -1.00 -1.00 1135 183 2.5623 -0.0016 0.000044
312.50 P 20260807 -1.00 -1.00 14 18 3.0837 -0.0071 0.000146
315.00 P 20260807 -1.00 -1.00 2 17 2.6095 -0.0023 0.000063
317.50 P 20260807 -1.00 -1.00 -1 0 3.9442 -0.0278 0.000371
320.00 P 20260807 -1.00 -1.00 140 116 3.2828 -0.0135 0.000240
322.50 P 20260807 -1.00 -1.00 14 21 2.4330 -0.0019 0.000057
325.00 P 20260807 -1.00 -1.00 1 3 3.4008 -0.0183 0.000303
327.50 P 20260807 -1.00 -1.00 89 28 2.4616 -0.0026 0.000074
330.00 P 20260807 -1.00 -1.00 55 301 2.4663 -0.0029 0.000081
230.00 C 20260814 -1.00 -1.00 -1 0 2.8788 0.9842 0.000158
240.00 C 20260814 -1.00 -1.00 -1 0 3.1189 0.9724 0.000232
250.00 C 20260814 -1.00 -1.00 -1 0 2.7540 0.9790 0.000210
260.00 C 20260814 -1.00 -1.00 -1 0 2.7636 0.9728 0.000259
270.00 C 20260814 -1.00 -1.00 -1 0 2.4702 0.9786 0.000239
280.00 C 20260814 -1.00 -1.00 -1 0 2.4045 0.9751 0.000277
290.00 C 20260814 -1.00 -1.00 13 7 2.5063 0.9643 0.000359
300.00 C 20260814 -1.00 -1.00 1 3 2.2915 0.9672 0.000365
302.50 C 20260814 -1.00 -1.00 -1 0 2.2448 0.9678 0.000367
305.00 C 20260814 -1.00 -1.00 -1 0 2.2750 0.9646 0.000392
307.50 C 20260814 -1.00 -1.00 -1 0 2.1487 0.9692 0.000369
310.00 C 20260814 -1.00 -1.00 -1 0 2.1639 0.9666 0.000392
312.50 C 20260814 -1.00 -1.00 -1 0 2.2394 0.9612 0.000431
315.00 C 20260814 -1.00 -1.00 -1 0 2.1073 0.9660 0.000408
317.50 C 20260814 -1.00 -1.00 -1 0 2.0476 0.9675 0.000405
320.00 C 20260814 -1.00 -1.00 -1 0 2.0033 0.9682 0.000407
322.50 C 20260814 -1.00 -1.00 -1 0 2.1190 0.9601 0.000466
325.00 C 20260814 -1.00 -1.00 -1 0 2.1302 0.9577 0.000487
327.50 C 20260814 -1.00 -1.00 -1 0 1.9792 0.9640 0.000457
330.00 C 20260814 -1.00 -1.00 7 4 1.9652 0.9629 0.000471
230.00 P 20260814 -1.00 -1.00 537 14 1.9649 -0.0014 0.000027
240.00 P 20260814 -1.00 -1.00 4 11 2.8728 -0.0195 0.000190
250.00 P 20260814 -1.00 -1.00 10 11 2.3713 -0.0111 0.000140
260.00 P 20260814 -1.00 -1.00 31 97 1.8476 -0.0030 0.000057
270.00 P 20260814 -1.00 -1.00 10 32 2.3477 -0.0175 0.000212
280.00 P 20260814 -1.00 -1.00 2 5 2.0036 -0.0110 0.000165
290.00 P 20260814 -1.00 -1.00 5 13 2.2660 -0.0248 0.000293
300.00 P 20260814 -1.00 -1.00 4 54 1.7359 -0.0089 0.000160
302.50 P 20260814 -1.00 -1.00 198 72 1.8682 -0.0153 0.000235
305.00 P 20260814 -1.00 -1.00 2 1 1.8285 -0.0148 0.000234
307.50 P 20260814 -1.00 -1.00 2 1 1.6601 -0.0088 0.000166
310.00 P 20260814 -1.00 -1.00 82 88 1.4913 -0.0054 0.000118
312.50 P 20260814 -1.00 -1.00 14 3 1.8516 -0.0188 0.000285
315.00 P 20260814 -1.00 -1.00 -1 0 1.8306 -0.0191 0.000293
317.50 P 20260814 -1.00 -1.00 1 1 1.8084 -0.0193 0.000300
320.00 P 20260814 -1.00 -1.00 2 21 1.7878 -0.0196 0.000307
322.50 P 20260814 -1.00 -1.00 1 1 1.6548 -0.0154 0.000266
325.00 P 20260814 -1.00 -1.00 2 2 2.1745 -0.0444 0.000499
327.50 P 20260814 -1.00 -1.00 4 2 1.5772 -0.0141 0.000259
330.00 P 20260814 -1.00 -1.00 4 18 1.5622 -0.0146 0.000269
230.00 C 20260821 -1.00 -1.00 1 5 2.3253 0.9792 0.000186
240.00 C 20260821 -1.00 -1.00 1 6 2.2578 0.9765 0.000211
250.00 C 20260821 -1.00 -1.00 1 19 2.2093 0.9730 0.000242
260.00 C 20260821 -1.00 -1.00 1 3 2.0963 0.9724 0.000260
270.00 C 20260821 -1.00 -1.00 1 12 1.9506 0.9738 0.000268
280.00 C 20260821 -1.00 -1.00 2 1 1.9047 0.9701 0.000307
290.00 C 20260821 -1.00 -1.00 13 18 1.7949 0.9700 0.000326
300.00 C 20260821 -1.00 -1.00 3 18 1.8179 0.9622 0.000392
310.00 C 20260821 -1.00 -1.00 2 8 1.7508 0.9595 0.000433
320.00 C 20260821 -1.00 -1.00 1 14 1.6832 0.9567 0.000476
330.00 C 20260821 -1.00 -1.00 1 6 1.5871 0.9558 0.000513
230.00 P 20260821 -1.00 -1.00 6 50 1.9243 -0.0087 0.000106
240.00 P 20260821 -1.00 -1.00 1 521 1.9670 -0.0133 0.000150
250.00 P 20260821 -1.00 -1.00 40 922 1.4999 -0.0036 0.000062
260.00 P 20260821 -1.00 -1.00 2 88 1.6739 -0.0102 0.000140
270.00 P 20260821 -1.00 -1.00 12 33 1.8445 -0.0200 0.000230
280.00 P 20260821 -1.00 -1.00 448 5035 1.4477 -0.0079 0.000131
290.00 P 20260821 -1.00 -1.00 25 125 1.5885 -0.0180 0.000242
300.00 P 20260821 -1.00 -1.00 86 7144 1.3626 -0.0117 0.000192
310.00 P 20260821 -1.00 -1.00 22 516 1.2628 -0.0104 0.000188
320.00 P 20260821 -1.00 -1.00 23 320 1.2634 -0.0149 0.000256
330.00 P 20260821 -1.00 -1.00 13 144 1.2361 -0.0178 0.000307
775.00 C 20260807 -1.00 -1.00 6 37 1.9927 0.0154 0.000448
780.00 C 20260807 -1.00 -1.00 1 16 1.7920 0.0073 0.000255
785.00 C 20260807 -1.00 -1.00 5 20 1.8822 0.0093 0.000302
790.00 C 20260807 -1.00 -1.00 20 22 1.8717 0.0079 0.000261
795.00 C 20260807 -1.00 -1.00 2 27 1.9090 0.0081 0.000261
800.00 C 20260807 -1.00 -1.00 97 1529 2.0024 0.0101 0.000305
810.00 C 20260807 -1.00 -1.00 1 140 1.9809 0.0073 0.000232
820.00 C 20260807 -1.00 -1.00 2 82 1.9751 0.0051 0.000170
830.00 C 20260807 -1.00 -1.00 6 86 2.2406 0.0116 0.000308
840.00 C 20260807 -1.00 -1.00 13 179 1.9894 0.0038 0.000128
850.00 C 20260807 -1.00 -1.00 2 63 1.9676 0.0027 0.000096
860.00 C 20260807 -1.00 -1.00 310 112 2.1527 0.0045 0.000140
870.00 C 20260807 -1.00 -1.00 8 235 2.0502 0.0025 0.000084
880.00 C 20260807 -1.00 -1.00 2 519 2.1760 0.0035 0.000108
775.00 P 20260807 -1.00 -1.00 -1 0 -1.0000 -1.0000 -1.000000
780.00 P 20260807 -1.00 -1.00 -1 0 -1.0000 -1.0000 -1.000000
785.00 P 20260807 -1.00 -1.00 1 0 -1.0000 -1.0000 -1.000000
790.00 P 20260807 -1.00 -1.00 -1 0 -1.0000 -1.0000 -1.000000
795.00 P 20260807 -1.00 -1.00 -1 0 -1.0000 -1.0000 -1.000000
800.00 P 20260807 -1.00 -1.00 1 1 -1.0000 -1.0000 -1.000000
810.00 P 20260807 -1.00 -1.00 -1 0 -1.0000 -1.0000 -1.000000
820.00 P 20260807 -1.00 -1.00 -1 0 -1.0000 -1.0000 -1.000000
830.00 P 20260807 -1.00 -1.00 -1 0 -1.0000 -1.0000 -1.000000
840.00 P 20260807 -1.00 -1.00 -1 0 -1.0000 -1.0000 -1.000000
850.00 P 20260807 -1.00 -1.00 1 0 -1.0000 -1.0000 -1.000000
860.00 P 20260807 -1.00 -1.00 -1 0 -1.0000 -1.0000 -1.000000
870.00 P 20260807 -1.00 -1.00 -1 0 -1.0000 -1.0000 -1.000000
880.00 P 20260807 -1.00 -1.00 -1 0 -1.0000 -1.0000 -1.000000
775.00 C 20260814 -1.00 -1.00 2 41 1.3453 0.0659 0.001089
780.00 C 20260814 -1.00 -1.00 2 13 1.3156 0.0575 0.000997
785.00 C 20260814 -1.00 -1.00 1 19 1.3478 0.0590 0.000994
790.00 C 20260814 -1.00 -1.00 1 36 1.4179 0.0663 0.001038
795.00 C 20260814 -1.00 -1.00 1 7 1.2443 0.0359 0.000730
800.00 C 20260814 -1.00 -1.00 5 34 1.2369 0.0332 0.000686
810.00 C 20260814 -1.00 -1.00 7 107 1.1819 0.0234 0.000530
820.00 C 20260814 -1.00 -1.00 6 36 1.1977 0.0211 0.000480
830.00 C 20260814 -1.00 -1.00 10 65 1.2151 0.0191 0.000436
840.00 C 20260814 -1.00 -1.00 7 60 1.1814 0.0136 0.000337
850.00 C 20260814 -1.00 -1.00 1 32 1.5591 0.0491 0.000744
860.00 C 20260814 -1.00 -1.00 221 20 1.2252 0.0126 0.000303
870.00 C 20260814 -1.00 -1.00 27 61 1.7673 0.0670 0.000837
880.00 C 20260814 -1.00 -1.00 16 33 1.6864 0.0506 0.000705
775.00 P 20260814 -1.00 -1.00 -1 0 -1.0000 -1.0000 -1.000000
780.00 P 20260814 -1.00 -1.00 -1 0 -1.0000 -1.0000 -1.000000
785.00 P 20260814 -1.00 -1.00 -1 0 -1.0000 -1.0000 -1.000000
790.00 P 20260814 -1.00 -1.00 -1 0 -1.0000 -1.0000 -1.000000
795.00 P 20260814 -1.00 -1.00 -1 0 -1.0000 -1.0000 -1.000000
800.00 P 20260814 -1.00 -1.00 -1 0 -1.0000 -1.0000 -1.000000
810.00 P 20260814 -1.00 -1.00 -1 0 -1.0000 -1.0000 -1.000000
820.00 P 20260814 -1.00 -1.00 1 1 -1.0000 -1.0000 -1.000000
830.00 P 20260814 -1.00 -1.00 -1 0 -1.0000 -1.0000 -1.000000
840.00 P 20260814 -1.00 -1.00 -1 0 -1.0000 -1.0000 -1.000000
850.00 P 20260814 -1.00 -1.00 1 0 -1.0000 -1.0000 -1.000000
860.00 P 20260814 -1.00 -1.00 -1 0 -1.0000 -1.0000 -1.000000
870.00 P 20260814 -1.00 -1.00 -1 0 -1.0000 -1.0000 -1.000000
880.00 P 20260814 -1.00 -1.00 -1 0 -1.0000 -1.0000 -1.000000
780.00 C 20260821 -1.00 -1.00 1 194 1.0296 0.0654 0.001067
790.00 C 20260821 -1.00 -1.00 1 125 1.0834 0.0691 0.001060
800.00 C 20260821 -1.00 -1.00 44 664 1.0794 0.0615 0.000969
810.00 C 20260821 -1.00 -1.00 15 35 1.0820 0.0553 0.000888
820.00 C 20260821 -1.00 -1.00 2 548 1.0880 0.0498 0.000815
830.00 C 20260821 -1.00 -1.00 10 58 1.0950 0.0446 0.000745
840.00 C 20260821 -1.00 -1.00 11 82 1.2134 0.0622 0.000869
850.00 C 20260821 -1.00 -1.00 6 522 1.1188 0.0385 0.000651
860.00 C 20260821 -1.00 -1.00 1 24 1.1058 0.0339 0.000588
870.00 C 20260821 -1.00 -1.00 1 91 1.2610 0.0539 0.000748
880.00 C 20260821 -1.00 -1.00 1 88 1.1610 0.0342 0.000564
780.00 P 20260821 -1.00 -1.00 4 13 0.8480 -0.9760 0.000721
790.00 P 20260821 -1.00 -1.00 1 18 -1.0000 -1.0000 -1.000000
800.00 P 20260821 -1.00 -1.00 10 21 -1.0000 -1.0000 -1.000000
810.00 P 20260821 -1.00 -1.00 -1 0 -1.0000 -1.0000 -1.000000
820.00 P 20260821 -1.00 -1.00 4 4 -1.0000 -1.0000 -1.000000
830.00 P 20260821 -1.00 -1.00 5 8 -1.0000 -1.0000 -1.000000
840.00 P 20260821 -1.00 -1.00 1 0 -1.0000 -1.0000 -1.000000
850.00 P 20260821 -1.00 -1.00 1 12 -1.0000 -1.0000 -1.000000
860.00 P 20260821 -1.00 -1.00 14 13 -1.0000 -1.0000 -1.000000
870.00 P 20260821 -1.00 -1.00 1 1 -1.0000 -1.0000 -1.000000
880.00 P 20260821 -1.00 -1.00 2 0 -1.0000 -1.0000 -1.000000
