# opt_chain STX | epoch 1785949290 | 2026-08-05 13:01:30 | spot 872.45 | exps 20260807 20260814 20260821
# fuente polygon_snapshot_v3 | greeks polygon_directo | iv polygon_directo | oi polygon_directo | vol day.volume(-1 si no cotizo) | bid/ask NO_ENTITLED(-1) | spot_src ibkr_bridge spot_edad_s 88 | band 0.6000 vencimientos 3 exp_hasta 2026-08-21
# strike right exp bid ask vol oi iv delta gamma
525.00 C 20260807 -1.00 -1.00 2 7 3.3834 0.9798 0.000211
530.00 C 20260807 -1.00 -1.00 4 11 3.0905 0.9849 0.000178
535.00 C 20260807 -1.00 -1.00 2 1 2.6249 0.9934 0.000101
537.50 C 20260807 -1.00 -1.00 -1 0 2.8847 0.9879 0.000158
540.00 C 20260807 -1.00 -1.00 3 2 3.0046 0.9839 0.000193
542.50 C 20260807 -1.00 -1.00 1 1 3.1058 0.9807 0.000220
545.00 C 20260807 -1.00 -1.00 2 1 3.0256 0.9819 0.000214
547.50 C 20260807 -1.00 -1.00 -1 0 3.2837 0.9738 0.000270
550.00 C 20260807 -1.00 -1.00 5 12 3.0464 0.9798 0.000233
552.50 C 20260807 -1.00 -1.00 1 2 2.8770 0.9833 0.000209
555.00 C 20260807 -1.00 -1.00 1 1 3.0849 0.9774 0.000255
557.50 C 20260807 -1.00 -1.00 1 1 3.2045 0.9714 0.000296
560.00 C 20260807 -1.00 -1.00 2 4 2.7840 0.9833 0.000215
562.50 C 20260807 -1.00 -1.00 -1 0 3.1476 0.9710 0.000306
565.00 C 20260807 -1.00 -1.00 2 1 2.5215 0.9896 0.000159
567.50 C 20260807 -1.00 -1.00 2 1 2.8517 0.9791 0.000257
570.00 C 20260807 -1.00 -1.00 2 1 2.6148 0.9849 0.000210
572.50 C 20260807 -1.00 -1.00 2 1 2.2906 0.9926 0.000129
575.00 C 20260807 -1.00 -1.00 1 3 2.7777 0.9786 0.000270
577.50 C 20260807 -1.00 -1.00 2 2 2.7006 0.9798 0.000263
580.00 C 20260807 -1.00 -1.00 12 6 2.7290 0.9782 0.000279
582.50 C 20260807 -1.00 -1.00 -1 0 2.6873 0.9785 0.000280
585.00 C 20260807 -1.00 -1.00 2 1 2.7755 0.9746 0.000312
587.50 C 20260807 -1.00 -1.00 -1 0 2.6740 0.9772 0.000297
590.00 C 20260807 -1.00 -1.00 2 2 2.4417 0.9832 0.000247
592.50 C 20260807 -1.00 -1.00 -1 0 2.6865 0.9744 0.000325
595.00 C 20260807 -1.00 -1.00 2 0 2.5507 0.9780 0.000300
597.50 C 20260807 -1.00 -1.00 -1 0 2.4926 0.9789 0.000296
600.00 C 20260807 -1.00 -1.00 1 5 2.2456 0.9863 0.000225
602.50 C 20260807 -1.00 -1.00 -1 0 2.5725 0.9740 0.000344
605.00 C 20260807 -1.00 -1.00 1 1 2.3201 0.9817 0.000280
607.50 C 20260807 -1.00 -1.00 -1 0 2.5120 0.9740 0.000352
610.00 C 20260807 -1.00 -1.00 2 0 2.2916 0.9808 0.000296
612.50 C 20260807 -1.00 -1.00 -1 0 2.4605 0.9735 0.000365
615.00 C 20260807 -1.00 -1.00 2 2 2.4519 0.9723 0.000379
617.50 C 20260807 -1.00 -1.00 -1 0 2.3754 0.9751 0.000360
620.00 C 20260807 -1.00 -1.00 1 1 2.3586 0.9744 0.000371
622.50 C 20260807 -1.00 -1.00 1 2 2.3840 0.9710 0.000404
625.00 C 20260807 -1.00 -1.00 -1 0 2.3082 0.9739 0.000385
627.50 C 20260807 -1.00 -1.00 -1 0 2.3337 0.9704 0.000419
630.00 C 20260807 -1.00 -1.00 1 1 2.3422 0.9681 0.000444
632.50 C 20260807 -1.00 -1.00 -1 0 2.2669 0.9709 0.000426
635.00 C 20260807 -1.00 -1.00 1 1 2.1025 0.9776 0.000370
637.50 C 20260807 -1.00 -1.00 -1 0 2.2425 0.9687 0.000456
640.00 C 20260807 -1.00 -1.00 2 0 2.2262 0.9679 0.000469
642.50 C 20260807 -1.00 -1.00 1 0 1.9875 0.9789 0.000371
645.00 C 20260807 -1.00 -1.00 30 30 2.1191 0.9712 0.000453
647.50 C 20260807 -1.00 -1.00 6 6 2.1776 0.9653 0.000511
650.00 C 20260807 -1.00 -1.00 30 93 2.1202 0.9671 0.000502
652.50 C 20260807 -1.00 -1.00 -1 0 2.0795 0.9680 0.000502
655.00 C 20260807 -1.00 -1.00 3 2 2.0144 0.9706 0.000484
657.50 C 20260807 -1.00 -1.00 2 1 1.9823 0.9710 0.000488
660.00 C 20260807 -1.00 -1.00 4 2 2.0487 0.9640 0.000559
662.50 C 20260807 -1.00 -1.00 4 2 2.0248 0.9636 0.000571
665.00 C 20260807 -1.00 -1.00 1 1 1.9276 0.9687 0.000531
667.50 C 20260807 -1.00 -1.00 1 0 1.8715 0.9710 0.000516
670.00 C 20260807 -1.00 -1.00 4 3 2.0108 0.9584 0.000642
672.50 C 20260807 -1.00 -1.00 -1 0 1.9953 0.9574 0.000660
675.00 C 20260807 -1.00 -1.00 3 3 1.9799 0.9563 0.000679
677.50 C 20260807 -1.00 -1.00 5 3 1.9079 0.9594 0.000663
680.00 C 20260807 -1.00 -1.00 12 28 1.8847 0.9589 0.000678
682.50 C 20260807 -1.00 -1.00 5 3 1.8534 0.9591 0.000687
685.00 C 20260807 -1.00 -1.00 4 2 1.8786 0.9549 0.000734
687.50 C 20260807 -1.00 -1.00 2 1 1.7993 0.9587 0.000712
690.00 C 20260807 -1.00 -1.00 12 46 1.8806 0.9504 0.000796
692.50 C 20260807 -1.00 -1.00 2 1 1.8176 0.9527 0.000790
695.00 C 20260807 -1.00 -1.00 2 8 1.7549 0.9553 0.000780
697.50 C 20260807 -1.00 -1.00 5 6 1.6525 0.9616 0.000731
700.00 C 20260807 -1.00 -1.00 4 66 1.6778 0.9569 0.000792
702.50 C 20260807 -1.00 -1.00 1 1 1.8141 0.9439 0.000917
705.00 C 20260807 -1.00 -1.00 2 2 1.7360 0.9473 0.000907
707.50 C 20260807 -1.00 -1.00 2 0 1.7970 0.9402 0.000976
710.00 C 20260807 -1.00 -1.00 2 15 1.6753 0.9473 0.000940
712.50 C 20260807 -1.00 -1.00 1 3 1.7453 0.9388 0.001022
715.00 C 20260807 -1.00 -1.00 1 4 1.5521 0.9528 0.000923
717.50 C 20260807 -1.00 -1.00 14 8 1.6803 0.9390 0.001059
720.00 C 20260807 -1.00 -1.00 10 24 1.6457 0.9395 0.001076
722.50 C 20260807 -1.00 -1.00 15 18 1.6701 0.9321 0.001149
725.00 C 20260807 -1.00 -1.00 4 14 1.6945 0.9249 0.001218
727.50 C 20260807 -1.00 -1.00 3 30 1.6239 0.9297 0.001212
730.00 C 20260807 -1.00 -1.00 2 71 1.5266 0.9389 0.001169
732.50 C 20260807 -1.00 -1.00 2 2 1.5781 0.9272 0.001279
735.00 C 20260807 -1.00 -1.00 2 10 1.5889 0.9214 0.001344
737.50 C 20260807 -1.00 -1.00 4 10 1.6043 0.9151 0.001410
740.00 C 20260807 -1.00 -1.00 2 14 1.5792 0.9139 0.001447
742.50 C 20260807 -1.00 -1.00 4 9 1.5588 0.9121 0.001489
745.00 C 20260807 -1.00 -1.00 16 10 1.4759 0.9187 0.001484
747.50 C 20260807 -1.00 -1.00 9 6 1.5359 0.9061 0.001590
750.00 C 20260807 -1.00 -1.00 3 74 1.5733 0.8971 0.001667
755.00 C 20260807 -1.00 -1.00 5 19 1.5328 0.8930 0.001764
760.00 C 20260807 -1.00 -1.00 6 10 1.5872 0.8769 0.001896
765.00 C 20260807 -1.00 -1.00 5 12 1.5145 0.8756 0.002000
770.00 C 20260807 -1.00 -1.00 1 18 1.4921 0.8659 0.002125
775.00 C 20260807 -1.00 -1.00 1 25 1.4261 0.8631 0.002253
780.00 C 20260807 -1.00 -1.00 2 14 1.4999 0.8377 0.002388
785.00 C 20260807 -1.00 -1.00 5 5 1.4459 0.8319 0.002536
787.50 C 20260807 -1.00 -1.00 3 3 1.4724 0.8212 0.002596
790.00 C 20260807 -1.00 -1.00 1 16 1.4643 0.8154 0.002668
792.50 C 20260807 -1.00 -1.00 -1 0 1.4504 0.8103 0.002744
795.00 C 20260807 -1.00 -1.00 2 30 1.4136 0.8082 0.002837
797.50 C 20260807 -1.00 -1.00 1 1 1.4659 0.7946 0.002872
800.00 C 20260807 -1.00 -1.00 5 47 1.4716 0.7866 0.002933
802.50 C 20260807 -1.00 -1.00 21 11 1.3869 0.7902 0.003080
805.00 C 20260807 -1.00 -1.00 1 35 1.4077 0.7784 0.003120
807.50 C 20260807 -1.00 -1.00 4 12 1.4283 0.7662 0.003152
810.00 C 20260807 -1.00 -1.00 5 31 1.4401 0.7556 0.003193
812.50 C 20260807 -1.00 -1.00 3 2 1.3975 0.7522 0.003312
815.00 C 20260807 -1.00 -1.00 2 41 1.4158 0.7407 0.003343
820.00 C 20260807 -1.00 -1.00 1 64 1.3895 0.7255 0.003505
825.00 C 20260807 -1.00 -1.00 2 16 1.4345 0.7024 0.003542
830.00 C 20260807 -1.00 -1.00 8 12 1.4427 0.6837 0.003639
835.00 C 20260807 -1.00 -1.00 2 23 1.4496 0.6652 0.003734
840.00 C 20260807 -1.00 -1.00 4 393 1.4010 0.6487 0.003907
845.00 C 20260807 -1.00 -1.00 9 127 1.4160 0.6271 0.003920
850.00 C 20260807 -1.00 -1.00 25 676 1.4235 0.6064 0.003951
855.00 C 20260807 -1.00 -1.00 5 71 1.4069 0.5866 0.004048
860.00 C 20260807 -1.00 -1.00 5 167 1.4108 0.5660 0.004090
865.00 C 20260807 -1.00 -1.00 2 82 1.4551 0.5454 0.004016
870.00 C 20260807 -1.00 -1.00 18 562 1.4294 0.5252 0.004139
875.00 C 20260807 -1.00 -1.00 5 40 1.4003 0.5045 0.004206
880.00 C 20260807 -1.00 -1.00 33 154 1.4033 0.4844 0.004169
885.00 C 20260807 -1.00 -1.00 3 57 1.3262 0.4596 0.004376
890.00 C 20260807 -1.00 -1.00 10 75 1.3639 0.4411 0.004229
895.00 C 20260807 -1.00 -1.00 16 55 1.3417 0.4182 0.004266
900.00 C 20260807 -1.00 -1.00 30 1297 1.3719 0.4003 0.004147
902.50 C 20260807 -1.00 -1.00 2 22 1.3798 0.3909 0.004111
905.00 C 20260807 -1.00 -1.00 6 65 1.4002 0.3830 0.004041
907.50 C 20260807 -1.00 -1.00 6 29 1.3770 0.3709 0.004069
910.00 C 20260807 -1.00 -1.00 1 114 1.3805 0.3625 0.004013
912.50 C 20260807 -1.00 -1.00 1 25 1.3676 0.3520 0.003995
915.00 C 20260807 -1.00 -1.00 32 71 1.3773 0.3444 0.003926
917.50 C 20260807 -1.00 -1.00 4 29 1.4012 0.3388 0.003829
920.00 C 20260807 -1.00 -1.00 12 141 1.3455 0.3221 0.003895
922.50 C 20260807 -1.00 -1.00 2 187 1.3857 0.3192 0.003767
925.00 C 20260807 -1.00 -1.00 7 102 1.3689 0.3077 0.003751
930.00 C 20260807 -1.00 -1.00 61 145 1.4042 0.2959 0.003595
935.00 C 20260807 -1.00 -1.00 4 64 1.4232 0.2819 0.003474
940.00 C 20260807 -1.00 -1.00 41 85 1.3998 0.2604 0.003419
945.00 C 20260807 -1.00 -1.00 1 225 1.4408 0.2512 0.003275
950.00 C 20260807 -1.00 -1.00 54 242 1.3994 0.2308 0.003202
955.00 C 20260807 -1.00 -1.00 10 53 1.4169 0.2208 0.003071
960.00 C 20260807 -1.00 -1.00 16 181 1.4004 0.2049 0.002962
965.00 C 20260807 -1.00 -1.00 85 79 1.4048 0.1928 0.002841
970.00 C 20260807 -1.00 -1.00 9 112 1.4091 0.1807 0.002722
975.00 C 20260807 -1.00 -1.00 10 280 1.3980 0.1653 0.002603
980.00 C 20260807 -1.00 -1.00 12 176 1.4333 0.1601 0.002491
985.00 C 20260807 -1.00 -1.00 26 61 1.4710 0.1556 0.002389
990.00 C 20260807 -1.00 -1.00 25 297 1.3948 0.1322 0.002252
995.00 C 20260807 -1.00 -1.00 1 37 1.3837 0.1217 0.002132
1000.00 C 20260807 -1.00 -1.00 85 2295 1.3765 0.1118 0.002011
1005.00 C 20260807 -1.00 -1.00 45 43 1.4648 0.1188 0.001977
1010.00 C 20260807 -1.00 -1.00 18 51 1.4041 0.0997 0.001813
1015.00 C 20260807 -1.00 -1.00 3 226 1.4748 0.1044 0.001784
1020.00 C 20260807 -1.00 -1.00 2 68 1.3897 0.0798 0.001569
1025.00 C 20260807 -1.00 -1.00 220 75 1.4039 0.0749 0.001486
1030.00 C 20260807 -1.00 -1.00 36 82 1.5076 0.0864 0.001528
1035.00 C 20260807 -1.00 -1.00 7 13 1.5284 0.0825 0.001461
1040.00 C 20260807 -1.00 -1.00 7 31 1.3405 0.0517 0.001144
1045.00 C 20260807 -1.00 -1.00 2 53 1.4015 0.0553 0.001155
1050.00 C 20260807 -1.00 -1.00 26 259 1.4235 0.0535 0.001107
1055.00 C 20260807 -1.00 -1.00 13 33 1.4036 0.0459 0.000995
1060.00 C 20260807 -1.00 -1.00 7 29 1.3290 0.0321 0.000793
1065.00 C 20260807 -1.00 -1.00 9 39 1.6140 0.0639 0.001130
1070.00 C 20260807 -1.00 -1.00 24 47 1.3454 0.0285 0.000704
1075.00 C 20260807 -1.00 -1.00 2 9 1.6469 0.0595 0.001044
1080.00 C 20260807 -1.00 -1.00 7 24 1.4570 0.0326 0.000732
1085.00 C 20260807 -1.00 -1.00 2 4 1.7114 0.0590 0.000997
1090.00 C 20260807 -1.00 -1.00 22 40 1.7227 0.0564 0.000955
1095.00 C 20260807 -1.00 -1.00 24 49 1.4899 0.0284 0.000633
1100.00 C 20260807 -1.00 -1.00 32 367 1.4000 0.0187 0.000470
1105.00 C 20260807 -1.00 -1.00 10 13 1.4864 0.0237 0.000542
1110.00 C 20260807 -1.00 -1.00 1 30 1.4973 0.0224 0.000512
1115.00 C 20260807 -1.00 -1.00 20 24 1.5331 0.0231 0.000514
1120.00 C 20260807 -1.00 -1.00 22 49 1.8400 0.0475 0.000780
1125.00 C 20260807 -1.00 -1.00 7 17 1.5668 0.0215 0.000473
1130.00 C 20260807 -1.00 -1.00 3 8 1.5774 0.0203 0.000447
1135.00 C 20260807 -1.00 -1.00 1 53 1.8695 0.0403 0.000677
1140.00 C 20260807 -1.00 -1.00 1 75 1.6603 0.0226 0.000466
1145.00 C 20260807 -1.00 -1.00 1 17 1.6706 0.0214 0.000443
1150.00 C 20260807 -1.00 -1.00 20 218 1.9665 0.0411 0.000653
1160.00 C 20260807 -1.00 -1.00 2 7 1.7134 0.0189 0.000389
1170.00 C 20260807 -1.00 -1.00 3 3 1.8559 0.0253 0.000460
1180.00 C 20260807 -1.00 -1.00 1 5 1.7717 0.0159 0.000326
1190.00 C 20260807 -1.00 -1.00 3 1 1.7782 0.0137 0.000288
1200.00 C 20260807 -1.00 -1.00 9 66 1.4449 0.0025 0.000077
1210.00 C 20260807 -1.00 -1.00 6 12 2.3608 0.0457 0.000590
1220.00 C 20260807 -1.00 -1.00 1 12 2.3615 0.0404 0.000538
525.00 P 20260807 -1.00 -1.00 11 39 2.3891 -0.0024 0.000044
530.00 P 20260807 -1.00 -1.00 24 41 2.3485 -0.0024 0.000046
535.00 P 20260807 -1.00 -1.00 1 63 2.6247 -0.0066 0.000101
537.50 P 20260807 -1.00 -1.00 70 41 2.5597 -0.0060 0.000096
540.00 P 20260807 -1.00 -1.00 1 286 2.3265 -0.0029 0.000055
542.50 P 20260807 -1.00 -1.00 9 37 2.3461 -0.0033 0.000062
545.00 P 20260807 -1.00 -1.00 13 26 3.0625 -0.0190 0.000220
547.50 P 20260807 -1.00 -1.00 2 34 2.5131 -0.0069 0.000110
550.00 P 20260807 -1.00 -1.00 5 126 2.4491 -0.0063 0.000104
552.50 P 20260807 -1.00 -1.00 2 1 2.6358 -0.0097 0.000144
555.00 P 20260807 -1.00 -1.00 2 14 2.4474 -0.0071 0.000116
557.50 P 20260807 -1.00 -1.00 13 11 2.7301 -0.0143 0.000192
560.00 P 20260807 -1.00 -1.00 1 28 2.4456 -0.0078 0.000128
562.50 P 20260807 -1.00 -1.00 33 38 2.1751 -0.0035 0.000070
565.00 P 20260807 -1.00 -1.00 1 17 2.4439 -0.0086 0.000140
567.50 P 20260807 -1.00 -1.00 11 18 2.3605 -0.0077 0.000130
570.00 P 20260807 -1.00 -1.00 4 94 2.3598 -0.0081 0.000137
572.50 P 20260807 -1.00 -1.00 3 18 2.4173 -0.0095 0.000154
575.00 P 20260807 -1.00 -1.00 2 67 2.2149 -0.0065 0.000118
577.50 P 20260807 -1.00 -1.00 2 22 2.9068 -0.0271 0.000314
580.00 P 20260807 -1.00 -1.00 36 163 2.1122 -0.0054 0.000106
582.50 P 20260807 -1.00 -1.00 10 25 2.8218 -0.0261 0.000314
585.00 P 20260807 -1.00 -1.00 6 116 1.9254 -0.0029 0.000067
587.50 P 20260807 -1.00 -1.00 27 15 2.2692 -0.0097 0.000167
590.00 P 20260807 -1.00 -1.00 12 105 2.7630 -0.0279 0.000338
592.50 P 20260807 -1.00 -1.00 10 21 2.3016 -0.0128 0.000208
595.00 P 20260807 -1.00 -1.00 2 13 2.7228 -0.0291 0.000354
597.50 P 20260807 -1.00 -1.00 12 22 2.2301 -0.0121 0.000204
600.00 P 20260807 -1.00 -1.00 19 290 1.8504 -0.0036 0.000084
602.50 P 20260807 -1.00 -1.00 2 11 2.1937 -0.0127 0.000216
605.00 P 20260807 -1.00 -1.00 9 30 1.8513 -0.0046 0.000105
607.50 P 20260807 -1.00 -1.00 2 5 2.5447 -0.0278 0.000367
610.00 P 20260807 -1.00 -1.00 2 63 2.0114 -0.0090 0.000177
612.50 P 20260807 -1.00 -1.00 13 12 2.1472 -0.0149 0.000253
615.00 P 20260807 -1.00 -1.00 31 1010 1.9918 -0.0096 0.000189
617.50 P 20260807 -1.00 -1.00 83 41 2.1539 -0.0172 0.000285
620.00 P 20260807 -1.00 -1.00 12 42 1.9526 -0.0098 0.000196
622.50 P 20260807 -1.00 -1.00 23 25 2.1268 -0.0182 0.000304
625.00 P 20260807 -1.00 -1.00 10 38 1.8941 -0.0096 0.000198
627.50 P 20260807 -1.00 -1.00 5 23 2.1335 -0.0205 0.000336
630.00 P 20260807 -1.00 -1.00 4 94 1.8361 -0.0094 0.000200
632.50 P 20260807 -1.00 -1.00 1 13 2.4633 -0.0406 0.000515
635.00 P 20260807 -1.00 -1.00 1 309 1.8426 -0.0112 0.000233
637.50 P 20260807 -1.00 -1.00 6 31 2.1135 -0.0238 0.000389
640.00 P 20260807 -1.00 -1.00 4 372 1.8171 -0.0123 0.000255
642.50 P 20260807 -1.00 -1.00 22 85 1.7879 -0.0120 0.000254
645.00 P 20260807 -1.00 -1.00 2 97 2.2517 -0.0375 0.000527
647.50 P 20260807 -1.00 -1.00 1 28 2.2645 -0.0402 0.000554
650.00 P 20260807 -1.00 -1.00 83 1070 1.7420 -0.0133 0.000283
652.50 P 20260807 -1.00 -1.00 1 7 1.7625 -0.0155 0.000319
655.00 P 20260807 -1.00 -1.00 3 335 2.0476 -0.0318 0.000507
657.50 P 20260807 -1.00 -1.00 12 22 1.6474 -0.0119 0.000274
660.00 P 20260807 -1.00 -1.00 31 128 1.7008 -0.0161 0.000341
662.50 P 20260807 -1.00 -1.00 3 36 1.5904 -0.0112 0.000270
665.00 P 20260807 -1.00 -1.00 16 33 1.9120 -0.0300 0.000519
667.50 P 20260807 -1.00 -1.00 6 48 1.5908 -0.0139 0.000322
670.00 P 20260807 -1.00 -1.00 17 129 1.7009 -0.0210 0.000432
672.50 P 20260807 -1.00 -1.00 4 14 1.7536 -0.0247 0.000485
675.00 P 20260807 -1.00 -1.00 4 105 1.7495 -0.0258 0.000504
677.50 P 20260807 -1.00 -1.00 1 15 1.5594 -0.0174 0.000399
680.00 P 20260807 -1.00 -1.00 21 262 1.4830 -0.0143 0.000353
682.50 P 20260807 -1.00 -1.00 5 24 1.7380 -0.0314 0.000592
685.00 P 20260807 -1.00 -1.00 15 227 1.5160 -0.0190 0.000443
687.50 P 20260807 -1.00 -1.00 3 25 1.6087 -0.0253 0.000539
690.00 P 20260807 -1.00 -1.00 12 222 1.6659 -0.0322 0.000630
692.50 P 20260807 -1.00 -1.00 2 5 1.8633 -0.0506 0.000817
695.00 P 20260807 -1.00 -1.00 7 37 1.4696 -0.0219 0.000517
697.50 P 20260807 -1.00 -1.00 6 42 1.4262 -0.0207 0.000508
700.00 P 20260807 -1.00 -1.00 264 1079 1.5088 -0.0269 0.000607
702.50 P 20260807 -1.00 -1.00 1 10 1.8082 -0.0557 0.000914
705.00 P 20260807 -1.00 -1.00 1 28 1.4885 -0.0302 0.000671
707.50 P 20260807 -1.00 -1.00 2 2 1.6406 -0.0473 0.000876
710.00 P 20260807 -1.00 -1.00 16 70 1.4842 -0.0352 0.000759
712.50 P 20260807 -1.00 -1.00 8 19 1.7626 -0.0634 0.001037
715.00 P 20260807 -1.00 -1.00 20 87 1.4759 -0.0398 0.000844
717.50 P 20260807 -1.00 -1.00 1 36 1.7249 -0.0667 0.001098
720.00 P 20260807 -1.00 -1.00 26 152 1.4913 -0.0468 0.000955
722.50 P 20260807 -1.00 -1.00 1 4 1.6921 -0.0707 0.001168
725.00 P 20260807 -1.00 -1.00 50 81 1.4636 -0.0496 0.001022
727.50 P 20260807 -1.00 -1.00 3 6 1.6436 -0.0729 0.001229
730.00 P 20260807 -1.00 -1.00 9 79 1.4516 -0.0541 0.001108
732.50 P 20260807 -1.00 -1.00 1 3 1.4262 -0.0545 0.001135
735.00 P 20260807 -1.00 -1.00 329 73 1.4762 -0.0627 0.001232
737.50 P 20260807 -1.00 -1.00 1 60 1.5926 -0.0834 0.001402
740.00 P 20260807 -1.00 -1.00 7 125 1.4469 -0.0677 0.001325
742.50 P 20260807 -1.00 -1.00 3 57 1.5696 -0.0893 0.001497
745.00 P 20260807 -1.00 -1.00 4 115 1.4668 -0.0800 0.001476
747.50 P 20260807 -1.00 -1.00 3 24 1.4177 -0.0776 0.001493
750.00 P 20260807 -1.00 -1.00 48 206 1.4287 -0.0840 0.001571
755.00 P 20260807 -1.00 -1.00 45 84 1.3888 -0.0880 0.001673
760.00 P 20260807 -1.00 -1.00 12 707 1.3976 -0.0990 0.001821
765.00 P 20260807 -1.00 -1.00 3 646 1.3537 -0.1029 0.001936
770.00 P 20260807 -1.00 -1.00 27 628 1.3845 -0.1170 0.002097
775.00 P 20260807 -1.00 -1.00 16 122 1.3753 -0.1280 0.002243
780.00 P 20260807 -1.00 -1.00 207 847 1.3825 -0.1439 0.002398
785.00 P 20260807 -1.00 -1.00 23 93 1.3724 -0.1567 0.002552
787.50 P 20260807 -1.00 -1.00 232 82 1.3500 -0.1604 0.002634
790.00 P 20260807 -1.00 -1.00 30 162 1.3421 -0.1666 0.002716
792.50 P 20260807 -1.00 -1.00 2 211 1.2939 -0.1663 0.002813
795.00 P 20260807 -1.00 -1.00 194 81 1.3149 -0.1774 0.002891
797.50 P 20260807 -1.00 -1.00 52 31 1.3329 -0.1877 0.002964
800.00 P 20260807 -1.00 -1.00 131 178 1.3251 -0.1941 0.003052
802.50 P 20260807 -1.00 -1.00 81 53 1.3116 -0.1998 0.003146
805.00 P 20260807 -1.00 -1.00 12 20 1.3545 -0.2132 0.003188
807.50 P 20260807 -1.00 -1.00 11 53 1.3338 -0.2194 0.003280
810.00 P 20260807 -1.00 -1.00 11 59 1.3261 -0.2278 0.003357
812.50 P 20260807 -1.00 -1.00 18 10 1.3229 -0.2370 0.003428
815.00 P 20260807 -1.00 -1.00 18 27 1.3131 -0.2453 0.003510
820.00 P 20260807 -1.00 -1.00 34 84 1.3088 -0.2644 0.003653
825.00 P 20260807 -1.00 -1.00 11 28 1.3089 -0.2841 0.003788
830.00 P 20260807 -1.00 -1.00 601 150 1.3197 -0.3049 0.003899
835.00 P 20260807 -1.00 -1.00 87 57 1.3432 -0.3265 0.003976
840.00 P 20260807 -1.00 -1.00 7 77 1.3425 -0.3469 0.004068
845.00 P 20260807 -1.00 -1.00 3 35 1.2907 -0.3648 0.004282
850.00 P 20260807 -1.00 -1.00 22 152 1.3042 -0.3879 0.004300
855.00 P 20260807 -1.00 -1.00 7 24 1.3195 -0.4107 0.004310
860.00 P 20260807 -1.00 -1.00 8 74 1.2793 -0.4317 0.004504
865.00 P 20260807 -1.00 -1.00 21 29 1.3443 -0.4546 0.004347
870.00 P 20260807 -1.00 -1.00 2 54 1.2803 -0.4769 0.004624
875.00 P 20260807 -1.00 -1.00 3 16 1.2846 -0.4991 0.004585
880.00 P 20260807 -1.00 -1.00 4 66 1.2697 -0.5219 0.004603
885.00 P 20260807 -1.00 -1.00 20 50 1.2477 -0.5457 0.004647
890.00 P 20260807 -1.00 -1.00 1 125 1.2258 -0.5704 0.004690
895.00 P 20260807 -1.00 -1.00 3 18 1.2383 -0.5923 0.004607
900.00 P 20260807 -1.00 -1.00 3 40 1.2184 -0.6178 0.004641
902.50 P 20260807 -1.00 -1.00 -1 0 1.2714 -0.6223 0.004441
905.00 P 20260807 -1.00 -1.00 2 8 1.2619 -0.6335 0.004421
907.50 P 20260807 -1.00 -1.00 2 2 1.2718 -0.6419 0.004337
910.00 P 20260807 -1.00 -1.00 4 85 1.2796 -0.6505 0.004261
912.50 P 20260807 -1.00 -1.00 2 7 1.2566 -0.6633 0.004263
915.00 P 20260807 -1.00 -1.00 1 15 1.2358 -0.6763 0.004257
917.50 P 20260807 -1.00 -1.00 1 1 1.2763 -0.6796 0.004102
920.00 P 20260807 -1.00 -1.00 40 56 1.2392 -0.6955 0.004130
922.50 P 20260807 -1.00 -1.00 4 2 1.2591 -0.7017 0.004027
925.00 P 20260807 -1.00 -1.00 1 3 1.2770 -0.7082 0.003933
930.00 P 20260807 -1.00 -1.00 2 18 1.2843 -0.7259 0.003809
935.00 P 20260807 -1.00 -1.00 2 0 1.2793 -0.7459 0.003707
940.00 P 20260807 -1.00 -1.00 1 5 1.2816 -0.7622 0.003575
945.00 P 20260807 -1.00 -1.00 4 25 1.2811 -0.7766 0.003432
950.00 P 20260807 -1.00 -1.00 3 17 1.2807 -0.7910 0.003288
955.00 P 20260807 -1.00 -1.00 10 5 1.2671 -0.8082 0.003148
960.00 P 20260807 -1.00 -1.00 20 32 1.2771 -0.8204 0.003000
965.00 P 20260807 -1.00 -1.00 20 61 1.2584 -0.8392 0.002851
970.00 P 20260807 -1.00 -1.00 1 16 1.2839 -0.8475 0.002712
975.00 P 20260807 -1.00 -1.00 2 11 1.2482 -0.8662 0.002554
980.00 P 20260807 -1.00 -1.00 7 8 1.2684 -0.8721 0.002427
985.00 P 20260807 -1.00 -1.00 2 1 1.3078 -0.8743 0.002322
990.00 P 20260807 -1.00 -1.00 2 5 1.2854 -0.8878 0.002171
995.00 P 20260807 -1.00 -1.00 1 2 1.1936 -0.9170 0.001890
1000.00 P 20260807 -1.00 -1.00 10 2 1.2213 -0.9206 0.001793
1005.00 P 20260807 -1.00 -1.00 1 3 1.2448 -0.9249 0.001694
1010.00 P 20260807 -1.00 -1.00 2 1 1.2103 -0.9357 0.001536
1015.00 P 20260807 -1.00 -1.00 6 8 1.2464 -0.9360 0.001483
1020.00 P 20260807 -1.00 -1.00 -1 0 1.3611 -0.9260 0.001531
1025.00 P 20260807 -1.00 -1.00 1 2 1.1667 -0.9601 0.001096
1030.00 P 20260807 -1.00 -1.00 1 1 1.3274 -0.9406 0.001310
1035.00 P 20260807 -1.00 -1.00 2 2 1.1205 -0.9737 0.000819
1040.00 P 20260807 -1.00 -1.00 1 1 1.0790 -0.9813 0.000648
1045.00 P 20260807 -1.00 -1.00 -1 0 1.2830 -0.9630 0.000941
1050.00 P 20260807 -1.00 -1.00 5 5 1.3117 -0.9637 0.000909
1055.00 P 20260807 -1.00 -1.00 -1 0 1.3116 -0.9675 0.000834
1060.00 P 20260807 -1.00 -1.00 -1 0 1.3101 -0.9702 0.000775
1065.00 P 20260807 -1.00 -1.00 -1 0 1.3085 -0.9729 0.000715
1070.00 P 20260807 -1.00 -1.00 1 2 1.0864 -0.9927 0.000314
1075.00 P 20260807 -1.00 -1.00 -1 0 1.0728 -0.9949 0.000254
1080.00 P 20260807 -1.00 -1.00 1 2 1.3029 -0.9812 0.000535
1085.00 P 20260807 -1.00 -1.00 -1 0 1.2731 -0.9868 0.000420
1090.00 P 20260807 -1.00 -1.00 1 2 1.2971 -0.9870 0.000408
1095.00 P 20260807 -1.00 -1.00 2 1 1.3195 -0.9872 0.000396
1100.00 P 20260807 -1.00 -1.00 1 0 1.3404 -0.9873 0.000385
1105.00 P 20260807 -1.00 -1.00 6 3 1.2349 -0.9935 0.000251
1110.00 P 20260807 -1.00 -1.00 -1 0 1.2557 -0.9935 0.000244
1115.00 P 20260807 -1.00 -1.00 1 2 -1.0000 -1.0000 -1.000000
1120.00 P 20260807 -1.00 -1.00 -1 0 -1.0000 -1.0000 -1.000000
1125.00 P 20260807 -1.00 -1.00 1 1 1.2825 -0.9956 0.000187
1130.00 P 20260807 -1.00 -1.00 -1 0 1.4635 -0.9883 0.000328
1135.00 P 20260807 -1.00 -1.00 1 0 -1.0000 -1.0000 -1.000000
1140.00 P 20260807 -1.00 -1.00 -1 0 -1.0000 -1.0000 -1.000000
1145.00 P 20260807 -1.00 -1.00 -1 0 -1.0000 -1.0000 -1.000000
1150.00 P 20260807 -1.00 -1.00 -1 0 -1.0000 -1.0000 -1.000000
1160.00 P 20260807 -1.00 -1.00 -1 0 -1.0000 -1.0000 -1.000000
1170.00 P 20260807 -1.00 -1.00 -1 0 -1.0000 -1.0000 -1.000000
1180.00 P 20260807 -1.00 -1.00 1 0 1.4018 -0.9981 0.000098
1190.00 P 20260807 -1.00 -1.00 -1 0 -1.0000 -1.0000 -1.000000
1200.00 P 20260807 -1.00 -1.00 1 0 -1.0000 -1.0000 -1.000000
1210.00 P 20260807 -1.00 -1.00 1 0 -1.0000 -1.0000 -1.000000
1220.00 P 20260807 -1.00 -1.00 1 0 -1.0000 -1.0000 -1.000000
525.00 C 20260814 -1.00 -1.00 2 7 1.7923 0.9735 0.000247
527.50 C 20260814 -1.00 -1.00 -1 0 1.7817 0.9730 0.000252
530.00 C 20260814 -1.00 -1.00 2 6 1.6736 0.9787 0.000221
532.50 C 20260814 -1.00 -1.00 2 1 1.6599 0.9786 0.000225
535.00 C 20260814 -1.00 -1.00 1 5 1.6372 0.9788 0.000225
537.50 C 20260814 -1.00 -1.00 -1 0 1.4871 0.9850 0.000182
540.00 C 20260814 -1.00 -1.00 -1 0 1.5830 0.9797 0.000224
542.50 C 20260814 -1.00 -1.00 -1 0 1.6872 0.9721 0.000273
545.00 C 20260814 -1.00 -1.00 2 3 1.6227 0.9759 0.000254
547.50 C 20260814 -1.00 -1.00 -1 0 1.5161 0.9805 0.000225
550.00 C 20260814 -1.00 -1.00 32 16 1.5802 0.9767 0.000254
552.50 C 20260814 -1.00 -1.00 -1 0 1.5928 0.9742 0.000272
555.00 C 20260814 -1.00 -1.00 2 1 1.5784 0.9740 0.000277
557.50 C 20260814 -1.00 -1.00 1 0 1.5730 0.9730 0.000286
560.00 C 20260814 -1.00 -1.00 4 2 1.5138 0.9768 0.000265
562.50 C 20260814 -1.00 -1.00 -1 0 1.5845 0.9692 0.000315
565.00 C 20260814 -1.00 -1.00 -1 0 1.5393 0.9716 0.000304
567.50 C 20260814 -1.00 -1.00 -1 0 1.5207 0.9718 0.000306
570.00 C 20260814 -1.00 -1.00 2 3 1.5244 0.9700 0.000321
572.50 C 20260814 -1.00 -1.00 2 1 1.5060 0.9702 0.000323
575.00 C 20260814 -1.00 -1.00 2 0 1.5316 0.9665 0.000349
577.50 C 20260814 -1.00 -1.00 -1 0 1.5001 0.9678 0.000346
580.00 C 20260814 -1.00 -1.00 1 2 1.4644 0.9695 0.000339
582.50 C 20260814 -1.00 -1.00 1 1 1.5249 0.9627 0.000384
585.00 C 20260814 -1.00 -1.00 2 1 1.4500 0.9678 0.000358
587.50 C 20260814 -1.00 -1.00 -1 0 1.4712 0.9644 0.000383
590.00 C 20260814 -1.00 -1.00 1 1 1.4271 0.9668 0.000372
592.50 C 20260814 -1.00 -1.00 5 5 1.4353 0.9645 0.000391
595.00 C 20260814 -1.00 -1.00 1 2 1.4174 0.9647 0.000395
597.50 C 20260814 -1.00 -1.00 -1 0 1.3781 0.9668 0.000385
600.00 C 20260814 -1.00 -1.00 12 6 1.4034 0.9628 0.000415
602.50 C 20260814 -1.00 -1.00 -1 0 1.4072 0.9609 0.000432
605.00 C 20260814 -1.00 -1.00 -1 0 1.4024 0.9598 0.000444
607.50 C 20260814 -1.00 -1.00 -1 0 1.4660 0.9528 0.000487
610.00 C 20260814 -1.00 -1.00 2 35 1.4015 0.9568 0.000472
612.50 C 20260814 -1.00 -1.00 -1 0 1.3754 0.9576 0.000474
615.00 C 20260814 -1.00 -1.00 2 1 1.3962 0.9541 0.000499
617.50 C 20260814 -1.00 -1.00 -1 0 1.4678 0.9467 0.000542
620.00 C 20260814 -1.00 -1.00 2 2 1.4037 0.9504 0.000531
622.50 C 20260814 -1.00 -1.00 -1 0 1.3526 0.9533 0.000523
625.00 C 20260814 -1.00 -1.00 2 7 1.3480 0.9521 0.000536
627.50 C 20260814 -1.00 -1.00 -1 0 1.3477 0.9506 0.000551
630.00 C 20260814 -1.00 -1.00 2 8 1.3221 0.9513 0.000555
632.50 C 20260814 -1.00 -1.00 -1 0 1.3715 0.9452 0.000592
635.00 C 20260814 -1.00 -1.00 1 2 1.3641 0.9437 0.000607
637.50 C 20260814 -1.00 -1.00 -1 0 1.3905 0.9373 0.000643
640.00 C 20260814 -1.00 -1.00 -1 0 1.3326 0.9430 0.000627
642.50 C 20260814 -1.00 -1.00 1 1 1.3205 0.9421 0.000640
645.00 C 20260814 -1.00 -1.00 25 25 1.3061 0.9416 0.000651
647.50 C 20260814 -1.00 -1.00 -1 0 1.3157 0.9374 0.000679
650.00 C 20260814 -1.00 -1.00 25 35 1.3062 0.9361 0.000695
652.50 C 20260814 -1.00 -1.00 -1 0 1.2990 0.9344 0.000712
655.00 C 20260814 -1.00 -1.00 2 29 1.2919 0.9327 0.000729
657.50 C 20260814 -1.00 -1.00 -1 0 1.2943 0.9296 0.000753
660.00 C 20260814 -1.00 -1.00 12 7 1.2636 0.9314 0.000756
662.50 C 20260814 -1.00 -1.00 1 1 1.2778 0.9265 0.000788
665.00 C 20260814 -1.00 -1.00 -1 0 1.2519 0.9275 0.000795
667.50 C 20260814 -1.00 -1.00 -1 0 1.2544 0.9243 0.000820
670.00 C 20260814 -1.00 -1.00 -1 0 1.2757 0.9184 0.000854
672.50 C 20260814 -1.00 -1.00 -1 0 1.2593 0.9179 0.000869
675.00 C 20260814 -1.00 -1.00 1 1 1.2454 0.9171 0.000886
677.50 C 20260814 -1.00 -1.00 -1 0 1.2502 0.9135 0.000912
680.00 C 20260814 -1.00 -1.00 2 4 1.2666 0.9084 0.000941
682.50 C 20260814 -1.00 -1.00 -1 0 1.2504 0.9078 0.000958
685.00 C 20260814 -1.00 -1.00 5 26 1.2412 0.9062 0.000979
687.50 C 20260814 -1.00 -1.00 -1 0 1.2507 0.9020 0.001005
690.00 C 20260814 -1.00 -1.00 25 13 1.2369 0.9010 0.001025
692.50 C 20260814 -1.00 -1.00 -1 0 1.2162 0.9010 0.001043
695.00 C 20260814 -1.00 -1.00 18 28 1.2395 0.8949 0.001073
697.50 C 20260814 -1.00 -1.00 -1 0 1.2327 0.8929 0.001096
700.00 C 20260814 -1.00 -1.00 1 7 1.2099 0.8930 0.001115
702.50 C 20260814 -1.00 -1.00 -1 0 1.2101 0.8901 0.001140
705.00 C 20260814 -1.00 -1.00 3 2 1.2228 0.8845 0.001168
707.50 C 20260814 -1.00 -1.00 12 12 1.1979 0.8850 0.001189
710.00 C 20260814 -1.00 -1.00 1 48 1.2172 0.8771 0.001219
712.50 C 20260814 -1.00 -1.00 -1 0 1.2105 0.8740 0.001245
715.00 C 20260814 -1.00 -1.00 1 20 1.1873 0.8741 0.001269
717.50 C 20260814 -1.00 -1.00 -1 0 1.1974 0.8679 0.001297
720.00 C 20260814 -1.00 -1.00 10 15 1.1727 0.8681 0.001323
722.50 C 20260814 -1.00 -1.00 1 1 1.1903 0.8605 0.001351
725.00 C 20260814 -1.00 -1.00 4 34 1.1688 0.8601 0.001379
727.50 C 20260814 -1.00 -1.00 2 1 1.1683 0.8558 0.001407
730.00 C 20260814 -1.00 -1.00 2 9 1.1649 0.8520 0.001436
732.50 C 20260814 -1.00 -1.00 -1 0 1.1734 0.8461 0.001463
735.00 C 20260814 -1.00 -1.00 1 29 1.1715 0.8420 0.001492
737.50 C 20260814 -1.00 -1.00 1 1 1.1606 0.8394 0.001522
740.00 C 20260814 -1.00 -1.00 2 38 1.1825 0.8315 0.001545
742.50 C 20260814 -1.00 -1.00 -1 0 1.1657 0.8298 0.001578
745.00 C 20260814 -1.00 -1.00 1 3 1.1608 0.8261 0.001608
747.50 C 20260814 -1.00 -1.00 -1 0 1.1544 0.8227 0.001639
750.00 C 20260814 -1.00 -1.00 30 30 1.1614 0.8172 0.001665
755.00 C 20260814 -1.00 -1.00 1 16 1.1591 0.8087 0.001723
760.00 C 20260814 -1.00 -1.00 2 25 1.1723 0.7977 0.001771
765.00 C 20260814 -1.00 -1.00 2 21 1.1539 0.7897 0.001833
770.00 C 20260814 -1.00 -1.00 2 23 1.1412 0.7805 0.001892
775.00 C 20260814 -1.00 -1.00 2 23 1.1508 0.7676 0.001929
780.00 C 20260814 -1.00 -1.00 14 24 1.1260 0.7600 0.002004
785.00 C 20260814 -1.00 -1.00 1 12 1.1300 0.7479 0.002048
787.50 C 20260814 -1.00 -1.00 -1 0 1.1210 0.7434 0.002084
790.00 C 20260814 -1.00 -1.00 2 11 1.1242 0.7372 0.002104
792.50 C 20260814 -1.00 -1.00 -1 0 1.1284 0.7308 0.002123
795.00 C 20260814 -1.00 -1.00 1 11 1.1359 0.7242 0.002137
797.50 C 20260814 -1.00 -1.00 -1 0 1.1062 0.7220 0.002204
800.00 C 20260814 -1.00 -1.00 5 15 1.1388 0.7124 0.002181
802.50 C 20260814 -1.00 -1.00 13 12 1.1386 0.7067 0.002205
805.00 C 20260814 -1.00 -1.00 2 3 1.1373 0.7011 0.002231
807.50 C 20260814 -1.00 -1.00 4 2 1.1350 0.6956 0.002258
810.00 C 20260814 -1.00 -1.00 1 58 1.1435 0.6891 0.002269
812.50 C 20260814 -1.00 -1.00 5 5 1.1411 0.6837 0.002296
815.00 C 20260814 -1.00 -1.00 2 16 1.1425 0.6777 0.002315
820.00 C 20260814 -1.00 -1.00 7 115 1.1423 0.6651 0.002338
825.00 C 20260814 -1.00 -1.00 1 34 1.1298 0.6534 0.002386
830.00 C 20260814 -1.00 -1.00 3 41 1.1202 0.6413 0.002428
835.00 C 20260814 -1.00 -1.00 1 10 1.1200 0.6284 0.002452
840.00 C 20260814 -1.00 -1.00 1 7 1.1087 0.6160 0.002500
845.00 C 20260814 -1.00 -1.00 1 22 1.1094 0.6030 0.002522
850.00 C 20260814 -1.00 -1.00 2 63 1.1139 0.5899 0.002536
855.00 C 20260814 -1.00 -1.00 8 82 1.1165 0.5770 0.002553
860.00 C 20260814 -1.00 -1.00 4 40 1.1007 0.5640 0.002614
865.00 C 20260814 -1.00 -1.00 9 34 1.1272 0.5514 0.002576
870.00 C 20260814 -1.00 -1.00 9 38 1.1196 0.5384 0.002617
875.00 C 20260814 -1.00 -1.00 2 11 1.1004 0.5251 0.002658
880.00 C 20260814 -1.00 -1.00 8 62 1.0963 0.5122 0.002660
885.00 C 20260814 -1.00 -1.00 42 56 1.1131 0.5005 0.002612
890.00 C 20260814 -1.00 -1.00 22 24 1.1234 0.4888 0.002581
895.00 C 20260814 -1.00 -1.00 2 21 1.1256 0.4765 0.002568
900.00 C 20260814 -1.00 -1.00 14 364 1.0986 0.4656 0.002620
905.00 C 20260814 -1.00 -1.00 1 16 1.0829 0.4512 0.002649
910.00 C 20260814 -1.00 -1.00 10 101 1.0968 0.4400 0.002608
915.00 C 20260814 -1.00 -1.00 1 46 1.0865 0.4259 0.002624
920.00 C 20260814 -1.00 -1.00 22 100 1.0977 0.4147 0.002590
925.00 C 20260814 -1.00 -1.00 1 35 1.1043 0.4030 0.002567
930.00 C 20260814 -1.00 -1.00 1 21 1.1118 0.3916 0.002543
935.00 C 20260814 -1.00 -1.00 1 16 1.1022 0.3793 0.002531
940.00 C 20260814 -1.00 -1.00 11 51 1.1016 0.3685 0.002498
945.00 C 20260814 -1.00 -1.00 20 3 1.0920 0.3560 0.002482
950.00 C 20260814 -1.00 -1.00 347 322 1.0675 0.3405 0.002489
955.00 C 20260814 -1.00 -1.00 2 20 1.0600 0.3278 0.002466
960.00 C 20260814 -1.00 -1.00 161 15 1.0675 0.3182 0.002418
965.00 C 20260814 -1.00 -1.00 12 11 1.0739 0.3086 0.002373
970.00 C 20260814 -1.00 -1.00 68 19 1.0734 0.2974 0.002338
975.00 C 20260814 -1.00 -1.00 20 26 1.0630 0.2838 0.002317
980.00 C 20260814 -1.00 -1.00 174 126 1.0616 0.2723 0.002283
985.00 C 20260814 -1.00 -1.00 1 30 1.0885 0.2684 0.002215
990.00 C 20260814 -1.00 -1.00 1 4 1.0877 0.2573 0.002182
995.00 C 20260814 -1.00 -1.00 53 81 1.0941 0.2506 0.002131
1000.00 C 20260814 -1.00 -1.00 4 162 1.0661 0.2362 0.002105
1005.00 C 20260814 -1.00 -1.00 6 15 1.0383 0.2210 0.002072
1010.00 C 20260814 -1.00 -1.00 10 37 1.0498 0.2155 0.002017
1015.00 C 20260814 -1.00 -1.00 20 16 1.0410 0.2047 0.001970
1020.00 C 20260814 -1.00 -1.00 84 628 1.0838 0.2078 0.001910
1025.00 C 20260814 -1.00 -1.00 15 19 1.0500 0.1903 0.001869
1030.00 C 20260814 -1.00 -1.00 17 19 1.0813 0.1909 0.001818
1035.00 C 20260814 -1.00 -1.00 21 9 1.0900 0.1852 0.001772
1040.00 C 20260814 -1.00 -1.00 13 41 1.0837 0.1753 0.001726
1045.00 C 20260814 -1.00 -1.00 4 22 1.0837 0.1672 0.001680
1050.00 C 20260814 -1.00 -1.00 53 297 1.0911 0.1614 0.001636
1055.00 C 20260814 -1.00 -1.00 2 27 1.0935 0.1541 0.001592
1060.00 C 20260814 -1.00 -1.00 10 27 1.1096 0.1519 0.001553
1065.00 C 20260814 -1.00 -1.00 7 11 1.0942 0.1434 0.001508
1070.00 C 20260814 -1.00 -1.00 2 14 1.0660 0.1317 0.001451
1075.00 C 20260814 -1.00 -1.00 1 10 1.1075 0.1361 0.001430
1080.00 C 20260814 -1.00 -1.00 1 20 1.1068 0.1308 0.001389
1085.00 C 20260814 -1.00 -1.00 3 23 1.1152 0.1276 0.001354
1090.00 C 20260814 -1.00 -1.00 1 5 1.1018 0.1193 0.001304
1095.00 C 20260814 -1.00 -1.00 2 8 1.0975 0.1131 0.001259
1100.00 C 20260814 -1.00 -1.00 14 71 1.0751 0.1021 0.001194
1105.00 C 20260814 -1.00 -1.00 1 16 1.0745 0.0966 0.001150
1110.00 C 20260814 -1.00 -1.00 47 21 1.1135 0.1018 0.001151
1115.00 C 20260814 -1.00 -1.00 10 11 1.0894 0.0902 0.001082
1120.00 C 20260814 -1.00 -1.00 2 19 1.1264 0.0950 0.001085
1125.00 C 20260814 -1.00 -1.00 1 9 1.1239 0.0893 0.001042
1130.00 C 20260814 -1.00 -1.00 1 9 1.1178 0.0826 0.000995
1135.00 C 20260814 -1.00 -1.00 34 48 1.1287 0.0808 0.000971
1140.00 C 20260814 -1.00 -1.00 4 12 1.1045 0.0740 0.000921
1145.00 C 20260814 -1.00 -1.00 3 8 1.1218 0.0740 0.000907
1150.00 C 20260814 -1.00 -1.00 1 18 1.0367 0.0555 0.000776
1160.00 C 20260814 -1.00 -1.00 1 12 1.0986 0.0613 0.000793
1170.00 C 20260814 -1.00 -1.00 6 10 1.1146 0.0585 0.000753
1180.00 C 20260814 -1.00 -1.00 6 11 1.1365 0.0569 0.000722
1190.00 C 20260814 -1.00 -1.00 6 8 1.1567 0.0551 0.000691
1200.00 C 20260814 -1.00 -1.00 2 17 1.1617 0.0506 0.000643
1210.00 C 20260814 -1.00 -1.00 31 16 1.1110 0.0363 0.000521
1220.00 C 20260814 -1.00 -1.00 9 6 1.1999 0.0471 0.000589
525.00 P 20260814 -1.00 -1.00 1 9 1.4789 -0.0103 0.000134
527.50 P 20260814 -1.00 -1.00 -1 0 1.4753 -0.0109 0.000140
530.00 P 20260814 -1.00 -1.00 5 29 1.4717 -0.0115 0.000147
532.50 P 20260814 -1.00 -1.00 -1 0 1.4681 -0.0121 0.000153
535.00 P 20260814 -1.00 -1.00 14 19 1.4645 -0.0127 0.000160
537.50 P 20260814 -1.00 -1.00 -1 0 1.4609 -0.0133 0.000167
540.00 P 20260814 -1.00 -1.00 33 24 1.6343 -0.0222 0.000236
542.50 P 20260814 -1.00 -1.00 42 0 1.5172 -0.0177 0.000207
545.00 P 20260814 -1.00 -1.00 2 5 1.6083 -0.0225 0.000243
547.50 P 20260814 -1.00 -1.00 -1 0 1.4468 -0.0157 0.000195
550.00 P 20260814 -1.00 -1.00 13 24 1.8298 -0.0411 0.000348
552.50 P 20260814 -1.00 -1.00 3 2 1.4578 -0.0178 0.000216
555.00 P 20260814 -1.00 -1.00 1 27 1.8116 -0.0424 0.000361
557.50 P 20260814 -1.00 -1.00 1 16 1.5759 -0.0266 0.000282
560.00 P 20260814 -1.00 -1.00 1 14 1.7868 -0.0434 0.000373
562.50 P 20260814 -1.00 -1.00 38 8 1.7790 -0.0442 0.000381
565.00 P 20260814 -1.00 -1.00 3 3 1.7734 -0.0451 0.000389
567.50 P 20260814 -1.00 -1.00 78 10 1.7612 -0.0456 0.000395
570.00 P 20260814 -1.00 -1.00 13 13 1.5548 -0.0319 0.000331
572.50 P 20260814 -1.00 -1.00 60 14 1.4391 -0.0232 0.000278
575.00 P 20260814 -1.00 -1.00 16 18 1.4327 -0.0238 0.000286
577.50 P 20260814 -1.00 -1.00 -1 0 1.7217 -0.0483 0.000425
580.00 P 20260814 -1.00 -1.00 3 77 1.3984 -0.0236 0.000290
582.50 P 20260814 -1.00 -1.00 104 17 1.4731 -0.0321 0.000351
585.00 P 20260814 -1.00 -1.00 14 27 1.4160 -0.0283 0.000331
587.50 P 20260814 -1.00 -1.00 8 19 1.4939 -0.0369 0.000388
590.00 P 20260814 -1.00 -1.00 8 47 1.5346 -0.0417 0.000419
592.50 P 20260814 -1.00 -1.00 1 1 1.3999 -0.0314 0.000363
595.00 P 20260814 -1.00 -1.00 50 31 1.4126 -0.0342 0.000385
597.50 P 20260814 -1.00 -1.00 12 4 1.3886 -0.0334 0.000385
600.00 P 20260814 -1.00 -1.00 85 72 1.3797 -0.0342 0.000395
602.50 P 20260814 -1.00 -1.00 2 1 1.3945 -0.0371 0.000418
605.00 P 20260814 -1.00 -1.00 15 18 1.3621 -0.0356 0.000414
607.50 P 20260814 -1.00 -1.00 3 12 1.4024 -0.0410 0.000452
610.00 P 20260814 -1.00 -1.00 31 32 1.3510 -0.0377 0.000437
612.50 P 20260814 -1.00 -1.00 6 3 1.3955 -0.0435 0.000477
615.00 P 20260814 -1.00 -1.00 1 1 1.3549 -0.0413 0.000470
617.50 P 20260814 -1.00 -1.00 -1 0 1.3801 -0.0452 0.000499
620.00 P 20260814 -1.00 -1.00 20 38 1.3503 -0.0441 0.000499
622.50 P 20260814 -1.00 -1.00 2 1 1.3354 -0.0443 0.000506
625.00 P 20260814 -1.00 -1.00 6 27 1.2469 -0.0370 0.000466
627.50 P 20260814 -1.00 -1.00 1 0 1.2763 -0.0418 0.000504
630.00 P 20260814 -1.00 -1.00 4 23 1.2930 -0.0451 0.000531
632.50 P 20260814 -1.00 -1.00 1 51 1.2888 -0.0464 0.000545
635.00 P 20260814 -1.00 -1.00 2 1 1.3012 -0.0492 0.000569
637.50 P 20260814 -1.00 -1.00 4 5 1.2887 -0.0497 0.000579
640.00 P 20260814 -1.00 -1.00 1 8 1.2055 -0.0429 0.000546
642.50 P 20260814 -1.00 -1.00 -1 0 1.2367 -0.0480 0.000585
645.00 P 20260814 -1.00 -1.00 77 24 1.3340 -0.0613 0.000660
647.50 P 20260814 -1.00 -1.00 10 2 1.2224 -0.0500 0.000613
650.00 P 20260814 -1.00 -1.00 4 64 1.1977 -0.0492 0.000617
652.50 P 20260814 -1.00 -1.00 2 1 1.2663 -0.0592 0.000678
655.00 P 20260814 -1.00 -1.00 3 54 1.2356 -0.0570 0.000677
657.50 P 20260814 -1.00 -1.00 2 1 1.2312 -0.0592 0.000698
660.00 P 20260814 -1.00 -1.00 20 60 1.1778 -0.0542 0.000682
662.50 P 20260814 -1.00 -1.00 -1 0 1.2175 -0.0627 0.000735
665.00 P 20260814 -1.00 -1.00 307 272 1.1742 -0.0583 0.000724
667.50 P 20260814 -1.00 -1.00 -1 0 1.2075 -0.0669 0.000777
670.00 P 20260814 -1.00 -1.00 1 69 1.1937 -0.0676 0.000792
672.50 P 20260814 -1.00 -1.00 -1 0 1.1847 -0.0691 0.000811
675.00 P 20260814 -1.00 -1.00 2 72 1.1792 -0.0712 0.000833
677.50 P 20260814 -1.00 -1.00 6 95 1.1609 -0.0711 0.000846
680.00 P 20260814 -1.00 -1.00 19 111 1.1659 -0.0750 0.000876
682.50 P 20260814 -1.00 -1.00 10 7 1.1873 -0.0814 0.000916
685.00 P 20260814 -1.00 -1.00 4 20 1.1040 -0.0705 0.000884
687.50 P 20260814 -1.00 -1.00 4 2 1.2273 -0.0933 0.000984
690.00 P 20260814 -1.00 -1.00 1 764 1.1073 -0.0775 0.000945
692.50 P 20260814 -1.00 -1.00 2 2 1.1401 -0.0861 0.000995
695.00 P 20260814 -1.00 -1.00 8 58 1.1590 -0.0921 0.001032
697.50 P 20260814 -1.00 -1.00 16 13 1.1479 -0.0935 0.001054
700.00 P 20260814 -1.00 -1.00 234 140 1.1713 -0.1000 0.001090
702.50 P 20260814 -1.00 -1.00 26 106 1.2037 -0.1076 0.001125
705.00 P 20260814 -1.00 -1.00 2 50 1.1469 -0.1026 0.001135
707.50 P 20260814 -1.00 -1.00 2 14 1.1678 -0.1086 0.001168
710.00 P 20260814 -1.00 -1.00 23 72 1.1750 -0.1126 0.001196
712.50 P 20260814 -1.00 -1.00 1 1 1.1886 -0.1196 0.001227
715.00 P 20260814 -1.00 -1.00 2 16 1.1474 -0.1157 0.001246
717.50 P 20260814 -1.00 -1.00 3 1 1.1682 -0.1243 0.001279
720.00 P 20260814 -1.00 -1.00 4 39 1.1482 -0.1248 0.001304
722.50 P 20260814 -1.00 -1.00 2 17 1.1523 -0.1301 0.001334
725.00 P 20260814 -1.00 -1.00 13 57 1.1279 -0.1298 0.001361
727.50 P 20260814 -1.00 -1.00 14 7 1.1276 -0.1343 0.001391
730.00 P 20260814 -1.00 -1.00 1 75 1.1513 -0.1433 0.001421
732.50 P 20260814 -1.00 -1.00 2 1 1.1524 -0.1479 0.001449
735.00 P 20260814 -1.00 -1.00 6 54 1.1133 -0.1452 0.001482
737.50 P 20260814 -1.00 -1.00 1 1 1.1205 -0.1511 0.001512
740.00 P 20260814 -1.00 -1.00 5 36 1.1113 -0.1540 0.001544
742.50 P 20260814 -1.00 -1.00 11 10 1.1392 -0.1635 0.001568
745.00 P 20260814 -1.00 -1.00 14 22 1.1374 -0.1677 0.001599
747.50 P 20260814 -1.00 -1.00 24 82 1.1237 -0.1700 0.001633
750.00 P 20260814 -1.00 -1.00 54 160 1.1102 -0.1723 0.001668
755.00 P 20260814 -1.00 -1.00 5 121 1.1258 -0.1839 0.001723
760.00 P 20260814 -1.00 -1.00 6 25 1.1223 -0.1925 0.001785
765.00 P 20260814 -1.00 -1.00 1 51 1.1012 -0.1986 0.001860
770.00 P 20260814 -1.00 -1.00 21 14 1.1108 -0.2111 0.001907
775.00 P 20260814 -1.00 -1.00 65 55 1.0906 -0.2193 0.001978
780.00 P 20260814 -1.00 -1.00 8 57 1.0794 -0.2293 0.002042
785.00 P 20260814 -1.00 -1.00 8 6 1.0793 -0.2413 0.002095
787.50 P 20260814 -1.00 -1.00 32 27 1.0793 -0.2473 0.002121
790.00 P 20260814 -1.00 -1.00 8 115 1.0814 -0.2536 0.002145
792.50 P 20260814 -1.00 -1.00 2 11 1.0803 -0.2594 0.002172
795.00 P 20260814 -1.00 -1.00 1 69 1.0890 -0.2666 0.002186
797.50 P 20260814 -1.00 -1.00 1 5 1.0758 -0.2708 0.002232
800.00 P 20260814 -1.00 -1.00 1 73 1.0823 -0.2777 0.002248
802.50 P 20260814 -1.00 -1.00 1 3 1.0692 -0.2821 0.002295
805.00 P 20260814 -1.00 -1.00 1 83 1.0659 -0.2877 0.002327
807.50 P 20260814 -1.00 -1.00 2 9 1.0692 -0.2942 0.002348
810.00 P 20260814 -1.00 -1.00 1 21 1.0604 -0.2993 0.002390
812.50 P 20260814 -1.00 -1.00 69 60 1.0875 -0.3081 0.002370
815.00 P 20260814 -1.00 -1.00 2 14 1.0896 -0.3143 0.002392
820.00 P 20260814 -1.00 -1.00 31 25 1.0936 -0.3271 0.002427
825.00 P 20260814 -1.00 -1.00 4 16 1.0870 -0.3397 0.002466
830.00 P 20260814 -1.00 -1.00 1 21 1.0627 -0.3511 0.002544
835.00 P 20260814 -1.00 -1.00 1 30 1.0693 -0.3650 0.002555
840.00 P 20260814 -1.00 -1.00 4 28 1.0479 -0.3774 0.002631
845.00 P 20260814 -1.00 -1.00 1 14 1.0555 -0.3914 0.002638
850.00 P 20260814 -1.00 -1.00 5 47 1.0805 -0.4056 0.002604
855.00 P 20260814 -1.00 -1.00 2 2 1.0335 -0.4183 0.002746
860.00 P 20260814 -1.00 -1.00 1 134 1.0659 -0.4323 0.002690
865.00 P 20260814 -1.00 -1.00 3 20 1.0586 -0.4458 0.002734
870.00 P 20260814 -1.00 -1.00 6 81 1.0440 -0.4598 0.002799
875.00 P 20260814 -1.00 -1.00 1 8 1.0434 -0.4734 0.002805
880.00 P 20260814 -1.00 -1.00 1 75 1.0278 -0.4876 0.002839
885.00 P 20260814 -1.00 -1.00 20 79 1.0376 -0.5006 0.002803
890.00 P 20260814 -1.00 -1.00 2 32 1.0301 -0.5146 0.002813
895.00 P 20260814 -1.00 -1.00 5 9 1.0326 -0.5280 0.002797
900.00 P 20260814 -1.00 -1.00 1 31 1.0342 -0.5413 0.002783
905.00 P 20260814 -1.00 -1.00 1 21 1.0215 -0.5564 0.002808
910.00 P 20260814 -1.00 -1.00 57 126 1.0374 -0.5680 0.002757
915.00 P 20260814 -1.00 -1.00 2 11 1.0274 -0.5829 0.002773
920.00 P 20260814 -1.00 -1.00 40 63 1.0298 -0.5961 0.002758
925.00 P 20260814 -1.00 -1.00 1 12 1.0410 -0.6078 0.002720
930.00 P 20260814 -1.00 -1.00 2 4 1.0455 -0.6192 0.002682
935.00 P 20260814 -1.00 -1.00 19 30 1.0401 -0.6315 0.002655
940.00 P 20260814 -1.00 -1.00 1 10 1.0327 -0.6443 0.002632
945.00 P 20260814 -1.00 -1.00 14 26 1.0154 -0.6593 0.002627
950.00 P 20260814 -1.00 -1.00 2 20 1.0300 -0.6679 0.002561
955.00 P 20260814 -1.00 -1.00 1 13 1.0565 -0.6737 0.002477
960.00 P 20260814 -1.00 -1.00 17 2 1.0244 -0.6923 0.002493
965.00 P 20260814 -1.00 -1.00 1 3 1.0359 -0.7011 0.002437
970.00 P 20260814 -1.00 -1.00 2 6 1.0336 -0.7132 0.002402
975.00 P 20260814 -1.00 -1.00 7 6 1.0302 -0.7257 0.002369
980.00 P 20260814 -1.00 -1.00 3 5 1.0445 -0.7333 0.002312
985.00 P 20260814 -1.00 -1.00 2 5 1.0487 -0.7435 0.002269
990.00 P 20260814 -1.00 -1.00 2 4 1.0433 -0.7534 0.002225
995.00 P 20260814 -1.00 -1.00 2 3 1.0498 -0.7603 0.002171
1000.00 P 20260814 -1.00 -1.00 1 18 1.0588 -0.7665 0.002116
1005.00 P 20260814 -1.00 -1.00 2 1 1.0437 -0.7787 0.002076
1010.00 P 20260814 -1.00 -1.00 1 4 1.0312 -0.7905 0.002031
1015.00 P 20260814 -1.00 -1.00 1 4 1.0452 -0.7952 0.001976
1020.00 P 20260814 -1.00 -1.00 1 2 1.0428 -0.8044 0.001927
1025.00 P 20260814 -1.00 -1.00 -1 0 1.0517 -0.8103 0.001877
1030.00 P 20260814 -1.00 -1.00 1 1 1.0455 -0.8206 0.001828
1035.00 P 20260814 -1.00 -1.00 2 0 1.0656 -0.8230 0.001780
1040.00 P 20260814 -1.00 -1.00 2 1 1.0780 -0.8275 0.001734
1045.00 P 20260814 -1.00 -1.00 1 1 1.0579 -0.8421 0.001683
1050.00 P 20260814 -1.00 -1.00 1 2 1.0764 -0.8445 0.001641
1055.00 P 20260814 -1.00 -1.00 2 1 1.0506 -0.8570 0.001587
1060.00 P 20260814 -1.00 -1.00 -1 0 1.0816 -0.8554 0.001553
1065.00 P 20260814 -1.00 -1.00 1 1 1.0625 -0.8651 0.001502
1070.00 P 20260814 -1.00 -1.00 1 1 1.0620 -0.8706 0.001457
1075.00 P 20260814 -1.00 -1.00 1 1 1.0632 -0.8757 0.001414
1080.00 P 20260814 -1.00 -1.00 -1 0 1.0443 -0.8860 0.001354
1085.00 P 20260814 -1.00 -1.00 -1 0 1.0345 -0.8941 0.001298
1090.00 P 20260814 -1.00 -1.00 1 1 1.0523 -0.8948 0.001270
1095.00 P 20260814 -1.00 -1.00 1 1 1.0479 -0.9015 0.001219
1100.00 P 20260814 -1.00 -1.00 -1 0 1.0875 -0.8962 0.001217
1105.00 P 20260814 -1.00 -1.00 1 1 1.0702 -0.9062 0.001155
1110.00 P 20260814 -1.00 -1.00 -1 1 1.0950 -0.9047 0.001141
1115.00 P 20260814 -1.00 -1.00 1 1 1.1033 -0.9077 0.001109
1120.00 P 20260814 -1.00 -1.00 -1 0 1.1279 -0.9062 0.001096
1125.00 P 20260814 -1.00 -1.00 -1 0 1.1141 -0.9151 0.001040
1130.00 P 20260814 -1.00 -1.00 -1 0 1.0974 -0.9232 0.000985
1135.00 P 20260814 -1.00 -1.00 1 1 1.1411 -0.9178 0.000995
1140.00 P 20260814 -1.00 -1.00 -1 0 1.1262 -0.9242 0.000950
1145.00 P 20260814 -1.00 -1.00 1 1 1.0675 -0.9375 0.000862
1150.00 P 20260814 -1.00 -1.00 -1 0 1.0430 -0.9454 0.000797
1160.00 P 20260814 -1.00 -1.00 -1 0 1.1028 -0.9399 0.000809
1170.00 P 20260814 -1.00 -1.00 -1 0 1.1435 -0.9381 0.000796
1180.00 P 20260814 -1.00 -1.00 1 1 1.2390 -0.9274 0.000831
1190.00 P 20260814 -1.00 -1.00 -1 0 1.0972 -0.9587 0.000620
1200.00 P 20260814 -1.00 -1.00 1 1 1.1720 -0.9495 0.000667
1210.00 P 20260814 -1.00 -1.00 -1 0 1.1749 -0.9545 0.000618
1220.00 P 20260814 -1.00 -1.00 -1 0 1.1440 -0.9653 0.000526
530.00 C 20260821 -1.00 -1.00 12 8 1.1982 0.9827 0.000192
540.00 C 20260821 -1.00 -1.00 3 69 1.2052 0.9794 0.000224
550.00 C 20260821 -1.00 -1.00 1 38 1.1916 0.9773 0.000248
560.00 C 20260821 -1.00 -1.00 2 15 1.1870 0.9724 0.000290
570.00 C 20260821 -1.00 -1.00 2 12 1.1505 0.9708 0.000313
580.00 C 20260821 -1.00 -1.00 4 8 1.1745 0.9624 0.000378
590.00 C 20260821 -1.00 -1.00 1 56 1.1718 0.9570 0.000424
600.00 C 20260821 -1.00 -1.00 1 17 1.1853 0.9500 0.000478
610.00 C 20260821 -1.00 -1.00 4 6 1.2066 0.9379 0.000555
620.00 C 20260821 -1.00 -1.00 14 9 1.1937 0.9306 0.000609
630.00 C 20260821 -1.00 -1.00 19 17 1.2067 0.9194 0.000676
640.00 C 20260821 -1.00 -1.00 76 33 1.1757 0.9145 0.000727
650.00 C 20260821 -1.00 -1.00 2 40 1.1797 0.9045 0.000791
660.00 C 20260821 -1.00 -1.00 1 6 1.1871 0.8942 0.000855
670.00 C 20260821 -1.00 -1.00 2 3 1.1620 0.8858 0.000917
680.00 C 20260821 -1.00 -1.00 3 45 1.1220 0.8795 0.000984
690.00 C 20260821 -1.00 -1.00 14 10 1.1095 0.8676 0.001057
695.00 C 20260821 -1.00 -1.00 2 1 1.1220 0.8583 0.001093
700.00 C 20260821 -1.00 -1.00 2 30 1.0995 0.8551 0.001132
705.00 C 20260821 -1.00 -1.00 -1 0 1.1016 0.8476 0.001170
710.00 C 20260821 -1.00 -1.00 1 11 1.0955 0.8414 0.001209
715.00 C 20260821 -1.00 -1.00 2 2 1.0998 0.8335 0.001246
720.00 C 20260821 -1.00 -1.00 4 30 1.0983 0.8266 0.001284
725.00 C 20260821 -1.00 -1.00 12 24 1.0924 0.8202 0.001325
730.00 C 20260821 -1.00 -1.00 7 15 1.1000 0.8119 0.001359
735.00 C 20260821 -1.00 -1.00 3 2 1.1018 0.8042 0.001395
737.50 C 20260821 -1.00 -1.00 2 18 1.0961 0.8007 0.001415
740.00 C 20260821 -1.00 -1.00 427 319 1.0921 0.7968 0.001433
742.50 C 20260821 -1.00 -1.00 3 7 1.0838 0.7937 0.001455
745.00 C 20260821 -1.00 -1.00 2 10 1.0773 0.7902 0.001476
747.50 C 20260821 -1.00 -1.00 1 4 1.0768 0.7857 0.001492
750.00 C 20260821 -1.00 -1.00 2 104 1.0797 0.7806 0.001506
755.00 C 20260821 -1.00 -1.00 2 86 1.0710 0.7728 0.001545
760.00 C 20260821 -1.00 -1.00 1 448 1.0683 0.7639 0.001580
765.00 C 20260821 -1.00 -1.00 1 68 1.0606 0.7557 0.001621
770.00 C 20260821 -1.00 -1.00 2 11 1.0639 0.7459 0.001650
775.00 C 20260821 -1.00 -1.00 2 10 1.0579 0.7374 0.001689
780.00 C 20260821 -1.00 -1.00 1 43 1.0612 0.7276 0.001718
785.00 C 20260821 -1.00 -1.00 2 5 1.0636 0.7180 0.001748
790.00 C 20260821 -1.00 -1.00 4 78 1.0719 0.7079 0.001770
795.00 C 20260821 -1.00 -1.00 19 26 1.0643 0.6993 0.001812
800.00 C 20260821 -1.00 -1.00 7 71 1.0708 0.6895 0.001836
805.00 C 20260821 -1.00 -1.00 3 5 1.0672 0.6798 0.001861
810.00 C 20260821 -1.00 -1.00 3 217 1.0549 0.6706 0.001898
815.00 C 20260821 -1.00 -1.00 8 35 1.0613 0.6598 0.001903
820.00 C 20260821 -1.00 -1.00 3 184 1.0477 0.6503 0.001943
825.00 C 20260821 -1.00 -1.00 21 21 1.0470 0.6400 0.001961
830.00 C 20260821 -1.00 -1.00 12 128 1.0498 0.6295 0.001973
835.00 C 20260821 -1.00 -1.00 16 22 1.0392 0.6194 0.002009
840.00 C 20260821 -1.00 -1.00 12 94 1.0441 0.6088 0.002016
845.00 C 20260821 -1.00 -1.00 1 7 1.0490 0.5983 0.002023
850.00 C 20260821 -1.00 -1.00 18 2391 1.0504 0.5880 0.002037
855.00 C 20260821 -1.00 -1.00 1 29 1.0434 0.5775 0.002067
860.00 C 20260821 -1.00 -1.00 9 965 1.0469 0.5672 0.002077
865.00 C 20260821 -1.00 -1.00 10 12 1.0566 0.5570 0.002074
870.00 C 20260821 -1.00 -1.00 40 165 1.0566 0.5467 0.002091
875.00 C 20260821 -1.00 -1.00 2 13 1.0489 0.5364 0.002103
880.00 C 20260821 -1.00 -1.00 3 156 1.0287 0.5253 0.002140
885.00 C 20260821 -1.00 -1.00 4 4 1.0155 0.5141 0.002164
890.00 C 20260821 -1.00 -1.00 30 430 1.0468 0.5063 0.002096
895.00 C 20260821 -1.00 -1.00 14 22 1.0357 0.4953 0.002114
900.00 C 20260821 -1.00 -1.00 1 478 1.0409 0.4857 0.002100
905.00 C 20260821 -1.00 -1.00 15 26 1.0366 0.4751 0.002105
910.00 C 20260821 -1.00 -1.00 2 152 1.0337 0.4647 0.002107
915.00 C 20260821 -1.00 -1.00 5 8 1.0429 0.4557 0.002085
920.00 C 20260821 -1.00 -1.00 1 98 1.0400 0.4453 0.002087
925.00 C 20260821 -1.00 -1.00 9 25 1.0445 0.4358 0.002074
930.00 C 20260821 -1.00 -1.00 2 94 1.0416 0.4253 0.002076
935.00 C 20260821 -1.00 -1.00 8 12 1.0407 0.4151 0.002074
940.00 C 20260821 -1.00 -1.00 2 147 1.0511 0.4069 0.002051
945.00 C 20260821 -1.00 -1.00 4 15 1.0572 0.3983 0.002033
950.00 C 20260821 -1.00 -1.00 29 641 1.0509 0.3889 0.002023
960.00 C 20260821 -1.00 -1.00 1 1274 1.0324 0.3686 0.002012
970.00 C 20260821 -1.00 -1.00 1 252 1.0350 0.3520 0.001967
980.00 C 20260821 -1.00 -1.00 5 88 1.0190 0.3312 0.001948
990.00 C 20260821 -1.00 -1.00 1 133 1.0298 0.3165 0.001893
1000.00 C 20260821 -1.00 -1.00 6 1197 1.0154 0.2955 0.001869
1010.00 C 20260821 -1.00 -1.00 1 107 1.0210 0.2797 0.001821
1020.00 C 20260821 -1.00 -1.00 1 88 1.0338 0.2662 0.001766
1030.00 C 20260821 -1.00 -1.00 1 65 1.0273 0.2518 0.001716
1040.00 C 20260821 -1.00 -1.00 10 67 1.0197 0.2371 0.001664
1050.00 C 20260821 -1.00 -1.00 1 409 1.0235 0.2254 0.001606
1060.00 C 20260821 -1.00 -1.00 8 148 1.0225 0.2124 0.001551
1070.00 C 20260821 -1.00 -1.00 3 90 1.0272 0.2010 0.001494
1080.00 C 20260821 -1.00 -1.00 3 73 1.0290 0.1889 0.001438
1090.00 C 20260821 -1.00 -1.00 2 50 1.0299 0.1765 0.001383
1100.00 C 20260821 -1.00 -1.00 10 170 1.0189 0.1601 0.001325
1110.00 C 20260821 -1.00 -1.00 8 67 1.0036 0.1474 0.001266
1120.00 C 20260821 -1.00 -1.00 6 75 1.0127 0.1414 0.001215
1130.00 C 20260821 -1.00 -1.00 4 36 0.9961 0.1287 0.001152
1140.00 C 20260821 -1.00 -1.00 2 63 0.9972 0.1205 0.001097
1150.00 C 20260821 -1.00 -1.00 2 330 1.0102 0.1158 0.001052
1160.00 C 20260821 -1.00 -1.00 2 77 1.0258 0.1120 0.001012
1170.00 C 20260821 -1.00 -1.00 3 121 1.0254 0.1037 0.000959
1180.00 C 20260821 -1.00 -1.00 7 53 1.0263 0.0958 0.000908
1190.00 C 20260821 -1.00 -1.00 12 60 1.0206 0.0859 0.000849
1200.00 C 20260821 -1.00 -1.00 78 1489 1.0112 0.0787 0.000800
1210.00 C 20260821 -1.00 -1.00 5 33 1.0066 0.0732 0.000756
1220.00 C 20260821 -1.00 -1.00 4 34 1.0088 0.0690 0.000718
530.00 P 20260821 -1.00 -1.00 57 3622 1.1846 -0.0166 0.000190
540.00 P 20260821 -1.00 -1.00 6 63 1.2894 -0.0280 0.000272
550.00 P 20260821 -1.00 -1.00 6 585 1.2712 -0.0315 0.000303
560.00 P 20260821 -1.00 -1.00 1 353 1.1772 -0.0271 0.000290
570.00 P 20260821 -1.00 -1.00 4 125 1.1738 -0.0324 0.000336
580.00 P 20260821 -1.00 -1.00 10 165 1.1704 -0.0378 0.000383
590.00 P 20260821 -1.00 -1.00 2 192 1.1359 -0.0398 0.000412
600.00 P 20260821 -1.00 -1.00 30 1493 1.1606 -0.0482 0.000475
610.00 P 20260821 -1.00 -1.00 42 201 1.1686 -0.0560 0.000533
620.00 P 20260821 -1.00 -1.00 1 145 1.1492 -0.0624 0.000586
630.00 P 20260821 -1.00 -1.00 46 118 1.1080 -0.0653 0.000628
640.00 P 20260821 -1.00 -1.00 1 71 1.0857 -0.0715 0.000686
650.00 P 20260821 -1.00 -1.00 16 660 1.0873 -0.0818 0.000760
660.00 P 20260821 -1.00 -1.00 1 128 1.0835 -0.0913 0.000831
670.00 P 20260821 -1.00 -1.00 5 78 1.0958 -0.1032 0.000907
680.00 P 20260821 -1.00 -1.00 38 143 1.0711 -0.1103 0.000977
690.00 P 20260821 -1.00 -1.00 1 98 1.0582 -0.1224 0.001055
695.00 P 20260821 -1.00 -1.00 4 792 1.0396 -0.1261 0.001095
700.00 P 20260821 -1.00 -1.00 5 551 1.0409 -0.1339 0.001137
705.00 P 20260821 -1.00 -1.00 13 108 1.0271 -0.1387 0.001179
710.00 P 20260821 -1.00 -1.00 15 280 1.0549 -0.1515 0.001218
715.00 P 20260821 -1.00 -1.00 1 23 1.0481 -0.1578 0.001261
720.00 P 20260821 -1.00 -1.00 4 54 1.0264 -0.1615 0.001308
725.00 P 20260821 -1.00 -1.00 2 15 1.0220 -0.1684 0.001353
730.00 P 20260821 -1.00 -1.00 18 276 1.0165 -0.1752 0.001398
735.00 P 20260821 -1.00 -1.00 15 7 1.0234 -0.1840 0.001439
737.50 P 20260821 -1.00 -1.00 5 12 1.0342 -0.1895 0.001454
740.00 P 20260821 -1.00 -1.00 2 79 1.0225 -0.1915 0.001482
742.50 P 20260821 -1.00 -1.00 1 48 1.0326 -0.1972 0.001497
745.00 P 20260821 -1.00 -1.00 5 34 1.0211 -0.1998 0.001524
747.50 P 20260821 -1.00 -1.00 4 13 1.0216 -0.2047 0.001541
750.00 P 20260821 -1.00 -1.00 14 961 1.0221 -0.2097 0.001558
755.00 P 20260821 -1.00 -1.00 7 80 1.0198 -0.2189 0.001596
760.00 P 20260821 -1.00 -1.00 2 201 1.0098 -0.2270 0.001641
765.00 P 20260821 -1.00 -1.00 12 46 1.0049 -0.2360 0.001682
770.00 P 20260821 -1.00 -1.00 16 84 0.9992 -0.2449 0.001725
775.00 P 20260821 -1.00 -1.00 27 43 1.0214 -0.2579 0.001735
780.00 P 20260821 -1.00 -1.00 1 148 0.9939 -0.2640 0.001805
785.00 P 20260821 -1.00 -1.00 12 9 1.0259 -0.2778 0.001799
790.00 P 20260821 -1.00 -1.00 4 172 1.0052 -0.2852 0.001863
795.00 P 20260821 -1.00 -1.00 1 38 1.0163 -0.2962 0.001883
800.00 P 20260821 -1.00 -1.00 6 330 1.0164 -0.3059 0.001918
805.00 P 20260821 -1.00 -1.00 4 83 1.0181 -0.3160 0.001949
810.00 P 20260821 -1.00 -1.00 1 120 0.9932 -0.3245 0.002013
815.00 P 20260821 -1.00 -1.00 5 31 1.0149 -0.3372 0.001989
820.00 P 20260821 -1.00 -1.00 84 52 0.9844 -0.3458 0.002066
825.00 P 20260821 -1.00 -1.00 2 35 1.0040 -0.3580 0.002046
830.00 P 20260821 -1.00 -1.00 34 711 0.9786 -0.3676 0.002115
835.00 P 20260821 -1.00 -1.00 14 27 0.9726 -0.3785 0.002147
840.00 P 20260821 -1.00 -1.00 2 44 0.9807 -0.3900 0.002148
845.00 P 20260821 -1.00 -1.00 1 2 0.9908 -0.4012 0.002145
850.00 P 20260821 -1.00 -1.00 74 119 0.9876 -0.4122 0.002170
855.00 P 20260821 -1.00 -1.00 4 4 0.9788 -0.4233 0.002208
860.00 P 20260821 -1.00 -1.00 30 163 0.9791 -0.4345 0.002226
865.00 P 20260821 -1.00 -1.00 2 18 0.9890 -0.4453 0.002222
870.00 P 20260821 -1.00 -1.00 12 90 0.9876 -0.4565 0.002244
875.00 P 20260821 -1.00 -1.00 1 9 0.9795 -0.4676 0.002258
880.00 P 20260821 -1.00 -1.00 12 81 0.9678 -0.4790 0.002281
885.00 P 20260821 -1.00 -1.00 2 8 0.9830 -0.4888 0.002241
890.00 P 20260821 -1.00 -1.00 21 104 0.9687 -0.5007 0.002269
895.00 P 20260821 -1.00 -1.00 -1 0 0.9653 -0.5119 0.002272
900.00 P 20260821 -1.00 -1.00 11 130 0.9634 -0.5230 0.002272
905.00 P 20260821 -1.00 -1.00 2 0 0.9642 -0.5339 0.002266
910.00 P 20260821 -1.00 -1.00 6 88 0.9642 -0.5448 0.002261
915.00 P 20260821 -1.00 -1.00 2 2 0.9657 -0.5555 0.002253
920.00 P 20260821 -1.00 -1.00 2 77 0.9684 -0.5660 0.002242
925.00 P 20260821 -1.00 -1.00 1 1 0.9705 -0.5765 0.002233
930.00 P 20260821 -1.00 -1.00 1 67 0.9665 -0.5881 0.002237
935.00 P 20260821 -1.00 -1.00 -1 0 0.9704 -0.5983 0.002224
940.00 P 20260821 -1.00 -1.00 1 62 0.9731 -0.6080 0.002205
945.00 P 20260821 -1.00 -1.00 1 1 0.9664 -0.6184 0.002194
950.00 P 20260821 -1.00 -1.00 1 100 0.9642 -0.6280 0.002174
960.00 P 20260821 -1.00 -1.00 2 50 0.9584 -0.6478 0.002137
970.00 P 20260821 -1.00 -1.00 4 80 0.9601 -0.6660 0.002087
980.00 P 20260821 -1.00 -1.00 1 48 0.9573 -0.6853 0.002043
990.00 P 20260821 -1.00 -1.00 1 26 0.9892 -0.6951 0.001953
1000.00 P 20260821 -1.00 -1.00 10 94 0.9559 -0.7230 0.001949
1010.00 P 20260821 -1.00 -1.00 2 99 0.9792 -0.7343 0.001875
1020.00 P 20260821 -1.00 -1.00 1 22 0.9592 -0.7539 0.001830
1030.00 P 20260821 -1.00 -1.00 1 17 0.9474 -0.7710 0.001772
1040.00 P 20260821 -1.00 -1.00 2 11 0.9469 -0.7851 0.001706
1050.00 P 20260821 -1.00 -1.00 12 22 0.9446 -0.7998 0.001641
1060.00 P 20260821 -1.00 -1.00 2 4 0.9515 -0.8115 0.001574
1070.00 P 20260821 -1.00 -1.00 12 18 0.9546 -0.8244 0.001508
1080.00 P 20260821 -1.00 -1.00 2 10 0.9527 -0.8390 0.001443
1090.00 P 20260821 -1.00 -1.00 1 7 0.9721 -0.8454 0.001383
1100.00 P 20260821 -1.00 -1.00 1 11 0.9363 -0.8637 0.001311
1110.00 P 20260821 -1.00 -1.00 2 2 0.9789 -0.8611 0.001269
1120.00 P 20260821 -1.00 -1.00 4 4 0.9390 -0.8812 0.001185
1130.00 P 20260821 -1.00 -1.00 4 10 0.9402 -0.8900 0.001124
1140.00 P 20260821 -1.00 -1.00 3 9 0.9317 -0.9020 0.001052
1150.00 P 20260821 -1.00 -1.00 1 11 0.9462 -0.9064 0.001005
1160.00 P 20260821 -1.00 -1.00 1 6 0.9496 -0.9144 0.000947
1170.00 P 20260821 -1.00 -1.00 2 9 0.9421 -0.9234 0.000885
1180.00 P 20260821 -1.00 -1.00 1 17 0.9096 -0.9358 0.000804
1190.00 P 20260821 -1.00 -1.00 1 1 0.9095 -0.9412 0.000755
1200.00 P 20260821 -1.00 -1.00 1 5 0.8951 -0.9502 0.000684
1210.00 P 20260821 -1.00 -1.00 1 2 0.9161 -0.9503 0.000666
1220.00 P 20260821 -1.00 -1.00 -1 0 0.9177 -0.9553 0.000618
400.00 C 20260807 -1.00 -1.00 1 3 4.9039 0.9865 0.000102
410.00 C 20260807 -1.00 -1.00 2 6 4.9519 0.9837 0.000119
420.00 C 20260807 -1.00 -1.00 2 7 4.8528 0.9827 0.000128
430.00 C 20260807 -1.00 -1.00 2 0 4.4887 0.9853 0.000120
440.00 C 20260807 -1.00 -1.00 2 2 4.3367 0.9852 0.000125
450.00 C 20260807 -1.00 -1.00 1 1 4.3087 0.9832 0.000141
460.00 C 20260807 -1.00 -1.00 1 3 4.1622 0.9830 0.000147
470.00 C 20260807 -1.00 -1.00 2 0 3.9603 0.9838 0.000148
480.00 C 20260807 -1.00 -1.00 2 2 3.8598 0.9830 0.000159
490.00 C 20260807 -1.00 -1.00 6 3 3.7230 0.9828 0.000166
500.00 C 20260807 -1.00 -1.00 2 2 3.7409 0.9798 0.000191
505.00 C 20260807 -1.00 -1.00 3 2 3.7214 0.9788 0.000200
510.00 C 20260807 -1.00 -1.00 4 2 3.6645 0.9785 0.000206
515.00 C 20260807 -1.00 -1.00 12 14 3.4402 0.9814 0.000192
520.00 C 20260807 -1.00 -1.00 1 8 3.6023 0.9762 0.000228
400.00 P 20260807 -1.00 -1.00 3 79 3.3427 -0.0007 0.000011
410.00 P 20260807 -1.00 -1.00 40 39 4.6592 -0.0125 0.000100
420.00 P 20260807 -1.00 -1.00 25 40 4.1586 -0.0075 0.000073
430.00 P 20260807 -1.00 -1.00 36 68 3.1146 -0.0011 0.000017
440.00 P 20260807 -1.00 -1.00 40 37 3.0171 -0.0012 0.000018
450.00 P 20260807 -1.00 -1.00 36 96 4.3951 -0.0180 0.000147
460.00 P 20260807 -1.00 -1.00 25 176 3.8523 -0.0117 0.000115
470.00 P 20260807 -1.00 -1.00 30 29 2.7376 -0.0013 0.000022
480.00 P 20260807 -1.00 -1.00 30 71 3.0800 -0.0047 0.000064
490.00 P 20260807 -1.00 -1.00 120 47 2.8917 -0.0037 0.000055
500.00 P 20260807 -1.00 -1.00 21 105 2.4755 -0.0014 0.000026
505.00 P 20260807 -1.00 -1.00 32 256 2.4334 -0.0014 0.000027
510.00 P 20260807 -1.00 -1.00 70 165 2.3917 -0.0015 0.000028
515.00 P 20260807 -1.00 -1.00 2 4 2.6331 -0.0037 0.000060
520.00 P 20260807 -1.00 -1.00 19 31 2.6520 -0.0047 0.000074
400.00 C 20260814 -1.00 -1.00 2 2 2.4773 0.9854 0.000107
410.00 C 20260814 -1.00 -1.00 1 4 2.3523 0.9864 0.000105
420.00 C 20260814 -1.00 -1.00 1 4 2.3446 0.9844 0.000120
430.00 C 20260814 -1.00 -1.00 1 1 2.1731 0.9869 0.000110
440.00 C 20260814 -1.00 -1.00 2 2 2.1678 0.9847 0.000127
450.00 C 20260814 -1.00 -1.00 -1 0 2.0725 0.9852 0.000129
460.00 C 20260814 -1.00 -1.00 2 1 2.0980 0.9820 0.000152
470.00 C 20260814 -1.00 -1.00 1 3 1.9275 0.9851 0.000139
480.00 C 20260814 -1.00 -1.00 1 2 1.8381 0.9858 0.000140
490.00 C 20260814 -1.00 -1.00 1 5 1.9418 0.9795 0.000184
495.00 C 20260814 -1.00 -1.00 -1 0 1.9310 0.9786 0.000193
497.50 C 20260814 -1.00 -1.00 -1 0 1.7929 0.9829 0.000170
500.00 C 20260814 -1.00 -1.00 8 16 1.9537 0.9749 0.000216
502.50 C 20260814 -1.00 -1.00 -1 0 1.8490 0.9795 0.000194
505.00 C 20260814 -1.00 -1.00 20 10 1.8157 0.9800 0.000193
507.50 C 20260814 -1.00 -1.00 2 1 1.8636 0.9772 0.000211
510.00 C 20260814 -1.00 -1.00 20 11 1.7495 0.9812 0.000189
512.50 C 20260814 -1.00 -1.00 -1 0 1.8557 0.9753 0.000225
515.00 C 20260814 -1.00 -1.00 2 1 1.8401 0.9751 0.000229
517.50 C 20260814 -1.00 -1.00 -1 0 1.7967 0.9769 0.000221
520.00 C 20260814 -1.00 -1.00 2 2 1.8138 0.9744 0.000237
522.50 C 20260814 -1.00 -1.00 -1 0 1.6888 0.9801 0.000206
400.00 P 20260814 -1.00 -1.00 10 92 2.3471 -0.0111 0.000089
410.00 P 20260814 -1.00 -1.00 4 3 2.3098 -0.0123 0.000099
420.00 P 20260814 -1.00 -1.00 2 14 2.1128 -0.0087 0.000081
430.00 P 20260814 -1.00 -1.00 2 66 2.2329 -0.0147 0.000120
440.00 P 20260814 -1.00 -1.00 2 10 2.2793 -0.0183 0.000143
450.00 P 20260814 -1.00 -1.00 2 18 1.6499 -0.0035 0.000046
460.00 P 20260814 -1.00 -1.00 384 14 1.4687 -0.0019 0.000029
470.00 P 20260814 -1.00 -1.00 125 45 1.6036 -0.0051 0.000065
480.00 P 20260814 -1.00 -1.00 40 22 1.5306 -0.0047 0.000064
490.00 P 20260814 -1.00 -1.00 14 9 1.4925 -0.0051 0.000071
495.00 P 20260814 -1.00 -1.00 128 26 1.6985 -0.0125 0.000136
497.50 P 20260814 -1.00 -1.00 120 62 1.4893 -0.0061 0.000083
500.00 P 20260814 -1.00 -1.00 1 242 1.4993 -0.0067 0.000090
502.50 P 20260814 -1.00 -1.00 58 33 1.6904 -0.0142 0.000153
505.00 P 20260814 -1.00 -1.00 8 28 1.7049 -0.0155 0.000164
507.50 P 20260814 -1.00 -1.00 4 1 1.5647 -0.0098 0.000121
510.00 P 20260814 -1.00 -1.00 8 20 1.5514 -0.0099 0.000123
512.50 P 20260814 -1.00 -1.00 16 6 1.5382 -0.0100 0.000125
515.00 P 20260814 -1.00 -1.00 24 14 1.5251 -0.0101 0.000127
517.50 P 20260814 -1.00 -1.00 14 7 1.5120 -0.0101 0.000129
520.00 P 20260814 -1.00 -1.00 40 23 1.5082 -0.0107 0.000135
522.50 P 20260814 -1.00 -1.00 10 3 1.4860 -0.0103 0.000133
400.00 C 20260821 -1.00 -1.00 1 7 1.8303 0.9867 0.000100
410.00 C 20260821 -1.00 -1.00 1 7 1.8149 0.9851 0.000112
420.00 C 20260821 -1.00 -1.00 1 5 1.6897 0.9873 0.000104
430.00 C 20260821 -1.00 -1.00 1 2 1.7541 0.9827 0.000132
440.00 C 20260821 -1.00 -1.00 2 3 1.7770 0.9794 0.000153
450.00 C 20260821 -1.00 -1.00 2 7 1.6659 0.9813 0.000150
460.00 C 20260821 -1.00 -1.00 1 11 1.6529 0.9794 0.000165
470.00 C 20260821 -1.00 -1.00 2 3 1.5891 0.9795 0.000171
480.00 C 20260821 -1.00 -1.00 1 3 1.5190 0.9798 0.000175
490.00 C 20260821 -1.00 -1.00 2 10 1.4913 0.9784 0.000190
500.00 C 20260821 -1.00 -1.00 12 14 1.5282 0.9707 0.000236
510.00 C 20260821 -1.00 -1.00 4 5 1.4188 0.9750 0.000224
520.00 C 20260821 -1.00 -1.00 16 32 1.3818 0.9734 0.000242
400.00 P 20260821 -1.00 -1.00 4 107 1.4955 -0.0039 0.000041
410.00 P 20260821 -1.00 -1.00 50 1011 1.3950 -0.0026 0.000032
420.00 P 20260821 -1.00 -1.00 1 4 1.6749 -0.0119 0.000101
430.00 P 20260821 -1.00 -1.00 4 102 1.3100 -0.0028 0.000036
440.00 P 20260821 -1.00 -1.00 6 32 1.3674 -0.0055 0.000062
450.00 P 20260821 -1.00 -1.00 56 154 1.3704 -0.0068 0.000075
460.00 P 20260821 -1.00 -1.00 1 185 1.2510 -0.0049 0.000061
470.00 P 20260821 -1.00 -1.00 5 26 1.4872 -0.0161 0.000148
480.00 P 20260821 -1.00 -1.00 5 51 1.3546 -0.0123 0.000127
490.00 P 20260821 -1.00 -1.00 34 56 1.3953 -0.0170 0.000165
500.00 P 20260821 -1.00 -1.00 2 162 1.3814 -0.0189 0.000183
510.00 P 20260821 -1.00 -1.00 2 23 1.3606 -0.0206 0.000201
520.00 P 20260821 -1.00 -1.00 1 116 1.3655 -0.0250 0.000234
1230.00 C 20260807 -1.00 -1.00 8 4 1.5477 0.0024 0.000068
1240.00 C 20260807 -1.00 -1.00 5 148 1.7574 0.0053 0.000125
1250.00 C 20260807 -1.00 -1.00 9 383 1.6516 0.0029 0.000077
1260.00 C 20260807 -1.00 -1.00 13 54 2.4705 0.0341 0.000447
1270.00 C 20260807 -1.00 -1.00 15 31 2.8871 0.0610 0.000606
1280.00 C 20260807 -1.00 -1.00 8 35 2.2388 0.0160 0.000261
1290.00 C 20260807 -1.00 -1.00 75 233 1.9663 0.0058 0.000122
1300.00 C 20260807 -1.00 -1.00 3 165 1.7739 0.0021 0.000053
1310.00 C 20260807 -1.00 -1.00 1 79 2.3342 0.0147 0.000232
1320.00 C 20260807 -1.00 -1.00 13 16 1.8363 0.0020 0.000050
1330.00 C 20260807 -1.00 -1.00 5 21 2.8354 0.0354 0.000401
1340.00 C 20260807 -1.00 -1.00 31 150 1.8978 0.0020 0.000047
1350.00 C 20260807 -1.00 -1.00 110 20 1.9282 0.0019 0.000046
1360.00 C 20260807 -1.00 -1.00 3 33 1.9583 0.0019 0.000044
1370.00 C 20260807 -1.00 -1.00 3 14 1.9883 0.0019 0.000043
1380.00 C 20260807 -1.00 -1.00 6 17 2.9748 0.0315 0.000345
1390.00 C 20260807 -1.00 -1.00 11 274 2.0475 0.0018 0.000041
1230.00 P 20260807 -1.00 -1.00 1 0 -1.0000 -1.0000 -1.000000
1240.00 P 20260807 -1.00 -1.00 1 0 -1.0000 -1.0000 -1.000000
1250.00 P 20260807 -1.00 -1.00 1 0 -1.0000 -1.0000 -1.000000
1260.00 P 20260807 -1.00 -1.00 1 0 -1.0000 -1.0000 -1.000000
1270.00 P 20260807 -1.00 -1.00 -1 0 -1.0000 -1.0000 -1.000000
1280.00 P 20260807 -1.00 -1.00 -1 0 -1.0000 -1.0000 -1.000000
1290.00 P 20260807 -1.00 -1.00 -1 0 -1.0000 -1.0000 -1.000000
1300.00 P 20260807 -1.00 -1.00 1 0 -1.0000 -1.0000 -1.000000
1310.00 P 20260807 -1.00 -1.00 -1 0 -1.0000 -1.0000 -1.000000
1320.00 P 20260807 -1.00 -1.00 -1 0 -1.0000 -1.0000 -1.000000
1330.00 P 20260807 -1.00 -1.00 1 0 -1.0000 -1.0000 -1.000000
1340.00 P 20260807 -1.00 -1.00 -1 0 -1.0000 -1.0000 -1.000000
1350.00 P 20260807 -1.00 -1.00 1 0 -1.0000 -1.0000 -1.000000
1360.00 P 20260807 -1.00 -1.00 -1 0 -1.0000 -1.0000 -1.000000
1370.00 P 20260807 -1.00 -1.00 1 0 -1.0000 -1.0000 -1.000000
1380.00 P 20260807 -1.00 -1.00 -1 0 -1.0000 -1.0000 -1.000000
1390.00 P 20260807 -1.00 -1.00 2 0 -1.0000 -1.0000 -1.000000
1230.00 C 20260814 -1.00 -1.00 12 36 1.2251 0.0451 0.000560
1240.00 C 20260814 -1.00 -1.00 2 2 1.0406 0.0186 0.000314
1250.00 C 20260814 -1.00 -1.00 1 3 1.0437 0.0160 0.000277
1260.00 C 20260814 -1.00 -1.00 35 0 1.2423 0.0359 0.000461
1270.00 C 20260814 -1.00 -1.00 -1 0 1.1079 0.0185 0.000293
1280.00 C 20260814 -1.00 -1.00 4 5 1.3266 0.0392 0.000467
1290.00 C 20260814 -1.00 -1.00 25 79 1.3242 0.0366 0.000440
1300.00 C 20260814 -1.00 -1.00 5 14 1.3377 0.0356 0.000425
1310.00 C 20260814 -1.00 -1.00 1 17 1.0837 0.0105 0.000183
1320.00 C 20260814 -1.00 -1.00 4 36 1.1738 0.0145 0.000227
1330.00 C 20260814 -1.00 -1.00 6 4 1.2323 0.0177 0.000255
1340.00 C 20260814 -1.00 -1.00 4 22 1.4018 0.0329 0.000378
1350.00 C 20260814 -1.00 -1.00 4 14 1.4317 0.0336 0.000377
1360.00 C 20260814 -1.00 -1.00 8 2 1.4163 0.0301 0.000346
1370.00 C 20260814 -1.00 -1.00 10 26 1.4459 0.0308 0.000346
1380.00 C 20260814 -1.00 -1.00 40 60 1.3271 0.0167 0.000226
1230.00 P 20260814 -1.00 -1.00 1 0 0.9394 -0.9921 0.000248
1240.00 P 20260814 -1.00 -1.00 -1 0 0.9381 -0.9938 0.000216
1250.00 P 20260814 -1.00 -1.00 -1 0 -1.0000 -1.0000 -1.000000
1260.00 P 20260814 -1.00 -1.00 1 1 -1.0000 -1.0000 -1.000000
1270.00 P 20260814 -1.00 -1.00 -1 0 -1.0000 -1.0000 -1.000000
1280.00 P 20260814 -1.00 -1.00 1 1 0.9881 -0.9961 0.000161
1290.00 P 20260814 -1.00 -1.00 -1 0 -1.0000 -1.0000 -1.000000
1300.00 P 20260814 -1.00 -1.00 -1 0 0.9965 -0.9981 0.000103
1310.00 P 20260814 -1.00 -1.00 -1 0 -1.0000 -1.0000 -1.000000
1320.00 P 20260814 -1.00 -1.00 -1 0 -1.0000 -1.0000 -1.000000
1330.00 P 20260814 -1.00 -1.00 1 0 -1.0000 -1.0000 -1.000000
1340.00 P 20260814 -1.00 -1.00 1 0 -1.0000 -1.0000 -1.000000
1350.00 P 20260814 -1.00 -1.00 1 0 -1.0000 -1.0000 -1.000000
1360.00 P 20260814 -1.00 -1.00 1 0 -1.0000 -1.0000 -1.000000
1370.00 P 20260814 -1.00 -1.00 1 0 -1.0000 -1.0000 -1.000000
1380.00 P 20260814 -1.00 -1.00 -1 0 -1.0000 -1.0000 -1.000000
1230.00 C 20260821 -1.00 -1.00 3 372 1.0177 0.0662 0.000688
1240.00 C 20260821 -1.00 -1.00 8 58 1.0332 0.0648 0.000666
1250.00 C 20260821 -1.00 -1.00 1 134 1.0264 0.0589 0.000621
1260.00 C 20260821 -1.00 -1.00 2 33 1.0351 0.0562 0.000593
1270.00 C 20260821 -1.00 -1.00 2 41 1.0438 0.0536 0.000567
1280.00 C 20260821 -1.00 -1.00 1 31 1.0250 0.0449 0.000504
1290.00 C 20260821 -1.00 -1.00 5 54 1.0608 0.0484 0.000516
1300.00 C 20260821 -1.00 -1.00 1 535 0.9978 0.0343 0.000416
1310.00 C 20260821 -1.00 -1.00 12 38 1.1014 0.0487 0.000499
1320.00 C 20260821 -1.00 -1.00 76 30 1.0880 0.0415 0.000449
1330.00 C 20260821 -1.00 -1.00 1 56 1.1231 0.0451 0.000462
1340.00 C 20260821 -1.00 -1.00 1 30 1.1043 0.0385 0.000416
1350.00 C 20260821 -1.00 -1.00 3 78 1.1203 0.0383 0.000408
1360.00 C 20260821 -1.00 -1.00 2 10 0.9985 0.0208 0.000271
1370.00 C 20260821 -1.00 -1.00 1 5 1.1329 0.0358 0.000380
1380.00 C 20260821 -1.00 -1.00 38 18 1.1424 0.0350 0.000369
1390.00 C 20260821 -1.00 -1.00 2 11 1.0762 0.0249 0.000292
1230.00 P 20260821 -1.00 -1.00 1 3 0.9336 -0.9566 0.000596
1240.00 P 20260821 -1.00 -1.00 1 1 0.9346 -0.9617 0.000551
1250.00 P 20260821 -1.00 -1.00 4 6 0.8049 -0.9871 0.000341
1260.00 P 20260821 -1.00 -1.00 1 6 0.8714 -0.9784 0.000409
1270.00 P 20260821 -1.00 -1.00 1 2 -1.0000 -1.0000 -1.000000
1280.00 P 20260821 -1.00 -1.00 1 6 0.7898 -0.9952 0.000214
1290.00 P 20260821 -1.00 -1.00 2 2 0.8529 -0.9902 0.000270
1300.00 P 20260821 -1.00 -1.00 1 2 -1.0000 -1.0000 -1.000000
1310.00 P 20260821 -1.00 -1.00 1 1 -1.0000 -1.0000 -1.000000
1320.00 P 20260821 -1.00 -1.00 11 0 -1.0000 -1.0000 -1.000000
1330.00 P 20260821 -1.00 -1.00 1 1 -1.0000 -1.0000 -1.000000
1340.00 P 20260821 -1.00 -1.00 1 1 -1.0000 -1.0000 -1.000000
1350.00 P 20260821 -1.00 -1.00 1 0 -1.0000 -1.0000 -1.000000
1360.00 P 20260821 -1.00 -1.00 1 1 -1.0000 -1.0000 -1.000000
1370.00 P 20260821 -1.00 -1.00 -1 0 -1.0000 -1.0000 -1.000000
1380.00 P 20260821 -1.00 -1.00 1 0 -1.0000 -1.0000 -1.000000
1390.00 P 20260821 -1.00 -1.00 1 1 -1.0000 -1.0000 -1.000000
