# opt_chain IWM | epoch 1785934037 | 2026-08-05 08:47:17 | spot 301.71 | exps 20260805 20260806 20260807 20260810 20260811 20260812 20260813 20260814 20260817 20260818 20260821
# fuente polygon_snapshot_v3 | greeks polygon_directo | iv polygon_directo | oi polygon_directo | vol day.volume(-1 si no cotizo) | bid/ask NO_ENTITLED(-1) | spot_src polygon_prev_close spot_edad_s 60435 | band 0.1800 vencimientos 11 exp_hasta 2026-08-21
# strike right exp bid ask vol oi iv delta gamma
266.00 C 20260805 -1.00 -1.00 -1 0 -1.0000 -1.0000 -1.000000
267.00 C 20260805 -1.00 -1.00 3 2 -1.0000 -1.0000 -1.000000
268.00 C 20260805 -1.00 -1.00 -1 0 -1.0000 -1.0000 -1.000000
269.00 C 20260805 -1.00 -1.00 -1 0 -1.0000 -1.0000 -1.000000
270.00 C 20260805 -1.00 -1.00 2 1 -1.0000 -1.0000 -1.000000
271.00 C 20260805 -1.00 -1.00 -1 0 -1.0000 -1.0000 -1.000000
272.00 C 20260805 -1.00 -1.00 -1 0 -1.0000 -1.0000 -1.000000
273.00 C 20260805 -1.00 -1.00 -1 0 -1.0000 -1.0000 -1.000000
274.00 C 20260805 -1.00 -1.00 -1 0 -1.0000 -1.0000 -1.000000
275.00 C 20260805 -1.00 -1.00 -1 0 -1.0000 -1.0000 -1.000000
276.00 C 20260805 -1.00 -1.00 12 12 -1.0000 -1.0000 -1.000000
277.00 C 20260805 -1.00 -1.00 4 5 -1.0000 -1.0000 -1.000000
278.00 C 20260805 -1.00 -1.00 -1 0 -1.0000 -1.0000 -1.000000
279.00 C 20260805 -1.00 -1.00 -1 0 -1.0000 -1.0000 -1.000000
280.00 C 20260805 -1.00 -1.00 1 4 -1.0000 -1.0000 -1.000000
281.00 C 20260805 -1.00 -1.00 2 1 -1.0000 -1.0000 -1.000000
282.00 C 20260805 -1.00 -1.00 2 162 -1.0000 -1.0000 -1.000000
283.00 C 20260805 -1.00 -1.00 1 8 -1.0000 -1.0000 -1.000000
284.00 C 20260805 -1.00 -1.00 11 8 -1.0000 -1.0000 -1.000000
285.00 C 20260805 -1.00 -1.00 70 76 -1.0000 -1.0000 -1.000000
286.00 C 20260805 -1.00 -1.00 5 183 -1.0000 -1.0000 -1.000000
287.00 C 20260805 -1.00 -1.00 3 399 -1.0000 -1.0000 -1.000000
288.00 C 20260805 -1.00 -1.00 21 178 -1.0000 -1.0000 -1.000000
289.00 C 20260805 -1.00 -1.00 14 248 -1.0000 -1.0000 -1.000000
290.00 C 20260805 -1.00 -1.00 79 948 -1.0000 -1.0000 -1.000000
291.00 C 20260805 -1.00 -1.00 34 363 -1.0000 -1.0000 -1.000000
292.00 C 20260805 -1.00 -1.00 35 571 -1.0000 -1.0000 -1.000000
293.00 C 20260805 -1.00 -1.00 52 819 -1.0000 -1.0000 -1.000000
294.00 C 20260805 -1.00 -1.00 220 1197 -1.0000 -1.0000 -1.000000
295.00 C 20260805 -1.00 -1.00 2198 3071 -1.0000 -1.0000 -1.000000
296.00 C 20260805 -1.00 -1.00 427 2007 -1.0000 -1.0000 -1.000000
297.00 C 20260805 -1.00 -1.00 1057 1707 -1.0000 -1.0000 -1.000000
298.00 C 20260805 -1.00 -1.00 3779 1291 -1.0000 -1.0000 -1.000000
299.00 C 20260805 -1.00 -1.00 11191 2150 0.2156 0.9238 0.062014
300.00 C 20260805 -1.00 -1.00 12435 2720 0.2340 0.8174 0.105319
301.00 C 20260805 -1.00 -1.00 9027 1329 0.2406 0.6894 0.137110
302.00 C 20260805 -1.00 -1.00 12542 2965 0.2440 0.5428 0.152127
303.00 C 20260805 -1.00 -1.00 7838 877 0.2477 0.3945 0.145462
304.00 C 20260805 -1.00 -1.00 3697 951 0.2517 0.2644 0.121444
305.00 C 20260805 -1.00 -1.00 5324 1532 0.2601 0.1682 0.089880
306.00 C 20260805 -1.00 -1.00 2040 919 0.2726 0.1050 0.061956
307.00 C 20260805 -1.00 -1.00 1347 654 0.2857 0.0629 0.040448
307.50 C 20260805 -1.00 -1.00 2142 2121 0.2988 0.0540 0.034032
308.00 C 20260805 -1.00 -1.00 129 112 0.3073 0.0433 0.027651
309.00 C 20260805 -1.00 -1.00 225 202 0.3377 0.0315 0.019670
310.00 C 20260805 -1.00 -1.00 1590 1233 0.3579 0.0236 0.014395
311.00 C 20260805 -1.00 -1.00 286 282 0.3866 0.0192 0.011116
312.00 C 20260805 -1.00 -1.00 32 19 0.4152 0.0153 0.008579
313.00 C 20260805 -1.00 -1.00 13 12 0.4526 0.0142 0.007408
314.00 C 20260805 -1.00 -1.00 23 23 0.4539 0.0089 0.004877
315.00 C 20260805 -1.00 -1.00 4 4 0.4865 0.0083 0.004291
316.00 C 20260805 -1.00 -1.00 3 3 0.5191 0.0079 0.003811
317.00 C 20260805 -1.00 -1.00 100 101 0.5515 0.0074 0.003412
318.00 C 20260805 -1.00 -1.00 3 3 0.5839 0.0071 0.003077
319.00 C 20260805 -1.00 -1.00 -1 0 0.6161 0.0067 0.002793
320.00 C 20260805 -1.00 -1.00 1 1 0.6482 0.0064 0.002549
321.00 C 20260805 -1.00 -1.00 -1 0 0.6803 0.0062 0.002339
322.00 C 20260805 -1.00 -1.00 -1 0 -1.0000 -1.0000 -1.000000
323.00 C 20260805 -1.00 -1.00 -1 0 -1.0000 -1.0000 -1.000000
324.00 C 20260805 -1.00 -1.00 -1 0 -1.0000 -1.0000 -1.000000
325.00 C 20260805 -1.00 -1.00 -1 0 -1.0000 -1.0000 -1.000000
330.00 C 20260805 -1.00 -1.00 -1 0 -1.0000 -1.0000 -1.000000
266.00 P 20260805 -1.00 -1.00 1 1 1.4057 -0.0041 0.000793
267.00 P 20260805 -1.00 -1.00 16 36 1.3669 -0.0042 0.000833
268.00 P 20260805 -1.00 -1.00 37 55 1.2885 -0.0034 0.000733
269.00 P 20260805 -1.00 -1.00 5 19 1.2541 -0.0035 0.000772
270.00 P 20260805 -1.00 -1.00 1 60 1.2197 -0.0036 0.000814
271.00 P 20260805 -1.00 -1.00 10 104 1.1855 -0.0037 0.000860
272.00 P 20260805 -1.00 -1.00 46 150 1.1514 -0.0038 0.000910
273.00 P 20260805 -1.00 -1.00 830 13322 1.1149 -0.0039 0.000964
274.00 P 20260805 -1.00 -1.00 1113 2470 1.0772 -0.0040 0.001023
275.00 P 20260805 -1.00 -1.00 45 6280 1.0396 -0.0041 0.001088
276.00 P 20260805 -1.00 -1.00 1 224 1.0021 -0.0043 0.001160
277.00 P 20260805 -1.00 -1.00 34 1071 0.9647 -0.0044 0.001240
278.00 P 20260805 -1.00 -1.00 144 1988 0.9275 -0.0046 0.001329
279.00 P 20260805 -1.00 -1.00 146 1759 0.8905 -0.0048 0.001428
280.00 P 20260805 -1.00 -1.00 23 494 0.8535 -0.0049 0.001539
281.00 P 20260805 -1.00 -1.00 12 547 0.8167 -0.0051 0.001664
282.00 P 20260805 -1.00 -1.00 837 1024 0.7801 -0.0054 0.001806
283.00 P 20260805 -1.00 -1.00 1241 2664 0.7435 -0.0056 0.001968
284.00 P 20260805 -1.00 -1.00 448 7512 0.7071 -0.0059 0.002154
285.00 P 20260805 -1.00 -1.00 237 2893 0.6708 -0.0061 0.002369
286.00 P 20260805 -1.00 -1.00 341 599 0.6347 -0.0065 0.002620
287.00 P 20260805 -1.00 -1.00 201 547 0.5987 -0.0068 0.002914
288.00 P 20260805 -1.00 -1.00 395 12269 0.5628 -0.0072 0.003263
289.00 P 20260805 -1.00 -1.00 151 6730 0.5270 -0.0077 0.003681
290.00 P 20260805 -1.00 -1.00 603 7176 0.5311 -0.0123 0.005587
291.00 P 20260805 -1.00 -1.00 5469 1993 0.4907 -0.0131 0.006384
292.00 P 20260805 -1.00 -1.00 4245 2318 0.4690 -0.0183 0.008830
293.00 P 20260805 -1.00 -1.00 4698 2264 0.4474 -0.0241 0.011727
294.00 P 20260805 -1.00 -1.00 1524 1695 0.4251 -0.0304 0.015178
295.00 P 20260805 -1.00 -1.00 4262 2769 0.3976 -0.0417 0.020733
296.00 P 20260805 -1.00 -1.00 6252 1640 0.3702 -0.0547 0.027820
297.00 P 20260805 -1.00 -1.00 5038 931 0.3507 -0.0774 0.038549
298.00 P 20260805 -1.00 -1.00 9441 2941 0.3370 -0.1161 0.054265
299.00 P 20260805 -1.00 -1.00 5059 1345 0.3237 -0.1722 0.073309
300.00 P 20260805 -1.00 -1.00 10789 3614 0.3135 -0.2473 0.094537
301.00 P 20260805 -1.00 -1.00 5494 808 0.3099 -0.3481 0.112934
302.00 P 20260805 -1.00 -1.00 3851 1336 0.3045 -0.4651 0.122474
303.00 P 20260805 -1.00 -1.00 941 242 0.3067 -0.5847 0.118704
304.00 P 20260805 -1.00 -1.00 277 158 0.3202 -0.6885 0.103206
305.00 P 20260805 -1.00 -1.00 110 55 0.3470 -0.7671 0.083569
306.00 P 20260805 -1.00 -1.00 78 23 0.3718 -0.8201 0.065807
307.00 P 20260805 -1.00 -1.00 15 15 0.4322 -0.8418 0.052264
307.50 P 20260805 -1.00 -1.00 -1 0 0.4287 -0.8702 0.046601
308.00 P 20260805 -1.00 -1.00 6 6 0.4492 -0.8791 0.042078
309.00 P 20260805 -1.00 -1.00 -1 0 0.4902 -0.8945 0.034734
310.00 P 20260805 -1.00 -1.00 3 3 0.5361 -0.9053 0.029322
311.00 P 20260805 -1.00 -1.00 -1 0 0.5819 -0.9143 0.025132
312.00 P 20260805 -1.00 -1.00 -1 0 0.6301 -0.9209 0.021928
313.00 P 20260805 -1.00 -1.00 -1 0 0.6781 -0.9266 0.019354
314.00 P 20260805 -1.00 -1.00 -1 0 0.7279 -0.9306 0.017341
315.00 P 20260805 -1.00 -1.00 -1 0 0.7661 -0.9350 0.015578
316.00 P 20260805 -1.00 -1.00 -1 0 0.8087 -0.9381 0.014162
317.00 P 20260805 -1.00 -1.00 -1 0 0.8687 -0.9375 0.013287
318.00 P 20260805 -1.00 -1.00 -1 0 0.9418 -0.9347 0.012716
319.00 P 20260805 -1.00 -1.00 -1 0 0.9839 -0.9372 0.011774
320.00 P 20260805 -1.00 -1.00 -1 0 1.0258 -0.9394 0.010943
321.00 P 20260805 -1.00 -1.00 -1 0 1.0676 -0.9416 0.010206
322.00 P 20260805 -1.00 -1.00 -1 0 1.1092 -0.9435 0.009549
323.00 P 20260805 -1.00 -1.00 -1 0 1.1507 -0.9453 0.008961
324.00 P 20260805 -1.00 -1.00 -1 0 1.1921 -0.9470 0.008432
325.00 P 20260805 -1.00 -1.00 -1 0 1.2334 -0.9485 0.007954
330.00 P 20260805 -1.00 -1.00 -1 0 1.4422 -0.9543 0.006177
266.00 C 20260806 -1.00 -1.00 -1 0 -1.0000 -1.0000 -1.000000
267.00 C 20260806 -1.00 -1.00 -1 0 -1.0000 -1.0000 -1.000000
268.00 C 20260806 -1.00 -1.00 -1 0 -1.0000 -1.0000 -1.000000
269.00 C 20260806 -1.00 -1.00 -1 0 -1.0000 -1.0000 -1.000000
270.00 C 20260806 -1.00 -1.00 1 1 -1.0000 -1.0000 -1.000000
271.00 C 20260806 -1.00 -1.00 -1 0 -1.0000 -1.0000 -1.000000
272.00 C 20260806 -1.00 -1.00 -1 0 -1.0000 -1.0000 -1.000000
273.00 C 20260806 -1.00 -1.00 -1 0 -1.0000 -1.0000 -1.000000
274.00 C 20260806 -1.00 -1.00 -1 0 -1.0000 -1.0000 -1.000000
275.00 C 20260806 -1.00 -1.00 -1 0 -1.0000 -1.0000 -1.000000
276.00 C 20260806 -1.00 -1.00 -1 0 -1.0000 -1.0000 -1.000000
277.00 C 20260806 -1.00 -1.00 1 2 -1.0000 -1.0000 -1.000000
278.00 C 20260806 -1.00 -1.00 1 1 -1.0000 -1.0000 -1.000000
279.00 C 20260806 -1.00 -1.00 1 1 -1.0000 -1.0000 -1.000000
280.00 C 20260806 -1.00 -1.00 2 2 -1.0000 -1.0000 -1.000000
281.00 C 20260806 -1.00 -1.00 1 7 -1.0000 -1.0000 -1.000000
282.00 C 20260806 -1.00 -1.00 116 59 -1.0000 -1.0000 -1.000000
283.00 C 20260806 -1.00 -1.00 6 15 -1.0000 -1.0000 -1.000000
284.00 C 20260806 -1.00 -1.00 2 1 -1.0000 -1.0000 -1.000000
285.00 C 20260806 -1.00 -1.00 5 48 -1.0000 -1.0000 -1.000000
286.00 C 20260806 -1.00 -1.00 24 33 -1.0000 -1.0000 -1.000000
287.00 C 20260806 -1.00 -1.00 12 169 -1.0000 -1.0000 -1.000000
288.00 C 20260806 -1.00 -1.00 38 62 -1.0000 -1.0000 -1.000000
289.00 C 20260806 -1.00 -1.00 2 114 -1.0000 -1.0000 -1.000000
290.00 C 20260806 -1.00 -1.00 34 180 -1.0000 -1.0000 -1.000000
291.00 C 20260806 -1.00 -1.00 74 387 -1.0000 -1.0000 -1.000000
292.00 C 20260806 -1.00 -1.00 53 628 -1.0000 -1.0000 -1.000000
293.00 C 20260806 -1.00 -1.00 111 446 -1.0000 -1.0000 -1.000000
294.00 C 20260806 -1.00 -1.00 421 902 -1.0000 -1.0000 -1.000000
295.00 C 20260806 -1.00 -1.00 51 808 0.0003 1.0000 -0.000000
296.00 C 20260806 -1.00 -1.00 184 1877 0.1691 0.9766 0.017042
297.00 C 20260806 -1.00 -1.00 219 516 0.1936 0.9288 0.037115
298.00 C 20260806 -1.00 -1.00 639 1033 0.1921 0.8830 0.054056
299.00 C 20260806 -1.00 -1.00 813 1793 0.1982 0.8103 0.071985
300.00 C 20260806 -1.00 -1.00 2157 1016 0.1973 0.7309 0.087986
301.00 C 20260806 -1.00 -1.00 705 173 0.1997 0.6365 0.099959
302.00 C 20260806 -1.00 -1.00 1267 319 0.1982 0.5334 0.106288
303.00 C 20260806 -1.00 -1.00 573 240 0.1971 0.4288 0.104803
304.00 C 20260806 -1.00 -1.00 699 325 0.1994 0.3305 0.096068
305.00 C 20260806 -1.00 -1.00 17075 16436 0.2021 0.2431 0.082343
306.00 C 20260806 -1.00 -1.00 671 248 0.2027 0.1732 0.066290
307.00 C 20260806 -1.00 -1.00 302 151 0.2085 0.1212 0.050988
307.50 C 20260806 -1.00 -1.00 1182 1167 0.2115 0.1024 0.044195
308.00 C 20260806 -1.00 -1.00 134 75 0.2159 0.0857 0.038033
309.00 C 20260806 -1.00 -1.00 297 245 0.2251 0.0612 0.028283
310.00 C 20260806 -1.00 -1.00 1414 807 0.2347 0.0451 0.021102
311.00 C 20260806 -1.00 -1.00 357 308 0.2493 0.0342 0.016008
312.00 C 20260806 -1.00 -1.00 191 97 0.2587 0.0261 0.012267
313.00 C 20260806 -1.00 -1.00 433 425 0.2699 0.0205 0.009519
314.00 C 20260806 -1.00 -1.00 1 1 0.2910 0.0192 0.008339
315.00 C 20260806 -1.00 -1.00 12 12 0.3021 0.0144 0.006338
316.00 C 20260806 -1.00 -1.00 12 12 0.3230 0.0136 0.005663
317.00 C 20260806 -1.00 -1.00 -1 0 0.3338 0.0112 0.004626
318.00 C 20260806 -1.00 -1.00 5 5 0.3406 0.0089 0.003677
319.00 C 20260806 -1.00 -1.00 -1 0 0.3702 0.0102 0.003813
320.00 C 20260806 -1.00 -1.00 346 357 0.3769 0.0081 0.003053
321.00 C 20260806 -1.00 -1.00 -1 0 0.3835 0.0062 0.002342
322.00 C 20260806 -1.00 -1.00 -1 0 0.4130 0.0075 0.002584
323.00 C 20260806 -1.00 -1.00 -1 0 0.4195 0.0057 0.001998
324.00 C 20260806 -1.00 -1.00 -1 0 0.4375 0.0055 0.001856
325.00 C 20260806 -1.00 -1.00 -1 0 0.4553 0.0053 0.001730
330.00 C 20260806 -1.00 -1.00 -1 0 -1.0000 -1.0000 -1.000000
266.00 P 20260806 -1.00 -1.00 3 8 0.7668 -0.0032 0.000662
267.00 P 20260806 -1.00 -1.00 12 7 0.7472 -0.0033 0.000696
268.00 P 20260806 -1.00 -1.00 9 20 0.7277 -0.0034 0.000732
269.00 P 20260806 -1.00 -1.00 1 44 0.7280 -0.0044 0.000921
270.00 P 20260806 -1.00 -1.00 34 38 0.6888 -0.0036 0.000813
271.00 P 20260806 -1.00 -1.00 3 20 0.6695 -0.0037 0.000859
272.00 P 20260806 -1.00 -1.00 2 45 0.6503 -0.0038 0.000909
273.00 P 20260806 -1.00 -1.00 8 126 0.6294 -0.0039 0.000963
274.00 P 20260806 -1.00 -1.00 3 161 0.6081 -0.0040 0.001022
275.00 P 20260806 -1.00 -1.00 1 360 0.5868 -0.0041 0.001087
276.00 P 20260806 -1.00 -1.00 307 375 0.5657 -0.0043 0.001159
277.00 P 20260806 -1.00 -1.00 384 621 0.5446 -0.0044 0.001238
278.00 P 20260806 -1.00 -1.00 80 401 0.5237 -0.0046 0.001327
279.00 P 20260806 -1.00 -1.00 11 797 0.5027 -0.0048 0.001426
280.00 P 20260806 -1.00 -1.00 40 1161 0.4819 -0.0049 0.001537
281.00 P 20260806 -1.00 -1.00 29 350 0.4736 -0.0065 0.001991
282.00 P 20260806 -1.00 -1.00 71 1179 0.4529 -0.0068 0.002160
283.00 P 20260806 -1.00 -1.00 6 696 0.4323 -0.0071 0.002353
284.00 P 20260806 -1.00 -1.00 25 168 0.4366 -0.0102 0.003267
285.00 P 20260806 -1.00 -1.00 144 606 0.4255 -0.0121 0.003884
286.00 P 20260806 -1.00 -1.00 31 355 0.4077 -0.0141 0.004584
287.00 P 20260806 -1.00 -1.00 164 557 0.3899 -0.0162 0.005398
288.00 P 20260806 -1.00 -1.00 45 206 0.3721 -0.0186 0.006348
289.00 P 20260806 -1.00 -1.00 119 508 0.3597 -0.0226 0.007793
290.00 P 20260806 -1.00 -1.00 708 874 0.3474 -0.0269 0.009428
291.00 P 20260806 -1.00 -1.00 519 2441 0.3342 -0.0330 0.011588
292.00 P 20260806 -1.00 -1.00 208 416 0.3159 -0.0397 0.014164
293.00 P 20260806 -1.00 -1.00 647 974 0.3029 -0.0501 0.017837
294.00 P 20260806 -1.00 -1.00 1690 1566 0.2978 -0.0653 0.022728
295.00 P 20260806 -1.00 -1.00 4671 1928 0.2800 -0.0818 0.028328
296.00 P 20260806 -1.00 -1.00 1570 1079 0.2708 -0.1079 0.036003
297.00 P 20260806 -1.00 -1.00 3431 1096 0.2617 -0.1390 0.044849
298.00 P 20260806 -1.00 -1.00 673 401 0.2505 -0.1819 0.055428
299.00 P 20260806 -1.00 -1.00 659 348 0.2457 -0.2364 0.066697
300.00 P 20260806 -1.00 -1.00 966 590 0.2362 -0.3033 0.077981
301.00 P 20260806 -1.00 -1.00 526 252 0.2335 -0.3829 0.086486
302.00 P 20260806 -1.00 -1.00 521 449 0.2312 -0.4712 0.091452
303.00 P 20260806 -1.00 -1.00 85 58 0.2312 -0.5607 0.089966
304.00 P 20260806 -1.00 -1.00 27 22 0.2328 -0.6480 0.085277
305.00 P 20260806 -1.00 -1.00 59 28 0.2399 -0.7194 0.074247
306.00 P 20260806 -1.00 -1.00 1 1 0.2526 -0.7775 0.063120
307.00 P 20260806 -1.00 -1.00 8 4 0.2731 -0.8125 0.052167
307.50 P 20260806 -1.00 -1.00 -1 0 0.2818 -0.8295 0.047640
308.00 P 20260806 -1.00 -1.00 1 1 0.2925 -0.8436 0.043568
309.00 P 20260806 -1.00 -1.00 -1 0 0.3194 -0.8636 0.036845
310.00 P 20260806 -1.00 -1.00 1 1 0.3418 -0.8780 0.031629
311.00 P 20260806 -1.00 -1.00 10 10 0.3677 -0.8880 0.027545
312.00 P 20260806 -1.00 -1.00 -1 0 0.3905 -0.8984 0.024117
313.00 P 20260806 -1.00 -1.00 -1 0 0.4147 -0.9067 0.021328
314.00 P 20260806 -1.00 -1.00 -1 0 0.4359 -0.9158 0.018866
315.00 P 20260806 -1.00 -1.00 -1 0 0.4686 -0.9176 0.017277
316.00 P 20260806 -1.00 -1.00 -1 0 0.4954 -0.9222 0.015710
317.00 P 20260806 -1.00 -1.00 -1 0 0.5250 -0.9248 0.014479
318.00 P 20260806 -1.00 -1.00 -1 0 0.5412 -0.9321 0.013039
319.00 P 20260806 -1.00 -1.00 -1 0 0.5650 -0.9347 0.012085
320.00 P 20260806 -1.00 -1.00 -1 0 0.5887 -0.9370 0.011243
321.00 P 20260806 -1.00 -1.00 -1 0 0.6123 -0.9392 0.010494
322.00 P 20260806 -1.00 -1.00 -1 0 0.6358 -0.9412 0.009826
323.00 P 20260806 -1.00 -1.00 -1 0 0.6642 -0.9418 0.009324
324.00 P 20260806 -1.00 -1.00 -1 0 0.6827 -0.9448 0.008687
325.00 P 20260806 -1.00 -1.00 -1 0 0.7060 -0.9464 0.008199
330.00 P 20260806 -1.00 -1.00 -1 0 0.8213 -0.9529 0.006336
266.00 C 20260807 -1.00 -1.00 4 41 -1.0000 -1.0000 -1.000000
267.00 C 20260807 -1.00 -1.00 1 27 -1.0000 -1.0000 -1.000000
268.00 C 20260807 -1.00 -1.00 1 9 -1.0000 -1.0000 -1.000000
269.00 C 20260807 -1.00 -1.00 1 4 -1.0000 -1.0000 -1.000000
270.00 C 20260807 -1.00 -1.00 1 21 -1.0000 -1.0000 -1.000000
271.00 C 20260807 -1.00 -1.00 1 7 -1.0000 -1.0000 -1.000000
272.00 C 20260807 -1.00 -1.00 14 16 -1.0000 -1.0000 -1.000000
273.00 C 20260807 -1.00 -1.00 1 5 -1.0000 -1.0000 -1.000000
274.00 C 20260807 -1.00 -1.00 4 122 -1.0000 -1.0000 -1.000000
275.00 C 20260807 -1.00 -1.00 1 124 -1.0000 -1.0000 -1.000000
276.00 C 20260807 -1.00 -1.00 9 28 -1.0000 -1.0000 -1.000000
277.00 C 20260807 -1.00 -1.00 1 78 -1.0000 -1.0000 -1.000000
278.00 C 20260807 -1.00 -1.00 4 68 -1.0000 -1.0000 -1.000000
279.00 C 20260807 -1.00 -1.00 33 88 -1.0000 -1.0000 -1.000000
280.00 C 20260807 -1.00 -1.00 7 81 -1.0000 -1.0000 -1.000000
281.00 C 20260807 -1.00 -1.00 6 69 -1.0000 -1.0000 -1.000000
282.00 C 20260807 -1.00 -1.00 3 37 -1.0000 -1.0000 -1.000000
283.00 C 20260807 -1.00 -1.00 8 29 -1.0000 -1.0000 -1.000000
284.00 C 20260807 -1.00 -1.00 66 177 -1.0000 -1.0000 -1.000000
285.00 C 20260807 -1.00 -1.00 50 148 -1.0000 -1.0000 -1.000000
286.00 C 20260807 -1.00 -1.00 6 188 -1.0000 -1.0000 -1.000000
287.00 C 20260807 -1.00 -1.00 14 140 -1.0000 -1.0000 -1.000000
287.50 C 20260807 -1.00 -1.00 9 186 -1.0000 -1.0000 -1.000000
288.00 C 20260807 -1.00 -1.00 55 296 -1.0000 -1.0000 -1.000000
289.00 C 20260807 -1.00 -1.00 7 581 -1.0000 -1.0000 -1.000000
290.00 C 20260807 -1.00 -1.00 157 5930 -1.0000 -1.0000 -1.000000
291.00 C 20260807 -1.00 -1.00 34 1231 -1.0000 -1.0000 -1.000000
292.00 C 20260807 -1.00 -1.00 140 1271 0.0004 0.9999 0.000000
292.50 C 20260807 -1.00 -1.00 2 678 0.1812 0.9888 0.006582
293.00 C 20260807 -1.00 -1.00 139 802 0.2086 0.9694 0.013475
294.00 C 20260807 -1.00 -1.00 299 1613 0.2109 0.9481 0.020337
295.00 C 20260807 -1.00 -1.00 1990 4110 0.2146 0.9204 0.027934
296.00 C 20260807 -1.00 -1.00 4635 4567 0.2099 0.8919 0.035871
297.00 C 20260807 -1.00 -1.00 3634 7115 0.2165 0.8433 0.044899
297.50 C 20260807 -1.00 -1.00 697 2011 0.2157 0.8197 0.049325
298.00 C 20260807 -1.00 -1.00 2099 3988 0.2149 0.7958 0.053817
299.00 C 20260807 -1.00 -1.00 2340 8525 0.2121 0.7398 0.062131
300.00 C 20260807 -1.00 -1.00 10030 11870 0.2102 0.6756 0.069917
301.00 C 20260807 -1.00 -1.00 5914 3668 0.2073 0.6046 0.075510
302.00 C 20260807 -1.00 -1.00 1577 3319 0.2056 0.5281 0.079267
302.50 C 20260807 -1.00 -1.00 1961 2008 0.2048 0.4893 0.079789
303.00 C 20260807 -1.00 -1.00 5543 1592 0.2027 0.4498 0.079287
304.00 C 20260807 -1.00 -1.00 8619 3973 0.2041 0.3722 0.076153
305.00 C 20260807 -1.00 -1.00 8335 5896 0.2017 0.3005 0.069926
306.00 C 20260807 -1.00 -1.00 3603 3451 0.2043 0.2347 0.061931
307.00 C 20260807 -1.00 -1.00 3386 3252 0.2016 0.1791 0.052504
307.50 C 20260807 -1.00 -1.00 6001 5200 0.2039 0.1558 0.047653
308.00 C 20260807 -1.00 -1.00 187 2713 0.2084 0.1363 0.043119
309.00 C 20260807 -1.00 -1.00 477 2884 0.2096 0.1035 0.034663
310.00 C 20260807 -1.00 -1.00 711 1025 0.2164 0.0779 0.027368
311.00 C 20260807 -1.00 -1.00 253 493 0.2225 0.0603 0.021794
312.00 C 20260807 -1.00 -1.00 263 493 0.2280 0.0462 0.017089
313.00 C 20260807 -1.00 -1.00 295 357 0.2392 0.0374 0.013793
314.00 C 20260807 -1.00 -1.00 268 472 0.2468 0.0293 0.010983
315.00 C 20260807 -1.00 -1.00 108 918 0.2554 0.0247 0.009097
317.50 C 20260807 -1.00 -1.00 1 439 0.2805 0.0158 0.005665
320.00 C 20260807 -1.00 -1.00 32 3699 0.3079 0.0113 0.003879
325.00 C 20260807 -1.00 -1.00 4 3647 0.3684 0.0080 0.002384
330.00 C 20260807 -1.00 -1.00 4 185 0.4192 0.0045 0.001275
335.00 C 20260807 -1.00 -1.00 120 188 0.4812 0.0040 0.000989
266.00 P 20260807 -1.00 -1.00 9 416 0.5917 -0.0032 0.000662
267.00 P 20260807 -1.00 -1.00 6 932 0.5766 -0.0033 0.000695
268.00 P 20260807 -1.00 -1.00 7 10019 0.5616 -0.0034 0.000731
269.00 P 20260807 -1.00 -1.00 30 266 0.5466 -0.0035 0.000770
270.00 P 20260807 -1.00 -1.00 226 2382 0.5316 -0.0036 0.000812
271.00 P 20260807 -1.00 -1.00 55 960 0.5168 -0.0037 0.000858
272.00 P 20260807 -1.00 -1.00 84 1472 0.5019 -0.0038 0.000908
273.00 P 20260807 -1.00 -1.00 239 924 0.4855 -0.0039 0.000962
274.00 P 20260807 -1.00 -1.00 41 4187 0.4691 -0.0040 0.001021
275.00 P 20260807 -1.00 -1.00 69 77824 0.4625 -0.0052 0.001300
276.00 P 20260807 -1.00 -1.00 946 4551 0.4462 -0.0054 0.001386
277.00 P 20260807 -1.00 -1.00 178 5159 0.4397 -0.0067 0.001704
278.00 P 20260807 -1.00 -1.00 13 6073 0.4234 -0.0070 0.001826
279.00 P 20260807 -1.00 -1.00 40 9421 0.4267 -0.0095 0.002396
280.00 P 20260807 -1.00 -1.00 193 31682 0.4203 -0.0109 0.002773
281.00 P 20260807 -1.00 -1.00 92 5816 0.4087 -0.0124 0.003178
282.00 P 20260807 -1.00 -1.00 80 3264 0.3947 -0.0140 0.003631
283.00 P 20260807 -1.00 -1.00 117 4618 0.3849 -0.0168 0.004339
284.00 P 20260807 -1.00 -1.00 484 2204 0.3751 -0.0197 0.005116
285.00 P 20260807 -1.00 -1.00 728 92629 0.3654 -0.0228 0.005969
286.00 P 20260807 -1.00 -1.00 641 7079 0.3557 -0.0261 0.006909
287.00 P 20260807 -1.00 -1.00 117 12789 0.3476 -0.0306 0.008109
287.50 P 20260807 -1.00 -1.00 51 3235 0.3394 -0.0324 0.008680
288.00 P 20260807 -1.00 -1.00 466 27302 0.3333 -0.0354 0.009462
289.00 P 20260807 -1.00 -1.00 746 7798 0.3210 -0.0418 0.011188
290.00 P 20260807 -1.00 -1.00 4532 9186 0.3088 -0.0486 0.013160
291.00 P 20260807 -1.00 -1.00 1871 2653 0.3007 -0.0581 0.015691
292.00 P 20260807 -1.00 -1.00 1257 1686 0.2917 -0.0691 0.018606
292.50 P 20260807 -1.00 -1.00 168 841 0.2869 -0.0774 0.020483
293.00 P 20260807 -1.00 -1.00 692 6181 0.2798 -0.0840 0.022293
294.00 P 20260807 -1.00 -1.00 5805 3343 0.2702 -0.1022 0.026713
295.00 P 20260807 -1.00 -1.00 4514 3127 0.2654 -0.1252 0.031869
296.00 P 20260807 -1.00 -1.00 822 853 0.2551 -0.1538 0.037708
297.00 P 20260807 -1.00 -1.00 1839 3600 0.2487 -0.1900 0.044328
297.50 P 20260807 -1.00 -1.00 2060 1769 0.2479 -0.2108 0.047731
298.00 P 20260807 -1.00 -1.00 1073 651 0.2451 -0.2324 0.051158
299.00 P 20260807 -1.00 -1.00 2664 2646 0.2371 -0.2831 0.057919
300.00 P 20260807 -1.00 -1.00 7211 6098 0.2357 -0.3411 0.064101
301.00 P 20260807 -1.00 -1.00 935 444 0.2284 -0.4050 0.069005
302.00 P 20260807 -1.00 -1.00 610 361 0.2287 -0.4748 0.071523
302.50 P 20260807 -1.00 -1.00 99 109 0.2262 -0.5100 0.072483
303.00 P 20260807 -1.00 -1.00 180 96 0.2230 -0.5460 0.072423
304.00 P 20260807 -1.00 -1.00 62 42 0.2253 -0.6163 0.069607
305.00 P 20260807 -1.00 -1.00 610 595 0.2228 -0.6831 0.065341
306.00 P 20260807 -1.00 -1.00 20 10 0.2259 -0.7426 0.058714
307.00 P 20260807 -1.00 -1.00 1 1 0.2315 -0.7903 0.051249
307.50 P 20260807 -1.00 -1.00 1 1 0.2360 -0.8087 0.047383
308.00 P 20260807 -1.00 -1.00 1 0 0.2390 -0.8281 0.043806
309.00 P 20260807 -1.00 -1.00 1 0 0.2553 -0.8533 0.037337
310.00 P 20260807 -1.00 -1.00 1 1 0.2701 -0.8732 0.032088
311.00 P 20260807 -1.00 -1.00 5 0 0.2800 -0.8912 0.027599
312.00 P 20260807 -1.00 -1.00 6 0 0.2920 -0.9062 0.023778
313.00 P 20260807 -1.00 -1.00 4 0 0.3163 -0.9099 0.021298
314.00 P 20260807 -1.00 -1.00 2 0 0.3292 -0.9218 0.018578
315.00 P 20260807 -1.00 -1.00 1 0 0.3544 -0.9232 0.017015
317.50 P 20260807 -1.00 -1.00 -1 0 0.4120 -0.9291 0.013824
320.00 P 20260807 -1.00 -1.00 1 0 0.4593 -0.9356 0.011468
325.00 P 20260807 -1.00 -1.00 1 0 0.5499 -0.9450 0.008384
330.00 P 20260807 -1.00 -1.00 18 0 0.6389 -0.9517 0.006488
335.00 P 20260807 -1.00 -1.00 -1 0 0.7265 -0.9567 0.005230
266.00 C 20260810 -1.00 -1.00 -1 0 -1.0000 -1.0000 -1.000000
267.00 C 20260810 -1.00 -1.00 -1 0 -1.0000 -1.0000 -1.000000
267.50 C 20260810 -1.00 -1.00 -1 0 -1.0000 -1.0000 -1.000000
268.00 C 20260810 -1.00 -1.00 -1 0 -1.0000 -1.0000 -1.000000
269.00 C 20260810 -1.00 -1.00 -1 0 -1.0000 -1.0000 -1.000000
270.00 C 20260810 -1.00 -1.00 1 0 -1.0000 -1.0000 -1.000000
271.00 C 20260810 -1.00 -1.00 -1 0 -1.0000 -1.0000 -1.000000
272.00 C 20260810 -1.00 -1.00 -1 0 -1.0000 -1.0000 -1.000000
272.50 C 20260810 -1.00 -1.00 -1 0 -1.0000 -1.0000 -1.000000
273.00 C 20260810 -1.00 -1.00 -1 0 -1.0000 -1.0000 -1.000000
274.00 C 20260810 -1.00 -1.00 -1 0 -1.0000 -1.0000 -1.000000
275.00 C 20260810 -1.00 -1.00 2 5 -1.0000 -1.0000 -1.000000
276.00 C 20260810 -1.00 -1.00 1 1 -1.0000 -1.0000 -1.000000
277.00 C 20260810 -1.00 -1.00 6 3 -1.0000 -1.0000 -1.000000
277.50 C 20260810 -1.00 -1.00 2 1 -1.0000 -1.0000 -1.000000
278.00 C 20260810 -1.00 -1.00 2 2 -1.0000 -1.0000 -1.000000
279.00 C 20260810 -1.00 -1.00 1 2 -1.0000 -1.0000 -1.000000
280.00 C 20260810 -1.00 -1.00 2 1 -1.0000 -1.0000 -1.000000
281.00 C 20260810 -1.00 -1.00 2 2 -1.0000 -1.0000 -1.000000
282.00 C 20260810 -1.00 -1.00 6 81 -1.0000 -1.0000 -1.000000
283.00 C 20260810 -1.00 -1.00 2 1 -1.0000 -1.0000 -1.000000
284.00 C 20260810 -1.00 -1.00 1 1 -1.0000 -1.0000 -1.000000
285.00 C 20260810 -1.00 -1.00 8 84 -1.0000 -1.0000 -1.000000
286.00 C 20260810 -1.00 -1.00 13 11 -1.0000 -1.0000 -1.000000
287.00 C 20260810 -1.00 -1.00 5 25 0.0006 0.9999 0.000000
288.00 C 20260810 -1.00 -1.00 41 112 0.0006 0.9999 0.000000
289.00 C 20260810 -1.00 -1.00 5 9 0.1534 0.9928 0.003435
290.00 C 20260810 -1.00 -1.00 10 230 0.1662 0.9813 0.007370
291.00 C 20260810 -1.00 -1.00 13 2330 0.1747 0.9664 0.011601
292.00 C 20260810 -1.00 -1.00 16 789 0.1764 0.9493 0.016017
293.00 C 20260810 -1.00 -1.00 14 873 0.1780 0.9303 0.020553
294.00 C 20260810 -1.00 -1.00 48 347 0.1733 0.9096 0.025464
295.00 C 20260810 -1.00 -1.00 55 1090 0.1719 0.8841 0.031111
296.00 C 20260810 -1.00 -1.00 129 401 0.1725 0.8471 0.037258
297.00 C 20260810 -1.00 -1.00 98 412 0.1711 0.8078 0.043623
298.00 C 20260810 -1.00 -1.00 348 1004 0.1707 0.7627 0.049660
299.00 C 20260810 -1.00 -1.00 196 644 0.1680 0.7111 0.055424
300.00 C 20260810 -1.00 -1.00 774 2810 0.1680 0.6557 0.060730
301.00 C 20260810 -1.00 -1.00 477 476 0.1629 0.5948 0.064846
302.00 C 20260810 -1.00 -1.00 702 484 0.1627 0.5294 0.067338
302.50 C 20260810 -1.00 -1.00 353 195 0.1623 0.4965 0.067730
303.00 C 20260810 -1.00 -1.00 290 366 0.1599 0.4629 0.067813
304.00 C 20260810 -1.00 -1.00 585 517 0.1601 0.3960 0.065972
305.00 C 20260810 -1.00 -1.00 1209 840 0.1597 0.3333 0.062301
306.00 C 20260810 -1.00 -1.00 517 413 0.1594 0.2740 0.057027
307.00 C 20260810 -1.00 -1.00 52 44 0.1600 0.2212 0.050931
307.50 C 20260810 -1.00 -1.00 381 332 0.1592 0.1975 0.047503
308.00 C 20260810 -1.00 -1.00 220 207 0.1594 0.1751 0.043979
309.00 C 20260810 -1.00 -1.00 91 86 0.1634 0.1378 0.037198
310.00 C 20260810 -1.00 -1.00 540 327 0.1637 0.1087 0.030911
311.00 C 20260810 -1.00 -1.00 16 217 0.1669 0.0842 0.025192
312.00 C 20260810 -1.00 -1.00 32 34 0.1687 0.0640 0.020270
313.00 C 20260810 -1.00 -1.00 24 17 0.1726 0.0514 0.016526
314.00 C 20260810 -1.00 -1.00 3 3 0.1789 0.0421 0.013574
315.00 C 20260810 -1.00 -1.00 3 3 0.1852 0.0333 0.010981
316.00 C 20260810 -1.00 -1.00 96 92 0.1891 0.0277 0.009128
317.00 C 20260810 -1.00 -1.00 118 118 0.1924 0.0222 0.007399
318.00 C 20260810 -1.00 -1.00 1 1 0.2007 0.0198 0.006423
319.00 C 20260810 -1.00 -1.00 1 1 0.2065 0.0162 0.005275
320.00 C 20260810 -1.00 -1.00 38 33 0.2147 0.0141 0.004548
321.00 C 20260810 -1.00 -1.00 -1 0 0.2211 0.0122 0.003909
322.00 C 20260810 -1.00 -1.00 -1 0 0.2247 0.0104 0.003317
323.00 C 20260810 -1.00 -1.00 1 1 0.2340 0.0100 0.003076
324.00 C 20260810 -1.00 -1.00 -1 0 0.2376 0.0083 0.002565
325.00 C 20260810 -1.00 -1.00 -1 0 0.2468 0.0081 0.002392
330.00 C 20260810 -1.00 -1.00 -1 0 0.2870 0.0057 0.001529
266.00 P 20260810 -1.00 -1.00 10 10 0.4115 -0.0041 0.000790
267.00 P 20260810 -1.00 -1.00 -1 0 0.4002 -0.0042 0.000829
267.50 P 20260810 -1.00 -1.00 -1 0 0.3945 -0.0042 0.000850
268.00 P 20260810 -1.00 -1.00 1 1 0.3889 -0.0043 0.000872
269.00 P 20260810 -1.00 -1.00 96 123 0.3777 -0.0044 0.000918
270.00 P 20260810 -1.00 -1.00 188 1490 0.3732 -0.0054 0.001114
271.00 P 20260810 -1.00 -1.00 2 11 0.3687 -0.0065 0.001320
272.00 P 20260810 -1.00 -1.00 5 33 0.3576 -0.0067 0.001396
272.50 P 20260810 -1.00 -1.00 8 7 0.3520 -0.0068 0.001437
273.00 P 20260810 -1.00 -1.00 22 19 0.3531 -0.0078 0.001625
274.00 P 20260810 -1.00 -1.00 6 28 0.3487 -0.0089 0.001866
275.00 P 20260810 -1.00 -1.00 7 894 0.3443 -0.0101 0.002118
276.00 P 20260810 -1.00 -1.00 2 888 0.3394 -0.0113 0.002384
277.00 P 20260810 -1.00 -1.00 2 210 0.3298 -0.0125 0.002670
277.50 P 20260810 -1.00 -1.00 30 196 0.3264 -0.0136 0.002889
278.00 P 20260810 -1.00 -1.00 7 24 0.3203 -0.0139 0.002986
279.00 P 20260810 -1.00 -1.00 254 260 0.3136 -0.0162 0.003469
280.00 P 20260810 -1.00 -1.00 20 9019 0.3070 -0.0186 0.003992
281.00 P 20260810 -1.00 -1.00 35 1865 0.2975 -0.0202 0.004428
282.00 P 20260810 -1.00 -1.00 52 443 0.2938 -0.0237 0.005169
283.00 P 20260810 -1.00 -1.00 90 406 0.2872 -0.0265 0.005832
284.00 P 20260810 -1.00 -1.00 331 987 0.2798 -0.0294 0.006556
285.00 P 20260810 -1.00 -1.00 400 1882 0.2701 -0.0333 0.007479
286.00 P 20260810 -1.00 -1.00 53 1085 0.2604 -0.0376 0.008523
287.00 P 20260810 -1.00 -1.00 62 1346 0.2522 -0.0431 0.009821
288.00 P 20260810 -1.00 -1.00 73 205 0.2454 -0.0499 0.011380
289.00 P 20260810 -1.00 -1.00 98 424 0.2400 -0.0579 0.013193
290.00 P 20260810 -1.00 -1.00 403 2137 0.2349 -0.0679 0.015332
291.00 P 20260810 -1.00 -1.00 85 369 0.2261 -0.0795 0.017800
292.00 P 20260810 -1.00 -1.00 481 289 0.2198 -0.0944 0.020795
293.00 P 20260810 -1.00 -1.00 270 889 0.2150 -0.1117 0.024193
294.00 P 20260810 -1.00 -1.00 269 427 0.2106 -0.1320 0.027957
295.00 P 20260810 -1.00 -1.00 1160 1151 0.2038 -0.1577 0.032215
296.00 P 20260810 -1.00 -1.00 233 407 0.1986 -0.1870 0.036944
297.00 P 20260810 -1.00 -1.00 113 115 0.1973 -0.2221 0.041833
298.00 P 20260810 -1.00 -1.00 400 249 0.1897 -0.2613 0.046850
299.00 P 20260810 -1.00 -1.00 7068 6063 0.1861 -0.3074 0.051763
300.00 P 20260810 -1.00 -1.00 287 200 0.1834 -0.3577 0.056306
301.00 P 20260810 -1.00 -1.00 2828 2462 0.1786 -0.4140 0.059717
302.00 P 20260810 -1.00 -1.00 132 108 0.1789 -0.4742 0.061658
302.50 P 20260810 -1.00 -1.00 55 37 0.1779 -0.5044 0.062169
303.00 P 20260810 -1.00 -1.00 70 51 0.1762 -0.5350 0.062045
304.00 P 20260810 -1.00 -1.00 9 15 0.1769 -0.5957 0.060404
305.00 P 20260810 -1.00 -1.00 11 4 0.1762 -0.6549 0.058177
306.00 P 20260810 -1.00 -1.00 5 5 0.1761 -0.7087 0.053874
307.00 P 20260810 -1.00 -1.00 2 1 0.1797 -0.7577 0.048959
307.50 P 20260810 -1.00 -1.00 -1 0 0.1807 -0.7785 0.046273
308.00 P 20260810 -1.00 -1.00 1 1 0.1818 -0.7973 0.043501
309.00 P 20260810 -1.00 -1.00 3 0 0.1909 -0.8243 0.037975
310.00 P 20260810 -1.00 -1.00 2 1 0.2018 -0.8462 0.033244
311.00 P 20260810 -1.00 -1.00 1 1 0.2135 -0.8647 0.029244
312.00 P 20260810 -1.00 -1.00 10 10 0.2219 -0.8790 0.025915
313.00 P 20260810 -1.00 -1.00 2 0 0.2322 -0.8900 0.023097
314.00 P 20260810 -1.00 -1.00 2 0 0.2440 -0.8987 0.020726
315.00 P 20260810 -1.00 -1.00 2 0 0.2542 -0.9080 0.018601
316.00 P 20260810 -1.00 -1.00 2 0 0.2673 -0.9137 0.016913
317.00 P 20260810 -1.00 -1.00 2 0 0.2733 -0.9257 0.015013
318.00 P 20260810 -1.00 -1.00 -1 0 0.2902 -0.9265 0.013994
319.00 P 20260810 -1.00 -1.00 -1 0 0.3046 -0.9293 0.012969
320.00 P 20260810 -1.00 -1.00 -1 0 0.3205 -0.9305 0.012157
321.00 P 20260810 -1.00 -1.00 -1 0 0.3309 -0.9342 0.011287
322.00 P 20260810 -1.00 -1.00 -1 0 0.3432 -0.9363 0.010590
323.00 P 20260810 -1.00 -1.00 -1 0 0.3554 -0.9382 0.009963
324.00 P 20260810 -1.00 -1.00 -1 0 0.3675 -0.9400 0.009395
325.00 P 20260810 -1.00 -1.00 -1 0 0.3796 -0.9417 0.008881
330.00 P 20260810 -1.00 -1.00 -1 0 0.4422 -0.9476 0.006964
266.00 C 20260811 -1.00 -1.00 -1 0 -1.0000 -1.0000 -1.000000
267.00 C 20260811 -1.00 -1.00 -1 0 -1.0000 -1.0000 -1.000000
268.00 C 20260811 -1.00 -1.00 -1 0 -1.0000 -1.0000 -1.000000
269.00 C 20260811 -1.00 -1.00 -1 0 -1.0000 -1.0000 -1.000000
270.00 C 20260811 -1.00 -1.00 -1 0 -1.0000 -1.0000 -1.000000
271.00 C 20260811 -1.00 -1.00 1 1 -1.0000 -1.0000 -1.000000
272.00 C 20260811 -1.00 -1.00 -1 0 -1.0000 -1.0000 -1.000000
273.00 C 20260811 -1.00 -1.00 -1 0 -1.0000 -1.0000 -1.000000
274.00 C 20260811 -1.00 -1.00 -1 0 -1.0000 -1.0000 -1.000000
275.00 C 20260811 -1.00 -1.00 8 8 -1.0000 -1.0000 -1.000000
276.00 C 20260811 -1.00 -1.00 -1 0 -1.0000 -1.0000 -1.000000
277.00 C 20260811 -1.00 -1.00 -1 0 -1.0000 -1.0000 -1.000000
278.00 C 20260811 -1.00 -1.00 -1 0 -1.0000 -1.0000 -1.000000
279.00 C 20260811 -1.00 -1.00 1 1 -1.0000 -1.0000 -1.000000
280.00 C 20260811 -1.00 -1.00 -1 0 -1.0000 -1.0000 -1.000000
281.00 C 20260811 -1.00 -1.00 -1 0 0.0007 0.9998 0.000000
282.00 C 20260811 -1.00 -1.00 4 2 0.0007 0.9998 0.000000
283.00 C 20260811 -1.00 -1.00 -1 0 0.0007 0.9998 0.000000
284.00 C 20260811 -1.00 -1.00 8 8 0.0007 0.9998 0.000000
285.00 C 20260811 -1.00 -1.00 1 6 0.0007 0.9998 -0.000000
286.00 C 20260811 -1.00 -1.00 2 4 0.0007 0.9998 0.000000
287.00 C 20260811 -1.00 -1.00 2 2 0.0007 0.9998 0.000000
288.00 C 20260811 -1.00 -1.00 1 66 0.0007 0.9998 -0.000000
289.00 C 20260811 -1.00 -1.00 1 24 0.1607 0.9843 0.006006
290.00 C 20260811 -1.00 -1.00 12 317 0.1717 0.9700 0.009925
291.00 C 20260811 -1.00 -1.00 4 251 0.1655 0.9615 0.012513
292.00 C 20260811 -1.00 -1.00 3 82 0.1722 0.9405 0.017280
293.00 C 20260811 -1.00 -1.00 13 139 0.1717 0.9194 0.021723
294.00 C 20260811 -1.00 -1.00 8 126 0.1733 0.8922 0.026792
295.00 C 20260811 -1.00 -1.00 19 131 0.1746 0.8617 0.031809
296.00 C 20260811 -1.00 -1.00 37 106 0.1747 0.8242 0.036997
297.00 C 20260811 -1.00 -1.00 123 645 0.1753 0.7862 0.042131
298.00 C 20260811 -1.00 -1.00 131 138 0.1711 0.7444 0.047124
299.00 C 20260811 -1.00 -1.00 110 237 0.1694 0.6961 0.051862
300.00 C 20260811 -1.00 -1.00 298 1773 0.1682 0.6450 0.056107
301.00 C 20260811 -1.00 -1.00 332 429 0.1642 0.5886 0.059384
302.00 C 20260811 -1.00 -1.00 529 479 0.1646 0.5288 0.061245
303.00 C 20260811 -1.00 -1.00 671 557 0.1624 0.4685 0.061541
304.00 C 20260811 -1.00 -1.00 595 524 0.1613 0.4072 0.060496
305.00 C 20260811 -1.00 -1.00 640 510 0.1615 0.3490 0.057906
306.00 C 20260811 -1.00 -1.00 385 283 0.1602 0.2938 0.053816
307.00 C 20260811 -1.00 -1.00 320 242 0.1624 0.2432 0.048959
308.00 C 20260811 -1.00 -1.00 40 35 0.1608 0.1990 0.043459
309.00 C 20260811 -1.00 -1.00 180 178 0.1625 0.1606 0.037649
310.00 C 20260811 -1.00 -1.00 335 285 0.1644 0.1287 0.032204
311.00 C 20260811 -1.00 -1.00 51 54 0.1647 0.1021 0.026966
312.00 C 20260811 -1.00 -1.00 7 16 0.1683 0.0808 0.022338
313.00 C 20260811 -1.00 -1.00 183 183 0.1711 0.0646 0.018521
314.00 C 20260811 -1.00 -1.00 5 11 0.1723 0.0509 0.015072
315.00 C 20260811 -1.00 -1.00 91 101 0.1770 0.0410 0.012368
316.00 C 20260811 -1.00 -1.00 -1 0 0.1863 0.0365 0.010762
317.00 C 20260811 -1.00 -1.00 22 22 0.1881 0.0289 0.008763
318.00 C 20260811 -1.00 -1.00 4 3 0.1912 0.0238 0.007273
319.00 C 20260811 -1.00 -1.00 363 363 0.1965 0.0202 0.006145
320.00 C 20260811 -1.00 -1.00 92 92 0.2041 0.0181 0.005390
321.00 C 20260811 -1.00 -1.00 -1 0 0.2071 0.0136 0.004201
322.00 C 20260811 -1.00 -1.00 30 30 0.2169 0.0131 0.003892
323.00 C 20260811 -1.00 -1.00 -1 0 0.2202 0.0113 0.003364
324.00 C 20260811 -1.00 -1.00 -1 0 0.2288 0.0109 0.003134
325.00 C 20260811 -1.00 -1.00 -1 0 0.2320 0.0094 0.002675
330.00 C 20260811 -1.00 -1.00 -1 0 0.2637 0.0058 0.001531
266.00 P 20260811 -1.00 -1.00 -1 0 0.3847 -0.0049 0.000907
267.00 P 20260811 -1.00 -1.00 -1 0 0.3805 -0.0058 0.001069
268.00 P 20260811 -1.00 -1.00 2 2 0.3701 -0.0060 0.001124
269.00 P 20260811 -1.00 -1.00 8 4 0.3659 -0.0069 0.001303
270.00 P 20260811 -1.00 -1.00 14 46 0.3617 -0.0079 0.001490
271.00 P 20260811 -1.00 -1.00 3 2 0.3576 -0.0090 0.001684
272.00 P 20260811 -1.00 -1.00 11 20 0.3535 -0.0100 0.001888
273.00 P 20260811 -1.00 -1.00 1 6 0.3433 -0.0103 0.001995
274.00 P 20260811 -1.00 -1.00 2 7 0.3403 -0.0122 0.002328
275.00 P 20260811 -1.00 -1.00 13 17 0.3341 -0.0142 0.002681
276.00 P 20260811 -1.00 -1.00 96 100 0.3226 -0.0146 0.002849
277.00 P 20260811 -1.00 -1.00 3 25 0.3164 -0.0168 0.003257
278.00 P 20260811 -1.00 -1.00 13 19 0.3103 -0.0190 0.003695
279.00 P 20260811 -1.00 -1.00 26 416 0.3041 -0.0213 0.004166
280.00 P 20260811 -1.00 -1.00 153 212 0.2980 -0.0237 0.004672
281.00 P 20260811 -1.00 -1.00 7 96 0.2919 -0.0261 0.005216
282.00 P 20260811 -1.00 -1.00 21 336 0.2857 -0.0287 0.005806
283.00 P 20260811 -1.00 -1.00 1528 6012 0.2779 -0.0331 0.006641
284.00 P 20260811 -1.00 -1.00 15 296 0.2690 -0.0369 0.007471
285.00 P 20260811 -1.00 -1.00 95 181 0.2601 -0.0410 0.008399
286.00 P 20260811 -1.00 -1.00 95 361 0.2537 -0.0469 0.009619
287.00 P 20260811 -1.00 -1.00 284 649 0.2487 -0.0540 0.011031
288.00 P 20260811 -1.00 -1.00 89 218 0.2425 -0.0605 0.012483
289.00 P 20260811 -1.00 -1.00 63 160 0.2361 -0.0698 0.014284
290.00 P 20260811 -1.00 -1.00 238 418 0.2287 -0.0812 0.016420
291.00 P 20260811 -1.00 -1.00 800 1186 0.2214 -0.0933 0.018810
292.00 P 20260811 -1.00 -1.00 731 744 0.2170 -0.1091 0.021631
293.00 P 20260811 -1.00 -1.00 175 247 0.2143 -0.1274 0.024740
294.00 P 20260811 -1.00 -1.00 139 217 0.2066 -0.1487 0.028165
295.00 P 20260811 -1.00 -1.00 383 728 0.2013 -0.1744 0.032010
296.00 P 20260811 -1.00 -1.00 147 244 0.1980 -0.2036 0.036131
297.00 P 20260811 -1.00 -1.00 297 305 0.1942 -0.2377 0.040255
298.00 P 20260811 -1.00 -1.00 243 153 0.1883 -0.2760 0.044546
299.00 P 20260811 -1.00 -1.00 81 53 0.1865 -0.3201 0.048525
300.00 P 20260811 -1.00 -1.00 234 88 0.1840 -0.3679 0.051902
301.00 P 20260811 -1.00 -1.00 101 66 0.1802 -0.4199 0.054608
302.00 P 20260811 -1.00 -1.00 62 52 0.1795 -0.4746 0.056546
303.00 P 20260811 -1.00 -1.00 46 46 0.1768 -0.5305 0.056994
304.00 P 20260811 -1.00 -1.00 4 4 0.1765 -0.5866 0.055920
305.00 P 20260811 -1.00 -1.00 17 11 0.1785 -0.6407 0.053892
306.00 P 20260811 -1.00 -1.00 3 3 0.1767 -0.6913 0.050737
307.00 P 20260811 -1.00 -1.00 2 2 0.1786 -0.7382 0.046806
308.00 P 20260811 -1.00 -1.00 -1 0 0.1813 -0.7789 0.042471
309.00 P 20260811 -1.00 -1.00 -1 0 0.1823 -0.8146 0.037930
310.00 P 20260811 -1.00 -1.00 3 3 0.1873 -0.8438 0.033462
311.00 P 20260811 -1.00 -1.00 5 5 0.1949 -0.8669 0.029431
312.00 P 20260811 -1.00 -1.00 -1 0 0.2065 -0.8768 0.026189
313.00 P 20260811 -1.00 -1.00 -1 0 0.2083 -0.8965 0.023011
314.00 P 20260811 -1.00 -1.00 -1 0 0.2177 -0.9068 0.020495
315.00 P 20260811 -1.00 -1.00 -1 0 0.2227 -0.9215 0.017988
316.00 P 20260811 -1.00 -1.00 -1 0 0.2390 -0.9218 0.016599
317.00 P 20260811 -1.00 -1.00 -1 0 0.2487 -0.9294 0.014970
318.00 P 20260811 -1.00 -1.00 -1 0 0.2671 -0.9268 0.014139
319.00 P 20260811 -1.00 -1.00 -1 0 0.2804 -0.9297 0.013104
320.00 P 20260811 -1.00 -1.00 -1 0 0.2923 -0.9329 0.012151
321.00 P 20260811 -1.00 -1.00 -1 0 0.3036 -0.9352 0.011364
322.00 P 20260811 -1.00 -1.00 -1 0 0.3149 -0.9373 0.010659
323.00 P 20260811 -1.00 -1.00 -1 0 0.3273 -0.9385 0.010063
324.00 P 20260811 -1.00 -1.00 -1 0 0.3385 -0.9403 0.009489
325.00 P 20260811 -1.00 -1.00 -1 0 0.3496 -0.9420 0.008968
330.00 P 20260811 -1.00 -1.00 -1 0 0.4047 -0.9490 0.006967
266.00 C 20260812 -1.00 -1.00 -1 0 -1.0000 -1.0000 -1.000000
267.00 C 20260812 -1.00 -1.00 -1 0 -1.0000 -1.0000 -1.000000
267.50 C 20260812 -1.00 -1.00 -1 0 -1.0000 -1.0000 -1.000000
268.00 C 20260812 -1.00 -1.00 -1 0 -1.0000 -1.0000 -1.000000
269.00 C 20260812 -1.00 -1.00 -1 0 -1.0000 -1.0000 -1.000000
270.00 C 20260812 -1.00 -1.00 -1 0 -1.0000 -1.0000 -1.000000
271.00 C 20260812 -1.00 -1.00 -1 0 -1.0000 -1.0000 -1.000000
272.00 C 20260812 -1.00 -1.00 -1 0 -1.0000 -1.0000 -1.000000
272.50 C 20260812 -1.00 -1.00 -1 0 -1.0000 -1.0000 -1.000000
273.00 C 20260812 -1.00 -1.00 -1 0 -1.0000 -1.0000 -1.000000
274.00 C 20260812 -1.00 -1.00 1 1 -1.0000 -1.0000 -1.000000
275.00 C 20260812 -1.00 -1.00 -1 0 0.0007 0.9998 0.000000
276.00 C 20260812 -1.00 -1.00 -1 0 0.0007 0.9998 -0.000000
277.00 C 20260812 -1.00 -1.00 1 1 0.0007 0.9998 -0.000000
277.50 C 20260812 -1.00 -1.00 -1 0 0.0007 0.9998 -0.000000
278.00 C 20260812 -1.00 -1.00 2 1 0.0007 0.9998 0.000000
279.00 C 20260812 -1.00 -1.00 -1 0 0.0007 0.9998 0.000000
280.00 C 20260812 -1.00 -1.00 -1 0 0.0007 0.9998 0.000000
281.00 C 20260812 -1.00 -1.00 2 1 0.0007 0.9998 -0.000000
282.00 C 20260812 -1.00 -1.00 -1 0 0.0007 0.9998 0.000000
283.00 C 20260812 -1.00 -1.00 2 1 0.0007 0.9998 0.000000
284.00 C 20260812 -1.00 -1.00 2 1 0.0007 0.9998 0.000000
285.00 C 20260812 -1.00 -1.00 1 2 0.0007 0.9998 0.000000
286.00 C 20260812 -1.00 -1.00 6 6 0.1781 0.9879 0.004064
287.00 C 20260812 -1.00 -1.00 2 3 0.1797 0.9805 0.006037
288.00 C 20260812 -1.00 -1.00 39 19 0.1716 0.9783 0.006950
289.00 C 20260812 -1.00 -1.00 1 33 0.1786 0.9648 0.010047
290.00 C 20260812 -1.00 -1.00 4 123 0.1824 0.9485 0.013423
291.00 C 20260812 -1.00 -1.00 11 236 0.1836 0.9337 0.016441
292.00 C 20260812 -1.00 -1.00 34 1748 0.1823 0.9133 0.020068
293.00 C 20260812 -1.00 -1.00 8 1666 0.1872 0.8859 0.024141
294.00 C 20260812 -1.00 -1.00 6 440 0.1838 0.8641 0.027814
295.00 C 20260812 -1.00 -1.00 65 5683 0.1848 0.8298 0.031870
296.00 C 20260812 -1.00 -1.00 11 3992 0.1840 0.7979 0.035945
297.00 C 20260812 -1.00 -1.00 16 272 0.1820 0.7623 0.039859
298.00 C 20260812 -1.00 -1.00 99 636 0.1786 0.7221 0.043746
299.00 C 20260812 -1.00 -1.00 102 278 0.1776 0.6784 0.047417
300.00 C 20260812 -1.00 -1.00 80 91 0.1752 0.6317 0.050502
301.00 C 20260812 -1.00 -1.00 200 207 0.1723 0.5808 0.052882
302.00 C 20260812 -1.00 -1.00 302 421 0.1741 0.5276 0.053912
302.50 C 20260812 -1.00 -1.00 322 243 0.1732 0.5013 0.054364
303.00 C 20260812 -1.00 -1.00 114 109 0.1715 0.4745 0.054348
304.00 C 20260812 -1.00 -1.00 611 479 0.1701 0.4204 0.053649
305.00 C 20260812 -1.00 -1.00 420 447 0.1719 0.3681 0.051995
306.00 C 20260812 -1.00 -1.00 735 691 0.1690 0.3183 0.049266
307.00 C 20260812 -1.00 -1.00 138 124 0.1697 0.2716 0.045677
308.00 C 20260812 -1.00 -1.00 158 154 0.1709 0.2293 0.041774
309.00 C 20260812 -1.00 -1.00 240 197 0.1708 0.1929 0.037330
310.00 C 20260812 -1.00 -1.00 387 376 0.1719 0.1586 0.032884
311.00 C 20260812 -1.00 -1.00 43 37 0.1731 0.1298 0.028651
312.00 C 20260812 -1.00 -1.00 3 14 0.1727 0.1054 0.024507
313.00 C 20260812 -1.00 -1.00 1 1 0.1754 0.0856 0.020752
314.00 C 20260812 -1.00 -1.00 1 2 0.1794 0.0701 0.017599
315.00 C 20260812 -1.00 -1.00 647 649 0.1795 0.0568 0.014738
316.00 C 20260812 -1.00 -1.00 6 6 0.1838 0.0478 0.012514
317.00 C 20260812 -1.00 -1.00 1 4 0.1881 0.0393 0.010477
318.00 C 20260812 -1.00 -1.00 -1 0 0.1926 0.0322 0.008778
319.00 C 20260812 -1.00 -1.00 1 1 0.1954 0.0275 0.007522
320.00 C 20260812 -1.00 -1.00 1 1 0.1982 0.0230 0.006334
321.00 C 20260812 -1.00 -1.00 -1 0 0.2032 0.0198 0.005433
322.00 C 20260812 -1.00 -1.00 -1 0 0.2081 0.0167 0.004609
323.00 C 20260812 -1.00 -1.00 -1 0 0.2171 0.0161 0.004285
324.00 C 20260812 -1.00 -1.00 -1 0 0.2176 0.0122 0.003380
325.00 C 20260812 -1.00 -1.00 5 5 0.2255 0.0118 0.003161
330.00 C 20260812 -1.00 -1.00 5 5 0.2502 0.0069 0.001762
266.00 P 20260812 -1.00 -1.00 -1 0 0.3870 -0.0086 0.001390
267.00 P 20260812 -1.00 -1.00 6 6 0.3773 -0.0088 0.001459
267.50 P 20260812 -1.00 -1.00 8 8 0.3725 -0.0089 0.001494
268.00 P 20260812 -1.00 -1.00 6 6 0.3734 -0.0097 0.001617
269.00 P 20260812 -1.00 -1.00 1 13 0.3694 -0.0107 0.001781
270.00 P 20260812 -1.00 -1.00 6 39 0.3649 -0.0123 0.002034
271.00 P 20260812 -1.00 -1.00 1 139 0.3541 -0.0126 0.002142
272.00 P 20260812 -1.00 -1.00 1 9 0.3481 -0.0144 0.002426
272.50 P 20260812 -1.00 -1.00 3 16 0.3427 -0.0146 0.002493
273.00 P 20260812 -1.00 -1.00 5 7 0.3422 -0.0162 0.002729
274.00 P 20260812 -1.00 -1.00 66 87 0.3315 -0.0167 0.002888
275.00 P 20260812 -1.00 -1.00 7 317 0.3257 -0.0187 0.003234
276.00 P 20260812 -1.00 -1.00 2 193 0.3199 -0.0207 0.003603
277.00 P 20260812 -1.00 -1.00 9 189 0.3141 -0.0228 0.003997
277.50 P 20260812 -1.00 -1.00 246 251 0.3112 -0.0239 0.004204
278.00 P 20260812 -1.00 -1.00 17 134 0.3083 -0.0250 0.004418
279.00 P 20260812 -1.00 -1.00 1 276 0.3026 -0.0273 0.004867
280.00 P 20260812 -1.00 -1.00 79 837 0.2961 -0.0303 0.005427
281.00 P 20260812 -1.00 -1.00 110 363 0.2864 -0.0329 0.005963
282.00 P 20260812 -1.00 -1.00 87 633 0.2792 -0.0370 0.006712
283.00 P 20260812 -1.00 -1.00 343 513 0.2721 -0.0414 0.007532
284.00 P 20260812 -1.00 -1.00 11 465 0.2649 -0.0460 0.008431
285.00 P 20260812 -1.00 -1.00 80 1174 0.2590 -0.0515 0.009484
286.00 P 20260812 -1.00 -1.00 20 739 0.2543 -0.0580 0.010685
287.00 P 20260812 -1.00 -1.00 1629 1671 0.2496 -0.0655 0.012030
288.00 P 20260812 -1.00 -1.00 1366 742 0.2420 -0.0747 0.013605
289.00 P 20260812 -1.00 -1.00 867 899 0.2351 -0.0852 0.015401
290.00 P 20260812 -1.00 -1.00 105 1221 0.2282 -0.0963 0.017391
291.00 P 20260812 -1.00 -1.00 327 365 0.2248 -0.1111 0.019731
292.00 P 20260812 -1.00 -1.00 59 115 0.2219 -0.1277 0.022253
293.00 P 20260812 -1.00 -1.00 49 93 0.2146 -0.1467 0.025015
294.00 P 20260812 -1.00 -1.00 56 391 0.2092 -0.1692 0.028092
295.00 P 20260812 -1.00 -1.00 49 390 0.2057 -0.1947 0.031394
296.00 P 20260812 -1.00 -1.00 1875 1492 0.2037 -0.2237 0.034766
297.00 P 20260812 -1.00 -1.00 126 116 0.1975 -0.2565 0.038169
298.00 P 20260812 -1.00 -1.00 53 37 0.1944 -0.2942 0.041481
299.00 P 20260812 -1.00 -1.00 204 180 0.1940 -0.3352 0.044526
300.00 P 20260812 -1.00 -1.00 214 188 0.1897 -0.3789 0.047150
301.00 P 20260812 -1.00 -1.00 215 182 0.1870 -0.4263 0.049154
302.00 P 20260812 -1.00 -1.00 66 52 0.1867 -0.4754 0.050660
302.50 P 20260812 -1.00 -1.00 20 19 0.1861 -0.5003 0.050943
303.00 P 20260812 -1.00 -1.00 17 17 0.1841 -0.5254 0.051040
304.00 P 20260812 -1.00 -1.00 9 8 0.1841 -0.5753 0.050119
305.00 P 20260812 -1.00 -1.00 1 1 0.1854 -0.6247 0.048882
306.00 P 20260812 -1.00 -1.00 8 8 0.1827 -0.6721 0.046944
307.00 P 20260812 -1.00 -1.00 -1 0 0.1843 -0.7148 0.043782
308.00 P 20260812 -1.00 -1.00 -1 0 0.1863 -0.7564 0.040659
309.00 P 20260812 -1.00 -1.00 -1 0 0.1871 -0.7908 0.037041
310.00 P 20260812 -1.00 -1.00 1 1 0.1893 -0.8212 0.033342
311.00 P 20260812 -1.00 -1.00 -1 0 0.1947 -0.8462 0.029773
312.00 P 20260812 -1.00 -1.00 -1 0 0.1996 -0.8690 0.026525
313.00 P 20260812 -1.00 -1.00 -1 0 0.2027 -0.8865 0.023615
314.00 P 20260812 -1.00 -1.00 -1 0 0.2102 -0.8982 0.021112
315.00 P 20260812 -1.00 -1.00 -1 0 0.2234 -0.9024 0.019230
316.00 P 20260812 -1.00 -1.00 -1 0 0.2254 -0.9190 0.016974
317.00 P 20260812 -1.00 -1.00 -1 0 0.2419 -0.9179 0.015825
318.00 P 20260812 -1.00 -1.00 -1 0 0.2475 -0.9288 0.014185
319.00 P 20260812 -1.00 -1.00 -1 0 0.2633 -0.9278 0.013365
320.00 P 20260812 -1.00 -1.00 -1 0 0.2748 -0.9312 0.012392
321.00 P 20260812 -1.00 -1.00 -1 0 0.2863 -0.9336 0.011577
322.00 P 20260812 -1.00 -1.00 -1 0 0.2957 -0.9363 0.010828
323.00 P 20260812 -1.00 -1.00 -1 0 0.3050 -0.9389 0.010151
324.00 P 20260812 -1.00 -1.00 -1 0 0.3165 -0.9401 0.009608
325.00 P 20260812 -1.00 -1.00 -1 0 0.3269 -0.9417 0.009083
330.00 P 20260812 -1.00 -1.00 -1 0 0.3794 -0.9482 0.007093
266.00 C 20260813 -1.00 -1.00 -1 0 -1.0000 -1.0000 -1.000000
267.00 C 20260813 -1.00 -1.00 -1 0 -1.0000 -1.0000 -1.000000
268.00 C 20260813 -1.00 -1.00 -1 0 -1.0000 -1.0000 -1.000000
269.00 C 20260813 -1.00 -1.00 -1 0 -1.0000 -1.0000 -1.000000
270.00 C 20260813 -1.00 -1.00 -1 0 0.0008 0.9998 -0.000000
271.00 C 20260813 -1.00 -1.00 -1 0 0.0008 0.9998 0.000000
272.00 C 20260813 -1.00 -1.00 -1 0 0.0008 0.9998 0.000000
273.00 C 20260813 -1.00 -1.00 -1 0 0.0008 0.9998 -0.000000
274.00 C 20260813 -1.00 -1.00 -1 0 0.0008 0.9998 -0.000000
275.00 C 20260813 -1.00 -1.00 -1 0 0.0008 0.9998 0.000000
276.00 C 20260813 -1.00 -1.00 -1 0 0.0008 0.9998 -0.000000
277.00 C 20260813 -1.00 -1.00 -1 0 0.0008 0.9998 -0.000000
278.00 C 20260813 -1.00 -1.00 -1 0 0.0008 0.9998 -0.000000
279.00 C 20260813 -1.00 -1.00 -1 0 0.0008 0.9998 -0.000000
280.00 C 20260813 -1.00 -1.00 -1 0 0.0008 0.9998 -0.000000
281.00 C 20260813 -1.00 -1.00 1 1 0.0008 0.9998 -0.000000
282.00 C 20260813 -1.00 -1.00 -1 0 0.0008 0.9998 -0.000000
283.00 C 20260813 -1.00 -1.00 1 1 0.0008 0.9998 -0.000000
284.00 C 20260813 -1.00 -1.00 -1 0 0.1814 0.9901 0.003108
285.00 C 20260813 -1.00 -1.00 1 1 0.1883 0.9822 0.004985
286.00 C 20260813 -1.00 -1.00 26 40 0.1943 0.9736 0.006875
287.00 C 20260813 -1.00 -1.00 16 34 0.1956 0.9633 0.008906
288.00 C 20260813 -1.00 -1.00 26 30 0.1945 0.9529 0.010969
289.00 C 20260813 -1.00 -1.00 174 172 0.1868 0.9477 0.012469
290.00 C 20260813 -1.00 -1.00 1 274 0.1957 0.9245 0.015873
291.00 C 20260813 -1.00 -1.00 6 142 0.1951 0.9058 0.018756
292.00 C 20260813 -1.00 -1.00 40 1157 0.1938 0.8876 0.021646
293.00 C 20260813 -1.00 -1.00 1 95 0.1893 0.8710 0.024582
294.00 C 20260813 -1.00 -1.00 1 116 0.1855 0.8459 0.027966
295.00 C 20260813 -1.00 -1.00 13 68 0.1864 0.8140 0.031468
296.00 C 20260813 -1.00 -1.00 5 28 0.1865 0.7834 0.034960
297.00 C 20260813 -1.00 -1.00 17 209 0.1827 0.7482 0.038284
298.00 C 20260813 -1.00 -1.00 17 78 0.1805 0.7095 0.041571
299.00 C 20260813 -1.00 -1.00 37 38 0.1802 0.6683 0.044636
300.00 C 20260813 -1.00 -1.00 131 182 0.1776 0.6238 0.046981
301.00 C 20260813 -1.00 -1.00 64 81 0.1749 0.5766 0.049038
302.00 C 20260813 -1.00 -1.00 109 201 0.1766 0.5274 0.049932
303.00 C 20260813 -1.00 -1.00 155 169 0.1741 0.4783 0.050319
304.00 C 20260813 -1.00 -1.00 109 87 0.1726 0.4282 0.049813
305.00 C 20260813 -1.00 -1.00 1355 1533 0.1741 0.3795 0.048475
306.00 C 20260813 -1.00 -1.00 45 40 0.1721 0.3330 0.046399
307.00 C 20260813 -1.00 -1.00 79 72 0.1713 0.2881 0.043615
308.00 C 20260813 -1.00 -1.00 122 109 0.1735 0.2471 0.040348
309.00 C 20260813 -1.00 -1.00 84 82 0.1723 0.2106 0.036760
310.00 C 20260813 -1.00 -1.00 1228 1223 0.1726 0.1774 0.032905
311.00 C 20260813 -1.00 -1.00 93 97 0.1757 0.1489 0.029137
312.00 C 20260813 -1.00 -1.00 202 202 0.1748 0.1230 0.025533
313.00 C 20260813 -1.00 -1.00 11 10 0.1762 0.1027 0.022117
314.00 C 20260813 -1.00 -1.00 1 1 0.1788 0.0844 0.018949
315.00 C 20260813 -1.00 -1.00 10 10 0.1824 0.0702 0.016275
316.00 C 20260813 -1.00 -1.00 1 1 0.1824 0.0579 0.013835
317.00 C 20260813 -1.00 -1.00 1 1 0.1845 0.0476 0.011669
318.00 C 20260813 -1.00 -1.00 6 6 0.1895 0.0406 0.010025
319.00 C 20260813 -1.00 -1.00 -1 0 0.1965 0.0360 0.008817
320.00 C 20260813 -1.00 -1.00 203 203 0.1998 0.0307 0.007598
321.00 C 20260813 -1.00 -1.00 -1 0 0.1985 0.0243 0.006234
322.00 C 20260813 -1.00 -1.00 -1 0 0.2031 0.0213 0.005428
323.00 C 20260813 -1.00 -1.00 -1 0 0.2077 0.0184 0.004686
324.00 C 20260813 -1.00 -1.00 -1 0 0.2123 0.0156 0.004003
325.00 C 20260813 -1.00 -1.00 -1 0 0.2207 0.0151 0.003747
330.00 C 20260813 -1.00 -1.00 -1 0 0.2439 0.0091 0.002170
266.00 P 20260813 -1.00 -1.00 -1 44 0.3745 -0.0099 0.001541
267.00 P 20260813 -1.00 -1.00 23 33 0.3736 -0.0114 0.001755
268.00 P 20260813 -1.00 -1.00 3 3 0.3633 -0.0117 0.001840
269.00 P 20260813 -1.00 -1.00 3 3 0.3577 -0.0133 0.002075
270.00 P 20260813 -1.00 -1.00 1 37 0.3497 -0.0143 0.002254
271.00 P 20260813 -1.00 -1.00 10 94 0.3418 -0.0154 0.002448
272.00 P 20260813 -1.00 -1.00 -1 0 0.3363 -0.0171 0.002729
273.00 P 20260813 -1.00 -1.00 6 1207 0.3285 -0.0183 0.002956
274.00 P 20260813 -1.00 -1.00 4 919 0.3230 -0.0202 0.003275
275.00 P 20260813 -1.00 -1.00 24 51 0.3152 -0.0215 0.003542
276.00 P 20260813 -1.00 -1.00 132 154 0.3097 -0.0235 0.003904
277.00 P 20260813 -1.00 -1.00 6 835 0.3066 -0.0262 0.004357
278.00 P 20260813 -1.00 -1.00 10 39 0.3010 -0.0284 0.004768
279.00 P 20260813 -1.00 -1.00 14 346 0.2930 -0.0313 0.005277
280.00 P 20260813 -1.00 -1.00 19 113 0.2850 -0.0344 0.005834
281.00 P 20260813 -1.00 -1.00 17 140 0.2771 -0.0377 0.006447
282.00 P 20260813 -1.00 -1.00 1051 630 0.2703 -0.0419 0.007187
283.00 P 20260813 -1.00 -1.00 2 238 0.2647 -0.0469 0.008055
284.00 P 20260813 -1.00 -1.00 1172 1312 0.2580 -0.0515 0.008932
285.00 P 20260813 -1.00 -1.00 36 688 0.2547 -0.0582 0.010052
286.00 P 20260813 -1.00 -1.00 1071 1074 0.2502 -0.0652 0.011237
287.00 P 20260813 -1.00 -1.00 12 103 0.2430 -0.0738 0.012616
288.00 P 20260813 -1.00 -1.00 19 56 0.2365 -0.0836 0.014181
289.00 P 20260813 -1.00 -1.00 6 53 0.2300 -0.0939 0.015902
290.00 P 20260813 -1.00 -1.00 59 1886 0.2262 -0.1071 0.017901
291.00 P 20260813 -1.00 -1.00 29 110 0.2242 -0.1225 0.020080
292.00 P 20260813 -1.00 -1.00 12 2269 0.2176 -0.1389 0.022413
293.00 P 20260813 -1.00 -1.00 67 58 0.2121 -0.1590 0.025017
294.00 P 20260813 -1.00 -1.00 29 159 0.2078 -0.1816 0.027839
295.00 P 20260813 -1.00 -1.00 198 178 0.2066 -0.2080 0.030738
296.00 P 20260813 -1.00 -1.00 73 61 0.2022 -0.2363 0.033693
297.00 P 20260813 -1.00 -1.00 29 33 0.1974 -0.2686 0.036672
298.00 P 20260813 -1.00 -1.00 42 42 0.1954 -0.3050 0.039490
299.00 P 20260813 -1.00 -1.00 29 20 0.1952 -0.3437 0.042131
300.00 P 20260813 -1.00 -1.00 7 7 0.1905 -0.3852 0.044262
301.00 P 20260813 -1.00 -1.00 72 41 0.1883 -0.4297 0.045967
302.00 P 20260813 -1.00 -1.00 72 51 0.1885 -0.4756 0.047157
303.00 P 20260813 -1.00 -1.00 9 7 0.1858 -0.5221 0.047571
304.00 P 20260813 -1.00 -1.00 2 1 0.1852 -0.5689 0.046920
305.00 P 20260813 -1.00 -1.00 -1 0 0.1874 -0.6143 0.045654
306.00 P 20260813 -1.00 -1.00 -1 0 0.1863 -0.6584 0.044097
307.00 P 20260813 -1.00 -1.00 -1 0 0.1853 -0.7004 0.041813
308.00 P 20260813 -1.00 -1.00 -1 0 0.1873 -0.7392 0.039077
309.00 P 20260813 -1.00 -1.00 -1 0 0.1901 -0.7733 0.036075
310.00 P 20260813 -1.00 -1.00 -1 0 0.1938 -0.7995 0.032779
311.00 P 20260813 -1.00 -1.00 -1 0 0.1917 -0.8330 0.029837
312.00 P 20260813 -1.00 -1.00 -1 0 0.1962 -0.8569 0.026820
313.00 P 20260813 -1.00 -1.00 -1 0 0.2004 -0.8753 0.024081
314.00 P 20260813 -1.00 -1.00 -1 0 0.2056 -0.8889 0.021643
315.00 P 20260813 -1.00 -1.00 -1 0 0.2101 -0.9026 0.019386
316.00 P 20260813 -1.00 -1.00 -1 0 0.2169 -0.9131 0.017475
317.00 P 20260813 -1.00 -1.00 -1 0 0.2268 -0.9191 0.015945
318.00 P 20260813 -1.00 -1.00 -1 0 0.2397 -0.9209 0.014796
319.00 P 20260813 -1.00 -1.00 -1 0 0.2501 -0.9254 0.013648
320.00 P 20260813 -1.00 -1.00 -1 0 0.2596 -0.9302 0.012582
321.00 P 20260813 -1.00 -1.00 -1 0 0.2710 -0.9326 0.011748
322.00 P 20260813 -1.00 -1.00 -1 0 0.2801 -0.9354 0.010990
323.00 P 20260813 -1.00 -1.00 -1 0 0.2900 -0.9374 0.010343
324.00 P 20260813 -1.00 -1.00 -1 0 0.2998 -0.9392 0.009758
325.00 P 20260813 -1.00 -1.00 -1 0 0.3095 -0.9409 0.009227
330.00 P 20260813 -1.00 -1.00 -1 0 0.3578 -0.9479 0.007180
266.00 C 20260814 -1.00 -1.00 -1 0 0.0008 0.9998 -0.000000
267.00 C 20260814 -1.00 -1.00 -1 0 0.0008 0.9998 0.000000
268.00 C 20260814 -1.00 -1.00 1 1 0.0008 0.9998 0.000000
269.00 C 20260814 -1.00 -1.00 2 2 0.0008 0.9998 0.000000
270.00 C 20260814 -1.00 -1.00 1 41 0.0008 0.9998 0.000000
271.00 C 20260814 -1.00 -1.00 9 9 0.0008 0.9998 0.000000
272.00 C 20260814 -1.00 -1.00 1 1 0.0008 0.9998 -0.000000
273.00 C 20260814 -1.00 -1.00 2 5 0.0008 0.9998 0.000000
274.00 C 20260814 -1.00 -1.00 2 3 0.0008 0.9998 0.000000
275.00 C 20260814 -1.00 -1.00 1 3 0.0008 0.9998 -0.000000
276.00 C 20260814 -1.00 -1.00 1 7 0.0008 0.9998 0.000000
277.00 C 20260814 -1.00 -1.00 1 5 0.0008 0.9998 0.000000
278.00 C 20260814 -1.00 -1.00 3 5 0.2046 0.9958 0.001179
279.00 C 20260814 -1.00 -1.00 1 5 0.2109 0.9922 0.002023
280.00 C 20260814 -1.00 -1.00 2 16 0.2191 0.9878 0.002946
281.00 C 20260814 -1.00 -1.00 1 71 0.2160 0.9844 0.003662
282.00 C 20260814 -1.00 -1.00 1 53 0.2172 0.9791 0.004714
282.50 C 20260814 -1.00 -1.00 17 26 0.2168 0.9769 0.005165
283.00 C 20260814 -1.00 -1.00 8 86 0.2206 0.9729 0.005858
284.00 C 20260814 -1.00 -1.00 42 131 0.2201 0.9651 0.007178
285.00 C 20260814 -1.00 -1.00 151 103 0.2148 0.9596 0.008274
286.00 C 20260814 -1.00 -1.00 210 171 0.2169 0.9484 0.010041
287.00 C 20260814 -1.00 -1.00 68 282 0.2063 0.9461 0.010944
287.50 C 20260814 -1.00 -1.00 21 41 0.2140 0.9353 0.012312
288.00 C 20260814 -1.00 -1.00 66 36 0.2072 0.9346 0.012813
289.00 C 20260814 -1.00 -1.00 36 96 0.2035 0.9213 0.014867
290.00 C 20260814 -1.00 -1.00 38 1270 0.2010 0.9062 0.017143
291.00 C 20260814 -1.00 -1.00 24 3756 0.1998 0.8896 0.019579
292.00 C 20260814 -1.00 -1.00 19 340 0.1997 0.8699 0.022135
292.50 C 20260814 -1.00 -1.00 5 134 0.1977 0.8590 0.023471
293.00 C 20260814 -1.00 -1.00 18 1791 0.1953 0.8485 0.024853
294.00 C 20260814 -1.00 -1.00 19 640 0.1961 0.8199 0.027693
295.00 C 20260814 -1.00 -1.00 90 1186 0.1953 0.7931 0.030568
296.00 C 20260814 -1.00 -1.00 139 1097 0.1913 0.7651 0.033482
297.00 C 20260814 -1.00 -1.00 123 1094 0.1885 0.7310 0.036222
297.50 C 20260814 -1.00 -1.00 47 383 0.1876 0.7131 0.037583
298.00 C 20260814 -1.00 -1.00 214 1031 0.1867 0.6951 0.038969
299.00 C 20260814 -1.00 -1.00 89 1604 0.1875 0.6564 0.041279
300.00 C 20260814 -1.00 -1.00 5762 5582 0.1817 0.6163 0.043619
301.00 C 20260814 -1.00 -1.00 508 1248 0.1802 0.5722 0.045138
302.00 C 20260814 -1.00 -1.00 967 1134 0.1818 0.5271 0.045903
302.50 C 20260814 -1.00 -1.00 230 1654 0.1809 0.5048 0.046242
303.00 C 20260814 -1.00 -1.00 829 2301 0.1792 0.4820 0.046310
304.00 C 20260814 -1.00 -1.00 306 1345 0.1772 0.4357 0.046027
305.00 C 20260814 -1.00 -1.00 950 1039 0.1783 0.3906 0.044961
306.00 C 20260814 -1.00 -1.00 314 902 0.1775 0.3474 0.043416
307.00 C 20260814 -1.00 -1.00 264 1180 0.1758 0.3053 0.041243
307.50 C 20260814 -1.00 -1.00 76 92 0.1763 0.2855 0.039920
308.00 C 20260814 -1.00 -1.00 908 1008 0.1767 0.2658 0.038611
309.00 C 20260814 -1.00 -1.00 342 553 0.1780 0.2306 0.035724
310.00 C 20260814 -1.00 -1.00 243 462 0.1753 0.1960 0.032619
311.00 C 20260814 -1.00 -1.00 17 604 0.1771 0.1675 0.029294
312.00 C 20260814 -1.00 -1.00 105 678 0.1803 0.1419 0.026135
312.50 C 20260814 -1.00 -1.00 27 512 0.1802 0.1312 0.024638
313.00 C 20260814 -1.00 -1.00 38 8509 0.1786 0.1191 0.023066
314.00 C 20260814 -1.00 -1.00 96 397 0.1799 0.1004 0.020149
315.00 C 20260814 -1.00 -1.00 211 8753 0.1829 0.0843 0.017500
317.50 C 20260814 -1.00 -1.00 51 480 0.1875 0.0549 0.012191
320.00 C 20260814 -1.00 -1.00 178 424 0.1960 0.0355 0.008285
325.00 C 20260814 -1.00 -1.00 155 433 0.2123 0.0172 0.004098
330.00 C 20260814 -1.00 -1.00 21 158 0.2348 0.0101 0.002351
335.00 C 20260814 -1.00 -1.00 2 24 0.2563 0.0061 0.001368
266.00 P 20260814 -1.00 -1.00 6 34 0.3676 -0.0124 0.001797
267.00 P 20260814 -1.00 -1.00 1 1461 0.3623 -0.0139 0.002005
268.00 P 20260814 -1.00 -1.00 4 561 0.3547 -0.0148 0.002165
269.00 P 20260814 -1.00 -1.00 2 191 0.3472 -0.0158 0.002336
270.00 P 20260814 -1.00 -1.00 41 5317 0.3418 -0.0175 0.002583
271.00 P 20260814 -1.00 -1.00 7 468 0.3366 -0.0192 0.002843
272.00 P 20260814 -1.00 -1.00 1 5296 0.3291 -0.0203 0.003058
273.00 P 20260814 -1.00 -1.00 2 404 0.3239 -0.0221 0.003351
274.00 P 20260814 -1.00 -1.00 10 1361 0.3165 -0.0234 0.003602
275.00 P 20260814 -1.00 -1.00 79 702 0.3135 -0.0259 0.003990
276.00 P 20260814 -1.00 -1.00 28 552 0.3083 -0.0279 0.004340
277.00 P 20260814 -1.00 -1.00 40 3038 0.3010 -0.0306 0.004772
278.00 P 20260814 -1.00 -1.00 21 5594 0.2923 -0.0328 0.005185
279.00 P 20260814 -1.00 -1.00 35 7714 0.2859 -0.0365 0.005753
280.00 P 20260814 -1.00 -1.00 311 6812 0.2783 -0.0396 0.006312
281.00 P 20260814 -1.00 -1.00 47 503 0.2719 -0.0435 0.006980
282.00 P 20260814 -1.00 -1.00 27 3814 0.2666 -0.0483 0.007756
282.50 P 20260814 -1.00 -1.00 41 441 0.2645 -0.0511 0.008191
283.00 P 20260814 -1.00 -1.00 36 12615 0.2613 -0.0532 0.008590
284.00 P 20260814 -1.00 -1.00 1682 7741 0.2581 -0.0596 0.009573
285.00 P 20260814 -1.00 -1.00 47402 10570 0.2528 -0.0662 0.010616
286.00 P 20260814 -1.00 -1.00 46 5194 0.2460 -0.0742 0.011830
287.00 P 20260814 -1.00 -1.00 75 825 0.2398 -0.0834 0.013198
287.50 P 20260814 -1.00 -1.00 523 686 0.2367 -0.0881 0.013928
288.00 P 20260814 -1.00 -1.00 1657 3062 0.2343 -0.0935 0.014722
289.00 P 20260814 -1.00 -1.00 141 6717 0.2300 -0.1052 0.016423
290.00 P 20260814 -1.00 -1.00 1704 9691 0.2275 -0.1190 0.018288
291.00 P 20260814 -1.00 -1.00 75 322 0.2225 -0.1342 0.020286
292.00 P 20260814 -1.00 -1.00 604 900 0.2169 -0.1521 0.022489
292.50 P 20260814 -1.00 -1.00 14 261 0.2145 -0.1619 0.023665
293.00 P 20260814 -1.00 -1.00 237 980 0.2125 -0.1724 0.024883
294.00 P 20260814 -1.00 -1.00 258 2976 0.2097 -0.1952 0.027409
295.00 P 20260814 -1.00 -1.00 3533 2144 0.2083 -0.2205 0.029982
296.00 P 20260814 -1.00 -1.00 1737 1064 0.2028 -0.2488 0.032538
297.00 P 20260814 -1.00 -1.00 305 649 0.1991 -0.2804 0.035116
297.50 P 20260814 -1.00 -1.00 1042 1056 0.1979 -0.2972 0.036395
298.00 P 20260814 -1.00 -1.00 1689 1588 0.1976 -0.3149 0.037575
299.00 P 20260814 -1.00 -1.00 198 205 0.1960 -0.3513 0.039856
300.00 P 20260814 -1.00 -1.00 2255 1834 0.1921 -0.3908 0.041652
301.00 P 20260814 -1.00 -1.00 273 239 0.1900 -0.4326 0.043167
302.00 P 20260814 -1.00 -1.00 72 82 0.1905 -0.4757 0.044167
302.50 P 20260814 -1.00 -1.00 60 49 0.1899 -0.4974 0.044395
303.00 P 20260814 -1.00 -1.00 95 92 0.1871 -0.5193 0.044728
304.00 P 20260814 -1.00 -1.00 15 36 0.1866 -0.5632 0.044164
305.00 P 20260814 -1.00 -1.00 627 626 0.1881 -0.6063 0.043166
306.00 P 20260814 -1.00 -1.00 13 22 0.1883 -0.6480 0.041872
307.00 P 20260814 -1.00 -1.00 58 20 0.1868 -0.6877 0.039979
307.50 P 20260814 -1.00 -1.00 1 0 0.1854 -0.7086 0.039105
308.00 P 20260814 -1.00 -1.00 58 1 0.1872 -0.7259 0.037762
309.00 P 20260814 -1.00 -1.00 29 3 0.1901 -0.7609 0.035264
310.00 P 20260814 -1.00 -1.00 58 15 0.1899 -0.7910 0.032532
311.00 P 20260814 -1.00 -1.00 58 12 0.1892 -0.8215 0.029789
312.00 P 20260814 -1.00 -1.00 26 6 0.1951 -0.8421 0.026958
312.50 P 20260814 -1.00 -1.00 6 0 0.1960 -0.8552 0.025650
313.00 P 20260814 -1.00 -1.00 57 15 0.1995 -0.8638 0.024378
314.00 P 20260814 -1.00 -1.00 57 14 0.2011 -0.8815 0.022003
315.00 P 20260814 -1.00 -1.00 30 30 0.2094 -0.8902 0.020006
317.50 P 20260814 -1.00 -1.00 1 0 0.2274 -0.9125 0.015865
320.00 P 20260814 -1.00 -1.00 1 1 0.2457 -0.9306 0.012683
325.00 P 20260814 -1.00 -1.00 1 0 0.2950 -0.9401 0.009361
330.00 P 20260814 -1.00 -1.00 -1 0 0.3417 -0.9466 0.007323
335.00 P 20260814 -1.00 -1.00 -1 0 0.3866 -0.9520 0.005928
266.00 C 20260817 -1.00 -1.00 -1 0 0.0009 0.9997 0.000000
267.00 C 20260817 -1.00 -1.00 -1 0 0.0009 0.9997 -0.000000
267.50 C 20260817 -1.00 -1.00 -1 0 0.0009 0.9997 -0.000000
268.00 C 20260817 -1.00 -1.00 -1 0 0.0009 0.9997 0.000000
269.00 C 20260817 -1.00 -1.00 -1 0 0.0009 0.9997 -0.000000
270.00 C 20260817 -1.00 -1.00 -1 0 0.0009 0.9997 -0.000000
271.00 C 20260817 -1.00 -1.00 -1 0 0.0009 0.9997 0.000000
272.00 C 20260817 -1.00 -1.00 -1 0 0.0009 0.9997 0.000000
272.50 C 20260817 -1.00 -1.00 -1 0 0.0009 0.9997 -0.000000
273.00 C 20260817 -1.00 -1.00 -1 0 0.0009 0.9997 -0.000000
274.00 C 20260817 -1.00 -1.00 -1 0 0.0009 0.9997 -0.000000
275.00 C 20260817 -1.00 -1.00 -1 0 0.0009 0.9997 -0.000000
276.00 C 20260817 -1.00 -1.00 -1 0 0.0009 0.9997 0.000000
277.00 C 20260817 -1.00 -1.00 -1 0 0.0009 0.9997 -0.000000
277.50 C 20260817 -1.00 -1.00 -1 0 0.0009 0.9997 0.000000
278.00 C 20260817 -1.00 -1.00 -1 0 0.1772 0.9961 0.001087
279.00 C 20260817 -1.00 -1.00 -1 0 0.1826 0.9926 0.001933
280.00 C 20260817 -1.00 -1.00 -1 0 0.1943 0.9861 0.003198
281.00 C 20260817 -1.00 -1.00 -1 0 0.1935 0.9819 0.004038
282.00 C 20260817 -1.00 -1.00 -1 0 0.1965 0.9759 0.005142
283.00 C 20260817 -1.00 -1.00 -1 0 0.1973 0.9700 0.006186
284.00 C 20260817 -1.00 -1.00 -1 0 0.1964 0.9616 0.007550
285.00 C 20260817 -1.00 -1.00 2 2 0.1946 0.9539 0.008860
286.00 C 20260817 -1.00 -1.00 -1 0 0.2040 0.9378 0.010911
287.00 C 20260817 -1.00 -1.00 1 1 0.1995 0.9281 0.012370
288.00 C 20260817 -1.00 -1.00 1 1 0.1962 0.9161 0.014077
289.00 C 20260817 -1.00 -1.00 1 2 0.1946 0.9019 0.015978
290.00 C 20260817 -1.00 -1.00 2 1 0.1936 0.8869 0.017958
291.00 C 20260817 -1.00 -1.00 82 15 0.1916 0.8707 0.020009
292.00 C 20260817 -1.00 -1.00 2 2 0.1874 0.8518 0.022244
293.00 C 20260817 -1.00 -1.00 26 6 0.1843 0.8306 0.024651
294.00 C 20260817 -1.00 -1.00 11 40 0.1829 0.8067 0.027144
295.00 C 20260817 -1.00 -1.00 34 34 0.1823 0.7810 0.029621
296.00 C 20260817 -1.00 -1.00 12 13 0.1784 0.7520 0.032058
297.00 C 20260817 -1.00 -1.00 53 133 0.1755 0.7205 0.034545
298.00 C 20260817 -1.00 -1.00 21 30 0.1745 0.6864 0.036885
299.00 C 20260817 -1.00 -1.00 79 62 0.1729 0.6511 0.039090
300.00 C 20260817 -1.00 -1.00 160 204 0.1695 0.6122 0.040825
301.00 C 20260817 -1.00 -1.00 8 8 0.1678 0.5711 0.042271
302.00 C 20260817 -1.00 -1.00 328 318 0.1684 0.5291 0.043180
302.50 C 20260817 -1.00 -1.00 3 2 0.1684 0.5081 0.043309
303.00 C 20260817 -1.00 -1.00 10 6 0.1666 0.4867 0.043432
304.00 C 20260817 -1.00 -1.00 6 4 0.1650 0.4435 0.043196
305.00 C 20260817 -1.00 -1.00 1616 1483 0.1656 0.4009 0.042382
306.00 C 20260817 -1.00 -1.00 117 117 0.1659 0.3601 0.041151
307.00 C 20260817 -1.00 -1.00 36 30 0.1640 0.3205 0.039377
307.50 C 20260817 -1.00 -1.00 -1 0 0.1640 0.3014 0.038307
308.00 C 20260817 -1.00 -1.00 1040 973 0.1639 0.2822 0.037235
309.00 C 20260817 -1.00 -1.00 7 6 0.1660 0.2474 0.034803
310.00 C 20260817 -1.00 -1.00 35 42 0.1643 0.2151 0.032194
311.00 C 20260817 -1.00 -1.00 -1 0 0.1636 0.1848 0.029350
312.00 C 20260817 -1.00 -1.00 237 226 0.1658 0.1594 0.026483
313.00 C 20260817 -1.00 -1.00 -1 0 0.1674 0.1363 0.023775
314.00 C 20260817 -1.00 -1.00 31 16 0.1657 0.1148 0.021051
315.00 C 20260817 -1.00 -1.00 4 4 0.1674 0.0979 0.018534
316.00 C 20260817 -1.00 -1.00 -1 0 0.1701 0.0829 0.016223
317.00 C 20260817 -1.00 -1.00 -1 0 0.1733 0.0713 0.014283
318.00 C 20260817 -1.00 -1.00 -1 0 0.1734 0.0606 0.012452
319.00 C 20260817 -1.00 -1.00 132 132 0.1760 0.0525 0.010908
320.00 C 20260817 -1.00 -1.00 17 17 0.1785 0.0447 0.009447
321.00 C 20260817 -1.00 -1.00 -1 0 0.1810 0.0370 0.008063
322.00 C 20260817 -1.00 -1.00 -1 0 0.1844 0.0322 0.007085
323.00 C 20260817 -1.00 -1.00 -1 0 0.1851 0.0275 0.006137
324.00 C 20260817 -1.00 -1.00 -1 0 0.1873 0.0238 0.005344
325.00 C 20260817 -1.00 -1.00 -1 0 0.1911 0.0212 0.004732
330.00 C 20260817 -1.00 -1.00 -1 0 0.2078 0.0112 0.002525
266.00 P 20260817 -1.00 -1.00 -1 0 0.3304 -0.0153 0.002074
267.00 P 20260817 -1.00 -1.00 -1 0 0.3238 -0.0162 0.002227
267.50 P 20260817 -1.00 -1.00 -1 0 0.3214 -0.0170 0.002334
268.00 P 20260817 -1.00 -1.00 -1 0 0.3191 -0.0177 0.002444
269.00 P 20260817 -1.00 -1.00 -1 0 0.3125 -0.0188 0.002620
270.00 P 20260817 -1.00 -1.00 45 40 0.3079 -0.0204 0.002861
271.00 P 20260817 -1.00 -1.00 38 38 0.3034 -0.0221 0.003116
272.00 P 20260817 -1.00 -1.00 -1 0 0.2988 -0.0238 0.003385
272.50 P 20260817 -1.00 -1.00 -1 0 0.2946 -0.0242 0.003475
273.00 P 20260817 -1.00 -1.00 1 1 0.2924 -0.0251 0.003619
274.00 P 20260817 -1.00 -1.00 5 5 0.2897 -0.0275 0.003970
275.00 P 20260817 -1.00 -1.00 3 1 0.2826 -0.0294 0.004293
276.00 P 20260817 -1.00 -1.00 -1 0 0.2760 -0.0320 0.004691
277.00 P 20260817 -1.00 -1.00 27 27 0.2693 -0.0348 0.005123
277.50 P 20260817 -1.00 -1.00 -1 0 0.2665 -0.0365 0.005377
278.00 P 20260817 -1.00 -1.00 4 4 0.2627 -0.0376 0.005593
279.00 P 20260817 -1.00 -1.00 53 53 0.2571 -0.0412 0.006152
280.00 P 20260817 -1.00 -1.00 49 53 0.2515 -0.0450 0.006755
281.00 P 20260817 -1.00 -1.00 1340 1284 0.2478 -0.0501 0.007496
282.00 P 20260817 -1.00 -1.00 342 342 0.2432 -0.0547 0.008237
283.00 P 20260817 -1.00 -1.00 1 76 0.2414 -0.0612 0.009142
284.00 P 20260817 -1.00 -1.00 4 7 0.2359 -0.0680 0.010096
285.00 P 20260817 -1.00 -1.00 6 28 0.2294 -0.0750 0.011134
286.00 P 20260817 -1.00 -1.00 88 87 0.2240 -0.0835 0.012333
287.00 P 20260817 -1.00 -1.00 3 56 0.2198 -0.0935 0.013685
288.00 P 20260817 -1.00 -1.00 2 54 0.2161 -0.1044 0.015154
289.00 P 20260817 -1.00 -1.00 12 112 0.2140 -0.1172 0.016760
290.00 P 20260817 -1.00 -1.00 21 35 0.2097 -0.1307 0.018463
291.00 P 20260817 -1.00 -1.00 31 21 0.2048 -0.1473 0.020334
292.00 P 20260817 -1.00 -1.00 5 160 0.2006 -0.1654 0.022361
293.00 P 20260817 -1.00 -1.00 13 39 0.1976 -0.1856 0.024518
294.00 P 20260817 -1.00 -1.00 38 428 0.1962 -0.2081 0.026733
295.00 P 20260817 -1.00 -1.00 49 120 0.1927 -0.2330 0.028951
296.00 P 20260817 -1.00 -1.00 40 46 0.1885 -0.2605 0.031204
297.00 P 20260817 -1.00 -1.00 18 28 0.1859 -0.2909 0.033441
298.00 P 20260817 -1.00 -1.00 9 6 0.1854 -0.3238 0.035499
299.00 P 20260817 -1.00 -1.00 106 103 0.1828 -0.3582 0.037411
300.00 P 20260817 -1.00 -1.00 30 31 0.1799 -0.3955 0.038903
301.00 P 20260817 -1.00 -1.00 2 2 0.1782 -0.4344 0.040238
302.00 P 20260817 -1.00 -1.00 2 2 0.1788 -0.4746 0.041079
302.50 P 20260817 -1.00 -1.00 -1 0 0.1781 -0.4948 0.041342
303.00 P 20260817 -1.00 -1.00 -1 0 0.1768 -0.5150 0.041374
304.00 P 20260817 -1.00 -1.00 -1 0 0.1742 -0.5564 0.041443
305.00 P 20260817 -1.00 -1.00 3 3 0.1749 -0.5972 0.040745
306.00 P 20260817 -1.00 -1.00 -1 0 0.1761 -0.6369 0.039743
307.00 P 20260817 -1.00 -1.00 -1 0 0.1759 -0.6729 0.037955
307.50 P 20260817 -1.00 -1.00 -1 0 0.1750 -0.6918 0.037190
308.00 P 20260817 -1.00 -1.00 -1 0 0.1758 -0.7089 0.036144
309.00 P 20260817 -1.00 -1.00 -1 0 0.1779 -0.7422 0.034056
310.00 P 20260817 -1.00 -1.00 2 2 0.1800 -0.7722 0.031820
311.00 P 20260817 -1.00 -1.00 -1 0 0.1791 -0.8006 0.029548
312.00 P 20260817 -1.00 -1.00 -1 0 0.1837 -0.8211 0.027055
313.00 P 20260817 -1.00 -1.00 -1 0 0.1878 -0.8414 0.024795
314.00 P 20260817 -1.00 -1.00 -1 0 0.1913 -0.8619 0.022655
315.00 P 20260817 -1.00 -1.00 -1 0 0.1987 -0.8719 0.020754
316.00 P 20260817 -1.00 -1.00 -1 0 0.1975 -0.8901 0.018926
317.00 P 20260817 -1.00 -1.00 -1 0 0.2021 -0.9009 0.017319
318.00 P 20260817 -1.00 -1.00 -1 0 0.2076 -0.9100 0.015856
319.00 P 20260817 -1.00 -1.00 -1 0 0.2147 -0.9166 0.014598
320.00 P 20260817 -1.00 -1.00 -1 0 0.2221 -0.9223 0.013483
321.00 P 20260817 -1.00 -1.00 -1 0 0.2300 -0.9270 0.012503
322.00 P 20260817 -1.00 -1.00 -1 0 0.2383 -0.9307 0.011656
323.00 P 20260817 -1.00 -1.00 -1 0 0.2465 -0.9342 0.010894
324.00 P 20260817 -1.00 -1.00 -1 0 0.2558 -0.9355 0.010309
325.00 P 20260817 -1.00 -1.00 -1 0 0.2639 -0.9373 0.009765
330.00 P 20260817 -1.00 -1.00 -1 0 0.3029 -0.9452 0.007626
270.00 C 20260818 -1.00 -1.00 -1 0 0.0010 0.9997 0.000000
280.00 C 20260818 -1.00 -1.00 -1 0 0.1998 0.9798 0.004147
285.00 C 20260818 -1.00 -1.00 -1 0 0.1935 0.9490 0.009333
286.00 C 20260818 -1.00 -1.00 -1 0 0.1954 0.9387 0.010830
287.00 C 20260818 -1.00 -1.00 -1 0 0.1920 0.9283 0.012336
288.00 C 20260818 -1.00 -1.00 -1 0 0.1935 0.9109 0.014356
289.00 C 20260818 -1.00 -1.00 -1 0 0.1889 0.9004 0.016023
290.00 C 20260818 -1.00 -1.00 4 4 0.1894 0.8840 0.018020
291.00 C 20260818 -1.00 -1.00 4 4 0.1875 0.8665 0.020043
292.00 C 20260818 -1.00 -1.00 -1 0 0.1855 0.8451 0.022229
293.00 C 20260818 -1.00 -1.00 1 1 0.1832 0.8236 0.024510
294.00 C 20260818 -1.00 -1.00 10 5 0.1850 0.7971 0.026725
295.00 C 20260818 -1.00 -1.00 18 18 0.1833 0.7711 0.028909
296.00 C 20260818 -1.00 -1.00 4 4 0.1780 0.7450 0.031330
297.00 C 20260818 -1.00 -1.00 13 13 0.1762 0.7135 0.033525
298.00 C 20260818 -1.00 -1.00 17 13 0.1768 0.6795 0.035450
299.00 C 20260818 -1.00 -1.00 26 25 0.1746 0.6454 0.037370
300.00 C 20260818 -1.00 -1.00 49 44 0.1720 0.6079 0.038813
301.00 C 20260818 -1.00 -1.00 103 94 0.1708 0.5688 0.040022
302.00 C 20260818 -1.00 -1.00 164 162 0.1713 0.5291 0.040842
303.00 C 20260818 -1.00 -1.00 69 55 0.1692 0.4890 0.041180
304.00 C 20260818 -1.00 -1.00 139 112 0.1672 0.4479 0.041080
305.00 C 20260818 -1.00 -1.00 235 224 0.1671 0.4070 0.040503
310.00 C 20260818 -1.00 -1.00 517 455 0.1671 0.2280 0.031630
320.00 C 20260818 -1.00 -1.00 2 1 0.1763 0.0497 0.010024
330.00 C 20260818 -1.00 -1.00 5 5 0.2068 0.0131 0.002822
270.00 P 20260818 -1.00 -1.00 4 2 0.3039 -0.0226 0.003058
280.00 P 20260818 -1.00 -1.00 7 5 0.2495 -0.0495 0.007098
285.00 P 20260818 -1.00 -1.00 10 8 0.2271 -0.0813 0.011468
286.00 P 20260818 -1.00 -1.00 7 6 0.2225 -0.0902 0.012654
287.00 P 20260818 -1.00 -1.00 2 2 0.2194 -0.1010 0.013990
288.00 P 20260818 -1.00 -1.00 1 1 0.2164 -0.1121 0.015397
289.00 P 20260818 -1.00 -1.00 4 3 0.2146 -0.1253 0.016929
290.00 P 20260818 -1.00 -1.00 4 3 0.2091 -0.1399 0.018557
291.00 P 20260818 -1.00 -1.00 4 4 0.2044 -0.1560 0.020334
292.00 P 20260818 -1.00 -1.00 16 11 0.2011 -0.1745 0.022240
293.00 P 20260818 -1.00 -1.00 18 16 0.1992 -0.1950 0.024223
294.00 P 20260818 -1.00 -1.00 7 7 0.1979 -0.2171 0.026263
295.00 P 20260818 -1.00 -1.00 53 37 0.1928 -0.2414 0.028292
296.00 P 20260818 -1.00 -1.00 11 6 0.1893 -0.2686 0.030345
297.00 P 20260818 -1.00 -1.00 212 118 0.1878 -0.2986 0.032289
298.00 P 20260818 -1.00 -1.00 25 25 0.1871 -0.3299 0.034210
299.00 P 20260818 -1.00 -1.00 2 2 0.1842 -0.3633 0.035843
300.00 P 20260818 -1.00 -1.00 31 31 0.1812 -0.3989 0.037258
301.00 P 20260818 -1.00 -1.00 47 40 0.1797 -0.4362 0.038440
302.00 P 20260818 -1.00 -1.00 67 45 0.1806 -0.4745 0.039169
303.00 P 20260818 -1.00 -1.00 9 9 0.1784 -0.5131 0.039494
304.00 P 20260818 -1.00 -1.00 -1 0 0.1765 -0.5523 0.039420
305.00 P 20260818 -1.00 -1.00 -1 0 0.1768 -0.5912 0.038889
310.00 P 20260818 -1.00 -1.00 -1 0 0.1803 -0.7636 0.031323
320.00 P 20260818 -1.00 -1.00 -1 0 0.2159 -0.9201 0.013695
330.00 P 20260818 -1.00 -1.00 -1 0 0.2941 -0.9441 0.007761
266.00 C 20260821 -1.00 -1.00 2 7 0.2572 0.9919 0.001279
267.00 C 20260821 -1.00 -1.00 2 3 0.2534 0.9912 0.001401
268.00 C 20260821 -1.00 -1.00 350 99 0.2536 0.9899 0.001614
269.00 C 20260821 -1.00 -1.00 2 6 0.2570 0.9865 0.002045
270.00 C 20260821 -1.00 -1.00 10 6964 0.2508 0.9857 0.002199
271.00 C 20260821 -1.00 -1.00 1 10 0.2498 0.9829 0.002578
272.00 C 20260821 -1.00 -1.00 1 7 0.2470 0.9807 0.002899
273.00 C 20260821 -1.00 -1.00 1 1 0.2460 0.9779 0.003295
274.00 C 20260821 -1.00 -1.00 1 4 0.2500 0.9733 0.003857
275.00 C 20260821 -1.00 -1.00 1 2362 0.2389 0.9739 0.003946
276.00 C 20260821 -1.00 -1.00 1 10 0.2395 0.9686 0.004587
277.00 C 20260821 -1.00 -1.00 1 6 0.2401 0.9615 0.005379
278.00 C 20260821 -1.00 -1.00 1 8 0.2317 0.9605 0.005693
279.00 C 20260821 -1.00 -1.00 3 13 0.2307 0.9543 0.006450
280.00 C 20260821 -1.00 -1.00 102 3724 0.2289 0.9485 0.007183
281.00 C 20260821 -1.00 -1.00 19 51 0.2263 0.9432 0.007903
282.00 C 20260821 -1.00 -1.00 1 30 0.2251 0.9363 0.008743
283.00 C 20260821 -1.00 -1.00 3 167 0.2198 0.9297 0.009602
284.00 C 20260821 -1.00 -1.00 15 97 0.2178 0.9193 0.010712
285.00 C 20260821 -1.00 -1.00 141 12755 0.2116 0.9129 0.011668
286.00 C 20260821 -1.00 -1.00 4 110 0.2101 0.9015 0.012914
287.00 C 20260821 -1.00 -1.00 2 167 0.2091 0.8894 0.014207
288.00 C 20260821 -1.00 -1.00 11 155 0.2089 0.8761 0.015546
289.00 C 20260821 -1.00 -1.00 7 376 0.2042 0.8623 0.016945
290.00 C 20260821 -1.00 -1.00 795 16189 0.2014 0.8457 0.018463
291.00 C 20260821 -1.00 -1.00 2 370 0.1996 0.8275 0.020047
292.00 C 20260821 -1.00 -1.00 13 659 0.1992 0.8073 0.021646
293.00 C 20260821 -1.00 -1.00 79 1573 0.1986 0.7874 0.023267
294.00 C 20260821 -1.00 -1.00 364 1521 0.1949 0.7653 0.024862
295.00 C 20260821 -1.00 -1.00 809 28256 0.1914 0.7415 0.026513
296.00 C 20260821 -1.00 -1.00 212 2217 0.1896 0.7152 0.028103
297.00 C 20260821 -1.00 -1.00 260 2776 0.1884 0.6879 0.029669
298.00 C 20260821 -1.00 -1.00 632 17474 0.1882 0.6592 0.031058
299.00 C 20260821 -1.00 -1.00 567 4019 0.1840 0.6290 0.032373
300.00 C 20260821 -1.00 -1.00 6825 39757 0.1811 0.5970 0.033562
301.00 C 20260821 -1.00 -1.00 6591 6573 0.1805 0.5632 0.034362
302.00 C 20260821 -1.00 -1.00 3585 5940 0.1808 0.5292 0.035018
303.00 C 20260821 -1.00 -1.00 1188 5960 0.1782 0.4949 0.035400
304.00 C 20260821 -1.00 -1.00 2537 8136 0.1762 0.4596 0.035385
305.00 C 20260821 -1.00 -1.00 10365 27634 0.1757 0.4244 0.035053
306.00 C 20260821 -1.00 -1.00 7490 8084 0.1768 0.3900 0.034424
307.00 C 20260821 -1.00 -1.00 3202 5125 0.1753 0.3563 0.033686
308.00 C 20260821 -1.00 -1.00 1128 2814 0.1741 0.3241 0.032442
309.00 C 20260821 -1.00 -1.00 1496 4901 0.1737 0.2925 0.031049
310.00 C 20260821 -1.00 -1.00 17967 34252 0.1751 0.2632 0.029459
311.00 C 20260821 -1.00 -1.00 338 5475 0.1752 0.2352 0.027844
312.00 C 20260821 -1.00 -1.00 493 2804 0.1735 0.2091 0.026027
313.00 C 20260821 -1.00 -1.00 925 5310 0.1732 0.1846 0.024105
314.00 C 20260821 -1.00 -1.00 334 1469 0.1745 0.1627 0.022174
315.00 C 20260821 -1.00 -1.00 9997 15015 0.1773 0.1436 0.020329
316.00 C 20260821 -1.00 -1.00 13 478 0.1758 0.1260 0.018519
317.00 C 20260821 -1.00 -1.00 367 977 0.1752 0.1093 0.016695
318.00 C 20260821 -1.00 -1.00 169 402 0.1771 0.0960 0.015036
319.00 C 20260821 -1.00 -1.00 266 819 0.1798 0.0843 0.013516
320.00 C 20260821 -1.00 -1.00 2916 9093 0.1814 0.0728 0.012076
321.00 C 20260821 -1.00 -1.00 85 480 0.1815 0.0640 0.010816
322.00 C 20260821 -1.00 -1.00 1 22 0.1823 0.0558 0.009620
323.00 C 20260821 -1.00 -1.00 7 14 0.1838 0.0484 0.008513
324.00 C 20260821 -1.00 -1.00 82 217 0.1860 0.0419 0.007513
325.00 C 20260821 -1.00 -1.00 86 2260 0.1895 0.0370 0.006710
330.00 C 20260821 -1.00 -1.00 1660 7159 0.1973 0.0192 0.003666
335.00 C 20260821 -1.00 -1.00 1738 2603 0.2127 0.0116 0.002219
266.00 P 20260821 -1.00 -1.00 66 1247 0.3150 -0.0234 0.002755
267.00 P 20260821 -1.00 -1.00 196 3245 0.3092 -0.0245 0.002915
268.00 P 20260821 -1.00 -1.00 156 10341 0.3068 -0.0264 0.003153
269.00 P 20260821 -1.00 -1.00 78 1524 0.3025 -0.0285 0.003402
270.00 P 20260821 -1.00 -1.00 1399 37773 0.2957 -0.0301 0.003631
271.00 P 20260821 -1.00 -1.00 38 978 0.2889 -0.0318 0.003878
272.00 P 20260821 -1.00 -1.00 326 8527 0.2830 -0.0341 0.004178
273.00 P 20260821 -1.00 -1.00 39 3930 0.2788 -0.0374 0.004566
274.00 P 20260821 -1.00 -1.00 204 27497 0.2722 -0.0394 0.004878
275.00 P 20260821 -1.00 -1.00 5188 77205 0.2672 -0.0425 0.005281
276.00 P 20260821 -1.00 -1.00 307 39331 0.2630 -0.0461 0.005743
277.00 P 20260821 -1.00 -1.00 12975 44183 0.2589 -0.0499 0.006232
278.00 P 20260821 -1.00 -1.00 158 49791 0.2565 -0.0547 0.006804
279.00 P 20260821 -1.00 -1.00 101 79297 0.2532 -0.0592 0.007374
280.00 P 20260821 -1.00 -1.00 12620 90742 0.2490 -0.0643 0.008002
281.00 P 20260821 -1.00 -1.00 154 40921 0.2437 -0.0705 0.008718
282.00 P 20260821 -1.00 -1.00 59257 57137 0.2389 -0.0774 0.009509
283.00 P 20260821 -1.00 -1.00 24208 15989 0.2346 -0.0850 0.010376
284.00 P 20260821 -1.00 -1.00 76632 21387 0.2309 -0.0933 0.011317
285.00 P 20260821 -1.00 -1.00 56639 131749 0.2281 -0.1027 0.012341
286.00 P 20260821 -1.00 -1.00 24222 66292 0.2262 -0.1132 0.013435
287.00 P 20260821 -1.00 -1.00 450 61577 0.2240 -0.1243 0.014586
288.00 P 20260821 -1.00 -1.00 27007 30724 0.2193 -0.1372 0.015811
289.00 P 20260821 -1.00 -1.00 8910 1293 0.2150 -0.1511 0.017127
290.00 P 20260821 -1.00 -1.00 14471 57936 0.2117 -0.1666 0.018533
291.00 P 20260821 -1.00 -1.00 575 2452 0.2096 -0.1838 0.019997
292.00 P 20260821 -1.00 -1.00 345 1987 0.2084 -0.2023 0.021496
293.00 P 20260821 -1.00 -1.00 3213 6371 0.2059 -0.2217 0.023027
294.00 P 20260821 -1.00 -1.00 648 3877 0.2018 -0.2434 0.024541
295.00 P 20260821 -1.00 -1.00 70572 88374 0.1986 -0.2669 0.026086
296.00 P 20260821 -1.00 -1.00 3813 4759 0.1960 -0.2918 0.027654
297.00 P 20260821 -1.00 -1.00 576 1736 0.1954 -0.3188 0.029099
298.00 P 20260821 -1.00 -1.00 532 1455 0.1938 -0.3469 0.030480
299.00 P 20260821 -1.00 -1.00 516 550 0.1895 -0.3763 0.031775
300.00 P 20260821 -1.00 -1.00 6579 10921 0.1875 -0.4081 0.032760
301.00 P 20260821 -1.00 -1.00 934 680 0.1864 -0.4408 0.033651
302.00 P 20260821 -1.00 -1.00 705 516 0.1867 -0.4743 0.034302
303.00 P 20260821 -1.00 -1.00 82 83 0.1841 -0.5081 0.034679
304.00 P 20260821 -1.00 -1.00 16 73 0.1819 -0.5425 0.034751
305.00 P 20260821 -1.00 -1.00 9 4344 0.1819 -0.5768 0.034390
306.00 P 20260821 -1.00 -1.00 1 3 0.1822 -0.6111 0.033988
307.00 P 20260821 -1.00 -1.00 1 0 0.1819 -0.6441 0.033236
308.00 P 20260821 -1.00 -1.00 1 4 0.1797 -0.6765 0.032278
309.00 P 20260821 -1.00 -1.00 1 5 0.1804 -0.7065 0.030908
310.00 P 20260821 -1.00 -1.00 5 55 0.1813 -0.7361 0.029520
311.00 P 20260821 -1.00 -1.00 1 0 0.1845 -0.7621 0.027894
312.00 P 20260821 -1.00 -1.00 1 0 0.1827 -0.7876 0.026345
313.00 P 20260821 -1.00 -1.00 4 0 0.1830 -0.8107 0.024643
314.00 P 20260821 -1.00 -1.00 4 0 0.1851 -0.8309 0.022938
315.00 P 20260821 -1.00 -1.00 1 5 0.1868 -0.8516 0.021262
316.00 P 20260821 -1.00 -1.00 -1 0 0.1913 -0.8668 0.019625
317.00 P 20260821 -1.00 -1.00 2 0 0.1915 -0.8818 0.018199
318.00 P 20260821 -1.00 -1.00 2 0 0.1924 -0.8958 0.016769
319.00 P 20260821 -1.00 -1.00 2 0 0.2013 -0.8989 0.015642
320.00 P 20260821 -1.00 -1.00 60 6 0.2034 -0.9106 0.014383
321.00 P 20260821 -1.00 -1.00 -1 0 0.2094 -0.9167 0.013359
322.00 P 20260821 -1.00 -1.00 6 0 0.2158 -0.9219 0.012460
323.00 P 20260821 -1.00 -1.00 1 0 0.2221 -0.9269 0.011669
324.00 P 20260821 -1.00 -1.00 1 0 0.2288 -0.9310 0.010952
325.00 P 20260821 -1.00 -1.00 1 0 0.2354 -0.9349 0.010293
330.00 P 20260821 -1.00 -1.00 1 0 0.2693 -0.9436 0.008040
335.00 P 20260821 -1.00 -1.00 1 0 0.3043 -0.9486 0.006560
250.00 C 20260805 -1.00 -1.00 -1 0 -1.0000 -1.0000 -1.000000
255.00 C 20260805 -1.00 -1.00 -1 0 -1.0000 -1.0000 -1.000000
260.00 C 20260805 -1.00 -1.00 1 1 -1.0000 -1.0000 -1.000000
261.00 C 20260805 -1.00 -1.00 4 2 -1.0000 -1.0000 -1.000000
262.00 C 20260805 -1.00 -1.00 -1 0 -1.0000 -1.0000 -1.000000
263.00 C 20260805 -1.00 -1.00 -1 0 -1.0000 -1.0000 -1.000000
264.00 C 20260805 -1.00 -1.00 -1 0 -1.0000 -1.0000 -1.000000
265.00 C 20260805 -1.00 -1.00 -1 0 -1.0000 -1.0000 -1.000000
250.00 P 20260805 -1.00 -1.00 1 16 1.9325 -0.0023 0.000339
255.00 P 20260805 -1.00 -1.00 448 449 1.7490 -0.0025 0.000409
260.00 P 20260805 -1.00 -1.00 1 46 1.5692 -0.0028 0.000503
261.00 P 20260805 -1.00 -1.00 16 22 1.5336 -0.0029 0.000525
262.00 P 20260805 -1.00 -1.00 6 7 1.4982 -0.0029 0.000549
263.00 P 20260805 -1.00 -1.00 1 112 1.4630 -0.0030 0.000575
264.00 P 20260805 -1.00 -1.00 3 125 1.4278 -0.0031 0.000602
265.00 P 20260805 -1.00 -1.00 31 16 1.3928 -0.0031 0.000631
250.00 C 20260806 -1.00 -1.00 -1 0 -1.0000 -1.0000 -1.000000
255.00 C 20260806 -1.00 -1.00 2 2 -1.0000 -1.0000 -1.000000
260.00 C 20260806 -1.00 -1.00 3 2 -1.0000 -1.0000 -1.000000
261.00 C 20260806 -1.00 -1.00 -1 0 -1.0000 -1.0000 -1.000000
262.00 C 20260806 -1.00 -1.00 -1 0 -1.0000 -1.0000 -1.000000
263.00 C 20260806 -1.00 -1.00 -1 0 -1.0000 -1.0000 -1.000000
264.00 C 20260806 -1.00 -1.00 -1 0 -1.0000 -1.0000 -1.000000
265.00 C 20260806 -1.00 -1.00 -1 0 -1.0000 -1.0000 -1.000000
250.00 P 20260806 -1.00 -1.00 1 2 1.0908 -0.0023 0.000339
255.00 P 20260806 -1.00 -1.00 1 1 0.9874 -0.0025 0.000409
260.00 P 20260806 -1.00 -1.00 1 10 0.8859 -0.0028 0.000502
261.00 P 20260806 -1.00 -1.00 11 11 0.8659 -0.0029 0.000525
262.00 P 20260806 -1.00 -1.00 -1 0 0.8813 -0.0037 0.000659
263.00 P 20260806 -1.00 -1.00 -1 0 0.8260 -0.0030 0.000574
264.00 P 20260806 -1.00 -1.00 3 251 0.8062 -0.0031 0.000602
265.00 P 20260806 -1.00 -1.00 1 14 0.7864 -0.0031 0.000631
250.00 C 20260807 -1.00 -1.00 1 83 -1.0000 -1.0000 -1.000000
255.00 C 20260807 -1.00 -1.00 2 13 -1.0000 -1.0000 -1.000000
260.00 C 20260807 -1.00 -1.00 1 73 -1.0000 -1.0000 -1.000000
261.00 C 20260807 -1.00 -1.00 2 15 -1.0000 -1.0000 -1.000000
262.00 C 20260807 -1.00 -1.00 1 3 -1.0000 -1.0000 -1.000000
263.00 C 20260807 -1.00 -1.00 1 4 -1.0000 -1.0000 -1.000000
264.00 C 20260807 -1.00 -1.00 1 1 -1.0000 -1.0000 -1.000000
265.00 C 20260807 -1.00 -1.00 4 11 -1.0000 -1.0000 -1.000000
250.00 P 20260807 -1.00 -1.00 4 849 0.8415 -0.0023 0.000338
255.00 P 20260807 -1.00 -1.00 25 189 0.7617 -0.0025 0.000409
260.00 P 20260807 -1.00 -1.00 120 722 0.6835 -0.0028 0.000502
261.00 P 20260807 -1.00 -1.00 2 412 0.6681 -0.0029 0.000525
262.00 P 20260807 -1.00 -1.00 6 458 0.6527 -0.0029 0.000548
263.00 P 20260807 -1.00 -1.00 6 486 0.6374 -0.0030 0.000574
264.00 P 20260807 -1.00 -1.00 13 1123 0.6221 -0.0031 0.000601
265.00 P 20260807 -1.00 -1.00 10 5442 0.6069 -0.0031 0.000630
250.00 C 20260810 -1.00 -1.00 -1 0 -1.0000 -1.0000 -1.000000
255.00 C 20260810 -1.00 -1.00 -1 0 -1.0000 -1.0000 -1.000000
260.00 C 20260810 -1.00 -1.00 -1 0 -1.0000 -1.0000 -1.000000
261.00 C 20260810 -1.00 -1.00 -1 0 -1.0000 -1.0000 -1.000000
262.00 C 20260810 -1.00 -1.00 -1 0 -1.0000 -1.0000 -1.000000
263.00 C 20260810 -1.00 -1.00 -1 0 -1.0000 -1.0000 -1.000000
264.00 C 20260810 -1.00 -1.00 -1 0 -1.0000 -1.0000 -1.000000
265.00 C 20260810 -1.00 -1.00 -1 0 -1.0000 -1.0000 -1.000000
250.00 P 20260810 -1.00 -1.00 20 24 0.5849 -0.0029 0.000410
255.00 P 20260810 -1.00 -1.00 1 1 0.5124 -0.0025 0.000408
260.00 P 20260810 -1.00 -1.00 17 261 0.4599 -0.0028 0.000501
261.00 P 20260810 -1.00 -1.00 -1 0 0.4495 -0.0029 0.000524
262.00 P 20260810 -1.00 -1.00 -1 0 0.4392 -0.0029 0.000547
263.00 P 20260810 -1.00 -1.00 1 1 0.4289 -0.0030 0.000573
264.00 P 20260810 -1.00 -1.00 7 7 0.4187 -0.0031 0.000600
265.00 P 20260810 -1.00 -1.00 1 1 0.4085 -0.0031 0.000629
250.00 C 20260811 -1.00 -1.00 -1 0 -1.0000 -1.0000 -1.000000
255.00 C 20260811 -1.00 -1.00 -1 0 -1.0000 -1.0000 -1.000000
257.50 C 20260811 -1.00 -1.00 -1 0 -1.0000 -1.0000 -1.000000
260.00 C 20260811 -1.00 -1.00 -1 0 -1.0000 -1.0000 -1.000000
261.00 C 20260811 -1.00 -1.00 -1 0 -1.0000 -1.0000 -1.000000
262.00 C 20260811 -1.00 -1.00 -1 0 -1.0000 -1.0000 -1.000000
263.00 C 20260811 -1.00 -1.00 -1 0 -1.0000 -1.0000 -1.000000
264.00 C 20260811 -1.00 -1.00 -1 0 -1.0000 -1.0000 -1.000000
265.00 C 20260811 -1.00 -1.00 -1 0 -1.0000 -1.0000 -1.000000
250.00 P 20260811 -1.00 -1.00 1 1 0.5205 -0.0023 0.000338
255.00 P 20260811 -1.00 -1.00 7 9 0.4713 -0.0025 0.000408
257.50 P 20260811 -1.00 -1.00 5 5 0.4643 -0.0034 0.000544
260.00 P 20260811 -1.00 -1.00 -1 0 0.4403 -0.0035 0.000603
261.00 P 20260811 -1.00 -1.00 -1 0 0.4307 -0.0036 0.000629
262.00 P 20260811 -1.00 -1.00 -1 0 0.4205 -0.0037 0.000657
263.00 P 20260811 -1.00 -1.00 6 6 0.4099 -0.0038 0.000686
264.00 P 20260811 -1.00 -1.00 -1 0 0.4056 -0.0047 0.000825
265.00 P 20260811 -1.00 -1.00 40 250 0.3951 -0.0048 0.000865
250.00 C 20260812 -1.00 -1.00 -1 0 -1.0000 -1.0000 -1.000000
255.00 C 20260812 -1.00 -1.00 -1 0 -1.0000 -1.0000 -1.000000
257.50 C 20260812 -1.00 -1.00 -1 0 -1.0000 -1.0000 -1.000000
260.00 C 20260812 -1.00 -1.00 -1 0 -1.0000 -1.0000 -1.000000
261.00 C 20260812 -1.00 -1.00 -1 0 -1.0000 -1.0000 -1.000000
262.00 C 20260812 -1.00 -1.00 -1 0 -1.0000 -1.0000 -1.000000
262.50 C 20260812 -1.00 -1.00 -1 0 -1.0000 -1.0000 -1.000000
263.00 C 20260812 -1.00 -1.00 -1 0 -1.0000 -1.0000 -1.000000
264.00 C 20260812 -1.00 -1.00 -1 0 -1.0000 -1.0000 -1.000000
265.00 C 20260812 -1.00 -1.00 -1 0 -1.0000 -1.0000 -1.000000
250.00 P 20260812 -1.00 -1.00 2 3 0.4846 -0.0023 0.000338
255.00 P 20260812 -1.00 -1.00 2 2 0.4550 -0.0032 0.000493
257.50 P 20260812 -1.00 -1.00 -1 0 0.4420 -0.0040 0.000624
260.00 P 20260812 -1.00 -1.00 3 1413 0.4229 -0.0049 0.000775
261.00 P 20260812 -1.00 -1.00 -1 0 0.4130 -0.0050 0.000809
262.00 P 20260812 -1.00 -1.00 -1 0 0.4089 -0.0059 0.000931
262.50 P 20260812 -1.00 -1.00 -1 0 0.4040 -0.0059 0.000952
263.00 P 20260812 -1.00 -1.00 -1 0 0.3990 -0.0060 0.000974
264.00 P 20260812 -1.00 -1.00 1 1 0.3950 -0.0068 0.001107
265.00 P 20260812 -1.00 -1.00 78 70 0.3852 -0.0070 0.001160
250.00 C 20260813 -1.00 -1.00 -1 0 -1.0000 -1.0000 -1.000000
255.00 C 20260813 -1.00 -1.00 -1 0 -1.0000 -1.0000 -1.000000
257.50 C 20260813 -1.00 -1.00 -1 0 -1.0000 -1.0000 -1.000000
260.00 C 20260813 -1.00 -1.00 -1 0 -1.0000 -1.0000 -1.000000
261.00 C 20260813 -1.00 -1.00 -1 0 -1.0000 -1.0000 -1.000000
262.00 C 20260813 -1.00 -1.00 -1 0 -1.0000 -1.0000 -1.000000
263.00 C 20260813 -1.00 -1.00 -1 0 -1.0000 -1.0000 -1.000000
264.00 C 20260813 -1.00 -1.00 -1 0 -1.0000 -1.0000 -1.000000
265.00 C 20260813 -1.00 -1.00 -1 0 -1.0000 -1.0000 -1.000000
250.00 P 20260813 -1.00 -1.00 3 3 0.4860 -0.0035 0.000472
255.00 P 20260813 -1.00 -1.00 1 1 0.4444 -0.0045 0.000634
257.50 P 20260813 -1.00 -1.00 -1 0 0.4263 -0.0053 0.000771
260.00 P 20260813 -1.00 -1.00 -1 0 0.4138 -0.0069 0.000999
261.00 P 20260813 -1.00 -1.00 -1 0 0.4044 -0.0070 0.001042
262.00 P 20260813 -1.00 -1.00 -1 0 0.3951 -0.0072 0.001088
263.00 P 20260813 -1.00 -1.00 -1 0 0.3913 -0.0080 0.001211
264.00 P 20260813 -1.00 -1.00 -1 0 0.3875 -0.0088 0.001340
265.00 P 20260813 -1.00 -1.00 76 76 0.3783 -0.0090 0.001402
250.00 C 20260814 -1.00 -1.00 4 47 -1.0000 -1.0000 -1.000000
252.50 C 20260814 -1.00 -1.00 -1 0 0.0008 0.9998 0.000000
255.00 C 20260814 -1.00 -1.00 2 7 0.0008 0.9998 -0.000000
257.50 C 20260814 -1.00 -1.00 -1 0 0.0008 0.9998 0.000000
260.00 C 20260814 -1.00 -1.00 2 20 0.0008 0.9998 -0.000000
261.00 C 20260814 -1.00 -1.00 -1 0 0.0008 0.9998 0.000000
262.00 C 20260814 -1.00 -1.00 -1 0 0.0008 0.9998 -0.000000
263.00 C 20260814 -1.00 -1.00 -1 0 0.0008 0.9998 0.000000
264.00 C 20260814 -1.00 -1.00 -1 0 0.0008 0.9998 0.000000
265.00 C 20260814 -1.00 -1.00 1 1 0.0008 0.9998 -0.000000
250.00 P 20260814 -1.00 -1.00 105 2701 0.4659 -0.0041 0.000528
252.50 P 20260814 -1.00 -1.00 8 8 0.4431 -0.0042 0.000577
255.00 P 20260814 -1.00 -1.00 17 802 0.4309 -0.0056 0.000760
257.50 P 20260814 -1.00 -1.00 4 9 0.4137 -0.0065 0.000901
260.00 P 20260814 -1.00 -1.00 523 993 0.4019 -0.0081 0.001127
261.00 P 20260814 -1.00 -1.00 10 31 0.3982 -0.0089 0.001236
262.00 P 20260814 -1.00 -1.00 1 4 0.3894 -0.0090 0.001289
263.00 P 20260814 -1.00 -1.00 7 7 0.3909 -0.0104 0.001466
264.00 P 20260814 -1.00 -1.00 13 15 0.3821 -0.0107 0.001531
265.00 P 20260814 -1.00 -1.00 10 2097 0.3753 -0.0115 0.001660
250.00 C 20260817 -1.00 -1.00 -1 0 0.0009 0.9997 0.000000
255.00 C 20260817 -1.00 -1.00 -1 0 0.0009 0.9997 -0.000000
260.00 C 20260817 -1.00 -1.00 -1 0 0.0009 0.9997 0.000000
261.00 C 20260817 -1.00 -1.00 -1 0 0.0009 0.9997 -0.000000
262.00 C 20260817 -1.00 -1.00 -1 0 0.0009 0.9997 -0.000000
263.00 C 20260817 -1.00 -1.00 -1 0 0.0009 0.9997 -0.000000
264.00 C 20260817 -1.00 -1.00 -1 0 0.0009 0.9997 0.000000
265.00 C 20260817 -1.00 -1.00 -1 0 0.0009 0.9997 -0.000000
250.00 P 20260817 -1.00 -1.00 -1 0 0.4156 -0.0051 0.000632
255.00 P 20260817 -1.00 -1.00 -1 0 0.3851 -0.0068 0.000872
260.00 P 20260817 -1.00 -1.00 2 4 0.3644 -0.0098 0.001292
261.00 P 20260817 -1.00 -1.00 -1 0 0.3612 -0.0105 0.001396
262.00 P 20260817 -1.00 -1.00 -1 0 0.3551 -0.0113 0.001506
263.00 P 20260817 -1.00 -1.00 -1 0 0.3484 -0.0121 0.001623
264.00 P 20260817 -1.00 -1.00 2 2 0.3417 -0.0129 0.001747
265.00 P 20260817 -1.00 -1.00 -1 0 0.3370 -0.0144 0.001932
250.00 C 20260818 -1.00 -1.00 -1 0 0.0010 0.9997 -0.000000
260.00 C 20260818 -1.00 -1.00 -1 0 0.0010 0.9997 -0.000000
250.00 P 20260818 -1.00 -1.00 -1 0 0.4089 -0.0062 0.000726
260.00 P 20260818 -1.00 -1.00 1 1 0.3604 -0.0114 0.001433
250.00 C 20260821 -1.00 -1.00 1 4453 0.0011 0.9996 -0.000000
255.00 C 20260821 -1.00 -1.00 1 2358 0.0011 0.9996 0.000000
260.00 C 20260821 -1.00 -1.00 9 5598 0.0011 0.9996 0.000000
261.00 C 20260821 -1.00 -1.00 1 12 0.2655 0.9964 0.000567
262.00 C 20260821 -1.00 -1.00 1 3 0.1971 0.9995 0.000048
263.00 C 20260821 -1.00 -1.00 7 12 0.2648 0.9945 0.000857
264.00 C 20260821 -1.00 -1.00 10 13 0.2650 0.9932 0.001052
265.00 C 20260821 -1.00 -1.00 6 9025 0.2611 0.9926 0.001163
250.00 P 20260821 -1.00 -1.00 252 24467 0.3945 -0.0090 0.000961
255.00 P 20260821 -1.00 -1.00 331 24321 0.3715 -0.0121 0.001325
260.00 P 20260821 -1.00 -1.00 586 53321 0.3433 -0.0162 0.001831
261.00 P 20260821 -1.00 -1.00 328 541 0.3374 -0.0170 0.001943
262.00 P 20260821 -1.00 -1.00 242 5054 0.3332 -0.0183 0.002097
263.00 P 20260821 -1.00 -1.00 227 563 0.3274 -0.0192 0.002223
264.00 P 20260821 -1.00 -1.00 93 642 0.3232 -0.0206 0.002393
265.00 P 20260821 -1.00 -1.00 1261 26606 0.3174 -0.0215 0.002534
340.00 C 20260805 -1.00 -1.00 5 5 -1.0000 -1.0000 -1.000000
350.00 C 20260805 -1.00 -1.00 -1 0 -1.0000 -1.0000 -1.000000
340.00 P 20260805 -1.00 -1.00 -1 0 1.8160 -0.9655 0.003952
350.00 P 20260805 -1.00 -1.00 -1 0 2.2141 -0.9680 0.003048
340.00 C 20260806 -1.00 -1.00 -1 0 -1.0000 -1.0000 -1.000000
350.00 C 20260806 -1.00 -1.00 -1 0 -1.0000 -1.0000 -1.000000
340.00 P 20260806 -1.00 -1.00 -1 0 1.0469 -0.9616 0.004241
350.00 P 20260806 -1.00 -1.00 -1 0 1.2639 -0.9670 0.003129
340.00 C 20260810 -1.00 -1.00 8 0 -1.0000 -1.0000 -1.000000
350.00 C 20260810 -1.00 -1.00 -1 0 -1.0000 -1.0000 -1.000000
340.00 P 20260810 -1.00 -1.00 -1 0 0.5578 -0.9576 0.004667
350.00 P 20260810 -1.00 -1.00 -1 0 0.6725 -0.9632 0.003468
340.00 C 20260811 -1.00 -1.00 -1 0 -1.0000 -1.0000 -1.000000
350.00 C 20260811 -1.00 -1.00 -1 0 -1.0000 -1.0000 -1.000000
340.00 P 20260811 -1.00 -1.00 -1 0 0.5112 -0.9587 0.004660
350.00 P 20260811 -1.00 -1.00 -1 0 0.6166 -0.9642 0.003457
340.00 C 20260812 -1.00 -1.00 -1 0 0.3093 0.0036 0.000798
350.00 C 20260812 -1.00 -1.00 -1 0 -1.0000 -1.0000 -1.000000
340.00 P 20260812 -1.00 -1.00 -1 0 0.4785 -0.9580 0.004749
350.00 P 20260812 -1.00 -1.00 -1 0 0.5766 -0.9636 0.003523
340.00 C 20260813 -1.00 -1.00 -1 0 0.2902 0.0036 0.000799
350.00 C 20260813 -1.00 -1.00 -1 0 -1.0000 -1.0000 -1.000000
340.00 P 20260813 -1.00 -1.00 -1 0 0.4530 -0.9569 0.004858
350.00 P 20260813 -1.00 -1.00 -1 0 0.5441 -0.9630 0.003587
340.00 C 20260814 -1.00 -1.00 151 152 0.2901 0.0055 0.001101
345.00 C 20260814 -1.00 -1.00 5 6 0.3039 0.0033 0.000659
350.00 C 20260814 -1.00 -1.00 -1 0 0.3563 0.0046 0.000774
355.00 C 20260814 -1.00 -1.00 2 1 0.3619 0.0028 0.000476
340.00 P 20260814 -1.00 -1.00 1 0 0.4298 -0.9567 0.004915
345.00 P 20260814 -1.00 -1.00 10 0 0.4732 -0.9601 0.004185
350.00 P 20260814 -1.00 -1.00 10 10 0.5160 -0.9629 0.003633
355.00 P 20260814 -1.00 -1.00 -1 0 0.5581 -0.9652 0.003202
340.00 C 20260817 -1.00 -1.00 -1 0 0.2486 0.0046 0.000963
350.00 C 20260817 -1.00 -1.00 -1 0 0.2899 0.0030 0.000556
340.00 P 20260817 -1.00 -1.00 -1 0 0.3806 -0.9551 0.005173
350.00 P 20260817 -1.00 -1.00 -1 0 0.4567 -0.9610 0.003854
340.00 C 20260818 -1.00 -1.00 6 6 0.2429 0.0055 0.001105
340.00 P 20260818 -1.00 -1.00 -1 0 0.3664 -0.9555 0.005219
340.00 C 20260821 -1.00 -1.00 13 1151 0.2257 0.0072 0.001366
345.00 C 20260821 -1.00 -1.00 5 3156 0.2479 0.0058 0.001027
350.00 C 20260821 -1.00 -1.00 70 3937 0.2603 0.0038 0.000676
355.00 C 20260821 -1.00 -1.00 32 961 0.2736 0.0028 0.000478
340.00 P 20260821 -1.00 -1.00 1 0 0.3371 -0.9536 0.005467
345.00 P 20260821 -1.00 -1.00 -1 0 0.3710 -0.9567 0.004688
350.00 P 20260821 -1.00 -1.00 3 0 0.4036 -0.9596 0.004075
355.00 P 20260821 -1.00 -1.00 1 0 0.4356 -0.9621 0.003592
