# opt_chain STX | epoch 1784923928 | 2026-07-24 16:12:08 | spot 853.00 | exps 20260724 20260731
# strike right exp bid ask vol oi iv delta gamma
855.00 C 20260724 -1.00 -1.00 8 34 -1.0000 -1.0000 -1.0000
855.00 P 20260724 -1.00 -1.00 1132 62 -1.0000 -1.0000 -1.0000
850.00 C 20260724 -1.00 -1.00 160 126 -1.0000 -1.0000 -1.0000
850.00 P 20260724 -1.00 -1.00 213 2338 -1.0000 -1.0000 -1.0000
847.50 C 20260724 -1.00 -1.00 4 10 -1.0000 -1.0000 -1.0000
847.50 P 20260724 -1.00 -1.00 2 24 -1.0000 -1.0000 -1.0000
860.00 C 20260724 -1.00 -1.00 7 37 -1.0000 -1.0000 -1.0000
860.00 P 20260724 -1.00 -1.00 376 364 -1.0000 -1.0000 -1.0000
845.00 C 20260724 -1.00 -1.00 2 68 -1.0000 -1.0000 -1.0000
845.00 P 20260724 -1.00 -1.00 27 95 -1.0000 -1.0000 -1.0000
842.50 C 20260724 -1.00 -1.00 3 3 -1.0000 -1.0000 -1.0000
842.50 P 20260724 -1.00 -1.00 58 19 -1.0000 -1.0000 -1.0000
865.00 C 20260724 -1.00 -1.00 20 36 -1.0000 -1.0000 -1.0000
865.00 P 20260724 -1.00 -1.00 27 70 -1.0000 -1.0000 -1.0000
840.00 C 20260724 -1.00 -1.00 7 107 -1.0000 -1.0000 -1.0000
840.00 P 20260724 -1.00 -1.00 146 273 -1.0000 -1.0000 -1.0000
837.50 C 20260724 -1.00 -1.00 13 52 -1.0000 -1.0000 -1.0000
837.50 P 20260724 -1.00 -1.00 52 27 -1.0000 -1.0000 -1.0000
870.00 C 20260724 -1.00 -1.00 143 56 -1.0000 -1.0000 -1.0000
870.00 P 20260724 -1.00 -1.00 123 121 -1.0000 -1.0000 -1.0000
835.00 C 20260724 -1.00 -1.00 5 8 -1.0000 -1.0000 -1.0000
835.00 P 20260724 -1.00 -1.00 1116 63 -1.0000 -1.0000 -1.0000
832.50 C 20260724 -1.00 -1.00 1 4 -1.0000 -1.0000 -1.0000
832.50 P 20260724 -1.00 -1.00 0 18 -1.0000 -1.0000 -1.0000
875.00 C 20260724 -1.00 -1.00 23 34 -1.0000 -1.0000 -1.0000
875.00 P 20260724 -1.00 -1.00 28 31 -1.0000 -1.0000 -1.0000
830.00 C 20260724 -1.00 -1.00 3 37 -1.0000 -1.0000 -1.0000
830.00 P 20260724 -1.00 -1.00 182 131 -1.0000 -1.0000 -1.0000
827.50 C 20260724 -1.00 -1.00 1 59 -1.0000 -1.0000 -1.0000
827.50 P 20260724 -1.00 -1.00 45 19 -1.0000 -1.0000 -1.0000
880.00 C 20260724 -1.00 -1.00 131 78 -1.0000 -1.0000 -1.0000
880.00 P 20260724 -1.00 -1.00 54 60 -1.0000 -1.0000 -1.0000
825.00 C 20260724 -1.00 -1.00 23 33 -1.0000 -1.0000 -1.0000
825.00 P 20260724 -1.00 -1.00 21 48 -1.0000 -1.0000 -1.0000
822.50 C 20260724 -1.00 -1.00 2 51 -1.0000 -1.0000 -1.0000
822.50 P 20260724 -1.00 -1.00 326 332 -1.0000 -1.0000 -1.0000
885.00 C 20260724 -1.00 -1.00 23 25 -1.0000 -1.0000 -1.0000
885.00 P 20260724 -1.00 -1.00 22 36 -1.0000 -1.0000 -1.0000
820.00 C 20260724 -1.00 -1.00 17 60 -1.0000 -1.0000 -1.0000
820.00 P 20260724 -1.00 -1.00 37 267 -1.0000 -1.0000 -1.0000
855.00 C 20260731 -1.00 -1.00 9 157 -1.0000 -1.0000 -1.0000
855.00 P 20260731 -1.00 -1.00 10 22 -1.0000 -1.0000 -1.0000
850.00 C 20260731 -1.00 -1.00 68 1908 -1.0000 -1.0000 -1.0000
850.00 P 20260731 -1.00 -1.00 50 93 -1.0000 -1.0000 -1.0000
860.00 C 20260731 -1.00 -1.00 23 30 -1.0000 -1.0000 -1.0000
860.00 P 20260731 -1.00 -1.00 6 36 -1.0000 -1.0000 -1.0000
845.00 C 20260731 -1.00 -1.00 7 39 -1.0000 -1.0000 -1.0000
845.00 P 20260731 -1.00 -1.00 7 54 -1.0000 -1.0000 -1.0000
865.00 C 20260731 -1.00 -1.00 12 9 -1.0000 -1.0000 -1.0000
865.00 P 20260731 -1.00 -1.00 1 7 -1.0000 -1.0000 -1.0000
840.00 C 20260731 -1.00 -1.00 5 30 -1.0000 -1.0000 -1.0000
840.00 P 20260731 -1.00 -1.00 29 60 -1.0000 -1.0000 -1.0000
870.00 C 20260731 -1.00 -1.00 24 46 -1.0000 -1.0000 -1.0000
870.00 P 20260731 -1.00 -1.00 22 16 -1.0000 -1.0000 -1.0000
835.00 C 20260731 -1.00 -1.00 43 24 -1.0000 -1.0000 -1.0000
835.00 P 20260731 -1.00 -1.00 8 22 -1.0000 -1.0000 -1.0000
875.00 C 20260731 -1.00 -1.00 26 28 -1.0000 -1.0000 -1.0000
875.00 P 20260731 -1.00 -1.00 4 11 -1.0000 -1.0000 -1.0000
830.00 C 20260731 -1.00 -1.00 3 113 -1.0000 -1.0000 -1.0000
830.00 P 20260731 -1.00 -1.00 19 42 -1.0000 -1.0000 -1.0000
880.00 C 20260731 -1.00 -1.00 36 58 -1.0000 -1.0000 -1.0000
880.00 P 20260731 -1.00 -1.00 5 40 -1.0000 -1.0000 -1.0000
825.00 C 20260731 -1.00 -1.00 0 13 -1.0000 -1.0000 -1.0000
825.00 P 20260731 -1.00 -1.00 16 32 -1.0000 -1.0000 -1.0000
885.00 C 20260731 -1.00 -1.00 34 61 -1.0000 -1.0000 -1.0000
885.00 P 20260731 -1.00 -1.00 1 3 -1.0000 -1.0000 -1.0000
820.00 C 20260731 -1.00 -1.00 2 24 -1.0000 -1.0000 -1.0000
820.00 P 20260731 -1.00 -1.00 18 78 -1.0000 -1.0000 -1.0000
