1785916800 284.3100 284.5900 284.3100 284.5900 3
1785917340 284.0300 284.0300 284.0300 284.0300 2
1785917400 284.0300 284.0300 284.0300 284.0300 1
1785917520 284.3100 284.3100 284.3100 284.3100 1
1785917820 283.5700 283.5700 283.5700 283.5700 1
1785917880 284.3100 284.3100 284.3100 284.3100 1
1785918360 281.8900 282.2000 281.8900 282.2000 2
1785918540 282.2000 282.2000 282.2000 282.2000 1
1785920580 282.5800 282.5800 282.5800 282.5800 1
1785922020 282.1600 282.1600 282.1600 282.1600 1
1785922080 282.6800 282.7700 282.6800 282.7700 2
1785922500 282.6300 282.6600 282.6300 282.6600 3
1785924240 283.0000 283.4900 283.0000 283.4900 3
1785924300 283.2400 283.7600 283.2400 283.7600 2
1785924360 283.5900 283.5900 283.5900 283.5900 1
1785925920 282.5000 282.6000 282.4700 282.4700 5
1785926040 282.6000 282.6000 282.6000 282.6000 2
1785926700 282.5000 282.5000 282.2200 282.2200 2
1785926880 282.2000 282.2000 282.2000 282.2000 1
1785926940 282.4800 282.4800 282.4800 282.4800 1
1785927000 282.1500 282.1500 282.1500 282.1500 1
1785927180 282.2000 282.2000 282.2000 282.2000 1
1785927600 282.4900 282.6000 282.4900 282.6000 6
1785927660 282.5900 282.6000 282.5900 282.6000 2
1785927840 282.5900 282.6000 282.5900 282.6000 2
1785927900 282.6000 282.6000 282.6000 282.6000 1
1785928080 282.5800 282.5800 282.5800 282.5800 1
1785928140 282.4900 282.5800 282.4900 282.5800 2
1785928440 281.4400 281.9800 281.4400 281.9800 4
1785929400 282.0100 282.0100 282.0100 282.0100 1
1785929640 281.6200 281.6200 281.6200 281.6200 1
1785929820 282.0000 282.0000 282.0000 282.0000 2
1785930300 281.7100 281.7100 281.7100 281.7100 1
1785930720 281.7500 281.7500 281.4400 281.4400 4
1785930780 281.4400 281.4400 281.1100 281.1700 10
1785930840 281.3500 281.6200 281.3500 281.6200 6
1785930960 281.0700 281.0700 281.0700 281.0700 1
1785931320 281.0200 281.0200 281.0200 281.0200 1
1785931440 281.0200 281.0200 280.5700 280.5700 16
1785931500 280.6100 280.9800 280.6100 280.9800 3
1785931560 280.3100 280.3100 280.2900 280.2900 6
1785931860 281.0100 281.0100 281.0100 281.0100 1
1785932040 281.5800 281.5800 281.5800 281.5800 1
1785932160 281.8000 281.8000 281.8000 281.8000 1
1785932460 281.7900 281.7900 281.2500 281.2500 3
1785932520 281.5400 281.5400 281.5400 281.5400 2
1785932580 281.2000 281.2000 281.0600 281.0600 2
1785932820 281.2000 281.2000 281.1800 281.1800 3
1785932880 281.2000 281.2000 281.1800 281.1800 2
1785932940 281.3800 281.3800 281.3800 281.3800 2
1785933420 281.3700 281.3700 281.3700 281.3700 1
1785933660 281.5800 281.8000 281.5800 281.8000 2
1785934020 281.9400 281.9400 281.9400 281.9400 1
1785934320 281.7000 281.7000 281.5700 281.5700 2
1785934380 281.2400 281.2400 281.2400 281.2400 1
1785934560 281.6900 281.7100 281.6900 281.7100 2
1785934620 281.7100 281.7100 281.7100 281.7100 1
1785934740 281.7000 281.7000 281.7000 281.7000 1
1785935040 281.7000 281.7000 281.7000 281.7000 1
1785935940 281.7000 281.7000 281.7000 281.7000 1
1785936000 281.6965 281.7000 281.6903 281.6965 9
1785936600 281.6996 281.8188 281.6996 281.7305 61
1785936660 281.7217 281.7217 281.5184 281.5254 27
1785936720 281.5114 281.5114 281.4023 281.4144 18
1785936780 281.3964 281.3964 280.9199 280.9962 23
1785936840 280.9106 280.9106 280.8457 280.8661 83
1785936900 280.8802 280.9299 280.8788 280.9074 23
1785936960 280.9009 280.9009 280.8765 280.8765 18
1785937020 280.8751 280.8751 280.8609 280.8634 12
1785937080 280.8597 280.8597 280.8488 280.8488 16
1785937140 280.8476 280.8476 280.8360 280.8360 12
1785937200 280.8350 280.8350 280.8209 280.8217 16
1785937260 280.8200 280.8200 280.8069 280.8069 17
1785937320 280.8062 280.9341 280.7473 280.8001 35
1785937380 280.7033 280.8909 280.6332 280.8909 26
1785937440 280.9004 281.0066 280.8975 280.9100 33
1785937500 280.9023 280.9181 280.8785 280.8785 13
1785937560 280.8708 280.8708 280.7432 280.7534 19
1785937620 280.7458 280.8697 280.7458 280.8682 21
1785937680 280.8711 280.9489 280.8711 280.9386 32
1785937740 280.9506 281.0190 280.9506 281.0190 17
1785937800 281.0240 281.0283 281.0226 281.0283 16
1785937860 281.0206 281.0206 280.9769 280.9769 16
1785937920 280.9698 280.9698 280.8739 280.8739 13
1785937980 280.8676 281.9107 280.8342 281.8978 18
1785938040 281.8851 282.1276 281.8163 281.8165 22
1785938100 281.7985 281.7985 281.6935 281.6935 7
1785938160 281.6765 281.6765 281.5618 281.5777 8
1785938220 281.5459 281.5459 281.4612 281.4993 6
1785938280 281.4424 281.4424 281.2416 281.2506 16
1785938340 281.2328 281.2328 281.1747 281.1747 14
1785938400 281.1729 282.0493 281.1208 281.9792 66
1785938460 281.9745 282.3972 281.9699 282.3377 18
1785938520 282.3299 282.3299 282.2932 282.3195 17
1785938580 282.3238 282.3731 282.3238 282.3731 10
1785938640 282.3833 282.4983 282.3833 282.4983 13
1785938700 282.5073 282.7057 282.5073 282.6877 30
1785938760 282.7064 282.7126 282.7064 282.7126 11
1785938820 282.7131 282.7380 282.7131 282.7238 30
1785938880 282.7400 282.7592 282.7400 282.7536 11
1785938940 282.7611 282.8286 282.7611 282.7769 15
1785939000 282.7397 282.8846 282.7397 282.8734 17
1785939060 282.8679 282.9533 282.8679 282.9442 10
1785939120 282.9624 283.0239 282.9624 283.0239 8
1785939180 283.0324 283.0574 283.0324 283.0491 4
1785939240 283.0656 283.0817 282.8214 282.8810 12
1785939300 282.8907 283.0000 282.8907 283.0000 13
1785939360 283.0086 283.0906 283.0086 283.0906 11
1785939420 283.0984 283.1512 283.0984 283.1232 14
1785939480 283.1201 283.1201 283.0760 283.0853 15
1785939540 283.0696 283.0696 282.9244 282.9316 15
1785939600 282.9172 282.9172 282.8107 282.8170 17
1785939660 282.8046 282.8046 282.5162 282.5162 16
1785939720 282.5125 282.5125 282.4588 282.4647 31
1785939780 282.4651 282.4688 282.4651 282.4688 11
1785939840 282.4692 282.4726 282.4692 282.4726 11
1785939900 282.4729 282.4742 282.3312 282.3407 35
1785939960 282.3300 282.3354 282.3278 282.3350 18
1785940020 282.3359 282.3442 282.3359 282.3442 20
1785940080 282.3063 282.3197 282.3063 282.3197 21
1785940140 282.3203 282.3289 282.3203 282.3273 16
1785940200 282.3294 282.3369 282.3294 282.3369 16
1785940260 282.3373 282.3438 282.3009 282.3009 23
1785940320 282.2950 282.2950 282.2386 282.2386 11
1785940380 282.2332 282.2332 282.1395 282.1441 20
1785940440 282.1350 282.1350 282.0549 282.0549 21
1785940500 282.0519 282.0519 281.8650 281.8650 32
1785940560 281.8596 281.8596 280.4079 280.4647 14
1785940620 280.4715 280.5670 280.4715 280.5670 16
1785940680 280.5730 280.6006 280.5730 280.5951 17
1785940740 280.6061 280.7530 280.6061 280.7530 25
1785940800 280.7609 280.9946 280.7609 280.9624 27
1785940860 281.0010 281.0979 281.0010 281.0979 24
1785940920 281.1035 281.2257 281.1035 281.2257 25
1785940980 281.2303 281.2524 281.2303 281.2524 6
1785941040 281.2568 281.3058 281.2568 281.3009 18
1785941100 281.2998 281.2998 280.7139 280.7236 33
1785941160 280.7123 280.7123 280.5962 280.5962 18
1785941220 280.5881 280.5881 279.4175 279.4175 14
1785941280 279.4241 279.4558 279.4241 279.4383 13
1785941340 279.4612 279.5289 279.4612 279.5289 19
1785941400 279.5313 279.5606 279.4762 279.4809 21
1785941460 279.4833 279.4833 279.3413 279.4436 36
1785941520 279.4463 279.5717 279.4463 279.5677 30
1785941580 279.5757 279.6864 279.5757 279.6864 33
1785941640 279.6893 279.7205 279.6425 279.6565 23
1785941700 279.6357 279.6357 279.4207 279.4207 39
1785941760 279.4159 279.4159 279.2992 279.2992 28
1785941820 279.2954 279.2954 279.2451 279.2590 18
1785941880 279.2450 279.2540 279.2439 279.2540 34
1785941940 279.2560 279.2783 279.2560 279.2783 13
1785942000 279.2800 279.3015 279.2485 279.2485 24
1785942060 279.2422 279.2422 279.1671 279.1690 29
1785942120 279.1662 279.1662 279.1477 279.1484 23
1785942180 279.1469 279.1638 279.1454 279.1638 31
1785942240 279.1643 279.2188 279.1643 279.2158 31
1785942300 279.2195 279.2398 279.1701 279.1701 55
1785942360 279.1673 279.1673 279.0849 279.0907 18
1785942420 279.0793 279.0793 278.9220 278.9498 22
1785942480 278.9125 278.9125 278.7823 278.8846 15
1785942540 278.7221 278.7221 278.4692 278.4788 18
1785942600 278.4598 278.4598 278.3141 278.3141 23
1785942660 278.3099 278.3099 278.1923 278.1923 25
1785942720 278.1899 278.1899 278.1740 278.1864 19
1785942780 278.1875 278.2219 278.1875 278.2215 17
1785942840 278.2221 278.2484 278.2221 278.2418 19
1785942900 278.2497 278.2598 278.2313 278.2371 18
1785942960 278.2431 278.2455 278.2073 278.2122 28
1785943020 278.2057 278.2245 278.1995 278.2245 9
1785943080 278.2306 278.3082 278.2306 278.2997 16
1785943140 278.3110 278.3124 278.3075 278.3091 10
1785943200 278.3058 278.3058 278.2865 278.2865 14
1785943260 278.2867 278.2910 278.2867 278.2868 5
1785943320 278.2925 278.2993 278.2925 278.2925 5
1785943380 278.3010 278.3430 278.3010 278.3400 19
1785943440 278.3461 278.4420 278.3461 278.4380 27
1785943500 278.4460 278.5113 278.4460 278.5078 23
1785943560 278.5147 278.5392 278.5147 278.5392 15
1785943620 278.5359 278.5359 278.5280 278.5323 19
1785943680 278.5326 278.5330 278.5156 278.5213 5
1785943740 278.5099 278.5099 278.4746 278.4829 8
1785943800 278.4716 278.4716 278.4127 278.4127 22
1785943860 278.4102 278.4102 278.3455 278.3679 18
1785943920 278.3401 278.3401 278.2583 278.2583 17
1785943980 278.2535 278.2535 278.0872 278.0954 34
1785944040 278.0832 278.0832 278.0228 278.0228 18
1785944100 278.0240 278.0268 278.0240 278.0262 13
1785944160 278.0271 278.0304 278.0271 278.0296 13
1785944220 278.0306 278.0345 278.0306 278.0345 17
1785944280 278.0347 278.0349 278.0019 278.0038 29
1785944340 278.0015 278.0015 277.9458 277.9838 24
1785944400 277.9376 277.9376 277.7582 277.7661 22
1785944460 277.7504 277.7504 277.6549 277.6619 14
1785944520 277.6480 277.6480 277.6123 277.6223 14
1785944580 277.6095 277.6095 277.5932 277.5959 7
1785944640 277.5906 277.5906 277.5607 277.5630 13
1785944700 277.5583 277.5583 277.5057 277.5406 42
1785944760 277.5536 277.6210 277.5536 277.6092 12
1785944820 277.6268 277.6769 277.6268 277.6661 10
1785944880 277.6822 277.7281 277.6822 277.7281 10
1785944940 277.7330 277.7461 277.7330 277.7330 4
1785945000 277.7495 277.8420 277.7495 277.8420 26
1785945060 277.8454 277.9006 277.8454 277.8929 18
1785945180 277.9044 277.9607 277.9044 277.9442 15
1785945240 277.9672 278.0426 277.9672 278.0271 12
1785945300 278.0497 278.1971 278.0497 278.1906 23
1785945360 278.2036 278.2619 278.2036 278.2619 22
1785945420 278.2638 278.3219 278.2638 278.3219 19
1785945480 278.3261 278.3769 278.3261 278.3732 14
1785945540 278.3806 278.4277 278.3806 278.4196 15
1785945600 278.4299 278.4427 278.3917 278.4024 27
1785945660 278.3905 278.3905 278.3502 278.3502 18
1785945720 278.3476 278.3489 278.3306 278.3489 20
1785945780 278.3504 278.3740 278.3504 278.3693 17
1785945840 278.3763 278.4025 278.3763 278.4025 13
1785945900 278.4046 278.4334 278.4046 278.4316 16
1785945960 278.4352 278.4440 278.4352 278.4440 6
1785946020 278.4457 278.4690 278.4457 278.4629 26
1785946080 278.4702 278.4789 278.4702 278.4789 9
1785946140 278.4799 278.4934 278.4799 278.4923 17
1785946200 278.4894 278.4894 278.4449 278.4507 18
1785946260 278.4421 278.4421 278.4320 278.4421 6
1785946320 278.4281 278.4281 278.3875 278.3930 10
1785946380 278.3820 278.3820 278.2877 278.2954 20
1785946440 278.2839 278.2839 278.2549 278.2654 8
1785946500 278.2496 278.2496 278.2091 278.2183 16
1785946560 278.2073 278.2073 278.1681 278.1737 16
1785946620 278.1649 278.1649 278.1448 278.1463 12
1785946680 278.1475 278.1565 278.1475 278.1565 8
1785946740 278.1577 278.1927 278.1577 278.1805 15
1785946800 278.1965 278.2293 278.1965 278.2252 9
1785946860 278.2334 278.2763 278.2334 278.2763 14
1785946920 278.2790 278.3278 278.2790 278.3187 16
1785946980 278.3312 278.3445 278.3312 278.3445 5
1785947040 278.3478 278.3548 278.3478 278.3548 20
1785947100 278.3549 278.4269 278.3549 278.4269 27
1785947160 278.4294 278.4638 278.4294 278.4638 16
1785947220 278.4660 278.4886 278.4660 278.4824 11
1785947280 278.4917 278.5180 278.4917 278.5180 10
1785947340 278.5208 278.5500 278.5208 278.5500 11
1785947400 278.5535 278.6369 278.5535 278.6328 23
1785947460 278.6408 278.7490 278.6408 278.7490 31
1785947520 278.7517 278.7848 278.7517 278.7848 14
1785947580 278.7872 278.8272 278.7872 278.8272 24
1785947640 278.8282 278.8402 278.8282 278.8354 23
1785947700 278.8323 278.9148 278.8323 278.9052 10
1785947760 278.8978 279.1335 278.8942 279.0901 13
1785947820 279.1330 279.1872 279.1310 279.1815 14
1785947880 279.1805 279.1805 279.1596 279.1596 18
1785947940 279.1574 279.1574 279.1177 279.1200 28
1785948000 279.1261 279.1821 279.1261 279.1779 22
1785948060 279.1841 279.2065 279.1841 279.2065 13
1785948120 279.2083 279.2569 279.2083 279.2569 25
1785948180 279.2618 279.6456 279.2618 279.6455 18
1785948240 279.6462 279.6687 279.6462 279.6687 17
1785948300 279.6702 279.7146 279.6702 279.7146 17
1785948360 279.7168 279.7168 279.6662 279.6662 11
1785948420 279.6617 279.6617 279.6149 279.6149 12
1785948480 279.6108 279.6108 279.5290 279.5328 22
1785948540 279.5252 279.5252 279.4648 279.4791 25
1785948600 279.4632 279.4632 279.4463 279.4502 13
1785948660 279.4450 279.4450 279.4247 279.4261 19
1785948720 279.4241 279.4243 279.4214 279.4237 11
1785948780 279.4250 279.4415 279.4250 279.4415 25
1785948840 279.4421 279.4482 279.4421 279.4448 7
1785948900 279.4499 279.4774 279.4499 279.4774 14
1785948960 279.4800 279.5407 279.4800 279.5376 20
1785949020 279.5438 279.5678 279.5438 279.5649 9
1785949080 279.5707 279.5736 279.5677 279.5677 24
1785949140 279.5675 279.5728 279.5666 279.5713 9
1785949200 279.5744 279.5976 279.5744 279.5976 18
1785949260 279.5988 279.6083 279.5988 279.6083 9
1785949320 279.6095 279.6511 279.6095 279.6447 21
1785949380 279.6531 279.6891 279.6531 279.6855 13
1785949440 279.6927 279.7346 279.6927 279.7310 13
1785949500 279.7381 279.7619 279.7381 279.7586 8
1785949560 279.7652 279.8544 279.7652 279.8544 25
1785949620 279.8596 279.9399 279.8596 279.9351 16
1785949680 279.9448 280.0020 279.9448 279.9777 13
1785949740 280.0076 280.0564 280.0076 280.0509 10
1785949800 280.0618 280.0934 280.0618 280.0882 7
1785949860 280.0984 280.1840 280.0984 280.1840 18
1785949920 280.1890 280.2343 280.1890 280.2292 10
1785949980 280.2393 280.2824 280.2393 280.2824 10
1785950040 280.2870 280.3265 280.2870 280.3222 10
1785950100 280.3307 280.3726 280.3307 280.3718 17
1785950160 280.3733 280.3792 280.3733 280.3792 9
1785950220 280.3799 280.3930 280.3799 280.3930 18
1785950280 280.3940 280.4011 280.3940 280.4011 9
1785950340 280.4020 280.4070 280.2914 280.2914 24
1785950400 280.2899 280.2899 280.2763 280.2763 10
1785950460 280.2748 280.2748 280.2124 280.2167 22
1785950520 280.2083 280.2083 280.1754 280.1754 11
1785950580 280.1726 280.1726 280.1277 280.1277 17
1785950640 280.1243 280.1243 280.0644 280.0644 23
1785950700 280.0615 280.0615 280.0060 280.0060 14
1785950760 280.0009 280.0009 279.9367 279.9367 16
1785950820 279.9337 279.9337 279.9119 279.9119 9
1785950880 279.9096 279.9096 279.8704 279.8724 19
1785950940 279.8684 279.8684 279.8249 279.8277 18
1785951000 279.8220 279.8220 279.7544 279.7544 28
1785951060 279.7522 279.7522 279.7174 279.7194 18
1785951120 279.7156 279.7156 279.6554 279.6677 19
1785951180 279.6513 279.6513 279.5948 279.5948 16
1785951240 279.5912 279.5912 279.5345 279.5372 19
1785951300 279.5317 279.5317 279.4816 279.5107 11
1785951360 279.4769 279.4769 279.3826 279.3826 23
1785951420 279.3785 279.4018 279.3507 279.3727 17
1785951480 279.3686 279.3686 279.3416 279.3490 9
1785951540 279.3391 279.3391 279.3119 279.3139 14
1785951600 279.3113 279.3113 279.3031 279.3036 15
1785951660 279.3026 279.3026 279.2983 279.2983 10
1785951720 279.3021 279.3147 279.3021 279.3129 8
1785951780 279.3164 279.3398 279.3164 279.3398 17
1785951840 279.3411 279.3536 279.3411 279.3536 13
1785951900 279.3530 279.3530 279.3264 279.3291 19
1785951960 279.3250 279.3250 279.3158 279.3202 10
1785952020 279.3224 279.3434 279.3224 279.3434 12
1785952080 279.3452 279.4203 279.3452 279.4203 12
1785952140 279.4233 279.4886 279.4233 279.4836 14
1785952200 279.4911 279.5195 279.4911 279.5079 10
1785952260 279.5244 279.5357 279.5244 279.5330 7
1785952320 279.5364 279.5417 279.5364 279.5364 6
1785952380 279.5427 279.5728 279.5427 279.5728 35
1785952440 279.5735 279.5941 279.5735 279.5935 32
1785952500 279.5946 279.6017 279.5946 279.6011 14
1785952560 279.6023 279.6023 279.6012 279.6012 5
1785952620 279.6009 279.6009 279.5986 279.5991 10
1785952680 279.5984 279.5984 279.5940 279.5940 20
1785952740 279.5938 279.5938 279.5676 279.5716 20
1785952800 279.5656 279.5656 279.5145 279.5145 19
1785952860 279.5123 279.5123 279.4635 279.4661 29
1785952920 279.4622 279.4622 279.4376 279.4376 22
1785952980 279.4323 279.4323 279.4180 279.4180 16
1785953040 279.4171 279.4171 279.4030 279.4030 18
1785953100 279.4007 279.4196 279.4000 279.4196 11
1785953160 279.4217 279.4531 279.4217 279.4531 29
1785953220 279.4540 279.4778 279.4540 279.4778 20
1785953280 279.4780 279.4850 279.4780 279.4850 29
1785953340 279.4856 279.4876 279.4856 279.4876 11
1785953400 279.4879 279.4882 279.4827 279.4882 7
1785953460 279.4799 279.4799 279.4758 279.4758 4
1785953520 279.4615 279.4615 279.4485 279.4488 13
1785953580 279.4491 279.4515 279.4491 279.4514 15
1785953640 279.4541 279.4827 279.4541 279.4827 26
1785953700 279.4837 279.5105 279.4837 279.5105 27
1785953760 279.5131 279.5242 279.5131 279.5242 10
1785953820 279.5254 279.5377 279.5254 279.5366 12
1785953880 279.5388 279.5718 279.5388 279.5718 20
1785953940 279.5755 279.6845 279.5755 279.6845 35
1785954000 279.6924 279.7302 279.6924 279.7302 13
1785954060 279.7331 279.7983 279.7331 279.7983 28
1785954120 279.8006 279.8145 279.8006 279.8130 17
1785954180 279.8126 279.8126 279.7765 279.7765 27
1785954240 279.7639 279.7639 279.7438 279.7439 20
1785954300 279.7436 279.7436 279.5517 279.5578 15
1785954360 279.5643 279.5662 279.5643 279.5662 5
1785954420 279.5667 279.5740 279.5667 279.5740 18
1785954480 279.5745 279.5745 279.5739 279.5739 17
1785954540 279.5738 279.5738 279.5565 279.5565 17
1785954600 279.5552 279.5552 279.5208 279.5208 32
1785954660 279.5189 279.5189 279.5038 279.5047 18
1785954720 279.5030 279.5030 279.4926 279.4932 15
1785954780 279.4919 279.4919 279.4737 279.4751 17
1785954840 279.4711 279.4711 279.4470 279.4470 19
1785954900 279.4457 279.4457 279.4278 279.4278 16
1785954960 279.4267 279.4267 279.3684 279.3684 20
1785955020 279.3526 279.3526 279.3405 279.3405 5
1785955080 279.3376 279.3376 279.3289 279.3289 4
1785955140 279.3253 279.3253 279.3168 279.3168 9
1785955200 279.3158 279.3158 279.2953 279.3014 16
1785955260 279.2885 279.2885 279.2664 279.2664 11
1785955320 279.2643 279.2643 279.2458 279.2458 10
1785955380 279.2419 279.2419 279.2208 279.2208 11
1785955440 279.2181 279.2181 279.1771 279.1771 18
1785955500 279.1748 279.1748 278.8714 278.8714 44
1785955560 278.8665 278.8665 278.7439 278.7439 27
1785955620 278.7348 278.7348 278.6513 278.6556 19
1785955680 278.6428 278.6428 278.5550 278.5620 24
1785955740 278.5516 278.5516 278.5284 278.5284 8
1785955860 278.5194 278.5194 278.5112 278.5112 12
1785955920 278.5112 278.5112 278.5109 278.5111 6
1785955980 278.5106 278.5106 278.5020 278.5020 17
1785956040 278.5015 278.5015 278.4949 278.4949 14
1785956100 278.4944 278.5392 278.4912 278.5270 24
1785956160 278.5248 278.5248 278.5206 278.5226 6
1785956220 278.5193 278.5193 278.5096 278.5096 7
1785956280 278.5077 278.5077 278.4854 278.4854 12
1785956340 278.4788 278.4788 278.4642 278.4642 8
1785956400 278.4624 278.4624 278.4419 278.4424 25
1785956460 278.4414 278.4414 278.4306 278.4379 25
1785956520 278.4415 278.4917 278.4415 278.4917 13
1785956580 278.5009 278.5881 278.5009 278.5848 22
1785956640 278.5915 278.6458 278.5915 278.6404 19
1785956700 278.6484 278.6945 278.6484 278.6945 20
1785956760 278.6967 278.7113 278.6967 278.7113 8
1785956820 278.7133 278.7249 278.7133 278.7249 7
1785956880 278.7267 278.7445 278.7267 278.7428 11
1785956940 278.7462 278.7557 278.7462 278.7554 10
1785957000 278.7560 278.7569 278.7526 278.7526 7
1785957060 278.7463 278.7463 278.6819 278.6819 35
1785957120 278.6761 278.6761 278.6732 278.6732 7
1785957180 278.6729 278.6729 278.6702 278.6707 11
1785957240 278.6699 278.6699 278.6672 278.6672 12
1785957300 278.6650 278.6650 278.6507 278.6507 14
1785957360 278.6497 278.6522 278.6466 278.6509 25
1785957420 278.6524 278.7220 278.6524 278.7178 19
1785957480 278.7294 278.7664 278.7294 278.7549 11
1785957540 278.7823 278.8666 278.7823 278.8666 26
1785957600 278.8739 278.9431 278.8739 278.9180 24
1785957660 278.9471 279.0228 278.9471 279.0228 32
1785957720 279.0245 279.0487 279.0245 279.0487 24
1785957780 279.0505 279.0759 279.0505 279.0759 19
1785957840 279.0817 279.0942 279.0817 279.0942 15
1785957900 279.0959 279.1295 279.0959 279.1295 22
1785957960 279.1357 279.2497 279.1357 279.2497 48
1785958020 279.2544 279.3484 279.2544 279.3484 40
1785958080 279.3506 279.4097 279.3506 279.4081 32
1785958140 279.4114 279.4527 279.4114 279.4512 45
1785958200 279.4584 279.5443 279.4584 279.5432 66
1785958260 279.5472 279.5897 279.5472 279.5897 47
1785958320 279.5909 279.6541 279.5909 279.6533 59
1785958380 279.6550 279.6892 279.6550 279.6879 32
1785958440 279.6944 279.7511 279.6944 279.7488 24
1785958500 279.7534 279.8372 279.7534 279.8265 36
1785958560 279.8475 279.9348 279.8475 279.9348 40
1785958620 279.9385 279.9739 279.9385 279.9612 22
1785958680 279.9779 280.0180 279.9779 280.0116 20
1785958740 280.0263 280.0574 280.0263 280.0508 16
1785958800 280.0625 280.1477 280.0625 280.1477 38
1785958860 280.1500 280.2281 280.1500 280.2263 62
1785958920 280.2290 280.2549 280.2290 280.2549 35
1785958980 280.2556 280.4997 280.2556 280.4997 118
1785959040 280.5038 280.8154 280.5038 280.8154 127
1785959100 280.8181 280.8262 280.8012 280.8227 87
1785959160 280.8225 280.8225 280.6425 280.6425 143
1785959220 280.6386 280.6386 280.3495 280.3534 69
1785959280 280.3457 280.3457 280.1057 280.1149 75
1785959340 280.0924 280.0924 280.0133 280.0157 30
1785959400 280.0121 280.0121 279.9314 279.9314 56
1785959460 279.9293 279.9331 279.9138 279.9286 51
1785959520 279.9355 280.0279 279.9355 280.0262 48
1785959580 280.0310 280.0914 280.0310 280.0914 45
1785959640 280.0927 280.1324 280.0927 280.1314 37
1785959700 280.1333 280.2570 280.1333 280.2556 85
1785959760 280.2622 280.4023 280.2622 280.3990 91
1785959820 280.3983 280.3983 279.4527 280.1703 141
1785959880 280.1737 280.2817 278.1247 278.9437 184
1785959940 278.9665 279.8244 278.9435 279.8244 185
1785960000 279.8297 279.8438 279.8297 279.8297 5
