1786240961587 2245097 94.6 11.6 sell
1786240961591 2245098 94.6 3.1 sell
1786241496327 2245100 94.61 0.2 buy
1786242101863 2245108 94.6 25.6 sell
1786242178008 2245109 94.52 0.2 sell
1786242238137 2245110 94.55 0.2 sell
1786242346756 2245111 94.56 0.1 buy
1786242346756 2245112 94.57 0.2 buy
1786242346756 2245113 94.57 0.2 buy
1786242346758 2245114 94.57 0.2 buy
1786242397956 2245115 94.57 0.2 sell
1786242397957 2245116 94.57 0.1 sell
1786242450073 2245117 94.57 0.2 sell
1786242450073 2245118 94.57 0.2 sell
1786242450073 2245119 94.57 35.4 sell
1786242450073 2245120 94.57 7.7 sell
1786242450074 2245121 94.57 30 sell
1786242450074 2245122 94.57 20 sell
1786242450074 2245123 94.57 4.6 sell
1786242450074 2245124 94.57 7.4 sell
1786242450074 2245125 94.57 0.2 sell
1786242450074 2245126 94.57 12.6 sell
1786242450074 2245127 94.57 5.2 sell
1786242484134 2245128 94.51 0.3 sell
1786242507569 2245129 94.51 0.3 sell
1786242582108 2245130 94.52 0.6 sell
1786242662088 2245131 94.51 0.1 sell
1786242662088 2245132 94.5 0.1 sell
1786242691635 2245133 94.47 0.5 sell
1786242913517 2245134 94.41 0.2 sell
1786242947119 2245135 94.41 0.2 sell
1786243450598 2245136 94.44 0.3 buy
1786243450599 2245138 94.44 0.3 buy
1786243450601 2245139 94.44 0.1 buy
1786243712467 2245140 94.45 0.4 buy
1786243905671 2245141 94.45 0.2 sell
1786243905672 2245142 94.45 0.2 sell
1786243905672 2245143 94.45 0.2 sell
1786243921105 2245144 94.45 1 sell
1786243921105 2245145 94.43 1 sell
1786244719873 2245147 94.46 0.2 buy
1786244928736 2245149 94.48 0.4 sell
1786244928740 2245150 94.46 0.2 sell
1786244928740 2245152 94.44 0.7 sell
1786245389549 2245153 94.41 1.6 sell
1786245389549 2245155 94.4 0.5 sell
1786245389549 2245161 94.39 2.1 sell
1786245754598 2245163 94.41 0.2 buy
1786245884199 2245164 94.41 0.1 buy
1786246405629 2245165 94.49 0.2 sell
1786246525559 2245166 94.5 5.2 sell
1786247928034 2245167 94.5 2 buy
1786249969332 2245169 94.58 0.2 buy
1786249969333 2245171 94.58 0.2 buy
1786249969334 2245173 94.58 0.2 buy
1786249969334 2245174 94.58 0.2 buy
1786249969335 2245176 94.58 0.2 buy
1786250818947 2245178 94.64 0.2 sell
1786250818948 2245180 94.64 0.2 sell
1786250818948 2245181 94.64 0.2 sell
1786250818957 2245182 94.64 0.2 sell
1786250818958 2245183 94.64 0.2 sell
1786250818959 2245184 94.64 0.2 sell
1786252157965 2245186 94.64 0.2 sell
1786252157966 2245187 94.64 0.1 sell
1786252158028 2245188 94.56 0.5 sell
1786252158029 2245189 94.56 1.1 sell
1786252169779 2245190 94.56 1 sell
1786252177719 2245192 94.53 41 sell
1786252177719 2245194 94.52 0.3 sell
1786252220033 2245195 94.53 0.1 buy
1786252220033 2245196 94.54 0.1 buy
1786252220034 2245197 94.49 0.1 sell
1786252220034 2245198 94.48 0.1 sell
1786252526228 2245199 94.48 0.2 sell
1786252526229 2245200 94.48 0.2 sell
1786252526230 2245201 94.48 0.2 sell
1786252526230 2245202 94.48 0.2 sell
1786252526231 2245203 94.48 0.2 sell
1786252806250 2245205 94.49 2 buy
1786254187266 2245206 94.53 5.3 buy
1786254189280 2245207 94.53 0.1 buy
1786254189280 2245208 94.53 0.1 buy
1786254246920 2245209 94.53 0.2 buy
1786256067902 2245210 94.5 0.1 sell
1786256115032 2245212 94.5 1.1 sell
1786256179442 2245214 94.51 20.6 buy
1786256180477 2245215 94.59 0.2 buy
1786256180478 2245216 94.59 0.2 buy
1786256180478 2245217 94.59 0.2 buy
1786256180479 2245219 94.59 0.2 buy
1786256180480 2245220 94.59 0.2 buy
1786256180480 2245221 94.59 0.2 buy
1786256180481 2245222 94.59 0.2 buy
1786256180482 2245223 94.59 0.2 buy
1786256180893 2245224 94.57 1 sell
1786256180893 2245227 94.52 20.7 sell
1786256185994 2245229 94.54 0.2 sell
1786256185995 2245230 94.54 0.2 sell
1786256185995 2245231 94.54 0.2 sell
1786256185996 2245232 94.54 0.2 sell
1786256185997 2245233 94.54 0.2 sell
1786256185997 2245234 94.54 0.1 sell
1786256340342 2245236 94.51 0.5 buy
1786256516952 2245237 94.5 0.7 sell
1786256516953 2245238 94.5 0.3 sell
1786256516953 2245239 94.49 0.5 sell
1786256516956 2245240 94.48 0.7 sell
1786256516957 2245241 94.48 0.8 sell
1786256617985 2245242 94.5 211.8 sell
1786256617996 2245243 94.44 4.5 sell
1786256619483 2245244 94.41 0.6 buy
1786256700336 2245245 94.45 5.4 buy
1786256700336 2245246 94.47 0.9 buy
1786256854549 2245247 94.43 0.2 sell
1786256854550 2245248 94.43 0.1 sell
1786258280000 2245249 94.44 0.1 buy
1786258280000 2245250 94.46 0.1 buy
1786259464929 2245252 94.43 0.2 sell
1786259464930 2245253 94.43 0.2 sell
1786259464931 2245254 94.43 0.2 sell
1786259465294 2245255 94.43 0.8 sell
1786259700340 2245256 94.41 0.5 buy
1786259808317 2245258 94.41 1 buy
1786259940379 2245259 94.44 6.7 buy
1786260060339 2245260 94.46 1.4 buy
1786260264318 2245262 94.4 0.5 sell
1786260264318 2245266 94.39 0.5 sell
1786260264318 2245267 94.37 0.1 sell
1786261136020 2245268 94.42 0.2 buy
1786262312794 2245269 94.4 0.1 buy
1786262418083 2245270 94.33 0.1 sell
1786262682352 2245271 94.38 0.1 buy
1786263038354 2245272 94.38 0.1 sell
1786263640972 2245273 94.38 0.2 sell
1786263640973 2245274 94.38 0.2 sell
1786264156851 2245275 94.33 0.5 sell
1786264179552 2245276 94.31 0.1 buy
1786264291351 2245277 94.34 0.4 buy
1786264697145 2245278 94.3 0.1 sell
1786264697471 2245279 94.34 0.1 buy
1786265939172 2245281 94.31 40.1 sell
1786265939172 2245282 94.29 20 sell
1786265939172 2245284 94.28 48.1 sell
1786265939172 2245288 94.27 38.5 sell
1786265939172 2245289 94.27 0.1 buy
1786265939180 2245290 94.27 12.5 buy
1786265939181 2245291 94.27 0.1 buy
1786265939182 2245292 94.27 40.6 buy
1786265939620 2245294 94.26 14.8 buy
1786265942451 2245295 94.25 0.2 sell
1786265962780 2245296 94.32 5.1 buy
1786265962780 2245297 94.34 7.7 buy
1786265962780 2245298 94.35 4.2 buy
1786265962780 2245300 94.36 7.8 buy
1786265962780 2245303 94.37 25.9 buy
1786266322021 2245305 94.32 0.2 sell
1786266562925 2245307 94.35 0.3 buy
1786266562925 2245308 94.37 7.7 buy
1786266562925 2245309 94.38 2.5 buy
1786266563125 2245311 94.39 7.8 buy
1786266563125 2245312 94.41 2.7 buy
1786266563130 2245314 94.4 10.1 sell
1786266563325 2245315 94.41 7.7 buy
1786266563325 2245316 94.42 2.8 buy
1786266563340 2245318 94.41 4.7 sell
1786266563525 2245319 94.39 1 buy
1786266563525 2245320 94.41 4.2 buy
1786266563525 2245321 94.42 5.3 buy
1786266563585 2245322 94.38 0.1 sell
1786266563589 2245323 94.38 0.1 sell
1786266563590 2245324 94.38 0.1 sell
1786266563725 2245325 94.38 10.5 buy
1786266563925 2245326 94.38 10.5 buy
1786266564125 2245327 94.38 10.5 buy
1786266564325 2245330 94.38 10.5 buy
1786266564525 2245331 94.38 5.7 buy
1786266564525 2245332 94.39 4.2 buy
1786266564525 2245333 94.4 0.6 buy
1786266564725 2245334 94.38 10.5 buy
1786266564925 2245335 94.38 9.6 buy
1786266893124 2245336 94.38 0.1 buy
1786266893416 2245337 94.3 0.1 sell
1786267285200 2245338 94.38 0.2 buy
1786267384329 2245339 94.38 0.1 buy
1786268391951 2245340 94.33 0.2 sell
1786269634852 2245341 94.34 0.1 buy
1786269878653 2245342 94.34 0.2 buy
1786269927984 2245343 94.33 2.1 buy
1786272100854 2245344 94.32 0.1 buy
1786273528074 2245345 94.38 0.1 buy
1786273685048 2245346 94.37 0.1 sell
1786273685049 2245347 94.37 0.1 sell
1786278039196 2245349 94.36 0.7 buy
1786278039197 2245350 94.36 0.4 buy
1786278039199 2245351 94.41 0.4 buy
1786278845873 2245352 94.28 0.3 sell
1786278845873 2245353 94.28 0.3 sell
1786278845873 2245354 94.28 0.3 sell
1786279194453 2245359 94.3 29.8 sell
1786279194453 2245360 94.29 0.5 sell
1786279194462 2245361 94.29 3.9 buy
1786279194463 2245362 94.29 4.1 buy
1786279194463 2245363 94.29 0.3 buy
1786279194463 2245364 94.29 4.1 buy
1786279194464 2245365 94.29 0.3 buy
1786279230381 2245366 94.28 0.2 sell
1786279230382 2245367 94.28 0.3 sell
1786279234152 2245368 94.29 0.2 buy
1786279273040 2245369 94.28 0.5 sell
1786279273040 2245370 94.27 34.5 sell
1786279287112 2245374 94.26 64 sell
1786279310389 2245379 94.25 36 sell
1786279354584 2245382 94.25 0.5 sell
1786279354584 2245383 94.24 1.3 sell
1786279426280 2245384 94.28 0.2 buy
1786279426281 2245385 94.29 15.8 buy
1786279553625 2245386 94.34 2.5 buy
1786279839605 2245387 94.3 2.6 sell
1786280401257 2245389 94.3 0.4 sell
1786280401292 2245390 94.3 0.5 sell
1786280401426 2245391 94.3 0.4 sell
1786280401640 2245392 94.27 0.4 sell
1786280704197 2245393 94.34 2.1 buy
1786280810723 2245394 94.37 0.3 buy
1786281382048 2245395 94.37 0.1 buy
1786281382055 2245396 94.38 0.3 buy
1786281382056 2245398 94.38 0.3 buy
1786284163627 2245399 94.44 0.3 sell
1786284163628 2245400 94.44 0.3 sell
1786284163628 2245401 94.44 0.3 sell
1786284620114 2245402 94.37 25 sell
1786284624319 2245403 94.42 212 buy
1786284624327 2245404 94.45 0.1 buy
1786284624328 2245405 94.46 0.1 buy
1786284624339 2245408 94.47 0.3 sell
1786284624339 2245409 94.45 0.1 sell
1786284624534 2245410 94.48 0.3 buy
1786284624534 2245411 94.48 0.2 buy
1786284624535 2245412 94.5 0.3 buy
1786284624535 2245413 94.5 0.3 buy
1786284624535 2245414 94.5 0.3 buy
1786284624535 2245415 94.5 0.3 buy
1786284624536 2245416 94.5 0.1 buy
1786284624539 2245417 94.45 0.4 sell
1786286207555 2245418 94.54 0.1 sell
1786286845119 2245420 94.53 0.6 buy
1786286845129 2245421 94.54 0.1 sell
1786286845129 2245422 94.54 0.1 sell
1786286845129 2245423 94.54 0.1 sell
1786286845130 2245424 94.54 0.1 sell
1786286845130 2245425 94.54 0.1 sell
1786288302808 2245427 94.54 10.8 sell
1786288776277 2245429 94.56 4.8 sell
1786289137552 2245430 94.52 0.5 sell
1786289137553 2245431 94.52 0.1 sell
1786291113026 2245432 94.48 0.1 buy
1786291218085 2245433 94.49 0.1 sell
1786293193239 2245434 94.5 0.1 sell
1786293810679 2245435 94.44 0.1 buy
1786294458852 2245436 94.45 0.1 buy
1786296392652 2245439 94.47 22.2 sell
1786297713136 2245440 94.51 0.2 buy
1786297714692 2245441 94.47 0.2 sell
1786300167439 2245442 94.5 0.1 buy
1786301765626 2245443 94.53 0.1 sell
1786303105231 2245444 94.5 0.3 sell
1786303105234 2245445 94.5 0.2 sell
1786304594556 2245446 94.48 0.1 buy
1786308722212 2245448 94.48 2.1 buy
1786308722213 2245449 94.48 0.4 buy
1786309045394 2245450 94.55 0.1 sell
1786309721004 2245451 94.55 0.4 sell
1786309721005 2245452 94.55 0.4 sell
1786309721007 2245453 94.55 0.4 sell
1786309721009 2245454 94.55 0.4 sell
1786309980135 2245455 94.47 0.3 buy
1786309980136 2245456 94.47 0.3 buy
1786309980137 2245457 94.47 0.3 buy
1786309980893 2245458 94.47 9.6 buy
1786312619164 2245459 94.46 0.3 sell
1786312619164 2245460 94.46 0.2 sell
1786312631222 2245462 94.4 6.6 sell
1786312636837 2245463 94.38 0.2 buy
1786312803329 2245464 94.53 0.6 sell
1786312803329 2245465 94.53 4 sell
1786313418328 2245466 94.34 0.1 buy
1786313648471 2245467 94.28 0.5 sell
1786313648471 2245468 94.28 7.8 sell
1786313675878 2245469 94.44 0.1 buy
1786313684076 2245471 94.4 5 sell
1786313706362 2245472 94.33 0.5 sell
1786313706362 2245473 94.33 0.2 sell
1786313706363 2245474 94.33 0.2 sell
1786313708171 2245475 94.33 0.4 sell
1786313736277 2245476 94.25 0.5 sell
1786313738612 2245477 94.25 0.8 sell
1786313852882 2245478 94.24 0.1 sell
1786313852882 2245479 94.23 0.1 sell
1786313852885 2245480 94.22 0.3 sell
1786313852886 2245481 94.22 0.1 sell
1786313852895 2245486 94.21 1.5 sell
1786314280864 2245487 94.14 0.5 buy
1786314362662 2245488 94.13 4.8 buy
1786314362663 2245489 94.15 13.2 buy
1786314362864 2245490 94.15 13.2 buy
1786314363864 2245491 94.15 13.2 buy
1786314473959 2245492 94.14 0.2 sell
1786314473959 2245493 94.14 0.2 sell
1786314473960 2245494 94.14 0.3 sell
1786314481661 2245498 94.16 9 buy
1786314513819 2245499 94.12 0.2 sell
1786314521810 2245500 94.12 0.2 sell
1786314549900 2245502 94.08 0.2 sell
1786314603151 2245503 94.1 0.1 sell
1786314611404 2245504 94.07 0.2 sell
1786314611456 2245505 94.07 0.2 sell
1786314622332 2245506 94.09 0.2 buy
1786314715084 2245507 94.05 0.1 sell
1786314715139 2245508 94.03 0.4 sell
1786314715191 2245512 94.02 0.5 sell
1786314723281 2245513 94 0.5 sell
1786314723282 2245514 94 0.3 sell
1786314723283 2245515 94 0.3 sell
1786314779633 2245517 94 0.3 sell
1786314785146 2245518 93.97 0.3 sell
1786314801166 2245519 93.93 1 sell
1786314911439 2245520 93.92 0.1 sell
1786314911442 2245522 93.88 0.2 sell
1786314911942 2245523 93.85 0.4 sell
1786314912199 2245527 93.84 0.5 sell
1786314945733 2245528 93.78 1 sell
1786314945802 2245529 93.76 0.1 sell
1786314945802 2245530 93.75 0.4 sell
1786315091227 2245531 93.81 0.3 buy
1786315091228 2245532 93.81 0.3 buy
1786315091228 2245533 93.81 0.3 buy
1786315091229 2245534 93.81 0.1 buy
1786315230900 2245535 93.8 0.1 buy
1786315351999 2245536 93.84 1 buy
1786315351999 2245538 93.87 5.7 buy
1786315359384 2245539 93.88 16.7 sell
1786315359387 2245541 93.88 155.3 sell
1786315359498 2245543 93.81 0.5 sell
1786315486467 2245546 93.81 0.9 sell
1786315874359 2245548 93.8 0.2 buy
1786315907160 2245549 93.75 0.1 sell
1786316441935 2245550 93.79 0.1 sell
1786316645336 2245552 93.8 218.3 buy
1786316645357 2245553 93.84 0.2 buy
1786316645358 2245554 93.88 0.1 buy
1786316819248 2245555 93.84 0.1 sell
1786316819248 2245556 93.83 0.1 sell
1786316857118 2245557 93.84 0.1 buy
1786316878447 2245558 93.85 0.2 buy
1786317463657 2245559 93.82 0.2 buy
1786317660658 2245560 93.83 0.2 buy
1786317852859 2245561 93.88 2.4 sell
1786318204701 2245563 93.83 5.2 buy
1786318204708 2245564 93.85 5 buy
1786318204713 2245566 93.86 12.7 buy
1786318204723 2245567 93.87 29 buy
1786318327816 2245568 93.75 0.8 sell
1786318601413 2245569 93.78 0.2 buy
1786318977426 2245570 93.81 5.3 sell
1786319026625 2245571 93.84 0.1 buy
1786319161241 2245572 93.82 4.7 sell
1786319161293 2245573 93.81 4.7 sell
1786319484232 2245574 93.82 0.2 sell
1786319909406 2245575 93.79 0.1 buy
