# opt_chain MSTR | epoch 1786626784 | 2026-08-13 09:13:04 | spot 99.71 | exps 20260814 20260821 20260828 20260904 20260911 20260918 20260925
# fuente polygon_snapshot_v3 | greeks polygon_directo | iv polygon_directo | oi polygon_directo | vol day.volume(-1 si no cotizo) | bid/ask NO_ENTITLED(-1) | spot_src ibkr_bridge spot_edad_s 254464 | band 0.6000 vencimientos 7 exp_hasta 2026-10-12
# strike right exp bid ask vol oi iv delta gamma
60.00 C 20260814 -1.00 -1.00 2 28 -1.0000 -1.0000 -1.000000
63.00 C 20260814 -1.00 -1.00 6 13 -1.0000 -1.0000 -1.000000
64.00 C 20260814 -1.00 -1.00 6 11 -1.0000 -1.0000 -1.000000
65.00 C 20260814 -1.00 -1.00 3 614 -1.0000 -1.0000 -1.000000
66.00 C 20260814 -1.00 -1.00 3 2 -1.0000 -1.0000 -1.000000
67.00 C 20260814 -1.00 -1.00 4 4 -1.0000 -1.0000 -1.000000
68.00 C 20260814 -1.00 -1.00 20 7 -1.0000 -1.0000 -1.000000
69.00 C 20260814 -1.00 -1.00 -1 0 -1.0000 -1.0000 -1.000000
70.00 C 20260814 -1.00 -1.00 1 11 -1.0000 -1.0000 -1.000000
71.00 C 20260814 -1.00 -1.00 6 4 -1.0000 -1.0000 -1.000000
72.00 C 20260814 -1.00 -1.00 1 7 -1.0000 -1.0000 -1.000000
73.00 C 20260814 -1.00 -1.00 1 6 -1.0000 -1.0000 -1.000000
74.00 C 20260814 -1.00 -1.00 5 3 -1.0000 -1.0000 -1.000000
75.00 C 20260814 -1.00 -1.00 13 26 -1.0000 -1.0000 -1.000000
76.00 C 20260814 -1.00 -1.00 -1 0 -1.0000 -1.0000 -1.000000
77.00 C 20260814 -1.00 -1.00 20 2 -1.0000 -1.0000 -1.000000
78.00 C 20260814 -1.00 -1.00 20 7 -1.0000 -1.0000 -1.000000
79.00 C 20260814 -1.00 -1.00 2 1 -1.0000 -1.0000 -1.000000
80.00 C 20260814 -1.00 -1.00 7 86 -1.0000 -1.0000 -1.000000
81.00 C 20260814 -1.00 -1.00 4 5 -1.0000 -1.0000 -1.000000
82.00 C 20260814 -1.00 -1.00 24 32 -1.0000 -1.0000 -1.000000
83.00 C 20260814 -1.00 -1.00 16 16 -1.0000 -1.0000 -1.000000
84.00 C 20260814 -1.00 -1.00 260 295 -1.0000 -1.0000 -1.000000
85.00 C 20260814 -1.00 -1.00 265 300 -1.0000 -1.0000 -1.000000
86.00 C 20260814 -1.00 -1.00 48 62 -1.0000 -1.0000 -1.000000
87.00 C 20260814 -1.00 -1.00 61 27 -1.0000 -1.0000 -1.000000
88.00 C 20260814 -1.00 -1.00 227 595 -1.0000 -1.0000 -1.000000
89.00 C 20260814 -1.00 -1.00 22 17 -1.0000 -1.0000 -1.000000
90.00 C 20260814 -1.00 -1.00 37 220 -1.0000 -1.0000 -1.000000
91.00 C 20260814 -1.00 -1.00 71 203 0.3518 0.9867 0.016176
92.00 C 20260814 -1.00 -1.00 179 155 0.5669 0.8555 0.067420
93.00 C 20260814 -1.00 -1.00 355 347 0.6180 0.7567 0.085423
94.00 C 20260814 -1.00 -1.00 473 444 0.6758 0.6515 0.093217
95.00 C 20260814 -1.00 -1.00 1469 2075 0.6674 0.5543 0.099558
96.00 C 20260814 -1.00 -1.00 1288 1099 0.7118 0.4597 0.093644
96.50 C 20260814 -1.00 -1.00 1326 514 0.7264 0.4158 0.090117
97.00 C 20260814 -1.00 -1.00 1729 971 0.7514 0.3756 0.085683
97.50 C 20260814 -1.00 -1.00 2118 1128 0.7600 0.3383 0.081136
98.00 C 20260814 -1.00 -1.00 852 1298 0.7612 0.3012 0.076635
99.00 C 20260814 -1.00 -1.00 1640 3453 0.8178 0.2456 0.065255
100.00 C 20260814 -1.00 -1.00 9388 19843 0.8160 0.1905 0.055714
101.00 C 20260814 -1.00 -1.00 4096 16745 0.8585 0.1528 0.046289
102.00 C 20260814 -1.00 -1.00 5323 23230 0.8838 0.1215 0.038343
103.00 C 20260814 -1.00 -1.00 792 2130 0.9026 0.0948 0.031171
104.00 C 20260814 -1.00 -1.00 801 15542 0.9213 0.0704 0.024746
105.00 C 20260814 -1.00 -1.00 19600 13460 0.9549 0.0591 0.020583
106.00 C 20260814 -1.00 -1.00 5719 17381 0.9650 0.0441 0.016064
107.00 C 20260814 -1.00 -1.00 2381 21400 0.9880 0.0326 0.012436
108.00 C 20260814 -1.00 -1.00 560 1414 1.0336 0.0293 0.010812
109.00 C 20260814 -1.00 -1.00 2220 17508 1.0029 0.0181 0.007352
110.00 C 20260814 -1.00 -1.00 12796 11199 1.0329 0.0138 0.005710
111.00 C 20260814 -1.00 -1.00 7977 4140 1.0920 0.0132 0.005207
112.00 C 20260814 -1.00 -1.00 779 1803 1.1435 0.0126 0.004775
113.00 C 20260814 -1.00 -1.00 80 2138 1.1599 0.0105 0.003968
114.00 C 20260814 -1.00 -1.00 629 744 1.1414 0.0066 0.002679
115.00 C 20260814 -1.00 -1.00 302 4224 1.1920 0.0064 0.002481
116.00 C 20260814 -1.00 -1.00 55 496 1.2422 0.0062 0.002308
117.00 C 20260814 -1.00 -1.00 270 623 1.2920 0.0060 0.002155
118.00 C 20260814 -1.00 -1.00 33 1592 1.3753 0.0073 0.002418
119.00 C 20260814 -1.00 -1.00 12 240 1.4241 0.0071 0.002273
120.00 C 20260814 -1.00 -1.00 793 4128 1.4387 0.0054 0.001789
121.00 C 20260814 -1.00 -1.00 52 326 1.4868 0.0053 0.001691
122.00 C 20260814 -1.00 -1.00 4 289 1.6350 0.0091 0.002469
123.00 C 20260814 -1.00 -1.00 1 132 1.6819 0.0089 0.002346
124.00 C 20260814 -1.00 -1.00 12 89 2.1521 0.0297 0.005231
125.00 C 20260814 -1.00 -1.00 61 1279 1.7747 0.0084 0.002129
126.00 C 20260814 -1.00 -1.00 20 59 1.7172 0.0047 0.001321
127.00 C 20260814 -1.00 -1.00 1 94 1.8002 0.0058 0.001510
128.00 C 20260814 -1.00 -1.00 11 958 1.8455 0.0057 0.001447
130.00 C 20260814 -1.00 -1.00 1191 1894 2.0652 0.0096 0.002055
135.00 C 20260814 -1.00 -1.00 39 1240 2.1853 0.0060 0.001280
60.00 P 20260814 -1.00 -1.00 104 9720 2.8142 -0.0027 0.000497
63.00 P 20260814 -1.00 -1.00 13 135 2.6630 -0.0046 0.000826
64.00 P 20260814 -1.00 -1.00 20 162 2.5691 -0.0047 0.000882
65.00 P 20260814 -1.00 -1.00 26 6637 2.4767 -0.0049 0.000944
66.00 P 20260814 -1.00 -1.00 8 152 2.3857 -0.0051 0.001011
67.00 P 20260814 -1.00 -1.00 4 26 2.3872 -0.0069 0.001335
68.00 P 20260814 -1.00 -1.00 12 37 2.2982 -0.0072 0.001434
69.00 P 20260814 -1.00 -1.00 43 79 2.0760 -0.0047 0.001093
70.00 P 20260814 -1.00 -1.00 578 4276 1.9906 -0.0049 0.001180
71.00 P 20260814 -1.00 -1.00 28 52 1.9064 -0.0051 0.001277
72.00 P 20260814 -1.00 -1.00 28 179 1.8674 -0.0064 0.001591
73.00 P 20260814 -1.00 -1.00 30 313 1.9685 -0.0115 0.002558
74.00 P 20260814 -1.00 -1.00 516 568 1.8769 -0.0120 0.002780
75.00 P 20260814 -1.00 -1.00 1139 2197 1.5814 -0.0061 0.001800
76.00 P 20260814 -1.00 -1.00 74 3027 1.5884 -0.0089 0.002518
77.00 P 20260814 -1.00 -1.00 59 84 1.6092 -0.0138 0.003640
78.00 P 20260814 -1.00 -1.00 1700 1939 1.5223 -0.0145 0.004015
79.00 P 20260814 -1.00 -1.00 32 68 1.3154 -0.0090 0.003066
80.00 P 20260814 -1.00 -1.00 54 2932 1.2406 -0.0095 0.003424
81.00 P 20260814 -1.00 -1.00 14 148 1.1973 -0.0116 0.004238
82.00 P 20260814 -1.00 -1.00 92 541 1.1681 -0.0169 0.005937
83.00 P 20260814 -1.00 -1.00 210 513 1.1568 -0.0238 0.008102
84.00 P 20260814 -1.00 -1.00 24 340 1.1282 -0.0309 0.010372
85.00 P 20260814 -1.00 -1.00 947 3628 1.0107 -0.0289 0.011019
86.00 P 20260814 -1.00 -1.00 465 473 0.9289 -0.0329 0.013220
87.00 P 20260814 -1.00 -1.00 97 1122 0.9167 -0.0500 0.018760
88.00 P 20260814 -1.00 -1.00 412 2159 0.9004 -0.0688 0.024803
89.00 P 20260814 -1.00 -1.00 618 8117 0.8761 -0.0968 0.032672
90.00 P 20260814 -1.00 -1.00 2549 7395 0.8812 -0.1355 0.041685
91.00 P 20260814 -1.00 -1.00 610 2492 0.8602 -0.1813 0.051335
92.00 P 20260814 -1.00 -1.00 648 1577 0.8866 -0.2441 0.059603
93.00 P 20260814 -1.00 -1.00 3026 2513 0.9031 -0.3127 0.066052
94.00 P 20260814 -1.00 -1.00 1984 7025 0.9088 -0.3823 0.070621
95.00 P 20260814 -1.00 -1.00 2628 6423 0.9181 -0.4552 0.072820
96.00 P 20260814 -1.00 -1.00 334 2127 0.9442 -0.5255 0.071021
96.50 P 20260814 -1.00 -1.00 684 420 0.9686 -0.5580 0.068353
97.00 P 20260814 -1.00 -1.00 278 909 0.9679 -0.5919 0.067498
97.50 P 20260814 -1.00 -1.00 157 430 1.0130 -0.6189 0.063820
98.00 P 20260814 -1.00 -1.00 287 1043 0.9977 -0.6511 0.062774
99.00 P 20260814 -1.00 -1.00 744 1485 1.0601 -0.6951 0.055397
100.00 P 20260814 -1.00 -1.00 474 2096 1.0983 -0.7394 0.049916
101.00 P 20260814 -1.00 -1.00 44 611 1.1534 -0.7723 0.044339
102.00 P 20260814 -1.00 -1.00 118 383 1.1971 -0.7998 0.039264
103.00 P 20260814 -1.00 -1.00 23 256 1.2705 -0.8187 0.034757
104.00 P 20260814 -1.00 -1.00 4 479 1.3431 -0.8355 0.031008
105.00 P 20260814 -1.00 -1.00 33 339 1.4300 -0.8473 0.027898
106.00 P 20260814 -1.00 -1.00 8 40 1.5144 -0.8577 0.025297
107.00 P 20260814 -1.00 -1.00 33 92 1.5521 -0.8703 0.022963
108.00 P 20260814 -1.00 -1.00 3 15 1.7002 -0.8665 0.021410
109.00 P 20260814 -1.00 -1.00 10 108 1.7146 -0.8806 0.019502
110.00 P 20260814 -1.00 -1.00 23 273 1.7948 -0.8850 0.018111
111.00 P 20260814 -1.00 -1.00 1 5 1.8742 -0.8890 0.016895
112.00 P 20260814 -1.00 -1.00 26 20 1.9529 -0.8926 0.015824
113.00 P 20260814 -1.00 -1.00 7 0 2.0309 -0.8959 0.014874
114.00 P 20260814 -1.00 -1.00 1 0 2.1083 -0.8989 0.014028
115.00 P 20260814 -1.00 -1.00 153 2 2.1850 -0.9017 0.013271
116.00 P 20260814 -1.00 -1.00 -1 0 2.2610 -0.9043 0.012589
117.00 P 20260814 -1.00 -1.00 1 0 2.3364 -0.9066 0.011973
118.00 P 20260814 -1.00 -1.00 -1 0 2.4323 -0.9063 0.011528
119.00 P 20260814 -1.00 -1.00 3 0 2.4852 -0.9109 0.010904
120.00 P 20260814 -1.00 -1.00 3 13 2.5587 -0.9128 0.010438
121.00 P 20260814 -1.00 -1.00 2 0 2.6315 -0.9146 0.010011
122.00 P 20260814 -1.00 -1.00 1 0 2.7038 -0.9163 0.009618
123.00 P 20260814 -1.00 -1.00 1 0 2.7755 -0.9179 0.009256
124.00 P 20260814 -1.00 -1.00 -1 0 2.8464 -0.9194 0.008919
125.00 P 20260814 -1.00 -1.00 59 0 2.9070 -0.9208 0.008607
126.00 P 20260814 -1.00 -1.00 2 0 2.8229 -0.9314 0.007864
127.00 P 20260814 -1.00 -1.00 -1 0 2.9872 -0.9256 0.007943
128.00 P 20260814 -1.00 -1.00 -1 0 3.0445 -0.9268 0.007687
130.00 P 20260814 -1.00 -1.00 14 0 3.1578 -0.9290 0.007221
135.00 P 20260814 -1.00 -1.00 2 0 3.4337 -0.9337 0.006265
60.00 C 20260821 -1.00 -1.00 10 185 -1.0000 -1.0000 -1.000000
65.00 C 20260821 -1.00 -1.00 4 175 -1.0000 -1.0000 -1.000000
70.00 C 20260821 -1.00 -1.00 27 215 -1.0000 -1.0000 -1.000000
75.00 C 20260821 -1.00 -1.00 4 369 -1.0000 -1.0000 -1.000000
80.00 C 20260821 -1.00 -1.00 53 429 -1.0000 -1.0000 -1.000000
81.00 C 20260821 -1.00 -1.00 100 93 -1.0000 -1.0000 -1.000000
82.00 C 20260821 -1.00 -1.00 4 32 -1.0000 -1.0000 -1.000000
83.00 C 20260821 -1.00 -1.00 40 16 -1.0000 -1.0000 -1.000000
84.00 C 20260821 -1.00 -1.00 70 32 0.0010 1.0000 0.000000
85.00 C 20260821 -1.00 -1.00 5 589 0.4432 0.9624 0.012747
86.00 C 20260821 -1.00 -1.00 65 25 0.4950 0.9256 0.019698
87.00 C 20260821 -1.00 -1.00 40 8 0.5134 0.8931 0.024972
88.00 C 20260821 -1.00 -1.00 1 180 0.5374 0.8528 0.029730
89.00 C 20260821 -1.00 -1.00 4 21 0.5538 0.8118 0.033928
90.00 C 20260821 -1.00 -1.00 132 807 0.5656 0.7709 0.037473
91.00 C 20260821 -1.00 -1.00 12 45 0.5698 0.7267 0.040502
92.00 C 20260821 -1.00 -1.00 80 183 0.5841 0.6809 0.042857
93.00 C 20260821 -1.00 -1.00 32 154 0.5865 0.6358 0.044715
94.00 C 20260821 -1.00 -1.00 90 289 0.5922 0.5886 0.045613
95.00 C 20260821 -1.00 -1.00 912 36148 0.5892 0.5424 0.047161
96.00 C 20260821 -1.00 -1.00 653 879 0.5985 0.4969 0.046630
96.50 C 20260821 -1.00 -1.00 98 412 0.5944 0.4739 0.046592
97.00 C 20260821 -1.00 -1.00 260 816 0.6016 0.4522 0.045702
97.50 C 20260821 -1.00 -1.00 516 736 0.6071 0.4307 0.044968
98.00 C 20260821 -1.00 -1.00 6081 6368 0.6133 0.4098 0.044197
98.50 C 20260821 -1.00 -1.00 4061 4252 0.6118 0.3874 0.043969
99.00 C 20260821 -1.00 -1.00 188 1212 0.6271 0.3705 0.042407
100.00 C 20260821 -1.00 -1.00 6825 17319 0.6230 0.3321 0.040523
101.00 C 20260821 -1.00 -1.00 280 1437 0.6410 0.3011 0.037681
102.00 C 20260821 -1.00 -1.00 123 906 0.6561 0.2708 0.035198
103.00 C 20260821 -1.00 -1.00 6170 6529 0.6691 0.2425 0.032857
104.00 C 20260821 -1.00 -1.00 3322 3517 0.6739 0.2181 0.030414
105.00 C 20260821 -1.00 -1.00 6114 14260 0.6701 0.1906 0.028086
106.00 C 20260821 -1.00 -1.00 406 410 0.6945 0.1751 0.025738
107.00 C 20260821 -1.00 -1.00 1266 1361 0.7041 0.1542 0.023591
108.00 C 20260821 -1.00 -1.00 124 463 0.7143 0.1384 0.021625
109.00 C 20260821 -1.00 -1.00 140 220 0.7169 0.1232 0.019716
110.00 C 20260821 -1.00 -1.00 5401 8695 0.7267 0.1108 0.017962
111.00 C 20260821 -1.00 -1.00 47 150 0.7328 0.0973 0.016222
112.00 C 20260821 -1.00 -1.00 41 100 0.7549 0.0902 0.014924
113.00 C 20260821 -1.00 -1.00 4 43 0.7643 0.0787 0.013447
114.00 C 20260821 -1.00 -1.00 7 46 0.7706 0.0709 0.012260
115.00 C 20260821 -1.00 -1.00 1763 4521 0.7853 0.0660 0.011329
116.00 C 20260821 -1.00 -1.00 1 839 0.7758 0.0555 0.009938
117.00 C 20260821 -1.00 -1.00 25 472 0.7874 0.0502 0.009032
120.00 C 20260821 -1.00 -1.00 2280 7265 0.8543 0.0435 0.007449
125.00 C 20260821 -1.00 -1.00 632 8522 0.8872 0.0260 0.004678
130.00 C 20260821 -1.00 -1.00 1400 9505 0.9583 0.0191 0.003329
135.00 C 20260821 -1.00 -1.00 117 2472 1.0659 0.0183 0.002891
60.00 P 20260821 -1.00 -1.00 326 16966 1.3983 -0.0094 0.001255
65.00 P 20260821 -1.00 -1.00 174 9025 1.2314 -0.0151 0.002120
70.00 P 20260821 -1.00 -1.00 35 17693 1.0213 -0.0180 0.002986
75.00 P 20260821 -1.00 -1.00 1175 9482 0.8647 -0.0258 0.004853
80.00 P 20260821 -1.00 -1.00 1595 17425 0.7482 -0.0517 0.009828
81.00 P 20260821 -1.00 -1.00 10 956 0.7507 -0.0638 0.011638
82.00 P 20260821 -1.00 -1.00 52 961 0.7170 -0.0713 0.013182
83.00 P 20260821 -1.00 -1.00 167 1530 0.7091 -0.0870 0.015443
84.00 P 20260821 -1.00 -1.00 50 901 0.6886 -0.0997 0.017645
85.00 P 20260821 -1.00 -1.00 525 6165 0.6970 -0.1206 0.020282
86.00 P 20260821 -1.00 -1.00 114 427 0.6893 -0.1452 0.022980
87.00 P 20260821 -1.00 -1.00 1409 1631 0.6817 -0.1704 0.025789
88.00 P 20260821 -1.00 -1.00 626 1420 0.6742 -0.1961 0.028714
89.00 P 20260821 -1.00 -1.00 198 361 0.6766 -0.2286 0.031293
90.00 P 20260821 -1.00 -1.00 1391 7839 0.6730 -0.2637 0.033709
91.00 P 20260821 -1.00 -1.00 1011 1075 0.6838 -0.3021 0.035605
92.00 P 20260821 -1.00 -1.00 2050 2324 0.6876 -0.3391 0.037539
93.00 P 20260821 -1.00 -1.00 1359 2243 0.6823 -0.3783 0.038824
94.00 P 20260821 -1.00 -1.00 132 339 0.6762 -0.4182 0.040192
95.00 P 20260821 -1.00 -1.00 349 4594 0.6858 -0.4588 0.040654
96.00 P 20260821 -1.00 -1.00 487 1528 0.6943 -0.4981 0.040330
96.50 P 20260821 -1.00 -1.00 453 628 0.6908 -0.5178 0.040283
97.00 P 20260821 -1.00 -1.00 59 316 0.6917 -0.5373 0.039986
97.50 P 20260821 -1.00 -1.00 6 453 0.6926 -0.5567 0.039693
98.00 P 20260821 -1.00 -1.00 8 218 0.7150 -0.5724 0.038261
98.50 P 20260821 -1.00 -1.00 14 213 0.6944 -0.5954 0.039118
99.00 P 20260821 -1.00 -1.00 12 191 0.7165 -0.6099 0.037740
100.00 P 20260821 -1.00 -1.00 151 4616 0.7346 -0.6400 0.035818
101.00 P 20260821 -1.00 -1.00 2 253 0.7348 -0.6715 0.034331
102.00 P 20260821 -1.00 -1.00 19 535 0.7493 -0.6986 0.032421
103.00 P 20260821 -1.00 -1.00 8 126 0.7685 -0.7231 0.030524
104.00 P 20260821 -1.00 -1.00 6 391 0.7920 -0.7448 0.028685
105.00 P 20260821 -1.00 -1.00 258 2622 0.7957 -0.7674 0.027059
106.00 P 20260821 -1.00 -1.00 3 22 0.8122 -0.7839 0.025281
107.00 P 20260821 -1.00 -1.00 5 11 0.8224 -0.8018 0.023663
108.00 P 20260821 -1.00 -1.00 3 8 0.8630 -0.8089 0.022051
109.00 P 20260821 -1.00 -1.00 2 7 0.8850 -0.8214 0.020667
110.00 P 20260821 -1.00 -1.00 26 5455 0.8884 -0.8397 0.019366
111.00 P 20260821 -1.00 -1.00 1 6 0.9280 -0.8446 0.018226
112.00 P 20260821 -1.00 -1.00 2 1 0.9525 -0.8533 0.017161
113.00 P 20260821 -1.00 -1.00 8 8 0.9665 -0.8616 0.016182
114.00 P 20260821 -1.00 -1.00 1 2 0.9803 -0.8696 0.015254
115.00 P 20260821 -1.00 -1.00 51 3450 1.0118 -0.8729 0.014494
116.00 P 20260821 -1.00 -1.00 -1 0 1.0254 -0.8804 0.013682
117.00 P 20260821 -1.00 -1.00 1 1 1.0476 -0.8855 0.012982
120.00 P 20260821 -1.00 -1.00 30 2891 1.1217 -0.8971 0.011242
125.00 P 20260821 -1.00 -1.00 222 1948 1.2524 -0.9105 0.009168
130.00 P 20260821 -1.00 -1.00 216 3547 1.3821 -0.9192 0.007755
135.00 P 20260821 -1.00 -1.00 120 430 1.4820 -0.9263 0.006705
60.00 C 20260828 -1.00 -1.00 5 5 -1.0000 -1.0000 -1.000000
65.00 C 20260828 -1.00 -1.00 -1 0 -1.0000 -1.0000 -1.000000
70.00 C 20260828 -1.00 -1.00 5 41 -1.0000 -1.0000 -1.000000
75.00 C 20260828 -1.00 -1.00 -1 0 -1.0000 -1.0000 -1.000000
80.00 C 20260828 -1.00 -1.00 4 30 0.5276 0.9557 0.009050
82.00 C 20260828 -1.00 -1.00 20 21 0.5548 0.9200 0.013690
83.00 C 20260828 -1.00 -1.00 2 3 0.5676 0.8987 0.016053
84.00 C 20260828 -1.00 -1.00 40 5 0.5810 0.8759 0.018250
85.00 C 20260828 -1.00 -1.00 4 87 0.5873 0.8494 0.020398
86.00 C 20260828 -1.00 -1.00 2 70 0.5781 0.8287 0.022576
87.00 C 20260828 -1.00 -1.00 36 79 0.5996 0.7979 0.024433
88.00 C 20260828 -1.00 -1.00 1 36 0.5904 0.7724 0.026398
89.00 C 20260828 -1.00 -1.00 32 5 0.5965 0.7400 0.027895
90.00 C 20260828 -1.00 -1.00 15 141 0.6102 0.7066 0.029062
91.00 C 20260828 -1.00 -1.00 12 46 0.6123 0.6766 0.030563
92.00 C 20260828 -1.00 -1.00 82 68 0.6121 0.6441 0.031437
93.00 C 20260828 -1.00 -1.00 8 142 0.6089 0.6113 0.032323
94.00 C 20260828 -1.00 -1.00 4 52 0.6124 0.5778 0.032876
95.00 C 20260828 -1.00 -1.00 36 310 0.6255 0.5448 0.032901
96.00 C 20260828 -1.00 -1.00 65 254 0.6250 0.5127 0.033081
97.00 C 20260828 -1.00 -1.00 326 782 0.6259 0.4810 0.032746
98.00 C 20260828 -1.00 -1.00 70 248 0.6235 0.4488 0.032573
99.00 C 20260828 -1.00 -1.00 82 290 0.6370 0.4198 0.031626
100.00 C 20260828 -1.00 -1.00 723 946 0.6472 0.3911 0.030882
101.00 C 20260828 -1.00 -1.00 177 203 0.6480 0.3641 0.029994
102.00 C 20260828 -1.00 -1.00 77 1533 0.6491 0.3381 0.028946
103.00 C 20260828 -1.00 -1.00 60 243 0.6517 0.3127 0.027864
104.00 C 20260828 -1.00 -1.00 44 277 0.6591 0.2894 0.026672
105.00 C 20260828 -1.00 -1.00 427 769 0.6700 0.2681 0.025452
106.00 C 20260828 -1.00 -1.00 81 220 0.6718 0.2461 0.024350
107.00 C 20260828 -1.00 -1.00 17 113 0.6692 0.2262 0.023134
108.00 C 20260828 -1.00 -1.00 8 260 0.6730 0.2086 0.021858
109.00 C 20260828 -1.00 -1.00 12 93 0.6856 0.1950 0.020583
110.00 C 20260828 -1.00 -1.00 149 1061 0.6883 0.1777 0.019394
111.00 C 20260828 -1.00 -1.00 4 109 0.7007 0.1649 0.018255
112.00 C 20260828 -1.00 -1.00 36 307 0.7130 0.1526 0.017187
113.00 C 20260828 -1.00 -1.00 6 395 0.7251 0.1444 0.016225
114.00 C 20260828 -1.00 -1.00 41 162 0.7105 0.1280 0.015108
115.00 C 20260828 -1.00 -1.00 285 1457 0.7260 0.1220 0.014258
116.00 C 20260828 -1.00 -1.00 -1 0 0.7349 0.1139 0.013391
117.00 C 20260828 -1.00 -1.00 21 21 0.7243 0.0986 0.012259
120.00 C 20260828 -1.00 -1.00 173 1195 0.7695 0.0833 0.010292
125.00 C 20260828 -1.00 -1.00 215 1173 0.7958 0.0589 0.007508
130.00 C 20260828 -1.00 -1.00 109 865 0.8408 0.0427 0.005529
135.00 C 20260828 -1.00 -1.00 7 590 0.8741 0.0319 0.004178
60.00 P 20260828 -1.00 -1.00 683 8258 1.1248 -0.0160 0.001804
65.00 P 20260828 -1.00 -1.00 642 5405 1.0290 -0.0247 0.002899
70.00 P 20260828 -1.00 -1.00 523 3191 0.8862 -0.0351 0.004452
75.00 P 20260828 -1.00 -1.00 113 571 0.7623 -0.0504 0.007010
80.00 P 20260828 -1.00 -1.00 56 1887 0.7149 -0.0987 0.012502
82.00 P 20260828 -1.00 -1.00 121 225 0.6962 -0.1244 0.015247
83.00 P 20260828 -1.00 -1.00 18 67 0.6853 -0.1412 0.016778
84.00 P 20260828 -1.00 -1.00 2 327 0.6870 -0.1625 0.018350
85.00 P 20260828 -1.00 -1.00 328 1613 0.6856 -0.1828 0.019934
86.00 P 20260828 -1.00 -1.00 60 157 0.6902 -0.2047 0.021465
87.00 P 20260828 -1.00 -1.00 21 177 0.6788 -0.2275 0.022968
88.00 P 20260828 -1.00 -1.00 44 186 0.6707 -0.2522 0.024461
89.00 P 20260828 -1.00 -1.00 23 183 0.6718 -0.2795 0.025760
90.00 P 20260828 -1.00 -1.00 272 2203 0.6860 -0.3091 0.026657
91.00 P 20260828 -1.00 -1.00 4 138 0.6763 -0.3353 0.028074
92.00 P 20260828 -1.00 -1.00 19 172 0.6696 -0.3645 0.028959
93.00 P 20260828 -1.00 -1.00 9 96 0.6729 -0.3951 0.029444
94.00 P 20260828 -1.00 -1.00 11 284 0.6793 -0.4255 0.029786
95.00 P 20260828 -1.00 -1.00 385 2623 0.6921 -0.4553 0.029842
96.00 P 20260828 -1.00 -1.00 19 97 0.6845 -0.4849 0.030311
97.00 P 20260828 -1.00 -1.00 28 107 0.6852 -0.5139 0.030058
98.00 P 20260828 -1.00 -1.00 15 276 0.6890 -0.5424 0.029673
99.00 P 20260828 -1.00 -1.00 11 66 0.6959 -0.5701 0.029174
100.00 P 20260828 -1.00 -1.00 87 1630 0.7026 -0.5973 0.028701
101.00 P 20260828 -1.00 -1.00 25 58 0.7097 -0.6225 0.028007
102.00 P 20260828 -1.00 -1.00 1 170 0.7092 -0.6467 0.027201
103.00 P 20260828 -1.00 -1.00 2 53 0.7123 -0.6698 0.026296
104.00 P 20260828 -1.00 -1.00 1 87 0.7152 -0.6927 0.025411
105.00 P 20260828 -1.00 -1.00 8 497 0.7321 -0.7105 0.024238
106.00 P 20260828 -1.00 -1.00 20 752 0.7453 -0.7289 0.023222
107.00 P 20260828 -1.00 -1.00 1 21 0.7649 -0.7440 0.022145
108.00 P 20260828 -1.00 -1.00 1 6 0.7729 -0.7584 0.021139
109.00 P 20260828 -1.00 -1.00 1 2 0.7708 -0.7755 0.020245
110.00 P 20260828 -1.00 -1.00 1 263 0.7866 -0.7864 0.019241
111.00 P 20260828 -1.00 -1.00 5 43 0.7843 -0.8033 0.018375
112.00 P 20260828 -1.00 -1.00 1 7 0.7953 -0.8152 0.017480
113.00 P 20260828 -1.00 -1.00 3 9 0.8151 -0.8233 0.016631
114.00 P 20260828 -1.00 -1.00 1 8 0.8168 -0.8382 0.015823
115.00 P 20260828 -1.00 -1.00 7 475 0.8493 -0.8402 0.015112
116.00 P 20260828 -1.00 -1.00 1 1 0.8626 -0.8491 0.014412
117.00 P 20260828 -1.00 -1.00 -1 0 0.8722 -0.8559 0.013775
120.00 P 20260828 -1.00 -1.00 11 484 0.9070 -0.8733 0.012057
125.00 P 20260828 -1.00 -1.00 6 275 0.9775 -0.8951 0.009813
130.00 P 20260828 -1.00 -1.00 5 151 1.0569 -0.9103 0.008200
135.00 P 20260828 -1.00 -1.00 5 26 1.1279 -0.9216 0.007003
60.00 C 20260904 -1.00 -1.00 -1 0 -1.0000 -1.0000 -1.000000
65.00 C 20260904 -1.00 -1.00 2 27 -1.0000 -1.0000 -1.000000
70.00 C 20260904 -1.00 -1.00 -1 0 0.0017 1.0000 -0.000000
75.00 C 20260904 -1.00 -1.00 1 1 0.6656 0.9436 0.007346
80.00 C 20260904 -1.00 -1.00 2 33 0.6324 0.8911 0.012699
82.00 C 20260904 -1.00 -1.00 28 1 0.6250 0.8586 0.015251
83.00 C 20260904 -1.00 -1.00 56 12 0.6207 0.8411 0.016588
84.00 C 20260904 -1.00 -1.00 48 2 0.6294 0.8195 0.017860
85.00 C 20260904 -1.00 -1.00 48 26 0.6251 0.8019 0.019214
86.00 C 20260904 -1.00 -1.00 56 44 0.6298 0.7776 0.020257
87.00 C 20260904 -1.00 -1.00 1 49 0.6277 0.7542 0.021361
88.00 C 20260904 -1.00 -1.00 48 3 0.6289 0.7299 0.022398
89.00 C 20260904 -1.00 -1.00 48 28 0.6364 0.7044 0.023249
90.00 C 20260904 -1.00 -1.00 1 114 0.6374 0.6806 0.024255
91.00 C 20260904 -1.00 -1.00 56 50 0.6384 0.6543 0.024766
92.00 C 20260904 -1.00 -1.00 56 2 0.6378 0.6280 0.025279
93.00 C 20260904 -1.00 -1.00 19 88 0.6346 0.6018 0.025900
94.00 C 20260904 -1.00 -1.00 128 134 0.6422 0.5751 0.026089
95.00 C 20260904 -1.00 -1.00 136 141 0.6470 0.5490 0.026377
96.00 C 20260904 -1.00 -1.00 90 97 0.6487 0.5234 0.026439
97.00 C 20260904 -1.00 -1.00 372 463 0.6462 0.4978 0.026387
98.00 C 20260904 -1.00 -1.00 80 171 0.6489 0.4727 0.026121
99.00 C 20260904 -1.00 -1.00 14 219 0.6490 0.4474 0.025963
100.00 C 20260904 -1.00 -1.00 236 5641 0.6543 0.4232 0.025607
101.00 C 20260904 -1.00 -1.00 27 175 0.6621 0.4001 0.025168
102.00 C 20260904 -1.00 -1.00 34 99 0.6608 0.3774 0.024740
103.00 C 20260904 -1.00 -1.00 1 27 0.6572 0.3551 0.024205
104.00 C 20260904 -1.00 -1.00 5 78 0.6593 0.3344 0.023502
105.00 C 20260904 -1.00 -1.00 114 233 0.6632 0.3146 0.022768
106.00 C 20260904 -1.00 -1.00 9 55 0.6659 0.2945 0.022076
107.00 C 20260904 -1.00 -1.00 11 66 0.6772 0.2781 0.021230
108.00 C 20260904 -1.00 -1.00 62 796 0.6821 0.2596 0.020542
109.00 C 20260904 -1.00 -1.00 92 153 0.6795 0.2433 0.019768
110.00 C 20260904 -1.00 -1.00 34 377 0.6813 0.2287 0.018946
111.00 C 20260904 -1.00 -1.00 2 156 0.6816 0.2135 0.018141
112.00 C 20260904 -1.00 -1.00 1 32 0.6849 0.1996 0.017329
113.00 C 20260904 -1.00 -1.00 8 131 0.6903 0.1868 0.016531
114.00 C 20260904 -1.00 -1.00 33 166 0.7057 0.1788 0.015767
115.00 C 20260904 -1.00 -1.00 204 1391 0.7139 0.1679 0.015043
120.00 C 20260904 -1.00 -1.00 93 863 0.7205 0.1188 0.011672
125.00 C 20260904 -1.00 -1.00 76 358 0.7609 0.0894 0.009068
130.00 C 20260904 -1.00 -1.00 58 790 0.7768 0.0662 0.007003
135.00 C 20260904 -1.00 -1.00 24 385 0.8012 0.0492 0.005368
60.00 P 20260904 -1.00 -1.00 712 4078 1.0252 -0.0226 0.002245
65.00 P 20260904 -1.00 -1.00 625 2317 0.8930 -0.0307 0.003288
70.00 P 20260904 -1.00 -1.00 550 1374 0.8130 -0.0480 0.005241
75.00 P 20260904 -1.00 -1.00 14 289 0.7398 -0.0777 0.008341
80.00 P 20260904 -1.00 -1.00 82 317 0.7036 -0.1323 0.012983
82.00 P 20260904 -1.00 -1.00 248 244 0.7008 -0.1654 0.015120
83.00 P 20260904 -1.00 -1.00 798 124 0.6989 -0.1819 0.016205
84.00 P 20260904 -1.00 -1.00 47 70 0.6901 -0.1969 0.017372
85.00 P 20260904 -1.00 -1.00 41 1281 0.6866 -0.2169 0.018374
86.00 P 20260904 -1.00 -1.00 21 21 0.6863 -0.2389 0.019282
87.00 P 20260904 -1.00 -1.00 760 783 0.6874 -0.2612 0.020167
88.00 P 20260904 -1.00 -1.00 20 44 0.6871 -0.2832 0.021077
89.00 P 20260904 -1.00 -1.00 18 103 0.6867 -0.3053 0.021994
90.00 P 20260904 -1.00 -1.00 201 2156 0.6881 -0.3285 0.022718
91.00 P 20260904 -1.00 -1.00 431 479 0.6819 -0.3523 0.023351
92.00 P 20260904 -1.00 -1.00 6 27 0.6814 -0.3770 0.023814
93.00 P 20260904 -1.00 -1.00 12 39 0.6808 -0.4018 0.024280
94.00 P 20260904 -1.00 -1.00 18 87 0.6856 -0.4266 0.024556
95.00 P 20260904 -1.00 -1.00 310 2277 0.6902 -0.4512 0.024834
96.00 P 20260904 -1.00 -1.00 102 113 0.6913 -0.4755 0.024912
97.00 P 20260904 -1.00 -1.00 4 71 0.6887 -0.4995 0.024882
98.00 P 20260904 -1.00 -1.00 12 83 0.6887 -0.5234 0.024756
99.00 P 20260904 -1.00 -1.00 260 274 0.6887 -0.5473 0.024633
100.00 P 20260904 -1.00 -1.00 239 1601 0.6939 -0.5702 0.024334
101.00 P 20260904 -1.00 -1.00 34 140 0.7015 -0.5923 0.023964
102.00 P 20260904 -1.00 -1.00 8 19 0.7080 -0.6133 0.023525
103.00 P 20260904 -1.00 -1.00 1 46 0.7071 -0.6334 0.023005
104.00 P 20260904 -1.00 -1.00 403 424 0.7063 -0.6534 0.022484
105.00 P 20260904 -1.00 -1.00 21 256 0.7112 -0.6717 0.021831
106.00 P 20260904 -1.00 -1.00 61 84 0.7190 -0.6888 0.021139
107.00 P 20260904 -1.00 -1.00 19 17 0.7208 -0.7077 0.020586
108.00 P 20260904 -1.00 -1.00 1 3 0.7340 -0.7221 0.019843
109.00 P 20260904 -1.00 -1.00 -1 0 0.7440 -0.7372 0.019187
110.00 P 20260904 -1.00 -1.00 3 222 0.7484 -0.7508 0.018512
111.00 P 20260904 -1.00 -1.00 9 50 0.7462 -0.7654 0.017883
112.00 P 20260904 -1.00 -1.00 1 1 0.7478 -0.7788 0.017224
113.00 P 20260904 -1.00 -1.00 1 2 0.7567 -0.7893 0.016536
114.00 P 20260904 -1.00 -1.00 1 1 0.7617 -0.8011 0.015891
115.00 P 20260904 -1.00 -1.00 29 332 0.7703 -0.8113 0.015257
120.00 P 20260904 -1.00 -1.00 4 329 0.8163 -0.8530 0.012486
125.00 P 20260904 -1.00 -1.00 51 290 0.8584 -0.8795 0.010328
130.00 P 20260904 -1.00 -1.00 51 769 0.9136 -0.8984 0.008672
135.00 P 20260904 -1.00 -1.00 15 143 0.9600 -0.9173 0.007263
60.00 C 20260911 -1.00 -1.00 2 0 -1.0000 -1.0000 -1.000000
65.00 C 20260911 -1.00 -1.00 -1 0 0.0019 1.0000 0.000000
70.00 C 20260911 -1.00 -1.00 2 2 0.6128 0.9721 0.003886
75.00 C 20260911 -1.00 -1.00 -1 0 0.5998 0.9375 0.007644
80.00 C 20260911 -1.00 -1.00 -1 0 0.6277 0.8641 0.012911
85.00 C 20260911 -1.00 -1.00 4 4 0.6299 0.7754 0.017745
86.00 C 20260911 -1.00 -1.00 56 0 0.6276 0.7550 0.018615
87.00 C 20260911 -1.00 -1.00 10 10 0.6254 0.7345 0.019495
88.00 C 20260911 -1.00 -1.00 10 36 0.6288 0.7127 0.020250
89.00 C 20260911 -1.00 -1.00 28 2 0.6349 0.6906 0.020917
90.00 C 20260911 -1.00 -1.00 1 34 0.6317 0.6688 0.021568
91.00 C 20260911 -1.00 -1.00 1 1 0.6309 0.6456 0.021996
92.00 C 20260911 -1.00 -1.00 1 2 0.6301 0.6224 0.022426
93.00 C 20260911 -1.00 -1.00 1 18 0.6317 0.5990 0.022773
94.00 C 20260911 -1.00 -1.00 2 2 0.6356 0.5757 0.023032
95.00 C 20260911 -1.00 -1.00 5 18 0.6395 0.5526 0.023286
96.00 C 20260911 -1.00 -1.00 9 25 0.6406 0.5300 0.023364
97.00 C 20260911 -1.00 -1.00 17 78 0.6403 0.5077 0.023268
98.00 C 20260911 -1.00 -1.00 26 287 0.6447 0.4859 0.023008
99.00 C 20260911 -1.00 -1.00 16 55 0.6398 0.4629 0.023075
100.00 C 20260911 -1.00 -1.00 57 157 0.6350 0.4395 0.023138
101.00 C 20260911 -1.00 -1.00 13 37 0.6484 0.4202 0.022574
102.00 C 20260911 -1.00 -1.00 2 13 0.6526 0.3993 0.022334
103.00 C 20260911 -1.00 -1.00 4 39 0.6509 0.3798 0.021950
104.00 C 20260911 -1.00 -1.00 3 81 0.6525 0.3616 0.021424
105.00 C 20260911 -1.00 -1.00 30 322 0.6566 0.3442 0.020844
106.00 C 20260911 -1.00 -1.00 21 45 0.6582 0.3263 0.020335
107.00 C 20260911 -1.00 -1.00 1 9 0.6587 0.3080 0.019850
108.00 C 20260911 -1.00 -1.00 6 30 0.6647 0.2920 0.019266
109.00 C 20260911 -1.00 -1.00 2 9 0.6751 0.2782 0.018628
110.00 C 20260911 -1.00 -1.00 27 202 0.6844 0.2644 0.018039
111.00 C 20260911 -1.00 -1.00 2 3 0.6736 0.2472 0.017555
112.00 C 20260911 -1.00 -1.00 2 13 0.6736 0.2338 0.016945
113.00 C 20260911 -1.00 -1.00 1 1 0.6755 0.2212 0.016324
114.00 C 20260911 -1.00 -1.00 2 8 0.6849 0.2119 0.015681
115.00 C 20260911 -1.00 -1.00 15 175 0.6867 0.1996 0.015088
120.00 C 20260911 -1.00 -1.00 48 559 0.7161 0.1528 0.012360
125.00 C 20260911 -1.00 -1.00 45 443 0.7102 0.1100 0.009784
130.00 C 20260911 -1.00 -1.00 80 509 0.7566 0.0901 0.008017
135.00 C 20260911 -1.00 -1.00 69 416 0.7688 0.0700 0.006462
60.00 P 20260911 -1.00 -1.00 653 1509 0.9193 -0.0260 0.002435
65.00 P 20260911 -1.00 -1.00 244 212 0.8347 -0.0393 0.003765
70.00 P 20260911 -1.00 -1.00 4 216 0.7740 -0.0608 0.005797
75.00 P 20260911 -1.00 -1.00 39 513 0.7330 -0.0995 0.008925
80.00 P 20260911 -1.00 -1.00 33 151 0.7020 -0.1590 0.012840
85.00 P 20260911 -1.00 -1.00 52 650 0.6705 -0.2364 0.017134
86.00 P 20260911 -1.00 -1.00 1 53 0.6734 -0.2568 0.017821
87.00 P 20260911 -1.00 -1.00 10 30 0.6734 -0.2765 0.018555
88.00 P 20260911 -1.00 -1.00 6 35 0.6739 -0.2964 0.019281
89.00 P 20260911 -1.00 -1.00 12 28 0.6814 -0.3175 0.019818
90.00 P 20260911 -1.00 -1.00 182 1294 0.6756 -0.3384 0.020335
91.00 P 20260911 -1.00 -1.00 7 19 0.6699 -0.3597 0.020863
92.00 P 20260911 -1.00 -1.00 9 22 0.6691 -0.3817 0.021256
93.00 P 20260911 -1.00 -1.00 6 55 0.6683 -0.4037 0.021651
94.00 P 20260911 -1.00 -1.00 4 13 0.6722 -0.4258 0.021897
95.00 P 20260911 -1.00 -1.00 260 1621 0.6759 -0.4478 0.022146
96.00 P 20260911 -1.00 -1.00 3 22 0.6788 -0.4692 0.022156
97.00 P 20260911 -1.00 -1.00 6 14 0.6739 -0.4908 0.022235
98.00 P 20260911 -1.00 -1.00 1 27 0.6737 -0.5121 0.022159
99.00 P 20260911 -1.00 -1.00 11 16 0.6734 -0.5335 0.022086
100.00 P 20260911 -1.00 -1.00 471 1354 0.6777 -0.5540 0.021869
101.00 P 20260911 -1.00 -1.00 1 1 0.6818 -0.5743 0.021663
102.00 P 20260911 -1.00 -1.00 1 10 0.6881 -0.5939 0.021398
103.00 P 20260911 -1.00 -1.00 1 26 0.6907 -0.6126 0.021071
104.00 P 20260911 -1.00 -1.00 1 1 0.6922 -0.6298 0.020615
105.00 P 20260911 -1.00 -1.00 21 123 0.6887 -0.6485 0.020281
106.00 P 20260911 -1.00 -1.00 187 81 0.6927 -0.6649 0.019776
107.00 P 20260911 -1.00 -1.00 4 5 0.6942 -0.6820 0.019336
108.00 P 20260911 -1.00 -1.00 8 10 0.7006 -0.6972 0.018809
109.00 P 20260911 -1.00 -1.00 2 2 0.7068 -0.7122 0.018303
110.00 P 20260911 -1.00 -1.00 70 123 0.7179 -0.7249 0.017737
111.00 P 20260911 -1.00 -1.00 -1 0 0.7219 -0.7396 0.017263
112.00 P 20260911 -1.00 -1.00 2 2 0.7263 -0.7505 0.016706
113.00 P 20260911 -1.00 -1.00 1 1 0.7242 -0.7637 0.016213
114.00 P 20260911 -1.00 -1.00 1 1 0.7317 -0.7733 0.015654
115.00 P 20260911 -1.00 -1.00 40 187 0.7295 -0.7866 0.015164
120.00 P 20260911 -1.00 -1.00 8 144 0.7648 -0.8320 0.012713
125.00 P 20260911 -1.00 -1.00 59 102 0.7999 -0.8622 0.010720
130.00 P 20260911 -1.00 -1.00 51 144 0.8433 -0.8823 0.009142
135.00 P 20260911 -1.00 -1.00 30 104 0.8798 -0.9023 0.007789
60.00 C 20260918 -1.00 -1.00 1 59 0.0021 1.0000 -0.000000
65.00 C 20260918 -1.00 -1.00 2 48 0.6231 0.9816 0.002404
70.00 C 20260918 -1.00 -1.00 7 83 0.6505 0.9504 0.005295
75.00 C 20260918 -1.00 -1.00 1 49 0.6599 0.9010 0.008874
80.00 C 20260918 -1.00 -1.00 34 123 0.6524 0.8359 0.012681
85.00 C 20260918 -1.00 -1.00 30 284 0.6419 0.7551 0.016351
90.00 C 20260918 -1.00 -1.00 444 1465 0.6497 0.6585 0.018973
95.00 C 20260918 -1.00 -1.00 441 1767 0.6588 0.5570 0.020293
100.00 C 20260918 -1.00 -1.00 1525 36811 0.6548 0.4587 0.020254
105.00 C 20260918 -1.00 -1.00 812 4531 0.6658 0.3703 0.019038
110.00 C 20260918 -1.00 -1.00 1665 3938 0.6821 0.2956 0.016974
115.00 C 20260918 -1.00 -1.00 2478 5351 0.6946 0.2347 0.014781
120.00 C 20260918 -1.00 -1.00 954 5936 0.7082 0.1837 0.012546
125.00 C 20260918 -1.00 -1.00 175 3853 0.7296 0.1474 0.010583
130.00 C 20260918 -1.00 -1.00 613 8877 0.7411 0.1170 0.008803
135.00 C 20260918 -1.00 -1.00 137 2114 0.7639 0.0927 0.007289
60.00 P 20260918 -1.00 -1.00 50 9713 0.8822 -0.0340 0.002837
65.00 P 20260918 -1.00 -1.00 5 6129 0.8245 -0.0501 0.004233
70.00 P 20260918 -1.00 -1.00 125 5829 0.7566 -0.0759 0.006286
75.00 P 20260918 -1.00 -1.00 310 2827 0.7287 -0.1179 0.009116
80.00 P 20260918 -1.00 -1.00 787 9851 0.7101 -0.1792 0.012431
85.00 P 20260918 -1.00 -1.00 626 3864 0.6859 -0.2556 0.015693
90.00 P 20260918 -1.00 -1.00 315 4622 0.6813 -0.3462 0.018225
95.00 P 20260918 -1.00 -1.00 421 3046 0.6883 -0.4435 0.019538
100.00 P 20260918 -1.00 -1.00 348 8496 0.6840 -0.5381 0.019552
105.00 P 20260918 -1.00 -1.00 29 3522 0.6982 -0.6236 0.018503
110.00 P 20260918 -1.00 -1.00 21 1867 0.7210 -0.6929 0.016563
115.00 P 20260918 -1.00 -1.00 110 2735 0.7382 -0.7532 0.014699
120.00 P 20260918 -1.00 -1.00 59 2303 0.7439 -0.8053 0.012774
125.00 P 20260918 -1.00 -1.00 60 1391 0.7833 -0.8398 0.010974
130.00 P 20260918 -1.00 -1.00 71 1466 0.8193 -0.8604 0.009553
135.00 P 20260918 -1.00 -1.00 36 1044 0.8275 -0.8887 0.008184
60.00 C 20260925 -1.00 -1.00 -1 0 0.9877 0.9398 0.003689
65.00 C 20260925 -1.00 -1.00 45 32 0.7427 0.9521 0.004136
70.00 C 20260925 -1.00 -1.00 5 5 0.7247 0.9170 0.006440
75.00 C 20260925 -1.00 -1.00 20 20 0.5452 0.9194 0.008363
80.00 C 20260925 -1.00 -1.00 22 26 0.6145 0.8317 0.012560
85.00 C 20260925 -1.00 -1.00 2 1 0.6741 0.7366 0.014842
86.00 C 20260925 -1.00 -1.00 25 17 0.6619 0.7224 0.015570
87.00 C 20260925 -1.00 -1.00 1 1 0.6802 0.7031 0.015758
88.00 C 20260925 -1.00 -1.00 20 20 0.6333 0.6932 0.017242
89.00 C 20260925 -1.00 -1.00 -1 0 0.6698 0.6697 0.016668
90.00 C 20260925 -1.00 -1.00 2 22 0.7044 0.6488 0.016134
91.00 C 20260925 -1.00 -1.00 -1 0 0.7346 0.6302 0.015722
92.00 C 20260925 -1.00 -1.00 2 10 0.6654 0.6156 0.017576
93.00 C 20260925 -1.00 -1.00 2 10 0.7072 0.5971 0.016798
94.00 C 20260925 -1.00 -1.00 4 2 0.6098 0.5785 0.019758
95.00 C 20260925 -1.00 -1.00 21 67 0.6903 0.5621 0.017711
96.00 C 20260925 -1.00 -1.00 9 7 0.6904 0.5449 0.017801
97.00 C 20260925 -1.00 -1.00 3 122 0.6050 0.5193 0.020277
98.00 C 20260925 -1.00 -1.00 89 48 0.6635 0.5077 0.018439
99.00 C 20260925 -1.00 -1.00 33 100 0.6930 0.4945 0.017619
100.00 C 20260925 -1.00 -1.00 2 69 0.6882 0.4768 0.017702
101.00 C 20260925 -1.00 -1.00 2 6 0.7041 0.4629 0.017272
102.00 C 20260925 -1.00 -1.00 11 11 0.6974 0.4449 0.017397
103.00 C 20260925 -1.00 -1.00 2 5 0.6853 0.4251 0.017658
104.00 C 20260925 -1.00 -1.00 5 10 0.6658 0.4031 0.018061
105.00 C 20260925 -1.00 -1.00 7 41 0.6750 0.3907 0.017573
106.00 C 20260925 -1.00 -1.00 4 22 0.7361 0.3930 0.016129
107.00 C 20260925 -1.00 -1.00 48 50 0.7095 0.3721 0.016364
108.00 C 20260925 -1.00 -1.00 2 13 0.6943 0.3534 0.016375
109.00 C 20260925 -1.00 -1.00 3 21 0.7290 0.3508 0.015546
110.00 C 20260925 -1.00 -1.00 11 64 0.6845 0.3213 0.016000
111.00 C 20260925 -1.00 -1.00 36 26 0.6393 0.2875 0.016430
112.00 C 20260925 -1.00 -1.00 12 16 0.6659 0.2844 0.015717
113.00 C 20260925 -1.00 -1.00 15 7 0.7225 0.2944 0.014680
114.00 C 20260925 -1.00 -1.00 -1 0 0.7570 0.2951 0.014030
115.00 C 20260925 -1.00 -1.00 7 72 0.6908 0.2576 0.014409
120.00 C 20260925 -1.00 -1.00 61 70 0.7028 0.2105 0.012520
125.00 C 20260925 -1.00 -1.00 4 45 0.7212 0.1685 0.010781
130.00 C 20260925 -1.00 -1.00 37 237 0.7280 0.1377 0.009224
135.00 C 20260925 -1.00 -1.00 14 61 0.7524 0.1163 0.007905
60.00 P 20260925 -1.00 -1.00 1 36 0.9358 -0.0513 0.003464
65.00 P 20260925 -1.00 -1.00 25 123 0.8773 -0.0755 0.004946
70.00 P 20260925 -1.00 -1.00 14 423 0.7925 -0.0972 0.006703
75.00 P 20260925 -1.00 -1.00 3 441 0.7403 -0.1384 0.009123
80.00 P 20260925 -1.00 -1.00 3 176 0.7282 -0.1976 0.011827
85.00 P 20260925 -1.00 -1.00 22 108 0.6867 -0.2666 0.014710
86.00 P 20260925 -1.00 -1.00 2 9 0.6794 -0.2815 0.015337
87.00 P 20260925 -1.00 -1.00 2 31 0.7118 -0.3022 0.015274
88.00 P 20260925 -1.00 -1.00 37 20 0.6210 -0.3062 0.017619
89.00 P 20260925 -1.00 -1.00 2 316 0.7054 -0.3354 0.015952
90.00 P 20260925 -1.00 -1.00 28 160 0.6920 -0.3517 0.016502
91.00 P 20260925 -1.00 -1.00 26 96 0.6847 -0.3688 0.016931
92.00 P 20260925 -1.00 -1.00 70 63 0.6498 -0.3854 0.018100
93.00 P 20260925 -1.00 -1.00 82 42 0.7470 -0.4043 0.016000
94.00 P 20260925 -1.00 -1.00 36 31 0.7081 -0.4217 0.017127
95.00 P 20260925 -1.00 -1.00 10 63 0.7531 -0.4367 0.016320
96.00 P 20260925 -1.00 -1.00 26 22 0.6464 -0.4606 0.019163
97.00 P 20260925 -1.00 -1.00 4 22 0.7130 -0.4720 0.017312
98.00 P 20260925 -1.00 -1.00 1 1 0.6720 -0.4936 0.018345
99.00 P 20260925 -1.00 -1.00 6 6 0.6922 -0.5080 0.017775
100.00 P 20260925 -1.00 -1.00 18 11 0.6914 -0.5251 0.017765
101.00 P 20260925 -1.00 -1.00 17 17 0.7676 -0.5277 0.015986
102.00 P 20260925 -1.00 -1.00 1 2 0.7720 -0.5421 0.015879
103.00 P 20260925 -1.00 -1.00 2 0 0.7093 -0.5719 0.017243
104.00 P 20260925 -1.00 -1.00 -1 0 0.7749 -0.5719 0.015790
105.00 P 20260925 -1.00 -1.00 1 1 0.6847 -0.6101 0.017546
106.00 P 20260925 -1.00 -1.00 2 2 0.7022 -0.6195 0.016927
107.00 P 20260925 -1.00 -1.00 7 7 0.7030 -0.6334 0.016661
108.00 P 20260925 -1.00 -1.00 2 1 0.7037 -0.6473 0.016397
109.00 P 20260925 -1.00 -1.00 1 5 0.7745 -0.6385 0.015009
110.00 P 20260925 -1.00 -1.00 15 17 0.7769 -0.6505 0.014775
111.00 P 20260925 -1.00 -1.00 -1 0 0.7097 -0.6874 0.015558
112.00 P 20260925 -1.00 -1.00 1 1 0.7143 -0.6996 0.015251
113.00 P 20260925 -1.00 -1.00 -1 0 0.7310 -0.7065 0.014785
114.00 P 20260925 -1.00 -1.00 -1 0 0.7515 -0.7115 0.014300
115.00 P 20260925 -1.00 -1.00 1 1 0.7595 -0.7213 0.013989
120.00 P 20260925 -1.00 -1.00 2 3 0.7070 -0.7936 0.012785
125.00 P 20260925 -1.00 -1.00 46 60 0.6802 -0.8550 0.011006
130.00 P 20260925 -1.00 -1.00 2 2 0.8061 -0.8415 0.009759
135.00 P 20260925 -1.00 -1.00 1 14 0.8908 -0.8413 0.008787
40.00 C 20260814 -1.00 -1.00 2 47 -1.0000 -1.0000 -1.000000
45.00 C 20260814 -1.00 -1.00 -1 0 -1.0000 -1.0000 -1.000000
50.00 C 20260814 -1.00 -1.00 2 8 -1.0000 -1.0000 -1.000000
55.00 C 20260814 -1.00 -1.00 4 11 -1.0000 -1.0000 -1.000000
40.00 P 20260814 -1.00 -1.00 106 1746 5.0173 -0.0015 0.000162
45.00 P 20260814 -1.00 -1.00 100 5161 4.6738 -0.0027 0.000295
50.00 P 20260814 -1.00 -1.00 156 25100 3.8022 -0.0020 0.000278
55.00 P 20260814 -1.00 -1.00 144 10056 3.2852 -0.0023 0.000368
40.00 C 20260821 -1.00 -1.00 7 20 -1.0000 -1.0000 -1.000000
45.00 C 20260821 -1.00 -1.00 1 3 -1.0000 -1.0000 -1.000000
50.00 C 20260821 -1.00 -1.00 1 64 -1.0000 -1.0000 -1.000000
55.00 C 20260821 -1.00 -1.00 14 45 -1.0000 -1.0000 -1.000000
40.00 P 20260821 -1.00 -1.00 51 6594 2.3531 -0.0041 0.000349
45.00 P 20260821 -1.00 -1.00 9 3739 1.9599 -0.0031 0.000329
50.00 P 20260821 -1.00 -1.00 488 31146 1.7197 -0.0040 0.000474
55.00 P 20260821 -1.00 -1.00 290 18234 1.4817 -0.0047 0.000626
40.00 C 20260828 -1.00 -1.00 2 2 -1.0000 -1.0000 -1.000000
45.00 C 20260828 -1.00 -1.00 2 2 -1.0000 -1.0000 -1.000000
50.00 C 20260828 -1.00 -1.00 4 5 -1.0000 -1.0000 -1.000000
55.00 C 20260828 -1.00 -1.00 -1 0 -1.0000 -1.0000 -1.000000
40.00 P 20260828 -1.00 -1.00 300 2102 1.7413 -0.0041 0.000349
45.00 P 20260828 -1.00 -1.00 301 2305 1.6412 -0.0071 0.000618
50.00 P 20260828 -1.00 -1.00 2301 9091 1.4920 -0.0109 0.000981
55.00 P 20260828 -1.00 -1.00 935 7378 1.3367 -0.0152 0.001457
40.00 C 20260904 -1.00 -1.00 -1 0 0.0017 1.0000 -0.000000
45.00 C 20260904 -1.00 -1.00 -1 0 -1.0000 -1.0000 -1.000000
50.00 C 20260904 -1.00 -1.00 50 36 -1.0000 -1.0000 -1.000000
55.00 C 20260904 -1.00 -1.00 -1 0 -1.0000 -1.0000 -1.000000
40.00 P 20260904 -1.00 -1.00 509 722 1.5532 -0.0062 0.000478
45.00 P 20260904 -1.00 -1.00 11 57 1.4369 -0.0101 0.000788
50.00 P 20260904 -1.00 -1.00 603 4001 1.2621 -0.0122 0.001059
55.00 P 20260904 -1.00 -1.00 1131 6340 1.1940 -0.0201 0.001743
40.00 C 20260911 -1.00 -1.00 -1 0 1.7296 0.9795 0.001056
45.00 C 20260911 -1.00 -1.00 -1 0 -1.0000 -1.0000 -1.000000
50.00 C 20260911 -1.00 -1.00 -1 0 -1.0000 -1.0000 -1.000000
55.00 C 20260911 -1.00 -1.00 -1 0 -1.0000 -1.0000 -1.000000
40.00 P 20260911 -1.00 -1.00 41 1011 1.4961 -0.0112 0.000721
45.00 P 20260911 -1.00 -1.00 1 42 1.2554 -0.0101 0.000787
50.00 P 20260911 -1.00 -1.00 571 1510 1.1699 -0.0161 0.001275
55.00 P 20260911 -1.00 -1.00 593 1400 1.0656 -0.0216 0.001816
40.00 C 20260918 -1.00 -1.00 20 20 -1.0000 -1.0000 -1.000000
45.00 C 20260918 -1.00 -1.00 2 4 -1.0000 -1.0000 -1.000000
50.00 C 20260918 -1.00 -1.00 15 36 0.0021 1.0000 -0.000000
55.00 C 20260918 -1.00 -1.00 4 34 0.0021 1.0000 -0.000000
40.00 P 20260918 -1.00 -1.00 41 3606 1.3090 -0.0095 0.000646
45.00 P 20260918 -1.00 -1.00 24 1433 1.1980 -0.0138 0.000976
50.00 P 20260918 -1.00 -1.00 287 15042 1.1177 -0.0198 0.001448
55.00 P 20260918 -1.00 -1.00 296 2972 0.9939 -0.0261 0.002025
40.00 C 20260925 -1.00 -1.00 -1 0 -1.0000 -1.0000 -1.000000
45.00 C 20260925 -1.00 -1.00 -1 0 0.0023 1.0000 0.000000
50.00 C 20260925 -1.00 -1.00 -1 0 0.0023 1.0000 0.000000
55.00 C 20260925 -1.00 -1.00 -1 0 0.7602 0.9886 0.001193
40.00 P 20260925 -1.00 -1.00 -1 0 1.3151 -0.0148 0.000866
45.00 P 20260925 -1.00 -1.00 -1 0 1.8638 -0.0662 0.002112
50.00 P 20260925 -1.00 -1.00 1 4 1.1581 -0.0331 0.001941
55.00 P 20260925 -1.00 -1.00 1 14 1.8508 -0.1170 0.003236
140.00 C 20260814 -1.00 -1.00 10 710 2.2522 0.0036 0.000792
145.00 C 20260814 -1.00 -1.00 5 1736 2.5153 0.0043 0.000832
150.00 C 20260814 -1.00 -1.00 9 919 2.6028 0.0032 0.000605
155.00 C 20260814 -1.00 -1.00 2 150 2.9338 0.0046 0.000762
140.00 P 20260814 -1.00 -1.00 4 0 3.6998 -0.9376 0.005532
145.00 P 20260814 -1.00 -1.00 2 0 3.9568 -0.9409 0.004954
150.00 P 20260814 -1.00 -1.00 1 0 4.2053 -0.9437 0.004490
155.00 P 20260814 -1.00 -1.00 2 1 4.4459 -0.9460 0.004109
140.00 C 20260821 -1.00 -1.00 357 3862 1.1641 0.0170 0.002500
145.00 C 20260821 -1.00 -1.00 20 2616 1.1635 0.0107 0.001652
150.00 C 20260821 -1.00 -1.00 176 8217 1.1684 0.0057 0.000952
155.00 C 20260821 -1.00 -1.00 2708 2308 1.3080 0.0089 0.001248
140.00 P 20260821 -1.00 -1.00 15 731 1.5782 -0.9323 0.005877
145.00 P 20260821 -1.00 -1.00 2 412 1.6849 -0.9357 0.005282
150.00 P 20260821 -1.00 -1.00 14 396 1.7743 -0.9404 0.004730
155.00 P 20260821 -1.00 -1.00 1 220 1.8878 -0.9410 0.004402
140.00 C 20260828 -1.00 -1.00 119 594 0.9251 0.0270 0.003409
145.00 C 20260828 -1.00 -1.00 39 429 0.9342 0.0166 0.002266
150.00 C 20260828 -1.00 -1.00 78 1539 1.0255 0.0192 0.002314
155.00 C 20260828 -1.00 -1.00 8 239 1.0295 0.0133 0.001682
140.00 P 20260828 -1.00 -1.00 2 40 1.2097 -0.9258 0.006236
145.00 P 20260828 -1.00 -1.00 1 28 1.2783 -0.9312 0.005564
150.00 P 20260828 -1.00 -1.00 1 13 1.3547 -0.9342 0.005068
155.00 P 20260828 -1.00 -1.00 6 0 1.4287 -0.9367 0.004659
140.00 C 20260904 -1.00 -1.00 80 330 0.8301 0.0372 0.004169
145.00 C 20260904 -1.00 -1.00 3 332 0.8270 0.0259 0.003058
150.00 C 20260904 -1.00 -1.00 1 229 0.8760 0.0235 0.002658
155.00 C 20260904 -1.00 -1.00 52 282 0.9169 0.0204 0.002256
140.00 P 20260904 -1.00 -1.00 1 256 1.0556 -0.9165 0.006626
145.00 P 20260904 -1.00 -1.00 2 256 1.0950 -0.9254 0.005870
150.00 P 20260904 -1.00 -1.00 3 128 1.2010 -0.9204 0.005578
155.00 P 20260904 -1.00 -1.00 9 33 1.1341 -0.9491 0.004346
140.00 C 20260911 -1.00 -1.00 126 288 0.7838 0.0537 0.005127
145.00 C 20260911 -1.00 -1.00 3 388 0.8198 0.0445 0.004255
150.00 C 20260911 -1.00 -1.00 4 311 0.8007 0.0301 0.003128
155.00 C 20260911 -1.00 -1.00 23 84 0.8472 0.0287 0.002836
140.00 P 20260911 -1.00 -1.00 23 181 0.9268 -0.9162 0.006763
145.00 P 20260911 -1.00 -1.00 1 166 0.9782 -0.9217 0.006089
150.00 P 20260911 -1.00 -1.00 2 137 1.0636 -0.9185 0.005731
155.00 P 20260911 -1.00 -1.00 1 10 1.0120 -0.9452 0.004623
140.00 C 20260918 -1.00 -1.00 156 5184 0.7827 0.0770 0.006156
145.00 C 20260918 -1.00 -1.00 85 3075 0.7932 0.0621 0.005104
150.00 C 20260918 -1.00 -1.00 1594 9922 0.8172 0.0518 0.004305
155.00 C 20260918 -1.00 -1.00 36 906 0.8518 0.0456 0.003752
140.00 P 20260918 -1.00 -1.00 6 4294 0.8785 -0.8990 0.007259
145.00 P 20260918 -1.00 -1.00 9 2900 0.9147 -0.9132 0.006397
150.00 P 20260918 -1.00 -1.00 35 4340 0.9691 -0.9167 0.005865
155.00 P 20260918 -1.00 -1.00 7 1898 0.9972 -0.9242 0.005328
140.00 C 20260925 -1.00 -1.00 28 459 0.7617 0.0900 0.006579
145.00 C 20260925 -1.00 -1.00 67 368 0.7837 0.0792 0.005750
150.00 C 20260925 -1.00 -1.00 36 456 0.8507 0.0815 0.005416
155.00 C 20260925 -1.00 -1.00 2 11 0.8266 0.0601 0.004371
140.00 P 20260925 -1.00 -1.00 1 5 0.7929 -0.9054 0.007249
145.00 P 20260925 -1.00 -1.00 1 1 0.8282 -0.9182 0.006378
150.00 P 20260925 -1.00 -1.00 1 10 0.8681 -0.9230 0.005819
155.00 P 20260925 -1.00 -1.00 9 14 1.0390 -0.8853 0.006100
