# opt_chain DRAM | epoch 1786026186 | 2026-08-06 10:23:06 | spot 53.74 | exps 20260807 20260814 20260821
# fuente polygon_snapshot_v3 | greeks polygon_directo | iv polygon_directo | oi polygon_directo | vol day.volume(-1 si no cotizo) | bid/ask NO_ENTITLED(-1) | spot_src polygon_prev_close spot_edad_s 66185 | band 0.6000 vencimientos 3 exp_hasta 2026-08-21
# strike right exp bid ask vol oi iv delta gamma
32.50 C 20260807 -1.00 -1.00 4 7 -1.0000 -1.0000 -1.000000
33.00 C 20260807 -1.00 -1.00 4 10 -1.0000 -1.0000 -1.000000
33.50 C 20260807 -1.00 -1.00 4 6 -1.0000 -1.0000 -1.000000
34.00 C 20260807 -1.00 -1.00 39 24 -1.0000 -1.0000 -1.000000
34.50 C 20260807 -1.00 -1.00 37 25 -1.0000 -1.0000 -1.000000
35.00 C 20260807 -1.00 -1.00 4 6 -1.0000 -1.0000 -1.000000
35.50 C 20260807 -1.00 -1.00 9 6 -1.0000 -1.0000 -1.000000
36.00 C 20260807 -1.00 -1.00 7 20 -1.0000 -1.0000 -1.000000
36.50 C 20260807 -1.00 -1.00 2 6 -1.0000 -1.0000 -1.000000
37.00 C 20260807 -1.00 -1.00 2 5 -1.0000 -1.0000 -1.000000
37.50 C 20260807 -1.00 -1.00 1 13 -1.0000 -1.0000 -1.000000
38.00 C 20260807 -1.00 -1.00 6 8 -1.0000 -1.0000 -1.000000
38.50 C 20260807 -1.00 -1.00 8 4 -1.0000 -1.0000 -1.000000
39.00 C 20260807 -1.00 -1.00 2 4 -1.0000 -1.0000 -1.000000
39.50 C 20260807 -1.00 -1.00 -1 0 -1.0000 -1.0000 -1.000000
40.00 C 20260807 -1.00 -1.00 45 94 -1.0000 -1.0000 -1.000000
40.50 C 20260807 -1.00 -1.00 3 4 -1.0000 -1.0000 -1.000000
41.00 C 20260807 -1.00 -1.00 1 8 -1.0000 -1.0000 -1.000000
41.50 C 20260807 -1.00 -1.00 4 2 -1.0000 -1.0000 -1.000000
42.00 C 20260807 -1.00 -1.00 1 34 -1.0000 -1.0000 -1.000000
42.50 C 20260807 -1.00 -1.00 1 1 -1.0000 -1.0000 -1.000000
43.00 C 20260807 -1.00 -1.00 1 27 -1.0000 -1.0000 -1.000000
43.50 C 20260807 -1.00 -1.00 2 1 -1.0000 -1.0000 -1.000000
44.00 C 20260807 -1.00 -1.00 3 12 -1.0000 -1.0000 -1.000000
44.50 C 20260807 -1.00 -1.00 3 21 -1.0000 -1.0000 -1.000000
45.00 C 20260807 -1.00 -1.00 14 170 -1.0000 -1.0000 -1.000000
45.50 C 20260807 -1.00 -1.00 2 31 -1.0000 -1.0000 -1.000000
46.00 C 20260807 -1.00 -1.00 20 509 -1.0000 -1.0000 -1.000000
46.50 C 20260807 -1.00 -1.00 4 129 -1.0000 -1.0000 -1.000000
47.00 C 20260807 -1.00 -1.00 6 403 -1.0000 -1.0000 -1.000000
47.50 C 20260807 -1.00 -1.00 1 552 -1.0000 -1.0000 -1.000000
48.00 C 20260807 -1.00 -1.00 24 407 -1.0000 -1.0000 -1.000000
48.50 C 20260807 -1.00 -1.00 12 159 0.6848 0.9448 0.051164
49.00 C 20260807 -1.00 -1.00 79 1343 -1.0000 -1.0000 -1.000000
49.50 C 20260807 -1.00 -1.00 672 249 0.8344 0.8193 0.098944
50.00 C 20260807 -1.00 -1.00 1706 6176 0.5899 0.8413 0.128684
50.50 C 20260807 -1.00 -1.00 509 523 0.8384 0.6995 0.130565
51.00 C 20260807 -1.00 -1.00 932 1613 0.9323 0.6206 0.128739
51.50 C 20260807 -1.00 -1.00 518 1833 0.9606 0.5533 0.129757
52.00 C 20260807 -1.00 -1.00 666 2618 0.9480 0.4886 0.133201
52.50 C 20260807 -1.00 -1.00 280 739 0.9468 0.4238 0.130013
53.00 C 20260807 -1.00 -1.00 324 3000 0.9602 0.3622 0.124426
53.50 C 20260807 -1.00 -1.00 186 3400 0.9349 0.3015 0.116985
54.00 C 20260807 -1.00 -1.00 1979 2251 0.9495 0.2488 0.105921
54.50 C 20260807 -1.00 -1.00 218 690 0.9399 0.2015 0.093969
55.00 C 20260807 -1.00 -1.00 4481 17916 0.8794 0.1390 0.080187
55.50 C 20260807 -1.00 -1.00 1771 2393 0.9356 0.1228 0.068422
56.00 C 20260807 -1.00 -1.00 749 4109 0.9404 0.0957 0.056481
56.50 C 20260807 -1.00 -1.00 1005 1821 1.0463 0.0958 0.050809
57.00 C 20260807 -1.00 -1.00 671 7368 0.9753 0.0597 0.038106
57.50 C 20260807 -1.00 -1.00 108 909 0.9848 0.0460 0.030483
58.00 C 20260807 -1.00 -1.00 1608 6704 1.0517 0.0435 0.027328
58.50 C 20260807 -1.00 -1.00 48 824 1.0485 0.0308 0.020891
59.00 C 20260807 -1.00 -1.00 268 2834 1.0766 0.0266 0.017840
59.50 C 20260807 -1.00 -1.00 133 843 1.0762 0.0196 0.013717
60.00 C 20260807 -1.00 -1.00 2767 16383 1.1322 0.0188 0.012563
60.50 C 20260807 -1.00 -1.00 112 502 1.1877 0.0180 0.011570
61.00 C 20260807 -1.00 -1.00 261 8635 1.2148 0.0146 0.009510
61.50 C 20260807 -1.00 -1.00 163 733 1.2974 0.0167 0.009954
62.00 C 20260807 -1.00 -1.00 158 2719 1.2610 0.0108 0.007045
62.50 C 20260807 -1.00 -1.00 34 634 2.0171 0.0722 0.021523
63.00 C 20260807 -1.00 -1.00 222 2080 1.4863 0.0175 0.009014
63.50 C 20260807 -1.00 -1.00 20 1005 1.6491 0.0252 0.011087
64.00 C 20260807 -1.00 -1.00 144 773 1.5107 0.0120 0.006468
64.50 C 20260807 -1.00 -1.00 11 1173 1.7799 0.0257 0.010444
65.00 C 20260807 -1.00 -1.00 326 6309 1.6644 0.0136 0.006568
65.50 C 20260807 -1.00 -1.00 2 348 1.8546 0.0227 0.009017
66.00 C 20260807 -1.00 -1.00 26 2474 1.6899 0.0108 0.005256
66.50 C 20260807 -1.00 -1.00 2 938 2.1165 0.0311 0.010375
67.00 C 20260807 -1.00 -1.00 21 2745 1.8975 0.0143 0.006010
67.50 C 20260807 -1.00 -1.00 9 163 1.9739 0.0158 0.006252
68.00 C 20260807 -1.00 -1.00 10 2901 1.9879 0.0137 0.005535
68.50 C 20260807 -1.00 -1.00 3 181 2.4434 0.0352 0.010026
69.00 C 20260807 -1.00 -1.00 150 465 1.9488 0.0095 0.004050
69.50 C 20260807 -1.00 -1.00 21 160 1.9909 0.0094 0.003896
70.00 C 20260807 -1.00 -1.00 15 3234 2.0327 0.0092 0.003753
70.50 C 20260807 -1.00 -1.00 1 152 2.5517 0.0294 0.008170
71.00 C 20260807 -1.00 -1.00 3 468 2.3371 0.0154 0.005193
71.50 C 20260807 -1.00 -1.00 44 140 2.2774 0.0121 0.004301
72.00 C 20260807 -1.00 -1.00 1 7173 2.4302 0.0149 0.004875
72.50 C 20260807 -1.00 -1.00 4 4748 2.1770 0.0066 0.002638
73.00 C 20260807 -1.00 -1.00 4 707 2.5172 0.0145 0.004593
73.50 C 20260807 -1.00 -1.00 1 24 2.5562 0.0143 0.004463
74.00 C 20260807 -1.00 -1.00 15 60 2.4757 0.0112 0.003689
74.50 C 20260807 -1.00 -1.00 1 57 2.5740 0.0125 0.003921
75.00 C 20260807 -1.00 -1.00 34 2700 2.8290 0.0201 0.005321
32.50 P 20260807 -1.00 -1.00 4 197 3.0439 -0.0045 0.001329
33.00 P 20260807 -1.00 -1.00 8 101 3.0407 -0.0058 0.001683
33.50 P 20260807 -1.00 -1.00 6 160 3.1267 -0.0083 0.002263
34.00 P 20260807 -1.00 -1.00 18 118 3.2639 -0.0136 0.003307
34.50 P 20260807 -1.00 -1.00 36 122 3.0117 -0.0099 0.002756
35.00 P 20260807 -1.00 -1.00 11 1895 2.5933 -0.0052 0.001787
35.50 P 20260807 -1.00 -1.00 1 330 2.5935 -0.0068 0.002270
36.00 P 20260807 -1.00 -1.00 13 368 2.7552 -0.0120 0.003541
36.50 P 20260807 -1.00 -1.00 11 232 2.4236 -0.0073 0.002579
37.00 P 20260807 -1.00 -1.00 4 633 2.2557 -0.0060 0.002314
37.50 P 20260807 -1.00 -1.00 45 2616 2.1742 -0.0062 0.002478
38.00 P 20260807 -1.00 -1.00 22 2138 2.3103 -0.0110 0.003938
38.50 P 20260807 -1.00 -1.00 6 569 2.1803 -0.0100 0.003833
39.00 P 20260807 -1.00 -1.00 8 4022 2.0186 -0.0087 0.003644
39.50 P 20260807 -1.00 -1.00 2 10405 2.0445 -0.0123 0.004877
40.00 P 20260807 -1.00 -1.00 131 20148 1.7826 -0.0075 0.003591
40.50 P 20260807 -1.00 -1.00 2 3529 1.7881 -0.0098 0.004587
41.00 P 20260807 -1.00 -1.00 49 2282 1.6328 -0.0081 0.004235
41.50 P 20260807 -1.00 -1.00 58 11188 1.6371 -0.0106 0.005413
42.00 P 20260807 -1.00 -1.00 44 2548 1.5894 -0.0132 0.006653
42.50 P 20260807 -1.00 -1.00 50 778 1.5084 -0.0139 0.007292
43.00 P 20260807 -1.00 -1.00 238 3136 1.4620 -0.0168 0.008837
43.50 P 20260807 -1.00 -1.00 10 618 1.4496 -0.0219 0.011278
44.00 P 20260807 -1.00 -1.00 101 4040 1.4746 -0.0310 0.014881
44.50 P 20260807 -1.00 -1.00 31 866 1.3261 -0.0266 0.014662
45.00 P 20260807 -1.00 -1.00 526 6970 1.2807 -0.0326 0.017810
45.50 P 20260807 -1.00 -1.00 220 6072 1.2099 -0.0368 0.020769
46.00 P 20260807 -1.00 -1.00 129 1967 1.3023 -0.0613 0.029494
46.50 P 20260807 -1.00 -1.00 85 659 1.1030 -0.0515 0.029981
47.00 P 20260807 -1.00 -1.00 502 8918 1.1178 -0.0721 0.038639
47.50 P 20260807 -1.00 -1.00 98 1015 1.2508 -0.1196 0.050623
48.00 P 20260807 -1.00 -1.00 556 3072 1.0513 -0.1119 0.057075
48.50 P 20260807 -1.00 -1.00 151 377 1.0282 -0.1400 0.068262
49.00 P 20260807 -1.00 -1.00 392 937 1.2397 -0.2183 0.075850
49.50 P 20260807 -1.00 -1.00 229 1480 1.0056 -0.2184 0.093548
50.00 P 20260807 -1.00 -1.00 1661 7258 0.9780 -0.2674 0.105663
50.50 P 20260807 -1.00 -1.00 210 1008 1.1726 -0.3460 0.100303
51.00 P 20260807 -1.00 -1.00 295 2595 0.9695 -0.3833 0.124109
51.50 P 20260807 -1.00 -1.00 140 408 1.1913 -0.4520 0.105034
52.00 P 20260807 -1.00 -1.00 464 1269 0.9572 -0.5113 0.132001
52.50 P 20260807 -1.00 -1.00 117 3429 0.9325 -0.5779 0.132000
53.00 P 20260807 -1.00 -1.00 356 2150 1.1300 -0.6140 0.107441
53.50 P 20260807 -1.00 -1.00 352 1083 0.9850 -0.6884 0.112868
54.00 P 20260807 -1.00 -1.00 346 1278 1.4313 -0.6629 0.080491
54.50 P 20260807 -1.00 -1.00 154 903 1.3206 -0.7178 0.080492
55.00 P 20260807 -1.00 -1.00 1282 2053 1.2232 -0.7745 0.077805
55.50 P 20260807 -1.00 -1.00 3 103 1.5194 -0.7562 0.065901
56.00 P 20260807 -1.00 -1.00 1463 1554 1.4738 -0.7896 0.061629
56.50 P 20260807 -1.00 -1.00 39 62 1.8511 -0.7599 0.053437
57.00 P 20260807 -1.00 -1.00 3 159 1.8323 -0.7835 0.050429
57.50 P 20260807 -1.00 -1.00 6 182 1.6738 -0.8305 0.047462
58.00 P 20260807 -1.00 -1.00 7 455 1.6106 -0.8631 0.043218
58.50 P 20260807 -1.00 -1.00 3 79 2.3588 -0.7760 0.039965
59.00 P 20260807 -1.00 -1.00 7 1127 1.7214 -0.8787 0.036829
59.50 P 20260807 -1.00 -1.00 18 70 2.2625 -0.8209 0.036289
60.00 P 20260807 -1.00 -1.00 15 1565 2.1873 -0.8489 0.034051
60.50 P 20260807 -1.00 -1.00 1 24 1.6899 -0.9273 0.026040
61.00 P 20260807 -1.00 -1.00 8 122 2.1412 -0.8785 0.029602
61.50 P 20260807 -1.00 -1.00 1 244 3.1848 -0.7791 0.029255
62.00 P 20260807 -1.00 -1.00 4 207 2.2046 -0.8942 0.025969
62.50 P 20260807 -1.00 -1.00 3 132 2.7192 -0.8522 0.026981
63.00 P 20260807 -1.00 -1.00 53 225 2.8287 -0.8519 0.025963
63.50 P 20260807 -1.00 -1.00 2 2804 2.9374 -0.8515 0.025032
64.00 P 20260807 -1.00 -1.00 11 153 3.4671 -0.8100 0.024538
64.50 P 20260807 -1.00 -1.00 1 901 2.9934 -0.8634 0.023042
65.00 P 20260807 -1.00 -1.00 157 555 3.4184 -0.8363 0.022879
65.50 P 20260807 -1.00 -1.00 2 57 3.1669 -0.8649 0.021581
66.00 P 20260807 -1.00 -1.00 5 119 3.8951 -0.8122 0.021705
66.50 P 20260807 -1.00 -1.00 7 115 3.2987 -0.8692 0.020209
67.00 P 20260807 -1.00 -1.00 1 46 3.6370 -0.8511 0.020187
67.50 P 20260807 -1.00 -1.00 6 30 3.7007 -0.8531 0.019623
68.00 P 20260807 -1.00 -1.00 11 87 3.4928 -0.8750 0.018450
68.50 P 20260807 -1.00 -1.00 1 6 4.2581 -0.8261 0.019042
69.00 P 20260807 -1.00 -1.00 1 87 4.1976 -0.8392 0.018484
69.50 P 20260807 -1.00 -1.00 5 0 4.0281 -0.8554 0.017784
70.00 P 20260807 -1.00 -1.00 9 6 3.7070 -0.8845 0.016409
70.50 P 20260807 -1.00 -1.00 1 1 3.9596 -0.8718 0.016557
71.00 P 20260807 -1.00 -1.00 4 0 3.8308 -0.8874 0.015599
71.50 P 20260807 -1.00 -1.00 3 0 3.6272 -0.9105 0.014079
72.00 P 20260807 -1.00 -1.00 2 2 4.3304 -0.8634 0.015841
72.50 P 20260807 -1.00 -1.00 1 1 3.9758 -0.8941 0.014397
73.00 P 20260807 -1.00 -1.00 4 2 4.0360 -0.8953 0.014075
73.50 P 20260807 -1.00 -1.00 2 2 5.2722 -0.8218 0.015635
74.00 P 20260807 -1.00 -1.00 2 0 4.5278 -0.8712 0.014505
74.50 P 20260807 -1.00 -1.00 2 2 4.4370 -0.8824 0.013878
75.00 P 20260807 -1.00 -1.00 27 0 4.3468 -0.8940 0.013180
32.50 C 20260814 -1.00 -1.00 -1 0 -1.0000 -1.0000 -1.000000
33.00 C 20260814 -1.00 -1.00 2 2 -1.0000 -1.0000 -1.000000
33.50 C 20260814 -1.00 -1.00 2 2 -1.0000 -1.0000 -1.000000
34.00 C 20260814 -1.00 -1.00 2 1 -1.0000 -1.0000 -1.000000
34.50 C 20260814 -1.00 -1.00 -1 0 -1.0000 -1.0000 -1.000000
35.00 C 20260814 -1.00 -1.00 1 9 -1.0000 -1.0000 -1.000000
35.50 C 20260814 -1.00 -1.00 9 2 -1.0000 -1.0000 -1.000000
36.00 C 20260814 -1.00 -1.00 10 10 -1.0000 -1.0000 -1.000000
36.50 C 20260814 -1.00 -1.00 -1 0 -1.0000 -1.0000 -1.000000
37.00 C 20260814 -1.00 -1.00 1 2 -1.0000 -1.0000 -1.000000
37.50 C 20260814 -1.00 -1.00 -1 0 -1.0000 -1.0000 -1.000000
38.00 C 20260814 -1.00 -1.00 4 2 -1.0000 -1.0000 -1.000000
38.50 C 20260814 -1.00 -1.00 1 5 -1.0000 -1.0000 -1.000000
39.00 C 20260814 -1.00 -1.00 6 6 -1.0000 -1.0000 -1.000000
39.50 C 20260814 -1.00 -1.00 -1 0 -1.0000 -1.0000 -1.000000
40.00 C 20260814 -1.00 -1.00 20 48 0.0010 1.0000 0.000000
40.50 C 20260814 -1.00 -1.00 -1 0 -1.0000 -1.0000 -1.000000
41.00 C 20260814 -1.00 -1.00 1 11 -1.0000 -1.0000 -1.000000
41.50 C 20260814 -1.00 -1.00 1 0 -1.0000 -1.0000 -1.000000
42.00 C 20260814 -1.00 -1.00 1 2 -1.0000 -1.0000 -1.000000
42.50 C 20260814 -1.00 -1.00 10 3 -1.0000 -1.0000 -1.000000
43.00 C 20260814 -1.00 -1.00 11 7 -1.0000 -1.0000 -1.000000
43.50 C 20260814 -1.00 -1.00 2 0 0.7627 0.9448 0.018855
44.00 C 20260814 -1.00 -1.00 9 17 -1.0000 -1.0000 -1.000000
44.50 C 20260814 -1.00 -1.00 1 1 0.6870 0.9394 0.022678
45.00 C 20260814 -1.00 -1.00 23 396 0.6835 0.9232 0.026952
45.50 C 20260814 -1.00 -1.00 1 1 -1.0000 -1.0000 -1.000000
46.00 C 20260814 -1.00 -1.00 7 44 0.8057 0.8517 0.036781
46.50 C 20260814 -1.00 -1.00 2 2 0.7811 0.8363 0.040474
47.00 C 20260814 -1.00 -1.00 4 794 0.7186 0.8306 0.045006
47.50 C 20260814 -1.00 -1.00 2 2 0.7074 0.8092 0.049590
48.00 C 20260814 -1.00 -1.00 4 565 0.6950 0.7870 0.054429
48.50 C 20260814 -1.00 -1.00 7 651 0.5729 0.7943 0.064478
49.00 C 20260814 -1.00 -1.00 46 413 0.8057 0.7003 0.055574
49.50 C 20260814 -1.00 -1.00 17 81 0.8224 0.6701 0.057431
50.00 C 20260814 -1.00 -1.00 302 1252 0.8555 0.6359 0.056527
50.50 C 20260814 -1.00 -1.00 94 73 0.7768 0.6119 0.063286
51.00 C 20260814 -1.00 -1.00 141 749 0.8225 0.5776 0.061132
51.50 C 20260814 -1.00 -1.00 53 683 0.8225 0.5467 0.062367
52.00 C 20260814 -1.00 -1.00 50 3404 0.8605 0.5177 0.060155
52.50 C 20260814 -1.00 -1.00 871 163 0.8196 0.4857 0.062593
53.00 C 20260814 -1.00 -1.00 345 890 0.8475 0.4585 0.060036
53.50 C 20260814 -1.00 -1.00 15 145 0.8308 0.4268 0.060663
54.00 C 20260814 -1.00 -1.00 56 736 0.8348 0.3976 0.059847
54.50 C 20260814 -1.00 -1.00 924 321 0.7996 0.3627 0.060703
55.00 C 20260814 -1.00 -1.00 686 3961 0.8377 0.3450 0.056581
55.50 C 20260814 -1.00 -1.00 29 367 0.8506 0.3228 0.054076
56.00 C 20260814 -1.00 -1.00 374 2711 0.8052 0.2844 0.054114
56.50 C 20260814 -1.00 -1.00 12 362 0.8198 0.2629 0.051487
57.00 C 20260814 -1.00 -1.00 100 701 0.8354 0.2445 0.048795
57.50 C 20260814 -1.00 -1.00 36 131 0.8481 0.2291 0.046038
58.00 C 20260814 -1.00 -1.00 252 3164 0.8449 0.2093 0.043612
58.50 C 20260814 -1.00 -1.00 13 259 0.8282 0.1848 0.041194
59.00 C 20260814 -1.00 -1.00 81 290 0.8408 0.1701 0.038642
59.50 C 20260814 -1.00 -1.00 18 51 0.8421 0.1517 0.036147
60.00 C 20260814 -1.00 -1.00 921 8706 0.8339 0.1358 0.033681
60.50 C 20260814 -1.00 -1.00 8 204 0.8539 0.1291 0.031633
61.00 C 20260814 -1.00 -1.00 173 527 0.8441 0.1139 0.029152
61.50 C 20260814 -1.00 -1.00 115 1051 0.8508 0.1037 0.027015
62.00 C 20260814 -1.00 -1.00 47 4397 0.8640 0.0958 0.025145
62.50 C 20260814 -1.00 -1.00 27 285 0.8706 0.0860 0.023162
63.00 C 20260814 -1.00 -1.00 48 556 0.8510 0.0717 0.020685
63.50 C 20260814 -1.00 -1.00 8 122 0.8810 0.0711 0.019837
64.00 C 20260814 -1.00 -1.00 14 369 0.8496 0.0575 0.017262
64.50 C 20260814 -1.00 -1.00 1 61 0.8904 0.0599 0.017009
65.00 C 20260814 -1.00 -1.00 380 4614 0.8647 0.0473 0.014514
65.50 C 20260814 -1.00 -1.00 2 123 1.1609 0.1071 0.020253
66.00 C 20260814 -1.00 -1.00 2 306 0.8740 0.0361 0.011700
66.50 C 20260814 -1.00 -1.00 16 62 0.9304 0.0431 0.012563
67.00 C 20260814 -1.00 -1.00 7 181 0.8711 0.0291 0.009692
67.50 C 20260814 -1.00 -1.00 4 56 1.0041 0.0474 0.012514
68.00 C 20260814 -1.00 -1.00 6 274 0.9433 0.0321 0.009751
68.50 C 20260814 -1.00 -1.00 3 279 0.9521 0.0302 0.009152
69.00 C 20260814 -1.00 -1.00 16 354 0.9609 0.0283 0.008574
69.50 C 20260814 -1.00 -1.00 2 99 1.2450 0.0708 0.013927
70.00 C 20260814 -1.00 -1.00 226 3976 0.9782 0.0247 0.007479
70.50 C 20260814 -1.00 -1.00 3 74 1.0928 0.0353 0.009159
71.00 C 20260814 -1.00 -1.00 9 68 1.2039 0.0502 0.010913
71.50 C 20260814 -1.00 -1.00 14 44 1.2837 0.0594 0.011698
72.00 C 20260814 -1.00 -1.00 3 170 1.0961 0.0281 0.007462
73.00 C 20260814 -1.00 -1.00 3 108 1.0254 0.0145 0.004607
74.00 C 20260814 -1.00 -1.00 2 20 1.2523 0.0351 0.007930
75.00 C 20260814 -1.00 -1.00 67 816 1.2258 0.0281 0.006663
32.50 P 20260814 -1.00 -1.00 5 10 1.6382 -0.0209 0.003941
33.00 P 20260814 -1.00 -1.00 4 848 1.4667 -0.0154 0.003346
33.50 P 20260814 -1.00 -1.00 1 4 1.3922 -0.0141 0.003265
34.00 P 20260814 -1.00 -1.00 18 109 1.5835 -0.0290 0.005324
34.50 P 20260814 -1.00 -1.00 15 27 1.2463 -0.0110 0.002951
35.00 P 20260814 -1.00 -1.00 45 1032 1.2365 -0.0134 0.003524
35.50 P 20260814 -1.00 -1.00 10 37 1.4408 -0.0316 0.006282
36.00 P 20260814 -1.00 -1.00 5 119 1.2627 -0.0213 0.005177
36.50 P 20260814 -1.00 -1.00 8 40 1.1777 -0.0190 0.005020
37.00 P 20260814 -1.00 -1.00 101 532 1.1537 -0.0207 0.005520
37.50 P 20260814 -1.00 -1.00 4 5 1.2524 -0.0350 0.007854
38.00 P 20260814 -1.00 -1.00 14 488 1.1425 -0.0281 0.007238
38.50 P 20260814 -1.00 -1.00 16 62 1.1877 -0.0400 0.009239
39.00 P 20260814 -1.00 -1.00 79 504 1.0942 -0.0351 0.009000
39.50 P 20260814 -1.00 -1.00 2 30 1.2112 -0.0550 0.011883
40.00 P 20260814 -1.00 -1.00 336 3725 1.0758 -0.0463 0.011520
40.50 P 20260814 -1.00 -1.00 19 72 1.0490 -0.0498 0.012581
41.00 P 20260814 -1.00 -1.00 33 348 1.0777 -0.0619 0.014608
41.50 P 20260814 -1.00 -1.00 2 60 1.0352 -0.0651 0.015770
42.00 P 20260814 -1.00 -1.00 275 1250 0.9973 -0.0694 0.017144
42.50 P 20260814 -1.00 -1.00 61 107 0.9961 -0.0815 0.019321
43.00 P 20260814 -1.00 -1.00 238 3324 0.9709 -0.0889 0.021194
43.50 P 20260814 -1.00 -1.00 11 85 0.9698 -0.1013 0.023492
44.00 P 20260814 -1.00 -1.00 213 692 0.9841 -0.1164 0.025887
44.50 P 20260814 -1.00 -1.00 508 188 0.9555 -0.1277 0.028202
45.00 P 20260814 -1.00 -1.00 848 6126 0.9948 -0.1551 0.030669
45.50 P 20260814 -1.00 -1.00 164 80 0.9070 -0.1540 0.033497
46.00 P 20260814 -1.00 -1.00 227 2632 0.9487 -0.1823 0.035901
46.50 P 20260814 -1.00 -1.00 129 1022 0.9745 -0.2057 0.038082
47.00 P 20260814 -1.00 -1.00 183 3117 0.9115 -0.2155 0.041651
47.50 P 20260814 -1.00 -1.00 146 1404 0.9068 -0.2395 0.044027
48.00 P 20260814 -1.00 -1.00 229 2291 0.8907 -0.2616 0.046852
48.50 P 20260814 -1.00 -1.00 116 64 0.9816 -0.3001 0.045733
49.00 P 20260814 -1.00 -1.00 175 1191 0.8893 -0.3124 0.051589
49.50 P 20260814 -1.00 -1.00 166 113 0.9366 -0.3445 0.050951
50.00 P 20260814 -1.00 -1.00 657 60464 0.8768 -0.3666 0.055301
50.50 P 20260814 -1.00 -1.00 31 68 0.9616 -0.3999 0.051574
51.00 P 20260814 -1.00 -1.00 46 498 1.0016 -0.4269 0.050445
51.50 P 20260814 -1.00 -1.00 4 28 0.9165 -0.4532 0.056084
52.00 P 20260814 -1.00 -1.00 112 547 0.9297 -0.4803 0.055763
52.50 P 20260814 -1.00 -1.00 105 150 0.8837 -0.5102 0.058210
53.00 P 20260814 -1.00 -1.00 45 375 0.9051 -0.5361 0.056414
53.50 P 20260814 -1.00 -1.00 8 201 0.8977 -0.5645 0.056428
54.00 P 20260814 -1.00 -1.00 26 405 0.8667 -0.5975 0.057899
54.50 P 20260814 -1.00 -1.00 67 646 1.0479 -0.5939 0.047984
55.00 P 20260814 -1.00 -1.00 65 1221 0.9181 -0.6393 0.052850
55.50 P 20260814 -1.00 -1.00 19 41 1.0373 -0.6390 0.046722
56.00 P 20260814 -1.00 -1.00 9 189 0.9255 -0.6838 0.049445
56.50 P 20260814 -1.00 -1.00 10 163 1.0436 -0.6784 0.044142
57.00 P 20260814 -1.00 -1.00 14 197 0.9502 -0.7226 0.045639
57.50 P 20260814 -1.00 -1.00 1 94 1.0584 -0.7151 0.041418
58.00 P 20260814 -1.00 -1.00 19 176 0.9830 -0.7544 0.041768
58.50 P 20260814 -1.00 -1.00 15 57 1.2462 -0.7079 0.035536
59.00 P 20260814 -1.00 -1.00 4 1126 1.0115 -0.7790 0.037923
59.50 P 20260814 -1.00 -1.00 5 55 1.1153 -0.7685 0.035364
60.00 P 20260814 -1.00 -1.00 11 1184 0.9948 -0.8152 0.034612
60.50 P 20260814 -1.00 -1.00 4 910 1.1090 -0.7982 0.032679
61.00 P 20260814 -1.00 -1.00 10 117 1.0891 -0.8179 0.031332
61.50 P 20260814 -1.00 -1.00 3 83 1.3458 -0.7695 0.029146
62.00 P 20260814 -1.00 -1.00 2 150 1.1488 -0.8290 0.028662
62.50 P 20260814 -1.00 -1.00 10 59 1.2058 -0.8265 0.027530
63.00 P 20260814 -1.00 -1.00 47 134 1.2952 -0.8158 0.026507
63.50 P 20260814 -1.00 -1.00 1 47 1.2529 -0.8390 0.025437
64.00 P 20260814 -1.00 -1.00 25 101 1.5045 -0.7909 0.024542
64.50 P 20260814 -1.00 -1.00 1 150 1.3317 -0.8417 0.023719
65.00 P 20260814 -1.00 -1.00 25 213 1.5058 -0.8108 0.023144
65.50 P 20260814 -1.00 -1.00 1 12 1.4082 -0.8441 0.022245
66.00 P 20260814 -1.00 -1.00 2 31 1.3549 -0.8608 0.021254
66.50 P 20260814 -1.00 -1.00 3 10 1.6145 -0.8165 0.021221
67.00 P 20260814 -1.00 -1.00 7 8 1.6466 -0.8190 0.020657
67.50 P 20260814 -1.00 -1.00 2 2 1.3714 -0.8793 0.018929
68.00 P 20260814 -1.00 -1.00 2 34 1.4453 -0.8718 0.018739
68.50 P 20260814 -1.00 -1.00 1 1 1.8048 -0.8129 0.019198
69.00 P 20260814 -1.00 -1.00 1 30 1.3715 -0.9009 0.016525
69.50 P 20260814 -1.00 -1.00 5 6 1.6015 -0.8629 0.017717
70.00 P 20260814 -1.00 -1.00 1 37 1.5019 -0.8873 0.016446
70.50 P 20260814 -1.00 -1.00 10 10 1.5118 -0.8918 0.015888
71.00 P 20260814 -1.00 -1.00 1 42 1.5372 -0.8932 0.015493
71.50 P 20260814 -1.00 -1.00 10 15 1.5470 -0.8975 0.014971
72.00 P 20260814 -1.00 -1.00 1 5 1.7110 -0.8731 0.015661
73.00 P 20260814 -1.00 -1.00 1 8 1.6832 -0.8893 0.014486
74.00 P 20260814 -1.00 -1.00 2 2 1.9757 -0.8524 0.015082
75.00 P 20260814 -1.00 -1.00 15 39 1.7343 -0.9021 0.012956
33.00 C 20260821 -1.00 -1.00 -1 0 -1.0000 -1.0000 -1.000000
34.00 C 20260821 -1.00 -1.00 1 2 -1.0000 -1.0000 -1.000000
35.00 C 20260821 -1.00 -1.00 2 26 -1.0000 -1.0000 -1.000000
36.00 C 20260821 -1.00 -1.00 1 6 -1.0000 -1.0000 -1.000000
37.00 C 20260821 -1.00 -1.00 1 1 -1.0000 -1.0000 -1.000000
38.00 C 20260821 -1.00 -1.00 -1 0 -1.0000 -1.0000 -1.000000
39.00 C 20260821 -1.00 -1.00 -1 0 -1.0000 -1.0000 -1.000000
40.00 C 20260821 -1.00 -1.00 6 1195 0.5788 0.9894 0.004594
41.00 C 20260821 -1.00 -1.00 8 15 0.7836 0.9419 0.014172
42.00 C 20260821 -1.00 -1.00 2 18 0.8048 0.9138 0.018439
43.00 C 20260821 -1.00 -1.00 3 9 0.6621 0.9277 0.019640
44.00 C 20260821 -1.00 -1.00 4 6 0.7571 0.8747 0.025941
45.00 C 20260821 -1.00 -1.00 24 412 0.8533 0.8171 0.029586
46.00 C 20260821 -1.00 -1.00 1 113 0.8455 0.7843 0.033054
46.50 C 20260821 -1.00 -1.00 1 1554 0.8352 0.7665 0.034789
47.00 C 20260821 -1.00 -1.00 2 875 0.7819 0.7573 0.037898
47.50 C 20260821 -1.00 -1.00 10 1017 0.7363 0.7454 0.041241
48.00 C 20260821 -1.00 -1.00 5 769 0.7482 0.7203 0.042644
48.50 C 20260821 -1.00 -1.00 30 854 0.7458 0.6983 0.044597
49.00 C 20260821 -1.00 -1.00 179 228 0.8113 0.6667 0.042939
49.50 C 20260821 -1.00 -1.00 3 95 0.8225 0.6426 0.043125
50.00 C 20260821 -1.00 -1.00 529 4226 0.8519 0.6180 0.042400
50.50 C 20260821 -1.00 -1.00 16 151 0.8144 0.5973 0.045031
51.00 C 20260821 -1.00 -1.00 27 645 0.7893 0.5745 0.047214
51.50 C 20260821 -1.00 -1.00 14 71 0.8124 0.5511 0.046640
52.00 C 20260821 -1.00 -1.00 96 1178 0.7813 0.5268 0.048900
52.50 C 20260821 -1.00 -1.00 111 164 0.7623 0.5020 0.049825
53.00 C 20260821 -1.00 -1.00 144 9034 0.8189 0.4840 0.046161
53.50 C 20260821 -1.00 -1.00 2 272 0.8163 0.4614 0.046059
54.00 C 20260821 -1.00 -1.00 12 6927 0.8312 0.4413 0.045019
54.50 C 20260821 -1.00 -1.00 36 192 0.8471 0.4222 0.043979
55.00 C 20260821 -1.00 -1.00 273 8871 0.8097 0.3929 0.045664
55.50 C 20260821 -1.00 -1.00 4 340 0.8061 0.3725 0.044862
56.00 C 20260821 -1.00 -1.00 698 3812 0.8266 0.3581 0.042962
56.50 C 20260821 -1.00 -1.00 12 193 0.8053 0.3337 0.042758
57.00 C 20260821 -1.00 -1.00 45 2897 0.8295 0.3213 0.040844
57.50 C 20260821 -1.00 -1.00 4 751 0.7930 0.2911 0.041025
58.00 C 20260821 -1.00 -1.00 758 5548 0.8285 0.2835 0.038870
58.50 C 20260821 -1.00 -1.00 8 98 0.8510 0.2725 0.037278
59.00 C 20260821 -1.00 -1.00 14 4206 0.8208 0.2469 0.036771
59.50 C 20260821 -1.00 -1.00 5 86 0.8590 0.2442 0.034865
60.00 C 20260821 -1.00 -1.00 5805 138321 0.8196 0.2184 0.034040
61.00 C 20260821 -1.00 -1.00 29 16695 0.8412 0.1979 0.031221
62.00 C 20260821 -1.00 -1.00 92 44662 0.8382 0.1694 0.028612
63.00 C 20260821 -1.00 -1.00 164 705 0.8667 0.1538 0.026233
64.00 C 20260821 -1.00 -1.00 24 5271 0.8579 0.1341 0.023858
65.00 C 20260821 -1.00 -1.00 1899 52722 0.8517 0.1147 0.021417
66.00 C 20260821 -1.00 -1.00 226 3025 0.8760 0.1053 0.019591
67.00 C 20260821 -1.00 -1.00 30 4079 0.8883 0.0926 0.017673
68.00 C 20260821 -1.00 -1.00 12 16724 0.9004 0.0810 0.015920
69.00 C 20260821 -1.00 -1.00 21 1332 0.8974 0.0711 0.014321
70.00 C 20260821 -1.00 -1.00 374 29289 0.8710 0.0556 0.012083
71.00 C 20260821 -1.00 -1.00 4 309 0.8956 0.0521 0.011165
72.00 C 20260821 -1.00 -1.00 2 1026 0.8966 0.0431 0.009639
73.00 C 20260821 -1.00 -1.00 42 496 0.9168 0.0391 0.008768
74.00 C 20260821 -1.00 -1.00 19 355 1.1280 0.0760 0.012006
75.00 C 20260821 -1.00 -1.00 99 13893 0.9569 0.0353 0.007689
33.00 P 20260821 -1.00 -1.00 1 532 1.1787 -0.0215 0.004144
34.00 P 20260821 -1.00 -1.00 25 14128 1.1025 -0.0220 0.004520
35.00 P 20260821 -1.00 -1.00 16 2792 1.0772 -0.0278 0.005602
36.00 P 20260821 -1.00 -1.00 26 595 1.1437 -0.0458 0.007962
37.00 P 20260821 -1.00 -1.00 99 157 1.0422 -0.0447 0.008561
38.00 P 20260821 -1.00 -1.00 10 673 1.0856 -0.0643 0.010958
39.00 P 20260821 -1.00 -1.00 2 342 0.9828 -0.0630 0.011947
40.00 P 20260821 -1.00 -1.00 147 14545 0.9751 -0.0805 0.014447
41.00 P 20260821 -1.00 -1.00 3 508 0.9828 -0.1008 0.017114
42.00 P 20260821 -1.00 -1.00 31 7285 0.9691 -0.1206 0.019751
43.00 P 20260821 -1.00 -1.00 30 1085 0.9727 -0.1491 0.022572
44.00 P 20260821 -1.00 -1.00 30 2951 0.9528 -0.1731 0.025529
45.00 P 20260821 -1.00 -1.00 1220 30574 0.9122 -0.1944 0.028957
46.00 P 20260821 -1.00 -1.00 85 4565 0.9644 -0.2397 0.030536
46.50 P 20260821 -1.00 -1.00 208 683 0.8886 -0.2446 0.033499
47.00 P 20260821 -1.00 -1.00 149 2163 0.8941 -0.2645 0.034690
47.50 P 20260821 -1.00 -1.00 118 729 1.0098 -0.2977 0.032817
48.00 P 20260821 -1.00 -1.00 145 3519 0.9534 -0.3092 0.035501
48.50 P 20260821 -1.00 -1.00 123 918 0.9683 -0.3296 0.035838
49.00 P 20260821 -1.00 -1.00 55 2706 0.8916 -0.3425 0.039370
49.50 P 20260821 -1.00 -1.00 4 347 0.9222 -0.3657 0.038739
50.00 P 20260821 -1.00 -1.00 1075 37979 0.9292 -0.3863 0.039055
50.50 P 20260821 -1.00 -1.00 6 377 0.8903 -0.4057 0.041364
51.00 P 20260821 -1.00 -1.00 6 1306 0.9071 -0.4269 0.041240
51.50 P 20260821 -1.00 -1.00 14 337 0.8997 -0.4478 0.042218
52.00 P 20260821 -1.00 -1.00 133 1716 0.8737 -0.4698 0.043817
52.50 P 20260821 -1.00 -1.00 214 339 0.9682 -0.4842 0.039361
53.00 P 20260821 -1.00 -1.00 105 795 0.8670 -0.5122 0.043753
53.50 P 20260821 -1.00 -1.00 7 261 1.0427 -0.5143 0.036309
54.00 P 20260821 -1.00 -1.00 212 1875 0.9246 -0.5463 0.040719
54.50 P 20260821 -1.00 -1.00 8 197 0.9472 -0.5626 0.039620
55.00 P 20260821 -1.00 -1.00 139 14010 0.9001 -0.5902 0.041452
55.50 P 20260821 -1.00 -1.00 9 177 0.9800 -0.5950 0.038063
56.00 P 20260821 -1.00 -1.00 1 441 0.9638 -0.6152 0.038171
56.50 P 20260821 -1.00 -1.00 200 207 0.9980 -0.6245 0.036438
57.00 P 20260821 -1.00 -1.00 55 653 0.9930 -0.6410 0.035922
57.50 P 20260821 -1.00 -1.00 2 131 0.9815 -0.6591 0.035565
58.00 P 20260821 -1.00 -1.00 3 505 0.9315 -0.6876 0.036181
58.50 P 20260821 -1.00 -1.00 21 38 1.0613 -0.6709 0.032400
59.00 P 20260821 -1.00 -1.00 7 420 0.9156 -0.7259 0.035028
59.50 P 20260821 -1.00 -1.00 1 8 1.0125 -0.7130 0.032224
60.00 P 20260821 -1.00 -1.00 41 50916 0.8999 -0.7592 0.033316
61.00 P 20260821 -1.00 -1.00 1 174 0.9850 -0.7603 0.030294
62.00 P 20260821 -1.00 -1.00 11 198 0.9630 -0.7900 0.028605
63.00 P 20260821 -1.00 -1.00 1 176 1.0220 -0.7953 0.026536
64.00 P 20260821 -1.00 -1.00 1 943 1.0560 -0.8069 0.024827
65.00 P 20260821 -1.00 -1.00 8 1631 1.0253 -0.8388 0.023189
66.00 P 20260821 -1.00 -1.00 50 241 1.2015 -0.8049 0.021934
67.00 P 20260821 -1.00 -1.00 11 90 1.2017 -0.8234 0.020770
68.00 P 20260821 -1.00 -1.00 2 189 1.1509 -0.8522 0.019437
69.00 P 20260821 -1.00 -1.00 1 92 1.3732 -0.8107 0.018868
70.00 P 20260821 -1.00 -1.00 1 13733 1.2959 -0.8447 0.017835
71.00 P 20260821 -1.00 -1.00 2 34 1.2408 -0.8677 0.016622
72.00 P 20260821 -1.00 -1.00 1 173 1.2433 -0.8785 0.015631
73.00 P 20260821 -1.00 -1.00 1 31 1.3591 -0.8633 0.015492
74.00 P 20260821 -1.00 -1.00 31 67 1.3043 -0.8862 0.014247
75.00 P 20260821 -1.00 -1.00 3 329 1.3286 -0.8911 0.013586
30.00 C 20260807 -1.00 -1.00 1 32 -1.0000 -1.0000 -1.000000
30.50 C 20260807 -1.00 -1.00 3 21 -1.0000 -1.0000 -1.000000
31.00 C 20260807 -1.00 -1.00 6 42 -1.0000 -1.0000 -1.000000
31.50 C 20260807 -1.00 -1.00 2 39 -1.0000 -1.0000 -1.000000
32.00 C 20260807 -1.00 -1.00 2 18 -1.0000 -1.0000 -1.000000
30.00 P 20260807 -1.00 -1.00 7 1320 3.6259 -0.0049 0.001210
30.50 P 20260807 -1.00 -1.00 6 463 3.9826 -0.0104 0.002152
31.00 P 20260807 -1.00 -1.00 5 271 3.4246 -0.0052 0.001346
31.50 P 20260807 -1.00 -1.00 63 8080 3.2346 -0.0042 0.001188
32.00 P 20260807 -1.00 -1.00 1 1091 3.1388 -0.0043 0.001255
29.50 C 20260814 -1.00 -1.00 -1 0 -1.0000 -1.0000 -1.000000
30.00 C 20260814 -1.00 -1.00 1 7 -1.0000 -1.0000 -1.000000
30.50 C 20260814 -1.00 -1.00 -1 0 -1.0000 -1.0000 -1.000000
31.00 C 20260814 -1.00 -1.00 2 2 -1.0000 -1.0000 -1.000000
31.50 C 20260814 -1.00 -1.00 -1 0 -1.0000 -1.0000 -1.000000
32.00 C 20260814 -1.00 -1.00 1 1 -1.0000 -1.0000 -1.000000
29.50 P 20260814 -1.00 -1.00 28 75 1.7558 -0.0113 0.002138
30.00 P 20260814 -1.00 -1.00 18 57712 1.6579 -0.0093 0.001930
30.50 P 20260814 -1.00 -1.00 18 71 1.5559 -0.0079 0.001776
31.00 P 20260814 -1.00 -1.00 48 209 1.8101 -0.0205 0.003511
31.50 P 20260814 -1.00 -1.00 1 6 1.4355 -0.0074 0.001810
32.00 P 20260814 -1.00 -1.00 2 6124 1.4589 -0.0095 0.002234
30.00 C 20260821 -1.00 -1.00 8 88 -1.0000 -1.0000 -1.000000
31.00 C 20260821 -1.00 -1.00 10 10 -1.0000 -1.0000 -1.000000
32.00 C 20260821 -1.00 -1.00 2 2 -1.0000 -1.0000 -1.000000
30.00 P 20260821 -1.00 -1.00 2 15036 1.2110 -0.0085 0.001810
31.00 P 20260821 -1.00 -1.00 2 1042 1.2538 -0.0159 0.002980
32.00 P 20260821 -1.00 -1.00 445 567 1.4325 -0.0361 0.005202
76.00 C 20260807 -1.00 -1.00 39 118 2.8407 0.0159 0.004399
76.50 C 20260807 -1.00 -1.00 3 8 3.1359 0.0271 0.006176
77.00 C 20260807 -1.00 -1.00 4 55 3.1031 0.0236 0.005550
77.50 C 20260807 -1.00 -1.00 1 28 2.6260 0.0073 0.002381
78.00 C 20260807 -1.00 -1.00 104 199 3.0122 0.0152 0.004003
80.00 C 20260807 -1.00 -1.00 1400 1373 2.8112 0.0069 0.002116
85.00 C 20260807 -1.00 -1.00 46 463 3.0799 0.0050 0.001448
76.00 P 20260807 -1.00 -1.00 1 0 4.4625 -0.8960 0.012676
76.50 P 20260807 -1.00 -1.00 1 1 5.0339 -0.8634 0.013596
77.00 P 20260807 -1.00 -1.00 4 0 4.7596 -0.8852 0.012718
77.50 P 20260807 -1.00 -1.00 2 0 4.5602 -0.9041 0.011760
78.00 P 20260807 -1.00 -1.00 2 5 4.6893 -0.8996 0.011786
80.00 P 20260807 -1.00 -1.00 4 0 5.4865 -0.8665 0.012260
85.00 P 20260807 -1.00 -1.00 -1 0 5.7210 -0.8913 0.010207
80.00 C 20260814 -1.00 -1.00 31 5460 1.1932 0.0097 0.002731
85.00 C 20260814 -1.00 -1.00 1 118 1.5110 0.0183 0.003782
80.00 P 20260814 -1.00 -1.00 30 0 1.9189 -0.9157 0.010565
85.00 P 20260814 -1.00 -1.00 10 0 2.1241 -0.9188 0.009226
76.00 C 20260821 -1.00 -1.00 48 3203 1.0397 0.0434 0.008370
77.00 C 20260821 -1.00 -1.00 3 875 1.0007 0.0328 0.006883
78.00 C 20260821 -1.00 -1.00 19 338 0.9664 0.0242 0.005483
79.00 C 20260821 -1.00 -1.00 1 165 1.1321 0.0416 0.007462
80.00 C 20260821 -1.00 -1.00 265 27517 0.9312 0.0135 0.003479
81.00 C 20260821 -1.00 -1.00 1 432 0.9974 0.0165 0.003899
85.00 C 20260821 -1.00 -1.00 88 6577 1.1223 0.0193 0.003920
76.00 P 20260821 -1.00 -1.00 15 60 1.3412 -0.8985 0.012854
77.00 P 20260821 -1.00 -1.00 1 315 1.3983 -0.8949 0.012602
78.00 P 20260821 -1.00 -1.00 1 63 1.4878 -0.8842 0.012615
79.00 P 20260821 -1.00 -1.00 4 17 1.4440 -0.9036 0.011554
80.00 P 20260821 -1.00 -1.00 420 616 1.3270 -0.9309 0.009899
81.00 P 20260821 -1.00 -1.00 37 49 1.4302 -0.9200 0.010239
85.00 P 20260821 -1.00 -1.00 28 0 1.6291 -0.9114 0.009682
