# opt_chain AVGO | epoch 1786041078 | 2026-08-06 14:31:18 | spot 423.99 | exps 20260807 20260810 20260812 20260814 20260817 20260819 20260821
# fuente polygon_snapshot_v3 | greeks polygon_directo | iv polygon_directo | oi polygon_directo | vol day.volume(-1 si no cotizo) | bid/ask NO_ENTITLED(-1) | spot_src ibkr_bridge spot_edad_s 76 | band 0.4050 vencimientos 7 exp_hasta 2026-08-21
# strike right exp bid ask vol oi iv delta gamma
310.00 C 20260807 -1.00 -1.00 9 11 -1.0000 -1.0000 -1.000000
312.50 C 20260807 -1.00 -1.00 5 0 -1.0000 -1.0000 -1.000000
315.00 C 20260807 -1.00 -1.00 3 107 -1.0000 -1.0000 -1.000000
317.50 C 20260807 -1.00 -1.00 2 1 -1.0000 -1.0000 -1.000000
320.00 C 20260807 -1.00 -1.00 2 15 1.7442 0.9980 0.000142
322.50 C 20260807 -1.00 -1.00 -1 0 1.8441 0.9965 0.000232
325.00 C 20260807 -1.00 -1.00 1 12 1.6518 0.9980 0.000155
327.50 C 20260807 -1.00 -1.00 25 25 2.1803 0.9831 0.000780
330.00 C 20260807 -1.00 -1.00 2 99 -1.0000 -1.0000 -1.000000
332.50 C 20260807 -1.00 -1.00 22 25 -1.0000 -1.0000 -1.000000
335.00 C 20260807 -1.00 -1.00 26 20 -1.0000 -1.0000 -1.000000
337.50 C 20260807 -1.00 -1.00 12 1 -1.0000 -1.0000 -1.000000
340.00 C 20260807 -1.00 -1.00 12 66 -1.0000 -1.0000 -1.000000
342.50 C 20260807 -1.00 -1.00 -1 0 1.8483 0.9803 0.001048
345.00 C 20260807 -1.00 -1.00 2 2 -1.0000 -1.0000 -1.000000
347.50 C 20260807 -1.00 -1.00 2 25 -1.0000 -1.0000 -1.000000
350.00 C 20260807 -1.00 -1.00 7 206 -1.0000 -1.0000 -1.000000
352.50 C 20260807 -1.00 -1.00 1 21 1.3184 0.9935 0.000556
355.00 C 20260807 -1.00 -1.00 1 53 -1.0000 -1.0000 -1.000000
357.50 C 20260807 -1.00 -1.00 3 57 -1.0000 -1.0000 -1.000000
360.00 C 20260807 -1.00 -1.00 5 199 -1.0000 -1.0000 -1.000000
362.50 C 20260807 -1.00 -1.00 1 32 -1.0000 -1.0000 -1.000000
365.00 C 20260807 -1.00 -1.00 28 158 1.0414 0.9947 0.000591
367.50 C 20260807 -1.00 -1.00 1 46 -1.0000 -1.0000 -1.000000
370.00 C 20260807 -1.00 -1.00 4 1392 -1.0000 -1.0000 -1.000000
372.50 C 20260807 -1.00 -1.00 5 108 0.9096 0.9941 0.000743
375.00 C 20260807 -1.00 -1.00 5 250 0.0003 1.0000 -0.000000
377.50 C 20260807 -1.00 -1.00 4 151 0.9375 0.9859 0.001550
380.00 C 20260807 -1.00 -1.00 26 1001 -1.0000 -1.0000 -1.000000
382.50 C 20260807 -1.00 -1.00 7 157 -1.0000 -1.0000 -1.000000
385.00 C 20260807 -1.00 -1.00 41 588 0.7729 0.9865 0.001817
387.50 C 20260807 -1.00 -1.00 102 407 -1.0000 -1.0000 -1.000000
390.00 C 20260807 -1.00 -1.00 93 937 -1.0000 -1.0000 -1.000000
392.50 C 20260807 -1.00 -1.00 17 1957 -1.0000 -1.0000 -1.000000
395.00 C 20260807 -1.00 -1.00 116 512 -1.0000 -1.0000 -1.000000
397.50 C 20260807 -1.00 -1.00 11 235 0.5193 0.9857 0.002840
400.00 C 20260807 -1.00 -1.00 264 4442 -1.0000 -1.0000 -1.000000
402.50 C 20260807 -1.00 -1.00 54 2174 0.5922 0.9392 0.008375
405.00 C 20260807 -1.00 -1.00 156 1649 0.4243 0.9717 0.006288
407.50 C 20260807 -1.00 -1.00 34 562 0.3180 0.9858 0.004622
410.00 C 20260807 -1.00 -1.00 272 1824 0.4480 0.9034 0.015588
412.50 C 20260807 -1.00 -1.00 217 638 0.5073 0.8273 0.020610
415.00 C 20260807 -1.00 -1.00 844 1693 0.4668 0.7898 0.025539
417.50 C 20260807 -1.00 -1.00 291 466 0.4937 0.7079 0.028514
420.00 C 20260807 -1.00 -1.00 1513 3102 0.5004 0.6325 0.031146
422.50 C 20260807 -1.00 -1.00 814 597 0.4973 0.5523 0.032701
425.00 C 20260807 -1.00 -1.00 2810 3654 0.4931 0.4710 0.033237
427.50 C 20260807 -1.00 -1.00 1639 644 0.4940 0.3899 0.032035
430.00 C 20260807 -1.00 -1.00 3378 3351 0.4837 0.3117 0.029992
432.50 C 20260807 -1.00 -1.00 1001 667 0.4938 0.2446 0.026346
435.00 C 20260807 -1.00 -1.00 10574 1246 0.4868 0.1847 0.022406
437.50 C 20260807 -1.00 -1.00 740 1071 0.4996 0.1378 0.018293
440.00 C 20260807 -1.00 -1.00 2273 2036 0.4796 0.0921 0.014053
442.50 C 20260807 -1.00 -1.00 541 397 0.4853 0.0635 0.010547
445.00 C 20260807 -1.00 -1.00 2933 1398 0.4972 0.0468 0.008002
447.50 C 20260807 -1.00 -1.00 371 329 0.5102 0.0317 0.005758
450.00 C 20260807 -1.00 -1.00 3443 2876 0.4964 0.0187 0.003735
452.50 C 20260807 -1.00 -1.00 498 146 0.5286 0.0159 0.003056
455.00 C 20260807 -1.00 -1.00 276 304 0.5206 0.0091 0.001910
457.50 C 20260807 -1.00 -1.00 284 286 0.5552 0.0086 0.001696
460.00 C 20260807 -1.00 -1.00 172 752 0.5631 0.0055 0.001133
465.00 C 20260807 -1.00 -1.00 123 581 0.6200 0.0042 0.000809
470.00 C 20260807 -1.00 -1.00 138 1428 0.6560 0.0030 0.000561
475.00 C 20260807 -1.00 -1.00 118 758 0.7394 0.0035 0.000578
480.00 C 20260807 -1.00 -1.00 125 362 0.7743 0.0026 0.000411
485.00 C 20260807 -1.00 -1.00 18 78 0.8801 0.0037 0.000508
490.00 C 20260807 -1.00 -1.00 111 569 0.8903 0.0023 0.000318
495.00 C 20260807 -1.00 -1.00 121 140 1.0528 0.0049 0.000544
500.00 C 20260807 -1.00 -1.00 1135 2372 1.0038 0.0020 0.000255
505.00 C 20260807 -1.00 -1.00 1 90 1.1297 0.0035 0.000374
510.00 C 20260807 -1.00 -1.00 5 85 1.2667 0.0055 0.000501
515.00 C 20260807 -1.00 -1.00 6 6 1.3282 0.0053 0.000462
520.00 C 20260807 -1.00 -1.00 52 76 1.3891 0.0051 0.000428
525.00 C 20260807 -1.00 -1.00 99 15 1.4494 0.0049 0.000398
530.00 C 20260807 -1.00 -1.00 97 109 1.5092 0.0047 0.000372
535.00 C 20260807 -1.00 -1.00 18 473 1.5656 0.0046 0.000348
310.00 P 20260807 -1.00 -1.00 28 364 1.8893 -0.0014 0.000098
312.50 P 20260807 -1.00 -1.00 1 5 2.2503 -0.0074 0.000370
315.00 P 20260807 -1.00 -1.00 2 146 1.7978 -0.0015 0.000107
317.50 P 20260807 -1.00 -1.00 92 115 1.8119 -0.0021 0.000149
320.00 P 20260807 -1.00 -1.00 81 835 1.7374 -0.0019 0.000138
322.50 P 20260807 -1.00 -1.00 49 72 1.7810 -0.0029 0.000199
325.00 P 20260807 -1.00 -1.00 23 1232 1.8035 -0.0038 0.000255
327.50 P 20260807 -1.00 -1.00 9 284 1.7544 -0.0039 0.000268
330.00 P 20260807 -1.00 -1.00 41 1238 1.6193 -0.0028 0.000212
332.50 P 20260807 -1.00 -1.00 4 190 1.5759 -0.0028 0.000223
335.00 P 20260807 -1.00 -1.00 49 697 1.4462 -0.0018 0.000161
337.50 P 20260807 -1.00 -1.00 4 216 1.5618 -0.0043 0.000330
340.00 P 20260807 -1.00 -1.00 84 1182 1.4761 -0.0034 0.000286
342.50 P 20260807 -1.00 -1.00 16 1471 1.3483 -0.0024 0.000223
345.00 P 20260807 -1.00 -1.00 20 1175 1.8050 -0.0207 0.001124
347.50 P 20260807 -1.00 -1.00 15 227 1.2370 -0.0021 0.000215
350.00 P 20260807 -1.00 -1.00 103 1356 1.1678 -0.0017 0.000188
352.50 P 20260807 -1.00 -1.00 27 592 1.2399 -0.0036 0.000354
355.00 P 20260807 -1.00 -1.00 65 851 1.1151 -0.0023 0.000262
357.50 P 20260807 -1.00 -1.00 29 526 1.2947 -0.0094 0.000792
360.00 P 20260807 -1.00 -1.00 189 1872 1.1080 -0.0040 0.000433
362.50 P 20260807 -1.00 -1.00 10 322 1.1748 -0.0089 0.000831
365.00 P 20260807 -1.00 -1.00 66 1221 1.0099 -0.0038 0.000455
367.50 P 20260807 -1.00 -1.00 16 297 0.9764 -0.0044 0.000540
370.00 P 20260807 -1.00 -1.00 186 1115 0.9531 -0.0057 0.000686
372.50 P 20260807 -1.00 -1.00 154 474 0.8405 -0.0031 0.000448
375.00 P 20260807 -1.00 -1.00 17 3764 0.8277 -0.0038 0.000564
377.50 P 20260807 -1.00 -1.00 41 3548 0.7645 -0.0034 0.000538
380.00 P 20260807 -1.00 -1.00 460 2063 0.6997 -0.0028 0.000491
382.50 P 20260807 -1.00 -1.00 98 366 0.7212 -0.0059 0.000930
385.00 P 20260807 -1.00 -1.00 115 843 0.6796 -0.0062 0.001035
387.50 P 20260807 -1.00 -1.00 116 400 0.7065 -0.0114 0.001739
390.00 P 20260807 -1.00 -1.00 439 405 0.6461 -0.0107 0.001798
392.50 P 20260807 -1.00 -1.00 342 335 0.6220 -0.0143 0.002371
395.00 P 20260807 -1.00 -1.00 611 557 0.5926 -0.0182 0.003048
397.50 P 20260807 -1.00 -1.00 290 267 0.5799 -0.0252 0.004147
400.00 P 20260807 -1.00 -1.00 1234 1191 0.5782 -0.0388 0.005924
402.50 P 20260807 -1.00 -1.00 343 414 0.5650 -0.0537 0.007899
405.00 P 20260807 -1.00 -1.00 1002 513 0.5449 -0.0688 0.010034
407.50 P 20260807 -1.00 -1.00 650 291 0.5140 -0.0894 0.012828
410.00 P 20260807 -1.00 -1.00 1178 2427 0.5432 -0.1384 0.016777
412.50 P 20260807 -1.00 -1.00 710 829 0.5252 -0.1809 0.020523
415.00 P 20260807 -1.00 -1.00 1164 1080 0.5199 -0.2331 0.024387
417.50 P 20260807 -1.00 -1.00 254 188 0.5133 -0.2990 0.027759
420.00 P 20260807 -1.00 -1.00 804 448 0.5117 -0.3703 0.030523
422.50 P 20260807 -1.00 -1.00 795 672 0.4957 -0.4478 0.032829
425.00 P 20260807 -1.00 -1.00 476 145 0.5197 -0.5272 0.031591
427.50 P 20260807 -1.00 -1.00 53 11 0.5281 -0.6026 0.030099
430.00 P 20260807 -1.00 -1.00 96 82 0.5311 -0.6725 0.028023
432.50 P 20260807 -1.00 -1.00 1 12 0.4375 -0.7830 0.027823
435.00 P 20260807 -1.00 -1.00 74 61 0.5201 -0.7999 0.022163
437.50 P 20260807 -1.00 -1.00 1 1 0.5531 -0.8341 0.018520
440.00 P 20260807 -1.00 -1.00 29 122 0.5342 -0.8837 0.015133
442.50 P 20260807 -1.00 -1.00 -1 0 0.4926 -0.9351 0.010776
445.00 P 20260807 -1.00 -1.00 5 7 0.6217 -0.9093 0.010813
447.50 P 20260807 -1.00 -1.00 5 0 0.5759 -0.9473 0.007755
450.00 P 20260807 -1.00 -1.00 1 2 0.6705 -0.9378 0.007598
452.50 P 20260807 -1.00 -1.00 -1 0 0.7355 -0.9369 0.007000
455.00 P 20260807 -1.00 -1.00 1 0 0.6601 -0.9699 0.004391
457.50 P 20260807 -1.00 -1.00 -1 0 0.8070 -0.9472 0.005509
460.00 P 20260807 -1.00 -1.00 2 0 0.9190 -0.9364 0.005618
465.00 P 20260807 -1.00 -1.00 4 0 1.0080 -0.9414 0.004783
470.00 P 20260807 -1.00 -1.00 4 0 0.9498 -0.9704 0.002972
475.00 P 20260807 -1.00 -1.00 4 0 0.8354 -0.9917 0.001229
480.00 P 20260807 -1.00 -1.00 -1 0 1.1377 -0.9705 0.002465
485.00 P 20260807 -1.00 -1.00 -1 0 1.1928 -0.9738 0.002119
490.00 P 20260807 -1.00 -1.00 1 0 1.4388 -0.9567 0.002623
495.00 P 20260807 -1.00 -1.00 -1 0 1.0445 -0.9964 0.000529
500.00 P 20260807 -1.00 -1.00 1 0 1.4469 -0.9745 0.001702
505.00 P 20260807 -1.00 -1.00 1 0 -1.0000 -1.0000 -1.000000
510.00 P 20260807 -1.00 -1.00 2 0 -1.0000 -1.0000 -1.000000
515.00 P 20260807 -1.00 -1.00 -1 0 1.8385 -0.9657 0.001724
520.00 P 20260807 -1.00 -1.00 -1 0 -1.0000 -1.0000 -1.000000
525.00 P 20260807 -1.00 -1.00 -1 0 1.9380 -0.9698 0.001459
530.00 P 20260807 -1.00 -1.00 -1 0 1.8432 -0.9807 0.001054
535.00 P 20260807 -1.00 -1.00 -1 0 2.1066 -0.9696 0.001349
310.00 C 20260810 -1.00 -1.00 -1 0 -1.0000 -1.0000 -1.000000
312.50 C 20260810 -1.00 -1.00 -1 0 0.0006 0.9999 0.000000
315.00 C 20260810 -1.00 -1.00 -1 0 -1.0000 -1.0000 -1.000000
317.50 C 20260810 -1.00 -1.00 -1 0 0.8180 0.9997 0.000024
320.00 C 20260810 -1.00 -1.00 1 1 0.0006 0.9999 0.000000
322.50 C 20260810 -1.00 -1.00 -1 0 -1.0000 -1.0000 -1.000000
325.00 C 20260810 -1.00 -1.00 2 0 -1.0000 -1.0000 -1.000000
327.50 C 20260810 -1.00 -1.00 2 0 0.0006 0.9999 -0.000000
330.00 C 20260810 -1.00 -1.00 -1 0 0.0006 0.9999 0.000000
332.50 C 20260810 -1.00 -1.00 -1 0 0.8064 0.9981 0.000158
335.00 C 20260810 -1.00 -1.00 16 16 -1.0000 -1.0000 -1.000000
337.50 C 20260810 -1.00 -1.00 -1 0 -1.0000 -1.0000 -1.000000
340.00 C 20260810 -1.00 -1.00 50 0 -1.0000 -1.0000 -1.000000
342.50 C 20260810 -1.00 -1.00 50 0 -1.0000 -1.0000 -1.000000
345.00 C 20260810 -1.00 -1.00 -1 0 -1.0000 -1.0000 -1.000000
347.50 C 20260810 -1.00 -1.00 -1 0 -1.0000 -1.0000 -1.000000
350.00 C 20260810 -1.00 -1.00 2 0 -1.0000 -1.0000 -1.000000
352.50 C 20260810 -1.00 -1.00 2 0 0.0006 0.9999 0.000000
355.00 C 20260810 -1.00 -1.00 51 26 0.8258 0.9803 0.001262
357.50 C 20260810 -1.00 -1.00 15 38 0.8093 0.9784 0.001397
360.00 C 20260810 -1.00 -1.00 4 8 0.7813 0.9777 0.001486
362.50 C 20260810 -1.00 -1.00 1 1 0.0006 0.9999 -0.000000
365.00 C 20260810 -1.00 -1.00 2 1 0.6673 0.9840 0.001302
367.50 C 20260810 -1.00 -1.00 10 10 0.5227 0.9959 0.000503
370.00 C 20260810 -1.00 -1.00 8 62 0.6825 0.9731 0.002014
372.50 C 20260810 -1.00 -1.00 4 10 0.5628 0.9862 0.001362
375.00 C 20260810 -1.00 -1.00 5 6 -1.0000 -1.0000 -1.000000
377.50 C 20260810 -1.00 -1.00 3 19 0.4530 0.9926 0.000974
380.00 C 20260810 -1.00 -1.00 2 22 -1.0000 -1.0000 -1.000000
382.50 C 20260810 -1.00 -1.00 3 22 0.0006 0.9999 0.000000
385.00 C 20260810 -1.00 -1.00 9 19 0.0006 0.9999 0.000000
387.50 C 20260810 -1.00 -1.00 6 13 0.4710 0.9661 0.003515
390.00 C 20260810 -1.00 -1.00 2 172 0.3913 0.9786 0.002866
392.50 C 20260810 -1.00 -1.00 6 104 0.3545 0.9803 0.002932
395.00 C 20260810 -1.00 -1.00 1 61 0.3894 0.9575 0.005091
397.50 C 20260810 -1.00 -1.00 1 11 0.3832 0.9452 0.006386
400.00 C 20260810 -1.00 -1.00 17 287 0.3491 0.9437 0.007175
402.50 C 20260810 -1.00 -1.00 10 57 0.3825 0.9013 0.010007
405.00 C 20260810 -1.00 -1.00 28 293 0.3173 0.9141 0.010868
407.50 C 20260810 -1.00 -1.00 70 113 0.3824 0.8384 0.014120
410.00 C 20260810 -1.00 -1.00 18 269 0.3518 0.8180 0.016583
412.50 C 20260810 -1.00 -1.00 10 134 0.3564 0.7724 0.018935
415.00 C 20260810 -1.00 -1.00 47 108 0.3570 0.7186 0.020867
417.50 C 20260810 -1.00 -1.00 29 30 0.3625 0.6633 0.022547
420.00 C 20260810 -1.00 -1.00 48 300 0.3694 0.6029 0.023092
422.50 C 20260810 -1.00 -1.00 120 130 0.3788 0.5434 0.023269
425.00 C 20260810 -1.00 -1.00 167 154 0.3696 0.4854 0.024016
427.50 C 20260810 -1.00 -1.00 91 57 0.3493 0.4218 0.024766
430.00 C 20260810 -1.00 -1.00 796 171 0.3691 0.3682 0.022933
432.50 C 20260810 -1.00 -1.00 62 101 0.3555 0.3100 0.021924
435.00 C 20260810 -1.00 -1.00 339 182 0.3656 0.2636 0.019824
437.50 C 20260810 -1.00 -1.00 62 51 0.3816 0.2274 0.017648
440.00 C 20260810 -1.00 -1.00 612 179 0.3839 0.1914 0.015656
442.50 C 20260810 -1.00 -1.00 103 65 0.3903 0.1587 0.013722
445.00 C 20260810 -1.00 -1.00 142 61 0.3822 0.1231 0.011806
447.50 C 20260810 -1.00 -1.00 44 19 0.3744 0.0931 0.009784
450.00 C 20260810 -1.00 -1.00 215 149 0.3918 0.0799 0.008392
452.50 C 20260810 -1.00 -1.00 59 9 0.3961 0.0643 0.007030
455.00 C 20260810 -1.00 -1.00 80 24 0.3971 0.0510 0.005780
457.50 C 20260810 -1.00 -1.00 4 10 0.3900 0.0337 0.004260
460.00 C 20260810 -1.00 -1.00 73 54 0.4276 0.0382 0.004277
462.50 C 20260810 -1.00 -1.00 1 2 0.4559 0.0383 0.004017
465.00 C 20260810 -1.00 -1.00 6 10 0.4081 0.0176 0.002321
470.00 C 20260810 -1.00 -1.00 11 47 0.4475 0.0157 0.001923
475.00 C 20260810 -1.00 -1.00 51 13 0.4357 0.0075 0.001029
480.00 C 20260810 -1.00 -1.00 2 21 0.4760 0.0075 0.000948
485.00 C 20260810 -1.00 -1.00 4 5 0.5390 0.0101 0.001088
490.00 C 20260810 -1.00 -1.00 5 5 0.5370 0.0057 0.000654
495.00 C 20260810 -1.00 -1.00 9 13 0.5351 0.0033 0.000404
500.00 C 20260810 -1.00 -1.00 11 34 0.5780 0.0037 0.000412
505.00 C 20260810 -1.00 -1.00 -1 0 0.8290 0.0266 0.001625
510.00 C 20260810 -1.00 -1.00 6 6 0.8666 0.0255 0.001502
515.00 C 20260810 -1.00 -1.00 3 0 0.9078 0.0251 0.001412
520.00 C 20260810 -1.00 -1.00 1 1 0.8020 0.0093 0.000678
525.00 C 20260810 -1.00 -1.00 1 1 0.8387 0.0093 0.000648
530.00 C 20260810 -1.00 -1.00 -1 0 0.8574 0.0080 0.000557
535.00 C 20260810 -1.00 -1.00 -1 0 -1.0000 -1.0000 -1.000000
310.00 P 20260810 -1.00 -1.00 2 6 1.2065 -0.0060 0.000307
312.50 P 20260810 -1.00 -1.00 1 9 1.1373 -0.0046 0.000256
315.00 P 20260810 -1.00 -1.00 3 15 1.0921 -0.0040 0.000235
317.50 P 20260810 -1.00 -1.00 1 1 1.1523 -0.0076 0.000395
320.00 P 20260810 -1.00 -1.00 45 41 1.2729 -0.0161 0.000689
322.50 P 20260810 -1.00 -1.00 20 31 1.0281 -0.0050 0.000307
325.00 P 20260810 -1.00 -1.00 3 7 1.1569 -0.0127 0.000622
327.50 P 20260810 -1.00 -1.00 1 4 1.0438 -0.0083 0.000476
330.00 P 20260810 -1.00 -1.00 2 18 0.8737 -0.0028 0.000212
332.50 P 20260810 -1.00 -1.00 12 8 1.0815 -0.0150 0.000762
335.00 P 20260810 -1.00 -1.00 1 41 1.0616 -0.0162 0.000831
337.50 P 20260810 -1.00 -1.00 6 7 0.9958 -0.0133 0.000751
340.00 P 20260810 -1.00 -1.00 7 12 0.9618 -0.0132 0.000772
342.50 P 20260810 -1.00 -1.00 5 15 0.9306 -0.0133 0.000804
345.00 P 20260810 -1.00 -1.00 1 72 0.9091 -0.0145 0.000881
347.50 P 20260810 -1.00 -1.00 16 36 0.9285 -0.0197 0.001128
350.00 P 20260810 -1.00 -1.00 4 59 0.8477 -0.0148 0.000965
352.50 P 20260810 -1.00 -1.00 4 4 0.8268 -0.0161 0.001061
355.00 P 20260810 -1.00 -1.00 4 18 0.7011 -0.0076 0.000655
357.50 P 20260810 -1.00 -1.00 2 18 0.6989 -0.0093 0.000790
360.00 P 20260810 -1.00 -1.00 13 371 0.6747 -0.0097 0.000845
362.50 P 20260810 -1.00 -1.00 1 16 0.6120 -0.0073 0.000715
365.00 P 20260810 -1.00 -1.00 3 30 0.6320 -0.0108 0.000997
367.50 P 20260810 -1.00 -1.00 4 8 0.5647 -0.0078 0.000831
370.00 P 20260810 -1.00 -1.00 81 137 0.5304 -0.0072 0.000819
372.50 P 20260810 -1.00 -1.00 3 33 0.5768 -0.0162 0.001529
375.00 P 20260810 -1.00 -1.00 36 205 0.5482 -0.0165 0.001633
377.50 P 20260810 -1.00 -1.00 21 29 0.5199 -0.0168 0.001750
380.00 P 20260810 -1.00 -1.00 22 100 0.4871 -0.0162 0.001813
382.50 P 20260810 -1.00 -1.00 3 22 0.4592 -0.0165 0.001956
385.00 P 20260810 -1.00 -1.00 43 85 0.4862 -0.0280 0.002938
387.50 P 20260810 -1.00 -1.00 6 26 0.4688 -0.0333 0.003484
390.00 P 20260810 -1.00 -1.00 49 36 0.4681 -0.0453 0.004468
392.50 P 20260810 -1.00 -1.00 3 13 0.4539 -0.0530 0.005254
395.00 P 20260810 -1.00 -1.00 39 21 0.4262 -0.0567 0.005920
397.50 P 20260810 -1.00 -1.00 53 94 0.4378 -0.0807 0.007531
400.00 P 20260810 -1.00 -1.00 343 302 0.4123 -0.0905 0.008700
402.50 P 20260810 -1.00 -1.00 149 35 0.4217 -0.1187 0.010493
405.00 P 20260810 -1.00 -1.00 122 88 0.4224 -0.1504 0.012226
407.50 P 20260810 -1.00 -1.00 47 62 0.4158 -0.1818 0.014030
410.00 P 20260810 -1.00 -1.00 69 46 0.4089 -0.2139 0.015949
412.50 P 20260810 -1.00 -1.00 33 30 0.4210 -0.2647 0.017198
415.00 P 20260810 -1.00 -1.00 187 18 0.4021 -0.3029 0.019249
417.50 P 20260810 -1.00 -1.00 13 13 0.3974 -0.3498 0.020925
420.00 P 20260810 -1.00 -1.00 97 28 0.3956 -0.4041 0.021680
422.50 P 20260810 -1.00 -1.00 32 36 0.4216 -0.4605 0.020990
425.00 P 20260810 -1.00 -1.00 13 15 0.3744 -0.5158 0.023758
427.50 P 20260810 -1.00 -1.00 17 1 0.4286 -0.5621 0.020372
430.00 P 20260810 -1.00 -1.00 3 14 0.4302 -0.6121 0.019904
432.50 P 20260810 -1.00 -1.00 1 0 0.3604 -0.6896 0.021770
435.00 P 20260810 -1.00 -1.00 9 7 0.3586 -0.7434 0.020137
437.50 P 20260810 -1.00 -1.00 2 2 0.4452 -0.7380 0.016334
440.00 P 20260810 -1.00 -1.00 30 2 0.3780 -0.8149 0.015763
442.50 P 20260810 -1.00 -1.00 5 5 0.4360 -0.8137 0.013696
445.00 P 20260810 -1.00 -1.00 -1 0 0.4331 -0.8487 0.012193
447.50 P 20260810 -1.00 -1.00 1 1 0.3933 -0.8977 0.010256
450.00 P 20260810 -1.00 -1.00 -1 0 0.4437 -0.8917 0.009438
452.50 P 20260810 -1.00 -1.00 -1 0 0.4485 -0.9104 0.008168
455.00 P 20260810 -1.00 -1.00 -1 0 0.4559 -0.9273 0.007005
457.50 P 20260810 -1.00 -1.00 -1 0 0.4876 -0.9289 0.006441
460.00 P 20260810 -1.00 -1.00 -1 0 0.4972 -0.9371 0.005726
462.50 P 20260810 -1.00 -1.00 -1 0 0.4634 -0.9616 0.004280
465.00 P 20260810 -1.00 -1.00 -1 0 0.5245 -0.9490 0.004599
470.00 P 20260810 -1.00 -1.00 -1 0 0.5774 -0.9510 0.004038
475.00 P 20260810 -1.00 -1.00 1 0 0.6296 -0.9526 0.003599
480.00 P 20260810 -1.00 -1.00 -1 0 -1.0000 -1.0000 -1.000000
485.00 P 20260810 -1.00 -1.00 -1 0 -1.0000 -1.0000 -1.000000
490.00 P 20260810 -1.00 -1.00 -1 0 -1.0000 -1.0000 -1.000000
495.00 P 20260810 -1.00 -1.00 -1 0 0.7321 -0.9761 0.001839
500.00 P 20260810 -1.00 -1.00 -1 0 -1.0000 -1.0000 -1.000000
505.00 P 20260810 -1.00 -1.00 -1 0 0.6538 -0.9970 0.000577
510.00 P 20260810 -1.00 -1.00 1 0 0.8471 -0.9789 0.001425
515.00 P 20260810 -1.00 -1.00 -1 0 0.8531 -0.9843 0.001149
520.00 P 20260810 -1.00 -1.00 -1 0 -1.0000 -1.0000 -1.000000
525.00 P 20260810 -1.00 -1.00 -1 0 0.9484 -0.9824 0.001107
530.00 P 20260810 -1.00 -1.00 -1 0 0.9952 -0.9816 0.001083
535.00 P 20260810 -1.00 -1.00 -1 0 0.9998 -0.9862 0.000881
310.00 C 20260812 -1.00 -1.00 -1 0 0.8283 0.9987 0.000083
312.50 C 20260812 -1.00 -1.00 -1 0 -1.0000 -1.0000 -1.000000
315.00 C 20260812 -1.00 -1.00 -1 0 -1.0000 -1.0000 -1.000000
317.50 C 20260812 -1.00 -1.00 -1 0 -1.0000 -1.0000 -1.000000
320.00 C 20260812 -1.00 -1.00 2 2 -1.0000 -1.0000 -1.000000
322.50 C 20260812 -1.00 -1.00 -1 0 -1.0000 -1.0000 -1.000000
325.00 C 20260812 -1.00 -1.00 1 1 -1.0000 -1.0000 -1.000000
327.50 C 20260812 -1.00 -1.00 -1 0 -1.0000 -1.0000 -1.000000
330.00 C 20260812 -1.00 -1.00 -1 0 0.7565 0.9960 0.000276
332.50 C 20260812 -1.00 -1.00 -1 0 0.6798 0.9976 0.000187
335.00 C 20260812 -1.00 -1.00 -1 0 -1.0000 -1.0000 -1.000000
337.50 C 20260812 -1.00 -1.00 -1 0 0.6882 0.9960 0.000305
340.00 C 20260812 -1.00 -1.00 2 1 0.6658 0.9960 0.000316
342.50 C 20260812 -1.00 -1.00 -1 0 -1.0000 -1.0000 -1.000000
345.00 C 20260812 -1.00 -1.00 -1 0 -1.0000 -1.0000 -1.000000
347.50 C 20260812 -1.00 -1.00 1 1 -1.0000 -1.0000 -1.000000
350.00 C 20260812 -1.00 -1.00 8 3 -1.0000 -1.0000 -1.000000
352.50 C 20260812 -1.00 -1.00 -1 0 -1.0000 -1.0000 -1.000000
355.00 C 20260812 -1.00 -1.00 -1 0 -1.0000 -1.0000 -1.000000
357.50 C 20260812 -1.00 -1.00 6 3 -1.0000 -1.0000 -1.000000
360.00 C 20260812 -1.00 -1.00 -1 0 -1.0000 -1.0000 -1.000000
362.50 C 20260812 -1.00 -1.00 -1 0 -1.0000 -1.0000 -1.000000
365.00 C 20260812 -1.00 -1.00 4 6 0.0007 0.9999 0.000000
367.50 C 20260812 -1.00 -1.00 -1 0 0.0007 0.9999 0.000000
370.00 C 20260812 -1.00 -1.00 5 4 0.0007 0.9999 0.000000
372.50 C 20260812 -1.00 -1.00 10 10 -1.0000 -1.0000 -1.000000
375.00 C 20260812 -1.00 -1.00 2 7 0.5250 0.9682 0.002468
377.50 C 20260812 -1.00 -1.00 19 13 0.0007 0.9999 0.000000
380.00 C 20260812 -1.00 -1.00 25 24 0.3971 0.9849 0.001717
382.50 C 20260812 -1.00 -1.00 4 0 0.3944 0.9795 0.002247
385.00 C 20260812 -1.00 -1.00 17 35 0.4823 0.9432 0.004313
387.50 C 20260812 -1.00 -1.00 10 22 0.4249 0.9516 0.004279
390.00 C 20260812 -1.00 -1.00 2 19 0.4147 0.9439 0.004963
392.50 C 20260812 -1.00 -1.00 1 2 0.4658 0.9038 0.006638
395.00 C 20260812 -1.00 -1.00 9 15 0.4485 0.8937 0.007451
397.50 C 20260812 -1.00 -1.00 5 7 0.4339 0.8816 0.008386
400.00 C 20260812 -1.00 -1.00 3 156 0.4448 0.8504 0.009520
402.50 C 20260812 -1.00 -1.00 8 13 0.4401 0.8255 0.010628
405.00 C 20260812 -1.00 -1.00 3 100 0.4407 0.7975 0.011737
407.50 C 20260812 -1.00 -1.00 5 7 0.4278 0.7731 0.012963
410.00 C 20260812 -1.00 -1.00 1 54 0.4573 0.7237 0.013306
412.50 C 20260812 -1.00 -1.00 8 19 0.4294 0.6988 0.014805
415.00 C 20260812 -1.00 -1.00 36 356 0.4751 0.6492 0.014384
417.50 C 20260812 -1.00 -1.00 6 8 0.4293 0.6208 0.016194
420.00 C 20260812 -1.00 -1.00 25 59 0.4310 0.5789 0.016529
422.50 C 20260812 -1.00 -1.00 10 35 0.4521 0.5367 0.016141
425.00 C 20260812 -1.00 -1.00 50 70 0.4518 0.4972 0.016237
427.50 C 20260812 -1.00 -1.00 17 17 0.4495 0.4575 0.016082
430.00 C 20260812 -1.00 -1.00 26 94 0.4415 0.4160 0.016117
432.50 C 20260812 -1.00 -1.00 4 15 0.4629 0.3826 0.015178
435.00 C 20260812 -1.00 -1.00 29 391 0.4615 0.3471 0.014679
437.50 C 20260812 -1.00 -1.00 5 9 0.4263 0.2977 0.014787
440.00 C 20260812 -1.00 -1.00 26 593 0.4308 0.2640 0.013883
442.50 C 20260812 -1.00 -1.00 2 26 0.4388 0.2350 0.012913
445.00 C 20260812 -1.00 -1.00 15 60 0.4281 0.2024 0.011986
447.50 C 20260812 -1.00 -1.00 2 11 0.4274 0.1745 0.010938
450.00 C 20260812 -1.00 -1.00 100 57 0.4333 0.1511 0.009905
452.50 C 20260812 -1.00 -1.00 7 21 0.4396 0.1327 0.008955
455.00 C 20260812 -1.00 -1.00 10 18 0.4422 0.1164 0.008048
457.50 C 20260812 -1.00 -1.00 6 1 0.4346 0.0945 0.007019
460.00 C 20260812 -1.00 -1.00 24 18 0.4425 0.0815 0.006212
462.50 C 20260812 -1.00 -1.00 1 1 0.4472 0.0695 0.005474
465.00 C 20260812 -1.00 -1.00 9 22 0.4485 0.0601 0.004826
467.50 C 20260812 -1.00 -1.00 1 5 0.4482 0.0500 0.004155
470.00 C 20260812 -1.00 -1.00 5 8 0.4537 0.0425 0.003604
472.50 C 20260812 -1.00 -1.00 2 0 0.4691 0.0393 0.003283
475.00 C 20260812 -1.00 -1.00 26 20 0.4852 0.0367 0.003012
477.50 C 20260812 -1.00 -1.00 1 1 0.4699 0.0272 0.002411
480.00 C 20260812 -1.00 -1.00 8 20 0.4702 0.0225 0.002047
485.00 C 20260812 -1.00 -1.00 12 2 0.5031 0.0212 0.001817
490.00 C 20260812 -1.00 -1.00 6 3 0.5292 0.0186 0.001549
495.00 C 20260812 -1.00 -1.00 2 5 0.4933 0.0082 0.000808
500.00 C 20260812 -1.00 -1.00 17 16 0.5439 0.0102 0.000897
505.00 C 20260812 -1.00 -1.00 20 8 0.5567 0.0082 0.000720
510.00 C 20260812 -1.00 -1.00 -1 0 0.6500 0.0143 0.001017
515.00 C 20260812 -1.00 -1.00 2 10 0.6263 0.0090 0.000693
520.00 C 20260812 -1.00 -1.00 2 2 0.6569 0.0090 0.000660
525.00 C 20260812 -1.00 -1.00 4 4 0.8288 0.0264 0.001330
530.00 C 20260812 -1.00 -1.00 -1 0 0.8460 0.0238 0.001193
535.00 C 20260812 -1.00 -1.00 2 2 0.8646 0.0216 0.001073
310.00 P 20260812 -1.00 -1.00 4 3 1.1364 -0.0134 0.000546
312.50 P 20260812 -1.00 -1.00 2 1 1.0247 -0.0084 0.000405
315.00 P 20260812 -1.00 -1.00 1 2 1.0654 -0.0125 0.000548
317.50 P 20260812 -1.00 -1.00 1 2 1.1408 -0.0208 0.000793
320.00 P 20260812 -1.00 -1.00 15 7 0.8695 -0.0049 0.000293
322.50 P 20260812 -1.00 -1.00 1 3 1.0317 -0.0171 0.000741
325.00 P 20260812 -1.00 -1.00 1 7 1.0064 -0.0176 0.000775
327.50 P 20260812 -1.00 -1.00 372 332 0.9691 -0.0169 0.000778
330.00 P 20260812 -1.00 -1.00 1 17 0.9138 -0.0144 0.000719
332.50 P 20260812 -1.00 -1.00 1 2 0.8026 -0.0080 0.000492
335.00 P 20260812 -1.00 -1.00 1 7 0.9071 -0.0194 0.000937
337.50 P 20260812 -1.00 -1.00 1 5 0.8587 -0.0174 0.000904
340.00 P 20260812 -1.00 -1.00 7 12 0.7152 -0.0073 0.000505
342.50 P 20260812 -1.00 -1.00 5 0 0.6895 -0.0072 0.000517
345.00 P 20260812 -1.00 -1.00 4 25 0.7373 -0.0129 0.000816
347.50 P 20260812 -1.00 -1.00 11 7 0.7159 -0.0136 0.000876
350.00 P 20260812 -1.00 -1.00 13 29 0.6138 -0.0068 0.000556
352.50 P 20260812 -1.00 -1.00 3 12 0.6519 -0.0118 0.000860
355.00 P 20260812 -1.00 -1.00 10 25 0.6409 -0.0140 0.001005
357.50 P 20260812 -1.00 -1.00 11 49 0.6221 -0.0151 0.001101
360.00 P 20260812 -1.00 -1.00 3 55 0.5820 -0.0127 0.001022
362.50 P 20260812 -1.00 -1.00 2 15 0.5790 -0.0165 0.001275
365.00 P 20260812 -1.00 -1.00 1 19 0.5723 -0.0196 0.001501
367.50 P 20260812 -1.00 -1.00 3 4 0.5598 -0.0220 0.001693
370.00 P 20260812 -1.00 -1.00 569 11 0.5729 -0.0288 0.002100
372.50 P 20260812 -1.00 -1.00 33 31 0.5421 -0.0281 0.002181
375.00 P 20260812 -1.00 -1.00 7 47 0.5267 -0.0323 0.002496
377.50 P 20260812 -1.00 -1.00 5 9 0.5143 -0.0376 0.002883
380.00 P 20260812 -1.00 -1.00 10 61 0.5181 -0.0481 0.003497
382.50 P 20260812 -1.00 -1.00 1 11 0.5020 -0.0528 0.003904
385.00 P 20260812 -1.00 -1.00 28 21 0.5011 -0.0621 0.004496
387.50 P 20260812 -1.00 -1.00 8 35 0.4912 -0.0735 0.005168
390.00 P 20260812 -1.00 -1.00 28 29 0.4728 -0.0819 0.005806
392.50 P 20260812 -1.00 -1.00 44 27 0.4716 -0.0987 0.006698
395.00 P 20260812 -1.00 -1.00 22 25 0.4769 -0.1182 0.007628
397.50 P 20260812 -1.00 -1.00 18 17 0.4663 -0.1350 0.008535
400.00 P 20260812 -1.00 -1.00 104 40 0.4542 -0.1548 0.009538
402.50 P 20260812 -1.00 -1.00 7 60 0.4696 -0.1888 0.010508
405.00 P 20260812 -1.00 -1.00 98 54 0.4698 -0.2149 0.011491
407.50 P 20260812 -1.00 -1.00 2 16 0.4634 -0.2449 0.012402
410.00 P 20260812 -1.00 -1.00 33 12 0.4608 -0.2780 0.013259
412.50 P 20260812 -1.00 -1.00 3 1 0.4369 -0.3043 0.014643
415.00 P 20260812 -1.00 -1.00 40 5 0.4654 -0.3487 0.014691
417.50 P 20260812 -1.00 -1.00 5 7 0.4600 -0.3862 0.015198
420.00 P 20260812 -1.00 -1.00 10 10 0.4547 -0.4246 0.015725
422.50 P 20260812 -1.00 -1.00 19 5 0.4426 -0.4637 0.016523
425.00 P 20260812 -1.00 -1.00 10 11 0.4422 -0.5043 0.016630
427.50 P 20260812 -1.00 -1.00 2 1 0.4558 -0.5425 0.015905
430.00 P 20260812 -1.00 -1.00 5 1 0.4275 -0.5886 0.016677
432.50 P 20260812 -1.00 -1.00 -1 0 0.4386 -0.6265 0.016023
435.00 P 20260812 -1.00 -1.00 -1 0 0.4413 -0.6614 0.015246
437.50 P 20260812 -1.00 -1.00 -1 0 0.4651 -0.6861 0.013960
440.00 P 20260812 -1.00 -1.00 1 1 0.4555 -0.7243 0.013469
442.50 P 20260812 -1.00 -1.00 -1 0 0.4503 -0.7613 0.012837
445.00 P 20260812 -1.00 -1.00 -1 0 0.4545 -0.7853 0.011861
447.50 P 20260812 -1.00 -1.00 -1 0 0.4603 -0.8079 0.010914
450.00 P 20260812 -1.00 -1.00 -1 0 0.4461 -0.8426 0.010014
452.50 P 20260812 -1.00 -1.00 -1 0 0.4483 -0.8655 0.009072
455.00 P 20260812 -1.00 -1.00 -1 0 0.4350 -0.8901 0.008068
457.50 P 20260812 -1.00 -1.00 -1 0 0.4238 -0.9151 0.006952
460.00 P 20260812 -1.00 -1.00 -1 0 0.4573 -0.9127 0.006539
462.50 P 20260812 -1.00 -1.00 -1 0 0.4536 -0.9312 0.005640
465.00 P 20260812 -1.00 -1.00 -1 0 0.4989 -0.9220 0.005555
467.50 P 20260812 -1.00 -1.00 -1 0 0.5394 -0.9156 0.005392
470.00 P 20260812 -1.00 -1.00 -1 0 0.4563 -0.9602 0.003755
472.50 P 20260812 -1.00 -1.00 -1 0 0.5064 -0.9493 0.003980
475.00 P 20260812 -1.00 -1.00 -1 0 0.4477 -0.9776 0.002606
477.50 P 20260812 -1.00 -1.00 -1 0 0.4345 -0.9868 0.002007
480.00 P 20260812 -1.00 -1.00 -1 0 0.5379 -0.9634 0.002969
485.00 P 20260812 -1.00 -1.00 -1 0 0.6149 -0.9521 0.003107
490.00 P 20260812 -1.00 -1.00 1 0 0.6354 -0.9598 0.002651
495.00 P 20260812 -1.00 -1.00 -1 0 0.5695 -0.9843 0.001559
500.00 P 20260812 -1.00 -1.00 -1 0 0.5590 -0.9923 0.001047
505.00 P 20260812 -1.00 -1.00 -1 0 0.6331 -0.9857 0.001303
510.00 P 20260812 -1.00 -1.00 -1 0 0.6644 -0.9863 0.001201
515.00 P 20260812 -1.00 -1.00 -1 0 0.6425 -0.9932 0.000816
520.00 P 20260812 -1.00 -1.00 -1 0 0.8780 -0.9618 0.001818
525.00 P 20260812 -1.00 -1.00 -1 0 0.7209 -0.9915 0.000827
530.00 P 20260812 -1.00 -1.00 -1 0 0.8322 -0.9806 0.001166
535.00 P 20260812 -1.00 -1.00 -1 0 0.8534 -0.9825 0.001056
310.00 C 20260814 -1.00 -1.00 -1 0 0.0008 0.9999 0.000000
312.50 C 20260814 -1.00 -1.00 -1 0 0.8462 0.9937 0.000322
315.00 C 20260814 -1.00 -1.00 2 1 0.9956 0.9812 0.000719
317.50 C 20260814 -1.00 -1.00 -1 0 0.9182 0.9858 0.000611
320.00 C 20260814 -1.00 -1.00 5 6 0.8447 0.9902 0.000483
322.50 C 20260814 -1.00 -1.00 -1 0 0.8233 0.9901 0.000503
325.00 C 20260814 -1.00 -1.00 2 9 0.8408 0.9860 0.000661
327.50 C 20260814 -1.00 -1.00 -1 0 0.7917 0.9887 0.000584
330.00 C 20260814 -1.00 -1.00 2 1004 -1.0000 -1.0000 -1.000000
332.50 C 20260814 -1.00 -1.00 -1 0 0.0008 0.9999 0.000000
335.00 C 20260814 -1.00 -1.00 4 16 0.7520 0.9849 0.000789
337.50 C 20260814 -1.00 -1.00 -1 0 0.0008 0.9999 0.000000
340.00 C 20260814 -1.00 -1.00 2 5 0.7173 0.9831 0.000908
342.50 C 20260814 -1.00 -1.00 -1 0 0.0008 0.9999 -0.000000
345.00 C 20260814 -1.00 -1.00 4 8 0.6745 0.9823 0.001004
347.50 C 20260814 -1.00 -1.00 2 2 0.6706 0.9796 0.001147
350.00 C 20260814 -1.00 -1.00 5 42 0.7298 0.9660 0.001624
352.50 C 20260814 -1.00 -1.00 1 1 0.6544 0.9751 0.001405
355.00 C 20260814 -1.00 -1.00 4 5 0.0008 0.9999 -0.000000
357.50 C 20260814 -1.00 -1.00 15 21 0.6255 0.9715 0.001652
360.00 C 20260814 -1.00 -1.00 2 96 0.0008 0.9999 0.000000
362.50 C 20260814 -1.00 -1.00 4 3 0.5796 0.9698 0.001863
365.00 C 20260814 -1.00 -1.00 2 38 0.5485 0.9714 0.001890
367.50 C 20260814 -1.00 -1.00 12 13 0.5931 0.9517 0.002660
370.00 C 20260814 -1.00 -1.00 2 87 0.5079 0.9682 0.002218
372.50 C 20260814 -1.00 -1.00 40 26 0.4732 0.9714 0.002194
375.00 C 20260814 -1.00 -1.00 25 270 0.4886 0.9575 0.002905
377.50 C 20260814 -1.00 -1.00 20 202 0.5309 0.9367 0.003736
380.00 C 20260814 -1.00 -1.00 32 257 0.4862 0.9410 0.003848
382.50 C 20260814 -1.00 -1.00 3 115 0.5206 0.9136 0.004763
385.00 C 20260814 -1.00 -1.00 73 268 0.5049 0.9060 0.005236
387.50 C 20260814 -1.00 -1.00 1 165 0.4846 0.8999 0.005728
390.00 C 20260814 -1.00 -1.00 68 390 0.4786 0.8874 0.006358
392.50 C 20260814 -1.00 -1.00 2 24 0.4632 0.8783 0.006993
395.00 C 20260814 -1.00 -1.00 8 125 0.4664 0.8544 0.007760
397.50 C 20260814 -1.00 -1.00 1 21 0.4605 0.8346 0.008531
400.00 C 20260814 -1.00 -1.00 14 955 0.4962 0.7966 0.009107
402.50 C 20260814 -1.00 -1.00 12 56 0.4859 0.7771 0.009837
405.00 C 20260814 -1.00 -1.00 37 301 0.4856 0.7489 0.010402
407.50 C 20260814 -1.00 -1.00 28 213 0.4772 0.7236 0.011097
410.00 C 20260814 -1.00 -1.00 135 1703 0.4769 0.6947 0.011683
412.50 C 20260814 -1.00 -1.00 28 83 0.4848 0.6639 0.012106
415.00 C 20260814 -1.00 -1.00 301 839 0.4641 0.6367 0.012900
417.50 C 20260814 -1.00 -1.00 674 567 0.4552 0.6046 0.013410
420.00 C 20260814 -1.00 -1.00 253 1200 0.4634 0.5695 0.013450
422.50 C 20260814 -1.00 -1.00 46 290 0.4676 0.5358 0.013595
425.00 C 20260814 -1.00 -1.00 332 755 0.4622 0.5023 0.013822
427.50 C 20260814 -1.00 -1.00 103 251 0.4590 0.4685 0.013751
430.00 C 20260814 -1.00 -1.00 753 669 0.4598 0.4350 0.013563
432.50 C 20260814 -1.00 -1.00 1682 187 0.4645 0.4026 0.013269
435.00 C 20260814 -1.00 -1.00 132 788 0.4663 0.3703 0.013036
437.50 C 20260814 -1.00 -1.00 106 72 0.4667 0.3417 0.012523
440.00 C 20260814 -1.00 -1.00 374 961 0.4593 0.3098 0.012155
442.50 C 20260814 -1.00 -1.00 1607 81 0.4608 0.2814 0.011609
445.00 C 20260814 -1.00 -1.00 55 320 0.4656 0.2550 0.011025
447.50 C 20260814 -1.00 -1.00 92 94 0.4671 0.2309 0.010416
450.00 C 20260814 -1.00 -1.00 1650 615 0.4634 0.2073 0.009778
452.50 C 20260814 -1.00 -1.00 21 40 0.4677 0.1878 0.009100
455.00 C 20260814 -1.00 -1.00 144 204 0.4697 0.1673 0.008445
457.50 C 20260814 -1.00 -1.00 66 18 0.4708 0.1464 0.007799
460.00 C 20260814 -1.00 -1.00 102 481 0.4677 0.1293 0.007169
462.50 C 20260814 -1.00 -1.00 32 33 0.4655 0.1138 0.006537
465.00 C 20260814 -1.00 -1.00 23 366 0.4709 0.1023 0.005972
467.50 C 20260814 -1.00 -1.00 16 36 0.4738 0.0897 0.005401
470.00 C 20260814 -1.00 -1.00 44 187 0.4796 0.0789 0.004885
472.50 C 20260814 -1.00 -1.00 16 14 0.4823 0.0698 0.004425
475.00 C 20260814 -1.00 -1.00 17 97 0.4797 0.0609 0.003966
477.50 C 20260814 -1.00 -1.00 24 13 0.4821 0.0538 0.003565
480.00 C 20260814 -1.00 -1.00 261 495 0.4802 0.0451 0.003107
482.50 C 20260814 -1.00 -1.00 3 12 0.4889 0.0407 0.002819
485.00 C 20260814 -1.00 -1.00 12 98 0.4768 0.0308 0.002311
487.50 C 20260814 -1.00 -1.00 1 11 0.4924 0.0303 0.002205
490.00 C 20260814 -1.00 -1.00 42 138 0.4980 0.0277 0.002014
495.00 C 20260814 -1.00 -1.00 3 94 0.5217 0.0255 0.001786
500.00 C 20260814 -1.00 -1.00 55 574 0.4921 0.0125 0.001036
505.00 C 20260814 -1.00 -1.00 10 57 0.5352 0.0143 0.001072
510.00 C 20260814 -1.00 -1.00 47 86 0.5240 0.0097 0.000773
515.00 C 20260814 -1.00 -1.00 37 98 0.5317 0.0075 0.000609
520.00 C 20260814 -1.00 -1.00 12 115 0.5456 0.0062 0.000499
525.00 C 20260814 -1.00 -1.00 2 28 0.6101 0.0102 0.000696
530.00 C 20260814 -1.00 -1.00 10 6 0.6267 0.0093 0.000621
535.00 C 20260814 -1.00 -1.00 11 65 0.5601 0.0028 0.000234
310.00 P 20260814 -1.00 -1.00 2 279 0.8271 -0.0040 0.000225
312.50 P 20260814 -1.00 -1.00 4 26 0.7597 -0.0026 0.000165
315.00 P 20260814 -1.00 -1.00 6 379 0.7916 -0.0044 0.000257
317.50 P 20260814 -1.00 -1.00 3 17 0.8394 -0.0082 0.000419
320.00 P 20260814 -1.00 -1.00 36 407 0.7357 -0.0036 0.000232
322.50 P 20260814 -1.00 -1.00 5 16 0.7416 -0.0053 0.000319
325.00 P 20260814 -1.00 -1.00 4 475 0.6839 -0.0032 0.000225
327.50 P 20260814 -1.00 -1.00 1 25 0.7158 -0.0063 0.000389
330.00 P 20260814 -1.00 -1.00 21 389 0.7052 -0.0070 0.000433
332.50 P 20260814 -1.00 -1.00 1 35 0.6616 -0.0056 0.000374
335.00 P 20260814 -1.00 -1.00 5 2603 0.6471 -0.0060 0.000410
337.50 P 20260814 -1.00 -1.00 1 39 0.6041 -0.0043 0.000329
340.00 P 20260814 -1.00 -1.00 10 557 0.6349 -0.0081 0.000548
342.50 P 20260814 -1.00 -1.00 16 43 0.6536 -0.0113 0.000718
345.00 P 20260814 -1.00 -1.00 16 320 0.6297 -0.0111 0.000734
347.50 P 20260814 -1.00 -1.00 2 37 0.6163 -0.0125 0.000827
350.00 P 20260814 -1.00 -1.00 55 388 0.6323 -0.0184 0.001116
352.50 P 20260814 -1.00 -1.00 5 46 0.5950 -0.0163 0.001072
355.00 P 20260814 -1.00 -1.00 23 307 0.5870 -0.0187 0.001224
357.50 P 20260814 -1.00 -1.00 2 27 0.5995 -0.0242 0.001505
360.00 P 20260814 -1.00 -1.00 553 1249 0.6021 -0.0291 0.001751
362.50 P 20260814 -1.00 -1.00 5 140 0.5601 -0.0259 0.001708
365.00 P 20260814 -1.00 -1.00 30 1317 0.5640 -0.0330 0.002063
367.50 P 20260814 -1.00 -1.00 3 230 0.5569 -0.0386 0.002363
370.00 P 20260814 -1.00 -1.00 122 1159 0.5573 -0.0463 0.002742
372.50 P 20260814 -1.00 -1.00 2 85 0.5395 -0.0492 0.002980
375.00 P 20260814 -1.00 -1.00 130 369 0.5384 -0.0568 0.003371
377.50 P 20260814 -1.00 -1.00 1 90 0.5329 -0.0642 0.003764
380.00 P 20260814 -1.00 -1.00 133 317 0.5220 -0.0731 0.004211
382.50 P 20260814 -1.00 -1.00 17 66 0.5135 -0.0834 0.004712
385.00 P 20260814 -1.00 -1.00 209 387 0.5127 -0.0971 0.005294
387.50 P 20260814 -1.00 -1.00 198 93 0.5072 -0.1090 0.005859
390.00 P 20260814 -1.00 -1.00 117 251 0.5016 -0.1213 0.006449
392.50 P 20260814 -1.00 -1.00 15 50 0.4965 -0.1392 0.007099
395.00 P 20260814 -1.00 -1.00 115 102 0.4983 -0.1615 0.007770
397.50 P 20260814 -1.00 -1.00 13 70 0.4884 -0.1786 0.008474
400.00 P 20260814 -1.00 -1.00 172 503 0.4964 -0.2036 0.009120
402.50 P 20260814 -1.00 -1.00 11 30 0.4929 -0.2264 0.009777
405.00 P 20260814 -1.00 -1.00 32 121 0.4857 -0.2514 0.010420
407.50 P 20260814 -1.00 -1.00 26 55 0.4774 -0.2768 0.011114
410.00 P 20260814 -1.00 -1.00 342 250 0.4842 -0.3078 0.011575
412.50 P 20260814 -1.00 -1.00 15 53 0.4885 -0.3374 0.012059
415.00 P 20260814 -1.00 -1.00 58 126 0.4703 -0.3653 0.012768
417.50 P 20260814 -1.00 -1.00 337 1800 0.4786 -0.3997 0.012813
420.00 P 20260814 -1.00 -1.00 499 1505 0.4678 -0.4315 0.013361
422.50 P 20260814 -1.00 -1.00 253 1017 0.4799 -0.4651 0.013284
425.00 P 20260814 -1.00 -1.00 414 345 0.4574 -0.4989 0.014006
427.50 P 20260814 -1.00 -1.00 17 23 0.4612 -0.5322 0.013729
430.00 P 20260814 -1.00 -1.00 6 97 0.4659 -0.5648 0.013434
432.50 P 20260814 -1.00 -1.00 13 13 0.4657 -0.5982 0.013285
435.00 P 20260814 -1.00 -1.00 11 11 0.4695 -0.6301 0.013009
437.50 P 20260814 -1.00 -1.00 34 34 0.4622 -0.6614 0.012668
440.00 P 20260814 -1.00 -1.00 49 213 0.4526 -0.6948 0.012340
442.50 P 20260814 -1.00 -1.00 -1 0 0.4729 -0.7143 0.011472
445.00 P 20260814 -1.00 -1.00 -1 0 0.4831 -0.7374 0.010844
447.50 P 20260814 -1.00 -1.00 -1 0 0.4879 -0.7616 0.010295
450.00 P 20260814 -1.00 -1.00 1 2 0.4640 -0.7945 0.009842
452.50 P 20260814 -1.00 -1.00 5 0 0.4818 -0.8066 0.009125
455.00 P 20260814 -1.00 -1.00 3 3 0.4965 -0.8194 0.008492
457.50 P 20260814 -1.00 -1.00 -1 0 0.4896 -0.8442 0.007912
460.00 P 20260814 -1.00 -1.00 1 1 0.4980 -0.8597 0.007340
462.50 P 20260814 -1.00 -1.00 -1 0 0.4821 -0.8807 0.006728
465.00 P 20260814 -1.00 -1.00 2 2 0.5001 -0.8858 0.006279
467.50 P 20260814 -1.00 -1.00 -1 0 0.5159 -0.8914 0.005865
470.00 P 20260814 -1.00 -1.00 1 1 0.5124 -0.9063 0.005338
472.50 P 20260814 -1.00 -1.00 -1 0 0.5280 -0.9113 0.004990
475.00 P 20260814 -1.00 -1.00 -1 0 0.5282 -0.9240 0.004515
477.50 P 20260814 -1.00 -1.00 5 0 0.5246 -0.9345 0.004088
480.00 P 20260814 -1.00 -1.00 1 1 0.4853 -0.9570 0.003279
482.50 P 20260814 -1.00 -1.00 -1 0 0.5468 -0.9415 0.003589
485.00 P 20260814 -1.00 -1.00 -1 0 0.5632 -0.9430 0.003412
487.50 P 20260814 -1.00 -1.00 -1 0 0.5574 -0.9519 0.003050
490.00 P 20260814 -1.00 -1.00 1 1 0.5737 -0.9531 0.002907
495.00 P 20260814 -1.00 -1.00 -1 0 0.5294 -0.9773 0.001944
500.00 P 20260814 -1.00 -1.00 5 1 0.5730 -0.9749 0.001905
505.00 P 20260814 -1.00 -1.00 1 0 0.6622 -0.9611 0.002188
510.00 P 20260814 -1.00 -1.00 7 0 0.6897 -0.9637 0.001999
515.00 P 20260814 -1.00 -1.00 1 0 0.7245 -0.9638 0.001893
520.00 P 20260814 -1.00 -1.00 -1 0 -1.0000 -1.0000 -1.000000
525.00 P 20260814 -1.00 -1.00 -1 0 -1.0000 -1.0000 -1.000000
530.00 P 20260814 -1.00 -1.00 10 0 0.7343 -0.9797 0.001238
535.00 P 20260814 -1.00 -1.00 -1 0 0.7192 -0.9878 0.000939
310.00 C 20260817 -1.00 -1.00 -1 0 0.0010 0.9998 0.000000
315.00 C 20260817 -1.00 -1.00 -1 0 -1.0000 -1.0000 -1.000000
320.00 C 20260817 -1.00 -1.00 -1 0 0.0010 0.9998 -0.000000
325.00 C 20260817 -1.00 -1.00 -1 0 0.5553 0.9976 0.000170
330.00 C 20260817 -1.00 -1.00 -1 0 -1.0000 -1.0000 -1.000000
335.00 C 20260817 -1.00 -1.00 -1 0 0.0010 0.9998 0.000000
337.50 C 20260817 -1.00 -1.00 -1 0 0.5053 0.9965 0.000271
340.00 C 20260817 -1.00 -1.00 1 0 0.0010 0.9998 0.000000
342.50 C 20260817 -1.00 -1.00 -1 0 0.0010 0.9998 -0.000000
345.00 C 20260817 -1.00 -1.00 -1 0 0.0010 0.9998 0.000000
347.50 C 20260817 -1.00 -1.00 -1 0 0.0010 0.9998 -0.000000
350.00 C 20260817 -1.00 -1.00 -1 0 0.5542 0.9795 0.001192
352.50 C 20260817 -1.00 -1.00 -1 0 0.0010 0.9998 -0.000000
355.00 C 20260817 -1.00 -1.00 -1 0 0.4389 0.9914 0.000700
357.50 C 20260817 -1.00 -1.00 -1 0 0.0010 0.9998 -0.000000
360.00 C 20260817 -1.00 -1.00 4 6 0.4533 0.9830 0.001234
362.50 C 20260817 -1.00 -1.00 -1 0 0.5674 0.9495 0.002473
365.00 C 20260817 -1.00 -1.00 10 11 0.4826 0.9671 0.002047
367.50 C 20260817 -1.00 -1.00 -1 0 0.4230 0.9769 0.001736
370.00 C 20260817 -1.00 -1.00 3 1 0.4764 0.9541 0.002719
372.50 C 20260817 -1.00 -1.00 1 1 0.4428 0.9573 0.002753
375.00 C 20260817 -1.00 -1.00 13 5 0.4941 0.9308 0.003650
377.50 C 20260817 -1.00 -1.00 1 1 0.4537 0.9375 0.003708
380.00 C 20260817 -1.00 -1.00 10 11 0.4380 0.9318 0.004080
382.50 C 20260817 -1.00 -1.00 1 1 0.4450 0.9144 0.004736
385.00 C 20260817 -1.00 -1.00 1 6 0.4661 0.8916 0.005426
387.50 C 20260817 -1.00 -1.00 -1 0 0.4385 0.8896 0.005851
390.00 C 20260817 -1.00 -1.00 15 143 0.4494 0.8682 0.006480
392.50 C 20260817 -1.00 -1.00 1 1 0.4749 0.8351 0.007065
395.00 C 20260817 -1.00 -1.00 3 12 0.4403 0.8321 0.007711
397.50 C 20260817 -1.00 -1.00 1 1 0.4365 0.8132 0.008357
400.00 C 20260817 -1.00 -1.00 2 13 0.4459 0.7885 0.008925
402.50 C 20260817 -1.00 -1.00 26 13 0.4451 0.7632 0.009444
405.00 C 20260817 -1.00 -1.00 1 3 0.4349 0.7411 0.010089
407.50 C 20260817 -1.00 -1.00 18 9 0.4416 0.7114 0.010492
410.00 C 20260817 -1.00 -1.00 23 54 0.4444 0.6839 0.010942
412.50 C 20260817 -1.00 -1.00 37 38 0.4399 0.6579 0.011486
415.00 C 20260817 -1.00 -1.00 1 19 0.4486 0.6256 0.011493
417.50 C 20260817 -1.00 -1.00 635 456 0.4315 0.5985 0.012153
420.00 C 20260817 -1.00 -1.00 23 125 0.4145 0.5691 0.012879
422.50 C 20260817 -1.00 -1.00 44 129 0.4300 0.5366 0.012657
425.00 C 20260817 -1.00 -1.00 40 188 0.4484 0.5067 0.012204
427.50 C 20260817 -1.00 -1.00 5 4 0.4286 0.4748 0.012630
430.00 C 20260817 -1.00 -1.00 11 122 0.4233 0.4428 0.012647
432.50 C 20260817 -1.00 -1.00 -1 0 0.4391 0.4159 0.012079
435.00 C 20260817 -1.00 -1.00 5 4 0.4321 0.3834 0.012133
437.50 C 20260817 -1.00 -1.00 -1 0 0.4430 0.3595 0.011566
440.00 C 20260817 -1.00 -1.00 2 154 0.4328 0.3294 0.011356
442.50 C 20260817 -1.00 -1.00 -1 0 0.4397 0.3063 0.010811
445.00 C 20260817 -1.00 -1.00 27 9 0.4372 0.2788 0.010439
447.50 C 20260817 -1.00 -1.00 11 0 0.4459 0.2578 0.009907
450.00 C 20260817 -1.00 -1.00 3 434 0.4482 0.2363 0.009428
452.50 C 20260817 -1.00 -1.00 1 0 0.4548 0.2203 0.008871
455.00 C 20260817 -1.00 -1.00 3 37 0.4462 0.1964 0.008398
457.50 C 20260817 -1.00 -1.00 12 12 0.4497 0.1792 0.007871
460.00 C 20260817 -1.00 -1.00 22 28 0.4492 0.1595 0.007355
462.50 C 20260817 -1.00 -1.00 5 0 0.4470 0.1403 0.006839
465.00 C 20260817 -1.00 -1.00 2 3 0.4451 0.1266 0.006339
467.50 C 20260817 -1.00 -1.00 1 0 0.4625 0.1228 0.005960
470.00 C 20260817 -1.00 -1.00 2 3 0.4349 0.0949 0.005242
472.50 C 20260817 -1.00 -1.00 2 1 0.4501 0.0910 0.004917
475.00 C 20260817 -1.00 -1.00 10 10 0.4518 0.0793 0.004457
477.50 C 20260817 -1.00 -1.00 4 0 0.4376 0.0647 0.003912
480.00 C 20260817 -1.00 -1.00 12 10 0.4651 0.0680 0.003837
482.50 C 20260817 -1.00 -1.00 -1 0 0.4665 0.0615 0.003517
485.00 C 20260817 -1.00 -1.00 6 3 0.4539 0.0493 0.003020
487.50 C 20260817 -1.00 -1.00 -1 0 0.4673 0.0478 0.002862
490.00 C 20260817 -1.00 -1.00 7 3 0.4436 0.0322 0.002211
492.50 C 20260817 -1.00 -1.00 -1 0 0.4915 0.0441 0.002555
495.00 C 20260817 -1.00 -1.00 2 2 0.4963 0.0395 0.002324
497.50 C 20260817 -1.00 -1.00 -1 0 0.5125 0.0396 0.002255
500.00 C 20260817 -1.00 -1.00 4 12 0.5309 0.0406 0.002220
505.00 C 20260817 -1.00 -1.00 4 4 0.5485 0.0354 0.001940
510.00 C 20260817 -1.00 -1.00 8 0 0.4941 0.0170 0.001148
515.00 C 20260817 -1.00 -1.00 -1 0 0.6350 0.0442 0.001981
520.00 C 20260817 -1.00 -1.00 -1 0 0.6583 0.0419 0.001833
525.00 C 20260817 -1.00 -1.00 -1 0 0.6022 0.0237 0.001242
530.00 C 20260817 -1.00 -1.00 -1 0 0.6222 0.0225 0.001150
535.00 C 20260817 -1.00 -1.00 -1 0 0.7761 0.0497 0.001776
310.00 P 20260817 -1.00 -1.00 -1 0 -1.0000 -1.0000 -1.000000
315.00 P 20260817 -1.00 -1.00 -1 0 0.8113 -0.0144 0.000603
320.00 P 20260817 -1.00 -1.00 8 8 0.8222 -0.0203 0.000803
325.00 P 20260817 -1.00 -1.00 20 20 0.7750 -0.0203 0.000851
330.00 P 20260817 -1.00 -1.00 22 16 0.7823 -0.0261 0.001058
335.00 P 20260817 -1.00 -1.00 1 6 0.6841 -0.0203 0.000965
337.50 P 20260817 -1.00 -1.00 -1 0 0.7194 -0.0280 0.001216
340.00 P 20260817 -1.00 -1.00 1 9 0.6839 -0.0258 0.001199
342.50 P 20260817 -1.00 -1.00 -1 0 0.6813 -0.0302 0.001360
345.00 P 20260817 -1.00 -1.00 10 11 0.6624 -0.0314 0.001441
347.50 P 20260817 -1.00 -1.00 -1 0 0.6474 -0.0335 0.001552
350.00 P 20260817 -1.00 -1.00 2 14 0.6112 -0.0303 0.001522
352.50 P 20260817 -1.00 -1.00 -1 0 0.5920 -0.0314 0.001615
355.00 P 20260817 -1.00 -1.00 1 5 0.5862 -0.0361 0.001821
357.50 P 20260817 -1.00 -1.00 2 1 0.5673 -0.0374 0.001936
360.00 P 20260817 -1.00 -1.00 1 4 0.5580 -0.0414 0.002138
362.50 P 20260817 -1.00 -1.00 7 7 0.5358 -0.0419 0.002250
365.00 P 20260817 -1.00 -1.00 2 12 0.5397 -0.0498 0.002578
367.50 P 20260817 -1.00 -1.00 -1 0 0.5112 -0.0489 0.002679
370.00 P 20260817 -1.00 -1.00 3 7 0.5008 -0.0531 0.002933
372.50 P 20260817 -1.00 -1.00 2 3 0.5012 -0.0605 0.003278
375.00 P 20260817 -1.00 -1.00 4 6 0.4916 -0.0679 0.003632
377.50 P 20260817 -1.00 -1.00 4 30 0.4904 -0.0800 0.004095
380.00 P 20260817 -1.00 -1.00 21 25 0.4782 -0.0873 0.004486
382.50 P 20260817 -1.00 -1.00 6 73 0.4831 -0.1023 0.005011
385.00 P 20260817 -1.00 -1.00 7 19 0.4690 -0.1095 0.005448
387.50 P 20260817 -1.00 -1.00 9 0 0.4706 -0.1241 0.005978
390.00 P 20260817 -1.00 -1.00 28 11 0.4654 -0.1408 0.006526
392.50 P 20260817 -1.00 -1.00 6 7 0.4525 -0.1539 0.007100
395.00 P 20260817 -1.00 -1.00 18 43 0.4562 -0.1758 0.007686
397.50 P 20260817 -1.00 -1.00 12 110 0.4522 -0.1940 0.008296
400.00 P 20260817 -1.00 -1.00 8 1137 0.4593 -0.2180 0.008826
402.50 P 20260817 -1.00 -1.00 850 411 0.4491 -0.2390 0.009418
405.00 P 20260817 -1.00 -1.00 1 47 0.4539 -0.2673 0.009836
407.50 P 20260817 -1.00 -1.00 2 1028 0.4537 -0.2932 0.010317
410.00 P 20260817 -1.00 -1.00 201 298 0.4525 -0.3190 0.010818
412.50 P 20260817 -1.00 -1.00 197 89 0.4460 -0.3445 0.011373
415.00 P 20260817 -1.00 -1.00 27 51 0.4254 -0.3699 0.012120
417.50 P 20260817 -1.00 -1.00 319 287 0.4437 -0.4041 0.011868
420.00 P 20260817 -1.00 -1.00 403 1301 0.4250 -0.4327 0.012611
422.50 P 20260817 -1.00 -1.00 199 1003 0.4235 -0.4642 0.012900
425.00 P 20260817 -1.00 -1.00 321 308 0.4538 -0.4944 0.012100
427.50 P 20260817 -1.00 -1.00 17 25 0.4434 -0.5249 0.012262
430.00 P 20260817 -1.00 -1.00 1 1 0.4457 -0.5544 0.012079
432.50 P 20260817 -1.00 -1.00 2 0 0.4471 -0.5838 0.011924
435.00 P 20260817 -1.00 -1.00 -1 0 0.4510 -0.6123 0.011712
437.50 P 20260817 -1.00 -1.00 -1 0 0.4515 -0.6396 0.011442
440.00 P 20260817 -1.00 -1.00 -1 0 0.4479 -0.6665 0.011123
442.50 P 20260817 -1.00 -1.00 -1 0 0.4530 -0.6899 0.010646
445.00 P 20260817 -1.00 -1.00 -1 0 0.4570 -0.7133 0.010205
447.50 P 20260817 -1.00 -1.00 -1 0 0.4362 -0.7508 0.010111
450.00 P 20260817 -1.00 -1.00 -1 0 0.4472 -0.7670 0.009502
452.50 P 20260817 -1.00 -1.00 -1 0 0.4525 -0.7836 0.008952
455.00 P 20260817 -1.00 -1.00 -1 0 0.4431 -0.8085 0.008485
457.50 P 20260817 -1.00 -1.00 -1 0 0.4532 -0.8219 0.007945
460.00 P 20260817 -1.00 -1.00 -1 0 0.4595 -0.8371 0.007445
462.50 P 20260817 -1.00 -1.00 -1 0 0.4554 -0.8591 0.006942
465.00 P 20260817 -1.00 -1.00 -1 0 0.4711 -0.8643 0.006520
467.50 P 20260817 -1.00 -1.00 -1 0 0.5027 -0.8618 0.006179
470.00 P 20260817 -1.00 -1.00 -1 0 0.4507 -0.9002 0.005503
472.50 P 20260817 -1.00 -1.00 -1 0 0.4659 -0.9042 0.005173
475.00 P 20260817 -1.00 -1.00 -1 0 0.4472 -0.9285 0.004497
477.50 P 20260817 -1.00 -1.00 -1 0 0.4849 -0.9177 0.004497
480.00 P 20260817 -1.00 -1.00 -1 0 0.4940 -0.9242 0.004187
482.50 P 20260817 -1.00 -1.00 -1 0 0.3805 -0.9804 0.002459
485.00 P 20260817 -1.00 -1.00 -1 0 0.4861 -0.9427 0.003496
487.50 P 20260817 -1.00 -1.00 -1 0 0.4809 -0.9517 0.003133
490.00 P 20260817 -1.00 -1.00 -1 0 0.4981 -0.9516 0.003022
492.50 P 20260817 -1.00 -1.00 -1 0 0.5022 -0.9566 0.002777
495.00 P 20260817 -1.00 -1.00 -1 0 0.5027 -0.9633 0.002512
497.50 P 20260817 -1.00 -1.00 -1 0 -1.0000 -1.0000 -1.000000
500.00 P 20260817 -1.00 -1.00 -1 0 0.5083 -0.9723 0.002073
505.00 P 20260817 -1.00 -1.00 -1 0 0.5184 -0.9765 0.001808
510.00 P 20260817 -1.00 -1.00 -1 0 0.5687 -0.9715 0.001860
515.00 P 20260817 -1.00 -1.00 -1 0 0.5185 -0.9898 0.001140
520.00 P 20260817 -1.00 -1.00 -1 0 0.5879 -0.9790 0.001458
525.00 P 20260817 -1.00 -1.00 -1 0 0.6440 -0.9729 0.001556
530.00 P 20260817 -1.00 -1.00 -1 0 0.6918 -0.9692 0.001572
535.00 P 20260817 -1.00 -1.00 -1 0 0.7077 -0.9711 0.001465
310.00 C 20260819 -1.00 -1.00 -1 0 0.0011 0.9998 -0.000000
315.00 C 20260819 -1.00 -1.00 -1 0 -1.0000 -1.0000 -1.000000
320.00 C 20260819 -1.00 -1.00 -1 0 0.7722 0.9780 0.000840
325.00 C 20260819 -1.00 -1.00 -1 0 0.6356 0.9898 0.000526
330.00 C 20260819 -1.00 -1.00 -1 0 0.6074 0.9885 0.000608
335.00 C 20260819 -1.00 -1.00 -1 0 0.0011 0.9998 -0.000000
337.50 C 20260819 -1.00 -1.00 -1 0 0.5617 0.9869 0.000734
340.00 C 20260819 -1.00 -1.00 -1 0 0.4049 0.9984 0.000138
342.50 C 20260819 -1.00 -1.00 -1 0 0.0011 0.9998 0.000000
345.00 C 20260819 -1.00 -1.00 -1 0 0.5583 0.9782 0.001151
347.50 C 20260819 -1.00 -1.00 -1 0 0.4516 0.9916 0.000610
350.00 C 20260819 -1.00 -1.00 -1 0 0.5106 0.9795 0.001190
352.50 C 20260819 -1.00 -1.00 -1 0 0.5074 0.9767 0.001344
355.00 C 20260819 -1.00 -1.00 -1 0 0.5139 0.9717 0.001574
357.50 C 20260819 -1.00 -1.00 -1 0 0.4334 0.9835 0.001157
360.00 C 20260819 -1.00 -1.00 -1 0 0.4973 0.9636 0.001981
362.50 C 20260819 -1.00 -1.00 8 8 0.4690 0.9659 0.001995
365.00 C 20260819 -1.00 -1.00 -1 0 0.5395 0.9386 0.002831
367.50 C 20260819 -1.00 -1.00 -1 0 0.4896 0.9455 0.002816
370.00 C 20260819 -1.00 -1.00 -1 0 0.4849 0.9400 0.003092
372.50 C 20260819 -1.00 -1.00 -1 0 0.4926 0.9255 0.003556
375.00 C 20260819 -1.00 -1.00 -1 0 0.4626 0.9274 0.003719
377.50 C 20260819 -1.00 -1.00 9 9 0.4688 0.9123 0.004219
380.00 C 20260819 -1.00 -1.00 8 8 0.4863 0.8931 0.004741
382.50 C 20260819 -1.00 -1.00 -1 0 0.4718 0.8869 0.005113
385.00 C 20260819 -1.00 -1.00 2 2 0.4709 0.8732 0.005560
387.50 C 20260819 -1.00 -1.00 3 2 0.4845 0.8486 0.006035
390.00 C 20260819 -1.00 -1.00 2 2 0.4634 0.8411 0.006512
392.50 C 20260819 -1.00 -1.00 -1 0 0.4621 0.8235 0.007002
395.00 C 20260819 -1.00 -1.00 42 24 0.4559 0.8079 0.007521
397.50 C 20260819 -1.00 -1.00 -1 0 0.4703 0.7829 0.007906
400.00 C 20260819 -1.00 -1.00 2 2 0.4680 0.7607 0.008311
402.50 C 20260819 -1.00 -1.00 -1 0 0.4657 0.7383 0.008723
405.00 C 20260819 -1.00 -1.00 1 20 0.4588 0.7173 0.009207
407.50 C 20260819 -1.00 -1.00 -1 0 0.4621 0.6926 0.009555
410.00 C 20260819 -1.00 -1.00 23 132 0.4636 0.6687 0.009924
412.50 C 20260819 -1.00 -1.00 56 0 0.4676 0.6417 0.010051
415.00 C 20260819 -1.00 -1.00 37 25 0.4635 0.6161 0.010308
417.50 C 20260819 -1.00 -1.00 18 0 0.4634 0.5895 0.010484
420.00 C 20260819 -1.00 -1.00 134 62 0.4657 0.5628 0.010607
422.50 C 20260819 -1.00 -1.00 2 2 0.4633 0.5364 0.010836
425.00 C 20260819 -1.00 -1.00 49 95 0.4610 0.5099 0.010938
427.50 C 20260819 -1.00 -1.00 1 1 0.4637 0.4838 0.010781
430.00 C 20260819 -1.00 -1.00 7 183 0.4540 0.4559 0.010912
432.50 C 20260819 -1.00 -1.00 -1 0 0.4629 0.4311 0.010614
435.00 C 20260819 -1.00 -1.00 5 12 0.4679 0.4062 0.010414
437.50 C 20260819 -1.00 -1.00 2 0 0.4714 0.3814 0.010252
440.00 C 20260819 -1.00 -1.00 2 15 0.4656 0.3565 0.010088
442.50 C 20260819 -1.00 -1.00 -1 0 0.4649 0.3336 0.009793
445.00 C 20260819 -1.00 -1.00 1 8 0.4571 0.3074 0.009598
447.50 C 20260819 -1.00 -1.00 -1 0 0.4590 0.2854 0.009255
450.00 C 20260819 -1.00 -1.00 7 108 0.4591 0.2625 0.008937
452.50 C 20260819 -1.00 -1.00 1 1 0.4624 0.2427 0.008567
455.00 C 20260819 -1.00 -1.00 5 3 0.4593 0.2240 0.008175
457.50 C 20260819 -1.00 -1.00 -1 0 0.4584 0.2062 0.007763
460.00 C 20260819 -1.00 -1.00 28 21 0.4598 0.1896 0.007344
462.50 C 20260819 -1.00 -1.00 6 0 0.4625 0.1740 0.006929
465.00 C 20260819 -1.00 -1.00 5 13 0.4650 0.1584 0.006524
467.50 C 20260819 -1.00 -1.00 -1 0 0.4651 0.1425 0.006124
470.00 C 20260819 -1.00 -1.00 9 1 0.4734 0.1353 0.005774
472.50 C 20260819 -1.00 -1.00 1 0 0.4708 0.1229 0.005395
475.00 C 20260819 -1.00 -1.00 -1 0 0.4719 0.1124 0.005032
477.50 C 20260819 -1.00 -1.00 2 0 0.4586 0.0938 0.004543
480.00 C 20260819 -1.00 -1.00 1 0 0.4685 0.0882 0.004261
482.50 C 20260819 -1.00 -1.00 -1 0 0.4877 0.0882 0.004094
485.00 C 20260819 -1.00 -1.00 -1 0 0.4877 0.0775 0.003750
487.50 C 20260819 -1.00 -1.00 -1 0 0.4792 0.0676 0.003414
490.00 C 20260819 -1.00 -1.00 -1 0 0.4881 0.0647 0.003229
492.50 C 20260819 -1.00 -1.00 -1 0 0.4803 0.0556 0.002895
495.00 C 20260819 -1.00 -1.00 -1 0 0.4952 0.0552 0.002793
497.50 C 20260819 -1.00 -1.00 32 5 0.4709 0.0391 0.002242
500.00 C 20260819 -1.00 -1.00 -1 0 0.5055 0.0473 0.002418
505.00 C 20260819 -1.00 -1.00 -1 0 0.5222 0.0423 0.002146
510.00 C 20260819 -1.00 -1.00 -1 0 0.5398 0.0380 0.001915
515.00 C 20260819 -1.00 -1.00 -1 0 0.5530 0.0338 0.001704
520.00 C 20260819 -1.00 -1.00 -1 0 0.5877 0.0354 0.001667
525.00 C 20260819 -1.00 -1.00 -1 0 0.5793 0.0288 0.001409
530.00 C 20260819 -1.00 -1.00 -1 0 0.6029 0.0285 0.001343
535.00 C 20260819 -1.00 -1.00 -1 0 0.6125 0.0257 0.001206
310.00 P 20260819 -1.00 -1.00 -1 0 -1.0000 -1.0000 -1.000000
315.00 P 20260819 -1.00 -1.00 -1 0 0.7691 -0.0168 0.000671
320.00 P 20260819 -1.00 -1.00 -1 0 0.7194 -0.0159 0.000683
325.00 P 20260819 -1.00 -1.00 -1 0 0.7721 -0.0273 0.001022
330.00 P 20260819 -1.00 -1.00 -1 0 0.7341 -0.0289 0.001123
335.00 P 20260819 -1.00 -1.00 1 1 0.6764 -0.0261 0.001127
337.50 P 20260819 -1.00 -1.00 -1 0 0.6685 -0.0293 0.001248
340.00 P 20260819 -1.00 -1.00 36 15 0.6529 -0.0309 0.001331
342.50 P 20260819 -1.00 -1.00 7 7 0.6367 -0.0324 0.001416
345.00 P 20260819 -1.00 -1.00 4 200 0.6146 -0.0324 0.001468
347.50 P 20260819 -1.00 -1.00 -1 0 0.6089 -0.0366 0.001632
350.00 P 20260819 -1.00 -1.00 -1 0 0.6081 -0.0420 0.001829
352.50 P 20260819 -1.00 -1.00 -1 0 0.5666 -0.0373 0.001780
355.00 P 20260819 -1.00 -1.00 7 7 0.5172 -0.0292 0.001612
357.50 P 20260819 -1.00 -1.00 1 0 0.5067 -0.0325 0.001786
360.00 P 20260819 -1.00 -1.00 14 13 0.5264 -0.0448 0.002231
362.50 P 20260819 -1.00 -1.00 2 0 0.5052 -0.0453 0.002345
365.00 P 20260819 -1.00 -1.00 7 7 0.5275 -0.0579 0.002767
367.50 P 20260819 -1.00 -1.00 1 0 0.5206 -0.0641 0.003031
370.00 P 20260819 -1.00 -1.00 7 15 0.5116 -0.0713 0.003326
372.50 P 20260819 -1.00 -1.00 1 0 0.4950 -0.0755 0.003583
375.00 P 20260819 -1.00 -1.00 11 13 0.5006 -0.0893 0.004016
377.50 P 20260819 -1.00 -1.00 4 3 0.4831 -0.0937 0.004318
380.00 P 20260819 -1.00 -1.00 2 11 0.4868 -0.1070 0.004751
382.50 P 20260819 -1.00 -1.00 69 72 0.4936 -0.1216 0.005182
385.00 P 20260819 -1.00 -1.00 5 5 0.4789 -0.1311 0.005591
387.50 P 20260819 -1.00 -1.00 13 13 0.4745 -0.1466 0.006047
390.00 P 20260819 -1.00 -1.00 22 12 0.4768 -0.1654 0.006509
392.50 P 20260819 -1.00 -1.00 10 5 0.4707 -0.1805 0.006991
395.00 P 20260819 -1.00 -1.00 5 13 0.4769 -0.2009 0.007433
397.50 P 20260819 -1.00 -1.00 2 0 0.4815 -0.2227 0.007826
400.00 P 20260819 -1.00 -1.00 19 14 0.4681 -0.2397 0.008331
402.50 P 20260819 -1.00 -1.00 10 0 0.4715 -0.2643 0.008675
405.00 P 20260819 -1.00 -1.00 -1 0 0.4684 -0.2864 0.009097
407.50 P 20260819 -1.00 -1.00 -1 0 0.4653 -0.3088 0.009531
410.00 P 20260819 -1.00 -1.00 15 11 0.4686 -0.3331 0.009869
412.50 P 20260819 -1.00 -1.00 5 5 0.4695 -0.3594 0.010043
415.00 P 20260819 -1.00 -1.00 33 54 0.4727 -0.3862 0.010149
417.50 P 20260819 -1.00 -1.00 30 2 0.4631 -0.4112 0.010525
420.00 P 20260819 -1.00 -1.00 24 552 0.4686 -0.4381 0.010578
422.50 P 20260819 -1.00 -1.00 1 0 0.4788 -0.4645 0.010526
425.00 P 20260819 -1.00 -1.00 2 61 0.4629 -0.4912 0.010935
427.50 P 20260819 -1.00 -1.00 -1 0 0.4641 -0.5174 0.010815
430.00 P 20260819 -1.00 -1.00 11 11 0.4529 -0.5456 0.010986
432.50 P 20260819 -1.00 -1.00 -1 0 0.4681 -0.5691 0.010550
435.00 P 20260819 -1.00 -1.00 1 1 0.4700 -0.5946 0.010423
437.50 P 20260819 -1.00 -1.00 1 1 0.4585 -0.6248 0.010579
440.00 P 20260819 -1.00 -1.00 1 51 0.4693 -0.6441 0.010079
442.50 P 20260819 -1.00 -1.00 5 5 0.4651 -0.6683 0.009848
445.00 P 20260819 -1.00 -1.00 2 1 0.4608 -0.6929 0.009607
447.50 P 20260819 -1.00 -1.00 -1 0 0.4618 -0.7154 0.009286
450.00 P 20260819 -1.00 -1.00 -1 0 0.4670 -0.7356 0.008917
452.50 P 20260819 -1.00 -1.00 -1 0 0.4697 -0.7565 0.008577
455.00 P 20260819 -1.00 -1.00 -1 0 0.4688 -0.7740 0.008190
457.50 P 20260819 -1.00 -1.00 -1 0 0.4746 -0.7880 0.007769
460.00 P 20260819 -1.00 -1.00 -1 0 0.4580 -0.8146 0.007431
462.50 P 20260819 -1.00 -1.00 -1 0 0.4705 -0.8243 0.007007
465.00 P 20260819 -1.00 -1.00 -1 0 0.4534 -0.8531 0.006597
467.50 P 20260819 -1.00 -1.00 -1 0 0.4746 -0.8559 0.006231
470.00 P 20260819 -1.00 -1.00 -1 0 0.4668 -0.8717 0.005840
472.50 P 20260819 -1.00 -1.00 -1 0 0.4389 -0.8988 0.005292
475.00 P 20260819 -1.00 -1.00 -1 0 0.4494 -0.9046 0.004965
477.50 P 20260819 -1.00 -1.00 -1 0 0.4834 -0.8967 0.004846
480.00 P 20260819 -1.00 -1.00 -1 0 0.4904 -0.9038 0.004553
482.50 P 20260819 -1.00 -1.00 -1 0 0.4679 -0.9284 0.003986
485.00 P 20260819 -1.00 -1.00 -1 0 0.4954 -0.9227 0.003924
487.50 P 20260819 -1.00 -1.00 -1 0 0.5088 -0.9255 0.003733
490.00 P 20260819 -1.00 -1.00 -1 0 0.4841 -0.9419 0.003301
492.50 P 20260819 -1.00 -1.00 -1 0 0.4546 -0.9614 0.002720
495.00 P 20260819 -1.00 -1.00 -1 0 0.4705 -0.9608 0.002639
497.50 P 20260819 -1.00 -1.00 -1 0 0.4768 -0.9646 0.002446
500.00 P 20260819 -1.00 -1.00 -1 0 0.5051 -0.9585 0.002521
505.00 P 20260819 -1.00 -1.00 -1 0 0.5452 -0.9541 0.002461
510.00 P 20260819 -1.00 -1.00 -1 0 -1.0000 -1.0000 -1.000000
515.00 P 20260819 -1.00 -1.00 -1 0 0.5406 -0.9744 0.001713
520.00 P 20260819 -1.00 -1.00 -1 0 0.5136 -0.9872 0.001246
525.00 P 20260819 -1.00 -1.00 -1 0 0.6131 -0.9698 0.001667
530.00 P 20260819 -1.00 -1.00 -1 0 0.6279 -0.9718 0.001547
535.00 P 20260819 -1.00 -1.00 -1 0 -1.0000 -1.0000 -1.000000
310.00 C 20260821 -1.00 -1.00 15 484 0.0011 0.9998 -0.000000
315.00 C 20260821 -1.00 -1.00 3 23 0.5603 0.9967 0.000194
320.00 C 20260821 -1.00 -1.00 1 1314 0.5791 0.9931 0.000367
325.00 C 20260821 -1.00 -1.00 1 5 0.6392 0.9830 0.000749
330.00 C 20260821 -1.00 -1.00 5 1113 0.5856 0.9854 0.000717
335.00 C 20260821 -1.00 -1.00 1 1 0.5458 0.9860 0.000739
340.00 C 20260821 -1.00 -1.00 6 1064 0.6134 0.9678 0.001356
345.00 C 20260821 -1.00 -1.00 5 9 0.5581 0.9716 0.001352
347.50 C 20260821 -1.00 -1.00 5 13 0.5818 0.9596 0.001716
350.00 C 20260821 -1.00 -1.00 13 2226 0.5227 0.9703 0.001495
352.50 C 20260821 -1.00 -1.00 2 2 0.5844 0.9481 0.002112
355.00 C 20260821 -1.00 -1.00 2 21 0.5005 0.9648 0.001785
357.50 C 20260821 -1.00 -1.00 5 14 0.5115 0.9553 0.002124
360.00 C 20260821 -1.00 -1.00 6 938 0.5068 0.9504 0.002338
362.50 C 20260821 -1.00 -1.00 8 28 0.5084 0.9438 0.002596
365.00 C 20260821 -1.00 -1.00 2 28 0.4944 0.9413 0.002772
367.50 C 20260821 -1.00 -1.00 8 33 0.5135 0.9236 0.003238
370.00 C 20260821 -1.00 -1.00 12 1576 0.4852 0.9250 0.003379
372.50 C 20260821 -1.00 -1.00 2 33 0.4961 0.9095 0.003805
375.00 C 20260821 -1.00 -1.00 2 62 0.4982 0.8980 0.004160
377.50 C 20260821 -1.00 -1.00 8 221 0.4843 0.8924 0.004463
380.00 C 20260821 -1.00 -1.00 33 4758 0.5033 0.8721 0.004868
382.50 C 20260821 -1.00 -1.00 14 435 0.4797 0.8681 0.005206
385.00 C 20260821 -1.00 -1.00 1 711 0.4783 0.8524 0.005604
387.50 C 20260821 -1.00 -1.00 1 441 0.4677 0.8409 0.006016
390.00 C 20260821 -1.00 -1.00 65 3622 0.4906 0.8143 0.006366
392.50 C 20260821 -1.00 -1.00 14 326 0.4720 0.8055 0.006834
395.00 C 20260821 -1.00 -1.00 8 479 0.4772 0.7863 0.007204
397.50 C 20260821 -1.00 -1.00 3 39 0.4662 0.7699 0.007630
400.00 C 20260821 -1.00 -1.00 201 6599 0.4605 0.7504 0.008030
402.50 C 20260821 -1.00 -1.00 2 62 0.4618 0.7279 0.008362
405.00 C 20260821 -1.00 -1.00 22 566 0.4605 0.7063 0.008725
407.50 C 20260821 -1.00 -1.00 19 118 0.4807 0.6788 0.008775
410.00 C 20260821 -1.00 -1.00 203 7809 0.4668 0.6600 0.009266
415.00 C 20260821 -1.00 -1.00 70 563 0.4509 0.6134 0.009892
420.00 C 20260821 -1.00 -1.00 499 7777 0.4654 0.5617 0.009903
425.00 C 20260821 -1.00 -1.00 150 874 0.4703 0.5128 0.009994
430.00 C 20260821 -1.00 -1.00 401 7320 0.4701 0.4646 0.009848
435.00 C 20260821 -1.00 -1.00 448 1091 0.4699 0.4163 0.009701
440.00 C 20260821 -1.00 -1.00 637 4993 0.4691 0.3693 0.009485
445.00 C 20260821 -1.00 -1.00 47 400 0.4667 0.3265 0.009000
450.00 C 20260821 -1.00 -1.00 750 9217 0.4603 0.2813 0.008551
455.00 C 20260821 -1.00 -1.00 189 385 0.4692 0.2450 0.007912
460.00 C 20260821 -1.00 -1.00 272 8520 0.4622 0.2098 0.007254
470.00 C 20260821 -1.00 -1.00 133 5559 0.4726 0.1527 0.005864
480.00 C 20260821 -1.00 -1.00 148 4093 0.4690 0.1073 0.004561
490.00 C 20260821 -1.00 -1.00 208 2159 0.4818 0.0749 0.003448
500.00 C 20260821 -1.00 -1.00 3028 16436 0.4789 0.0507 0.002513
510.00 C 20260821 -1.00 -1.00 25 1475 0.4978 0.0359 0.001856
520.00 C 20260821 -1.00 -1.00 36 1217 0.5083 0.0271 0.001419
530.00 C 20260821 -1.00 -1.00 2 1533 0.5111 0.0171 0.000956
310.00 P 20260821 -1.00 -1.00 37 6444 0.6655 -0.0079 0.000374
315.00 P 20260821 -1.00 -1.00 5 231 0.6579 -0.0096 0.000455
320.00 P 20260821 -1.00 -1.00 1363 9412 0.6335 -0.0108 0.000523
325.00 P 20260821 -1.00 -1.00 20 258 0.6238 -0.0146 0.000684
330.00 P 20260821 -1.00 -1.00 75 5932 0.6078 -0.0177 0.000825
335.00 P 20260821 -1.00 -1.00 16 225 0.5803 -0.0191 0.000928
340.00 P 20260821 -1.00 -1.00 887 10766 0.5855 -0.0255 0.001188
345.00 P 20260821 -1.00 -1.00 27 427 0.5647 -0.0301 0.001406
347.50 P 20260821 -1.00 -1.00 84 237 0.5583 -0.0340 0.001564
350.00 P 20260821 -1.00 -1.00 1449 7332 0.5538 -0.0385 0.001742
352.50 P 20260821 -1.00 -1.00 4 220 0.5379 -0.0399 0.001849
355.00 P 20260821 -1.00 -1.00 51 290 0.5411 -0.0466 0.002091
357.50 P 20260821 -1.00 -1.00 10 194 0.5336 -0.0506 0.002270
360.00 P 20260821 -1.00 -1.00 420 5683 0.5305 -0.0557 0.002481
362.50 P 20260821 -1.00 -1.00 3 179 0.5287 -0.0622 0.002721
365.00 P 20260821 -1.00 -1.00 73 1115 0.5223 -0.0697 0.002984
367.50 P 20260821 -1.00 -1.00 13 187 0.5149 -0.0769 0.003253
370.00 P 20260821 -1.00 -1.00 278 4896 0.5089 -0.0849 0.003544
372.50 P 20260821 -1.00 -1.00 12 265 0.5055 -0.0941 0.003859
375.00 P 20260821 -1.00 -1.00 272 1280 0.5003 -0.1028 0.004176
377.50 P 20260821 -1.00 -1.00 13 496 0.4994 -0.1131 0.004516
380.00 P 20260821 -1.00 -1.00 438 5095 0.5044 -0.1285 0.004882
382.50 P 20260821 -1.00 -1.00 15 151 0.4919 -0.1381 0.005235
385.00 P 20260821 -1.00 -1.00 121 863 0.4912 -0.1538 0.005616
387.50 P 20260821 -1.00 -1.00 9 1180 0.4784 -0.1642 0.006018
390.00 P 20260821 -1.00 -1.00 125 1942 0.4899 -0.1855 0.006382
392.50 P 20260821 -1.00 -1.00 27 75 0.4875 -0.2007 0.006778
395.00 P 20260821 -1.00 -1.00 38 106 0.4889 -0.2194 0.007130
397.50 P 20260821 -1.00 -1.00 9 91 0.4780 -0.2357 0.007541
400.00 P 20260821 -1.00 -1.00 76 5060 0.4759 -0.2562 0.007887
402.50 P 20260821 -1.00 -1.00 6 33 0.4764 -0.2777 0.008208
405.00 P 20260821 -1.00 -1.00 55 113 0.4786 -0.2998 0.008506
407.50 P 20260821 -1.00 -1.00 20 34 0.4790 -0.3212 0.008826
410.00 P 20260821 -1.00 -1.00 67 2959 0.4793 -0.3439 0.009069
415.00 P 20260821 -1.00 -1.00 65 411 0.4628 -0.3893 0.009681
420.00 P 20260821 -1.00 -1.00 181 2663 0.4641 -0.4391 0.009967
425.00 P 20260821 -1.00 -1.00 150 193 0.4667 -0.4886 0.010114
430.00 P 20260821 -1.00 -1.00 37 1739 0.4623 -0.5380 0.010058
435.00 P 20260821 -1.00 -1.00 3 84 0.4694 -0.5853 0.009763
440.00 P 20260821 -1.00 -1.00 7 555 0.4624 -0.6349 0.009653
445.00 P 20260821 -1.00 -1.00 20 3 0.4739 -0.6726 0.008958
450.00 P 20260821 -1.00 -1.00 8 345 0.4585 -0.7222 0.008645
455.00 P 20260821 -1.00 -1.00 1 2 0.4723 -0.7564 0.007958
460.00 P 20260821 -1.00 -1.00 2 279 0.4706 -0.7888 0.007298
470.00 P 20260821 -1.00 -1.00 6 221 0.4692 -0.8535 0.005948
480.00 P 20260821 -1.00 -1.00 1 127 0.4755 -0.8938 0.004706
490.00 P 20260821 -1.00 -1.00 1 34 0.4909 -0.9261 0.003626
500.00 P 20260821 -1.00 -1.00 6 11 0.5137 -0.9414 0.002927
510.00 P 20260821 -1.00 -1.00 10 10 0.5381 -0.9538 0.002369
520.00 P 20260821 -1.00 -1.00 480 24 0.5421 -0.9719 0.001729
530.00 P 20260821 -1.00 -1.00 15 0 0.5980 -0.9700 0.001618
255.00 C 20260807 -1.00 -1.00 8 0 -1.0000 -1.0000 -1.000000
260.00 C 20260807 -1.00 -1.00 6 3 -1.0000 -1.0000 -1.000000
265.00 C 20260807 -1.00 -1.00 14 0 -1.0000 -1.0000 -1.000000
270.00 C 20260807 -1.00 -1.00 12 3 -1.0000 -1.0000 -1.000000
275.00 C 20260807 -1.00 -1.00 10 0 -1.0000 -1.0000 -1.000000
280.00 C 20260807 -1.00 -1.00 14 2 -1.0000 -1.0000 -1.000000
285.00 C 20260807 -1.00 -1.00 6 2 -1.0000 -1.0000 -1.000000
290.00 C 20260807 -1.00 -1.00 4 2 -1.0000 -1.0000 -1.000000
295.00 C 20260807 -1.00 -1.00 -1 0 -1.0000 -1.0000 -1.000000
300.00 C 20260807 -1.00 -1.00 1 6 -1.0000 -1.0000 -1.000000
305.00 C 20260807 -1.00 -1.00 4 1 -1.0000 -1.0000 -1.000000
307.50 C 20260807 -1.00 -1.00 4 0 2.3258 0.9934 0.000319
255.00 P 20260807 -1.00 -1.00 1 161 3.4443 -0.0032 0.000115
260.00 P 20260807 -1.00 -1.00 3 67 3.0602 -0.0019 0.000079
265.00 P 20260807 -1.00 -1.00 4 173 2.8522 -0.0014 0.000063
270.00 P 20260807 -1.00 -1.00 2 715 2.7446 -0.0014 0.000068
275.00 P 20260807 -1.00 -1.00 2 142 2.7347 -0.0021 0.000097
280.00 P 20260807 -1.00 -1.00 24 1885 2.6934 -0.0026 0.000120
285.00 P 20260807 -1.00 -1.00 3 107 2.3711 -0.0011 0.000064
290.00 P 20260807 -1.00 -1.00 25 310 2.6592 -0.0049 0.000215
295.00 P 20260807 -1.00 -1.00 20 295 2.1740 -0.0012 0.000075
300.00 P 20260807 -1.00 -1.00 42 468 2.2913 -0.0030 0.000164
305.00 P 20260807 -1.00 -1.00 25 361 2.0439 -0.0019 0.000119
307.50 P 20260807 -1.00 -1.00 1 2 2.1175 -0.0030 0.000175
260.00 C 20260810 -1.00 -1.00 -1 0 1.9052 0.9941 0.000190
270.00 C 20260810 -1.00 -1.00 -1 0 -1.0000 -1.0000 -1.000000
280.00 C 20260810 -1.00 -1.00 -1 0 -1.0000 -1.0000 -1.000000
290.00 C 20260810 -1.00 -1.00 -1 0 -1.0000 -1.0000 -1.000000
295.00 C 20260810 -1.00 -1.00 -1 0 -1.0000 -1.0000 -1.000000
300.00 C 20260810 -1.00 -1.00 -1 0 -1.0000 -1.0000 -1.000000
305.00 C 20260810 -1.00 -1.00 -1 0 -1.0000 -1.0000 -1.000000
307.50 C 20260810 -1.00 -1.00 -1 0 -1.0000 -1.0000 -1.000000
260.00 P 20260810 -1.00 -1.00 6 4 1.9183 -0.0061 0.000196
270.00 P 20260810 -1.00 -1.00 2 1 1.6769 -0.0041 0.000156
280.00 P 20260810 -1.00 -1.00 6 3 1.7552 -0.0093 0.000316
290.00 P 20260810 -1.00 -1.00 4 4 1.3850 -0.0034 0.000162
295.00 P 20260810 -1.00 -1.00 8 5 1.2721 -0.0027 0.000142
300.00 P 20260810 -1.00 -1.00 10 23 1.2526 -0.0033 0.000173
305.00 P 20260810 -1.00 -1.00 1 20 1.2164 -0.0041 0.000215
307.50 P 20260810 -1.00 -1.00 2 6 1.2059 -0.0048 0.000252
260.00 C 20260812 -1.00 -1.00 -1 0 -1.0000 -1.0000 -1.000000
270.00 C 20260812 -1.00 -1.00 -1 0 -1.0000 -1.0000 -1.000000
280.00 C 20260812 -1.00 -1.00 -1 0 -1.0000 -1.0000 -1.000000
290.00 C 20260812 -1.00 -1.00 -1 0 -1.0000 -1.0000 -1.000000
295.00 C 20260812 -1.00 -1.00 -1 0 -1.0000 -1.0000 -1.000000
300.00 C 20260812 -1.00 -1.00 -1 0 0.0007 0.9999 -0.000000
305.00 C 20260812 -1.00 -1.00 -1 0 -1.0000 -1.0000 -1.000000
307.50 C 20260812 -1.00 -1.00 -1 0 0.0007 0.9999 0.000000
260.00 P 20260812 -1.00 -1.00 2 1 1.7956 -0.0129 0.000334
270.00 P 20260812 -1.00 -1.00 2 2 1.4186 -0.0051 0.000186
280.00 P 20260812 -1.00 -1.00 1 1 1.4161 -0.0085 0.000296
290.00 P 20260812 -1.00 -1.00 1 2 1.1818 -0.0049 0.000215
295.00 P 20260812 -1.00 -1.00 5 3 1.2761 -0.0103 0.000389
300.00 P 20260812 -1.00 -1.00 9 2 1.1191 -0.0067 0.000299
305.00 P 20260812 -1.00 -1.00 5 3 1.1863 -0.0126 0.000494
307.50 P 20260812 -1.00 -1.00 2 3 1.0282 -0.0063 0.000309
255.00 C 20260814 -1.00 -1.00 -1 0 -1.0000 -1.0000 -1.000000
260.00 C 20260814 -1.00 -1.00 43 43 0.0008 0.9999 -0.000000
265.00 C 20260814 -1.00 -1.00 2 2 0.0008 0.9999 -0.000000
270.00 C 20260814 -1.00 -1.00 -1 0 -1.0000 -1.0000 -1.000000
275.00 C 20260814 -1.00 -1.00 -1 0 1.3201 0.9904 0.000306
280.00 C 20260814 -1.00 -1.00 -1 0 0.0008 0.9999 -0.000000
285.00 C 20260814 -1.00 -1.00 -1 0 -1.0000 -1.0000 -1.000000
290.00 C 20260814 -1.00 -1.00 1 11 0.0008 0.9999 0.000000
292.50 C 20260814 -1.00 -1.00 -1 0 -1.0000 -1.0000 -1.000000
295.00 C 20260814 -1.00 -1.00 -1 0 0.8534 0.9984 0.000089
297.50 C 20260814 -1.00 -1.00 -1 0 0.0008 0.9999 -0.000000
300.00 C 20260814 -1.00 -1.00 1763 1759 -1.0000 -1.0000 -1.000000
302.50 C 20260814 -1.00 -1.00 -1 0 0.0008 0.9999 -0.000000
305.00 C 20260814 -1.00 -1.00 2 1 0.0008 0.9999 -0.000000
307.50 C 20260814 -1.00 -1.00 -1 0 0.7374 0.9988 0.000076
255.00 P 20260814 -1.00 -1.00 15 70 1.2271 -0.0018 0.000073
260.00 P 20260814 -1.00 -1.00 27 44 1.1963 -0.0021 0.000084
265.00 P 20260814 -1.00 -1.00 35 102 1.1915 -0.0027 0.000108
270.00 P 20260814 -1.00 -1.00 31 103 1.2847 -0.0067 0.000228
275.00 P 20260814 -1.00 -1.00 1 66 1.1477 -0.0039 0.000157
280.00 P 20260814 -1.00 -1.00 1 65 1.1207 -0.0047 0.000190
285.00 P 20260814 -1.00 -1.00 4 58 0.9657 -0.0021 0.000104
290.00 P 20260814 -1.00 -1.00 10 68 0.9633 -0.0028 0.000139
292.50 P 20260814 -1.00 -1.00 4 1 0.9440 -0.0028 0.000145
295.00 P 20260814 -1.00 -1.00 1 121 0.9249 -0.0029 0.000151
297.50 P 20260814 -1.00 -1.00 10 25 0.9059 -0.0030 0.000157
300.00 P 20260814 -1.00 -1.00 30 234 0.8871 -0.0030 0.000164
302.50 P 20260814 -1.00 -1.00 86 79 0.8685 -0.0031 0.000170
305.00 P 20260814 -1.00 -1.00 2 129 0.8500 -0.0032 0.000178
307.50 P 20260814 -1.00 -1.00 9 18 0.8317 -0.0032 0.000185
260.00 C 20260817 -1.00 -1.00 -1 0 1.2640 0.9911 0.000253
270.00 C 20260817 -1.00 -1.00 -1 0 -1.0000 -1.0000 -1.000000
280.00 C 20260817 -1.00 -1.00 -1 0 -1.0000 -1.0000 -1.000000
290.00 C 20260817 -1.00 -1.00 -1 0 -1.0000 -1.0000 -1.000000
295.00 C 20260817 -1.00 -1.00 -1 0 -1.0000 -1.0000 -1.000000
300.00 C 20260817 -1.00 -1.00 -1 0 0.0010 0.9998 0.000000
305.00 C 20260817 -1.00 -1.00 -1 0 0.8881 0.9869 0.000503
260.00 P 20260817 -1.00 -1.00 -1 0 -1.0000 -1.0000 -1.000000
270.00 P 20260817 -1.00 -1.00 -1 0 -1.0000 -1.0000 -1.000000
280.00 P 20260817 -1.00 -1.00 -1 0 -1.0000 -1.0000 -1.000000
290.00 P 20260817 -1.00 -1.00 -1 0 -1.0000 -1.0000 -1.000000
295.00 P 20260817 -1.00 -1.00 -1 0 -1.0000 -1.0000 -1.000000
300.00 P 20260817 -1.00 -1.00 -1 0 -1.0000 -1.0000 -1.000000
305.00 P 20260817 -1.00 -1.00 2 1 0.7730 -0.0056 0.000273
260.00 C 20260819 -1.00 -1.00 -1 0 0.0011 0.9998 -0.000000
270.00 C 20260819 -1.00 -1.00 -1 0 -1.0000 -1.0000 -1.000000
280.00 C 20260819 -1.00 -1.00 -1 0 -1.0000 -1.0000 -1.000000
290.00 C 20260819 -1.00 -1.00 -1 0 0.0011 0.9998 -0.000000
295.00 C 20260819 -1.00 -1.00 -1 0 -1.0000 -1.0000 -1.000000
300.00 C 20260819 -1.00 -1.00 -1 0 0.0011 0.9998 0.000000
305.00 C 20260819 -1.00 -1.00 -1 0 -1.0000 -1.0000 -1.000000
260.00 P 20260819 -1.00 -1.00 -1 0 -1.0000 -1.0000 -1.000000
270.00 P 20260819 -1.00 -1.00 -1 0 -1.0000 -1.0000 -1.000000
280.00 P 20260819 -1.00 -1.00 -1 0 -1.0000 -1.0000 -1.000000
290.00 P 20260819 -1.00 -1.00 -1 0 -1.0000 -1.0000 -1.000000
295.00 P 20260819 -1.00 -1.00 -1 0 0.8612 -0.0092 0.000360
300.00 P 20260819 -1.00 -1.00 -1 0 -1.0000 -1.0000 -1.000000
305.00 P 20260819 -1.00 -1.00 -1 0 -1.0000 -1.0000 -1.000000
260.00 C 20260821 -1.00 -1.00 2 308 0.0011 0.9998 -0.000000
270.00 C 20260821 -1.00 -1.00 1 148 -1.0000 -1.0000 -1.000000
280.00 C 20260821 -1.00 -1.00 13 306 0.0011 0.9998 -0.000000
290.00 C 20260821 -1.00 -1.00 3 181 0.7999 0.9926 0.000286
300.00 C 20260821 -1.00 -1.00 1 649 0.0011 0.9998 0.000000
305.00 C 20260821 -1.00 -1.00 1 5 0.7237 0.9907 0.000393
260.00 P 20260821 -1.00 -1.00 505 3947 0.8709 -0.0019 0.000078
270.00 P 20260821 -1.00 -1.00 1 2607 0.8554 -0.0029 0.000121
280.00 P 20260821 -1.00 -1.00 9 3569 0.7765 -0.0028 0.000126
290.00 P 20260821 -1.00 -1.00 35 3784 0.7829 -0.0063 0.000260
300.00 P 20260821 -1.00 -1.00 34 7481 0.6946 -0.0053 0.000252
305.00 P 20260821 -1.00 -1.00 1 147 0.6675 -0.0058 0.000281
540.00 C 20260807 -1.00 -1.00 13 382 1.6176 0.0044 0.000327
545.00 C 20260807 -1.00 -1.00 71 171 1.6686 0.0043 0.000309
550.00 C 20260807 -1.00 -1.00 22 51 1.7192 0.0042 0.000292
555.00 C 20260807 -1.00 -1.00 171 173 1.7693 0.0041 0.000276
560.00 C 20260807 -1.00 -1.00 52 664 2.0587 0.0105 0.000547
570.00 C 20260807 -1.00 -1.00 62 27 2.2247 0.0116 0.000553
580.00 C 20260807 -1.00 -1.00 3 33 1.9041 0.0022 0.000142
540.00 P 20260807 -1.00 -1.00 -1 0 -1.0000 -1.0000 -1.000000
545.00 P 20260807 -1.00 -1.00 -1 0 1.7335 -0.9944 0.000410
550.00 P 20260807 -1.00 -1.00 -1 0 1.8772 -0.9916 0.000521
555.00 P 20260807 -1.00 -1.00 -1 0 1.7751 -0.9964 0.000287
560.00 P 20260807 -1.00 -1.00 -1 0 1.9903 -0.9920 0.000470
570.00 P 20260807 -1.00 -1.00 -1 0 2.1838 -0.9899 0.000518
580.00 P 20260807 -1.00 -1.00 1 0 2.6526 -0.9764 0.000861
540.00 C 20260810 -1.00 -1.00 -1 0 -1.0000 -1.0000 -1.000000
545.00 C 20260810 -1.00 -1.00 -1 0 -1.0000 -1.0000 -1.000000
550.00 C 20260810 -1.00 -1.00 -1 0 -1.0000 -1.0000 -1.000000
555.00 C 20260810 -1.00 -1.00 -1 0 -1.0000 -1.0000 -1.000000
560.00 C 20260810 -1.00 -1.00 -1 0 -1.0000 -1.0000 -1.000000
540.00 P 20260810 -1.00 -1.00 -1 0 1.0569 -0.9840 0.000923
545.00 P 20260810 -1.00 -1.00 -1 0 -1.0000 -1.0000 -1.000000
550.00 P 20260810 -1.00 -1.00 -1 0 -1.0000 -1.0000 -1.000000
555.00 P 20260810 -1.00 -1.00 -1 0 1.1725 -0.9840 0.000825
560.00 P 20260810 -1.00 -1.00 -1 0 1.1966 -0.9855 0.000752
540.00 C 20260812 -1.00 -1.00 -1 0 0.9250 0.0251 0.001142
545.00 C 20260812 -1.00 -1.00 1 1 0.9261 0.0208 0.000972
550.00 C 20260812 -1.00 -1.00 -1 0 -1.0000 -1.0000 -1.000000
555.00 C 20260812 -1.00 -1.00 -1 0 -1.0000 -1.0000 -1.000000
560.00 C 20260812 -1.00 -1.00 -1 0 -1.0000 -1.0000 -1.000000
540.00 P 20260812 -1.00 -1.00 -1 0 0.7758 -0.9942 0.000584
545.00 P 20260812 -1.00 -1.00 -1 0 0.8017 -0.9944 0.000551
550.00 P 20260812 -1.00 -1.00 -1 0 0.9411 -0.9839 0.000896
555.00 P 20260812 -1.00 -1.00 -1 0 0.9698 -0.9843 0.000852
560.00 P 20260812 -1.00 -1.00 -1 0 0.9982 -0.9846 0.000812
540.00 C 20260814 -1.00 -1.00 3 92 0.6375 0.0054 0.000381
545.00 C 20260814 -1.00 -1.00 1 36 0.6943 0.0085 0.000516
550.00 C 20260814 -1.00 -1.00 8 64 0.6822 0.0051 0.000340
555.00 C 20260814 -1.00 -1.00 13 53 0.7506 0.0091 0.000507
560.00 C 20260814 -1.00 -1.00 8 71 0.7322 0.0054 0.000332
540.00 P 20260814 -1.00 -1.00 -1 0 -1.0000 -1.0000 -1.000000
545.00 P 20260814 -1.00 -1.00 -1 0 0.7703 -0.9885 0.000839
550.00 P 20260814 -1.00 -1.00 -1 0 0.7358 -0.9943 0.000581
555.00 P 20260814 -1.00 -1.00 -1 0 0.8540 -0.9835 0.000908
560.00 P 20260814 -1.00 -1.00 -1 0 0.9449 -0.9743 0.001106
540.00 C 20260817 -1.00 -1.00 -1 0 -1.0000 -1.0000 -1.000000
545.00 C 20260817 -1.00 -1.00 -1 0 -1.0000 -1.0000 -1.000000
550.00 C 20260817 -1.00 -1.00 -1 0 -1.0000 -1.0000 -1.000000
555.00 C 20260817 -1.00 -1.00 -1 0 0.8682 0.0434 0.001430
560.00 C 20260817 -1.00 -1.00 -1 0 0.8913 0.0422 0.001364
540.00 P 20260817 -1.00 -1.00 -1 0 0.6856 -0.9797 0.001186
545.00 P 20260817 -1.00 -1.00 -1 0 0.6712 -0.9875 0.000944
550.00 P 20260817 -1.00 -1.00 -1 0 0.6844 -0.9895 0.000826
555.00 P 20260817 -1.00 -1.00 -1 0 0.8018 -0.9726 0.001226
560.00 P 20260817 -1.00 -1.00 -1 0 -1.0000 -1.0000 -1.000000
540.00 C 20260819 -1.00 -1.00 -1 0 0.6240 0.0233 0.001090
545.00 C 20260819 -1.00 -1.00 -1 0 0.6376 0.0215 0.000994
550.00 C 20260819 -1.00 -1.00 -1 0 0.6552 0.0205 0.000931
555.00 C 20260819 -1.00 -1.00 -1 0 -1.0000 -1.0000 -1.000000
560.00 C 20260819 -1.00 -1.00 -1 0 -1.0000 -1.0000 -1.000000
540.00 P 20260819 -1.00 -1.00 -1 0 0.5524 -0.9962 0.000615
545.00 P 20260819 -1.00 -1.00 -1 0 -1.0000 -1.0000 -1.000000
550.00 P 20260819 -1.00 -1.00 -1 0 0.6452 -0.9873 0.000946
555.00 P 20260819 -1.00 -1.00 -1 0 0.7470 -0.9719 0.001268
560.00 P 20260819 -1.00 -1.00 -1 0 0.7780 -0.9706 0.001249
540.00 C 20260821 -1.00 -1.00 20 2829 0.4998 0.0096 0.000588
550.00 C 20260821 -1.00 -1.00 1 109 0.5347 0.0093 0.000536
560.00 C 20260821 -1.00 -1.00 42 1695 0.5466 0.0065 0.000383
570.00 C 20260821 -1.00 -1.00 12 856 0.5544 0.0044 0.000266
580.00 C 20260821 -1.00 -1.00 12 562 0.5636 0.0033 0.000204
590.00 C 20260821 -1.00 -1.00 6 1555 0.6026 0.0037 0.000212
540.00 P 20260821 -1.00 -1.00 10 0 -1.0000 -1.0000 -1.000000
550.00 P 20260821 -1.00 -1.00 -1 0 -1.0000 -1.0000 -1.000000
560.00 P 20260821 -1.00 -1.00 1 0 -1.0000 -1.0000 -1.000000
570.00 P 20260821 -1.00 -1.00 1 0 -1.0000 -1.0000 -1.000000
580.00 P 20260821 -1.00 -1.00 19 0 0.8042 -0.9722 0.001099
590.00 P 20260821 -1.00 -1.00 10 0 -1.0000 -1.0000 -1.000000
