# opt_chain AMZN | epoch 1786031784 | 2026-08-06 11:56:24 | spot 273.04 | exps 20260807 20260810 20260812 20260814 20260817 20260819 20260821
# fuente polygon_snapshot_v3 | greeks polygon_directo | iv polygon_directo | oi polygon_directo | vol day.volume(-1 si no cotizo) | bid/ask NO_ENTITLED(-1) | spot_src ibkr_bridge spot_edad_s 84 | band 0.2700 vencimientos 7 exp_hasta 2026-08-21
# strike right exp bid ask vol oi iv delta gamma
225.00 C 20260807 -1.00 -1.00 20 448 1.4837 0.9887 0.001218
227.50 C 20260807 -1.00 -1.00 108 140 1.4061 0.9882 0.001332
230.00 C 20260807 -1.00 -1.00 22 862 1.5795 0.9715 0.002524
232.50 C 20260807 -1.00 -1.00 1 2229 -1.0000 -1.0000 -1.000000
235.00 C 20260807 -1.00 -1.00 277 2804 1.0710 0.9921 0.001217
237.50 C 20260807 -1.00 -1.00 20 324 1.3195 0.9669 0.003398
240.00 C 20260807 -1.00 -1.00 5 3052 1.2823 0.9589 0.004153
242.50 C 20260807 -1.00 -1.00 1 385 1.0209 0.9775 0.003165
245.00 C 20260807 -1.00 -1.00 14 2434 1.1305 0.9513 0.005415
247.50 C 20260807 -1.00 -1.00 13 628 0.8458 0.9775 0.003820
250.00 C 20260807 -1.00 -1.00 15 4141 0.9353 0.9487 0.006827
252.50 C 20260807 -1.00 -1.00 7 463 0.7619 0.9626 0.006484
255.00 C 20260807 -1.00 -1.00 383 3103 0.6825 0.9588 0.007808
257.50 C 20260807 -1.00 -1.00 855 673 0.5885 0.9584 0.009129
260.00 C 20260807 -1.00 -1.00 599 5251 0.6088 0.9213 0.014667
262.50 C 20260807 -1.00 -1.00 1688 977 0.4744 0.9308 0.017206
265.00 C 20260807 -1.00 -1.00 281 5239 0.4113 0.9030 0.025308
267.50 C 20260807 -1.00 -1.00 2749 1963 0.3803 0.8399 0.038920
270.00 C 20260807 -1.00 -1.00 1121 7402 0.3642 0.7301 0.055293
272.50 C 20260807 -1.00 -1.00 5965 8730 0.3630 0.5773 0.065699
275.00 C 20260807 -1.00 -1.00 16468 15265 0.3613 0.4122 0.065716
277.50 C 20260807 -1.00 -1.00 8923 7213 0.3673 0.2653 0.054492
280.00 C 20260807 -1.00 -1.00 14818 16043 0.3772 0.1570 0.038857
282.50 C 20260807 -1.00 -1.00 2712 10058 0.3865 0.0860 0.024669
285.00 C 20260807 -1.00 -1.00 8470 7219 0.3927 0.0427 0.013996
287.50 C 20260807 -1.00 -1.00 2648 5161 0.4062 0.0216 0.007666
290.00 C 20260807 -1.00 -1.00 4175 13503 0.4210 0.0104 0.003945
292.50 C 20260807 -1.00 -1.00 365 1511 0.4467 0.0061 0.002320
295.00 C 20260807 -1.00 -1.00 664 5744 0.4984 0.0056 0.001911
297.50 C 20260807 -1.00 -1.00 66 1126 0.5496 0.0051 0.001611
300.00 C 20260807 -1.00 -1.00 1187 13597 0.6005 0.0047 0.001383
302.50 C 20260807 -1.00 -1.00 14 285 0.6769 0.0067 0.001657
305.00 C 20260807 -1.00 -1.00 74 8112 0.6964 0.0041 0.001063
307.50 C 20260807 -1.00 -1.00 22 467 0.7633 0.0049 0.001130
310.00 C 20260807 -1.00 -1.00 257 2767 0.7838 0.0037 0.000848
312.50 C 20260807 -1.00 -1.00 28 75 0.8868 0.0062 0.001184
315.00 C 20260807 -1.00 -1.00 18 1057 0.9050 0.0043 0.000838
317.50 C 20260807 -1.00 -1.00 171 155 0.9123 0.0032 0.000637
320.00 C 20260807 -1.00 -1.00 1 1023 0.9545 0.0031 0.000585
225.00 P 20260807 -1.00 -1.00 50 3893 1.2282 -0.0031 0.000461
227.50 P 20260807 -1.00 -1.00 20 816 1.1986 -0.0039 0.000584
230.00 P 20260807 -1.00 -1.00 2 13624 1.0656 -0.0027 0.000467
232.50 P 20260807 -1.00 -1.00 9 1091 1.0063 -0.0029 0.000521
235.00 P 20260807 -1.00 -1.00 62 1074 0.9477 -0.0030 0.000584
237.50 P 20260807 -1.00 -1.00 12 500 0.8898 -0.0032 0.000659
240.00 P 20260807 -1.00 -1.00 33 3775 0.8324 -0.0034 0.000749
242.50 P 20260807 -1.00 -1.00 4 676 0.7757 -0.0037 0.000858
245.00 P 20260807 -1.00 -1.00 108 4465 0.7155 -0.0040 0.000992
247.50 P 20260807 -1.00 -1.00 20 1281 0.6536 -0.0043 0.001162
250.00 P 20260807 -1.00 -1.00 205 10518 0.5922 -0.0047 0.001382
252.50 P 20260807 -1.00 -1.00 80 823 0.5605 -0.0078 0.002302
255.00 P 20260807 -1.00 -1.00 890 3387 0.5291 -0.0113 0.003434
257.50 P 20260807 -1.00 -1.00 110 1291 0.4806 -0.0168 0.005230
260.00 P 20260807 -1.00 -1.00 2214 10365 0.4503 -0.0274 0.008562
262.50 P 20260807 -1.00 -1.00 784 4639 0.4124 -0.0464 0.014239
265.00 P 20260807 -1.00 -1.00 4227 6960 0.3851 -0.0821 0.023910
267.50 P 20260807 -1.00 -1.00 4369 4743 0.3653 -0.1498 0.038911
270.00 P 20260807 -1.00 -1.00 8169 7501 0.3571 -0.2662 0.056051
272.50 P 20260807 -1.00 -1.00 7624 4717 0.3553 -0.4217 0.067161
275.00 P 20260807 -1.00 -1.00 2250 3283 0.3071 -0.6055 0.076907
277.50 P 20260807 -1.00 -1.00 1092 1375 0.3582 -0.7415 0.055501
280.00 P 20260807 -1.00 -1.00 1728 3314 0.3625 -0.8556 0.038889
282.50 P 20260807 -1.00 -1.00 661 825 0.3391 -0.9429 0.021390
285.00 P 20260807 -1.00 -1.00 108 2454 -1.0000 -1.0000 -1.000000
287.50 P 20260807 -1.00 -1.00 172 300 -1.0000 -1.0000 -1.000000
290.00 P 20260807 -1.00 -1.00 203 913 0.4770 -0.9802 0.006680
292.50 P 20260807 -1.00 -1.00 452 183 -1.0000 -1.0000 -1.000000
295.00 P 20260807 -1.00 -1.00 65 10 -1.0000 -1.0000 -1.000000
297.50 P 20260807 -1.00 -1.00 183 2 0.7938 -0.9598 0.006763
300.00 P 20260807 -1.00 -1.00 30 1 -1.0000 -1.0000 -1.000000
302.50 P 20260807 -1.00 -1.00 372 0 0.8551 -0.9745 0.004369
305.00 P 20260807 -1.00 -1.00 48 0 1.0620 -0.9531 0.005659
307.50 P 20260807 -1.00 -1.00 26 0 1.2663 -0.9342 0.006221
310.00 P 20260807 -1.00 -1.00 10 1 1.1482 -0.9645 0.004232
312.50 P 20260807 -1.00 -1.00 12 0 0.9030 -0.9939 0.001375
315.00 P 20260807 -1.00 -1.00 190 0 1.2721 -0.9674 0.003581
317.50 P 20260807 -1.00 -1.00 12 0 1.2983 -0.9708 0.003183
320.00 P 20260807 -1.00 -1.00 50 1 -1.0000 -1.0000 -1.000000
225.00 C 20260810 -1.00 -1.00 710 43 1.0705 0.9596 0.002722
227.50 C 20260810 -1.00 -1.00 4 4 0.9474 0.9693 0.002476
230.00 C 20260810 -1.00 -1.00 1007 94 0.8155 0.9784 0.002130
232.50 C 20260810 -1.00 -1.00 110 54 0.0007 1.0000 -0.000000
235.00 C 20260810 -1.00 -1.00 81 79 0.5615 0.9949 0.000869
237.50 C 20260810 -1.00 -1.00 1 470 0.5237 0.9948 0.000956
240.00 C 20260810 -1.00 -1.00 46 164 0.5280 0.9907 0.001590
242.50 C 20260810 -1.00 -1.00 22 71 0.6407 0.9626 0.004275
245.00 C 20260810 -1.00 -1.00 200 74 0.6120 0.9555 0.005147
247.50 C 20260810 -1.00 -1.00 21 32 0.5487 0.9573 0.005552
250.00 C 20260810 -1.00 -1.00 244 178 0.4598 0.9688 0.005167
252.50 C 20260810 -1.00 -1.00 302 102 0.4411 0.9562 0.007055
255.00 C 20260810 -1.00 -1.00 42 92 0.4400 0.9367 0.009652
257.50 C 20260810 -1.00 -1.00 43 74 0.3844 0.9333 0.011466
260.00 C 20260810 -1.00 -1.00 137 423 0.3387 0.9219 0.014541
262.50 C 20260810 -1.00 -1.00 81 52 0.2934 0.9071 0.019072
265.00 C 20260810 -1.00 -1.00 13 162 0.3102 0.8342 0.027082
267.50 C 20260810 -1.00 -1.00 12 101 0.2832 0.7785 0.036037
270.00 C 20260810 -1.00 -1.00 108 475 0.2775 0.6789 0.043945
272.50 C 20260810 -1.00 -1.00 361 320 0.2716 0.5639 0.049102
275.00 C 20260810 -1.00 -1.00 1162 721 0.2694 0.4412 0.049535
277.50 C 20260810 -1.00 -1.00 662 717 0.2719 0.3257 0.044911
280.00 C 20260810 -1.00 -1.00 1367 7405 0.2794 0.2292 0.037080
282.50 C 20260810 -1.00 -1.00 224 652 0.2832 0.1538 0.028406
285.00 C 20260810 -1.00 -1.00 574 2353 0.2884 0.1011 0.020625
287.50 C 20260810 -1.00 -1.00 199 1016 0.2979 0.0645 0.014343
290.00 C 20260810 -1.00 -1.00 439 815 0.3033 0.0394 0.009447
292.50 C 20260810 -1.00 -1.00 176 237 0.3092 0.0242 0.006150
295.00 C 20260810 -1.00 -1.00 160 826 0.3295 0.0180 0.004476
297.50 C 20260810 -1.00 -1.00 87 77 0.3557 0.0145 0.003487
300.00 C 20260810 -1.00 -1.00 175 1263 0.3470 0.0072 0.001910
302.50 C 20260810 -1.00 -1.00 40 42 0.3749 0.0067 0.001663
305.00 C 20260810 -1.00 -1.00 7 189 0.3956 0.0052 0.001274
307.50 C 20260810 -1.00 -1.00 9 8 0.5037 0.0166 0.002738
310.00 C 20260810 -1.00 -1.00 20 510 0.4339 0.0037 0.000851
312.50 C 20260810 -1.00 -1.00 1 1 0.5683 0.0157 0.002319
315.00 C 20260810 -1.00 -1.00 4 54 0.5183 0.0059 0.001081
317.50 C 20260810 -1.00 -1.00 -1 0 0.6650 0.0211 0.002536
320.00 C 20260810 -1.00 -1.00 148 544 0.6410 0.0121 0.001655
225.00 P 20260810 -1.00 -1.00 6 78 0.7719 -0.0081 0.000957
227.50 P 20260810 -1.00 -1.00 8 28 0.7777 -0.0114 0.001296
230.00 P 20260810 -1.00 -1.00 1 567 0.6796 -0.0078 0.001053
232.50 P 20260810 -1.00 -1.00 7 44 0.6258 -0.0070 0.001036
235.00 P 20260810 -1.00 -1.00 13 135 0.5272 -0.0030 0.000583
237.50 P 20260810 -1.00 -1.00 3 124 0.5114 -0.0041 0.000786
240.00 P 20260810 -1.00 -1.00 11 199 0.5009 -0.0068 0.001267
242.50 P 20260810 -1.00 -1.00 1 27 0.4823 -0.0090 0.001684
245.00 P 20260810 -1.00 -1.00 2 93 0.4143 -0.0060 0.001361
247.50 P 20260810 -1.00 -1.00 3 55 0.4201 -0.0113 0.002389
250.00 P 20260810 -1.00 -1.00 48 297 0.3849 -0.0132 0.002961
252.50 P 20260810 -1.00 -1.00 6 94 0.3815 -0.0238 0.004945
255.00 P 20260810 -1.00 -1.00 40 282 0.3470 -0.0271 0.006123
257.50 P 20260810 -1.00 -1.00 315 196 0.3206 -0.0378 0.008627
260.00 P 20260810 -1.00 -1.00 195 704 0.3018 -0.0559 0.012646
262.50 P 20260810 -1.00 -1.00 75 735 0.2851 -0.0867 0.018653
265.00 P 20260810 -1.00 -1.00 478 916 0.2774 -0.1376 0.026997
267.50 P 20260810 -1.00 -1.00 192 668 0.2764 -0.2171 0.036498
270.00 P 20260810 -1.00 -1.00 1042 1734 0.2691 -0.3171 0.045120
272.50 P 20260810 -1.00 -1.00 518 275 0.2684 -0.4366 0.049862
275.00 P 20260810 -1.00 -1.00 259 483 0.2634 -0.5621 0.050876
277.50 P 20260810 -1.00 -1.00 62 315 0.2274 -0.7104 0.051557
280.00 P 20260810 -1.00 -1.00 58 757 0.2605 -0.7892 0.038387
282.50 P 20260810 -1.00 -1.00 3 208 0.3037 -0.8303 0.028737
285.00 P 20260810 -1.00 -1.00 48 452 0.2723 -0.9183 0.020061
287.50 P 20260810 -1.00 -1.00 15 14 -1.0000 -1.0000 -1.000000
290.00 P 20260810 -1.00 -1.00 62 166 -1.0000 -1.0000 -1.000000
292.50 P 20260810 -1.00 -1.00 6 10 -1.0000 -1.0000 -1.000000
295.00 P 20260810 -1.00 -1.00 40 145 -1.0000 -1.0000 -1.000000
297.50 P 20260810 -1.00 -1.00 1 14 -1.0000 -1.0000 -1.000000
300.00 P 20260810 -1.00 -1.00 70 99 -1.0000 -1.0000 -1.000000
302.50 P 20260810 -1.00 -1.00 10 0 -1.0000 -1.0000 -1.000000
305.00 P 20260810 -1.00 -1.00 20 0 -1.0000 -1.0000 -1.000000
307.50 P 20260810 -1.00 -1.00 -1 0 -1.0000 -1.0000 -1.000000
310.00 P 20260810 -1.00 -1.00 390 0 -1.0000 -1.0000 -1.000000
312.50 P 20260810 -1.00 -1.00 -1 0 -1.0000 -1.0000 -1.000000
315.00 P 20260810 -1.00 -1.00 320 0 -1.0000 -1.0000 -1.000000
317.50 P 20260810 -1.00 -1.00 -1 0 -1.0000 -1.0000 -1.000000
320.00 P 20260810 -1.00 -1.00 770 0 -1.0000 -1.0000 -1.000000
225.00 C 20260812 -1.00 -1.00 10 41 0.8196 0.9717 0.002219
227.50 C 20260812 -1.00 -1.00 170 3 0.7595 0.9737 0.002256
230.00 C 20260812 -1.00 -1.00 50 51 0.6929 0.9762 0.002264
232.50 C 20260812 -1.00 -1.00 100 121 0.6270 0.9792 0.002219
235.00 C 20260812 -1.00 -1.00 256 62 0.6563 0.9662 0.003181
237.50 C 20260812 -1.00 -1.00 65 126 0.6166 0.9645 0.003524
240.00 C 20260812 -1.00 -1.00 4 107 0.5626 0.9667 0.003674
242.50 C 20260812 -1.00 -1.00 8 15 0.5385 0.9603 0.004414
245.00 C 20260812 -1.00 -1.00 1 57 0.5219 0.9512 0.005399
247.50 C 20260812 -1.00 -1.00 26 136 0.4058 0.9741 0.004159
250.00 C 20260812 -1.00 -1.00 22 96 0.4099 0.9568 0.006206
252.50 C 20260812 -1.00 -1.00 21 36 0.4204 0.9347 0.008541
255.00 C 20260812 -1.00 -1.00 10 67 0.3981 0.9167 0.010723
257.50 C 20260812 -1.00 -1.00 3 19 0.3721 0.8989 0.013279
260.00 C 20260812 -1.00 -1.00 24 129 0.3258 0.8902 0.016162
262.50 C 20260812 -1.00 -1.00 2 26 0.3338 0.8353 0.020730
265.00 C 20260812 -1.00 -1.00 22 42 0.3386 0.7760 0.025026
267.50 C 20260812 -1.00 -1.00 11 68 0.3293 0.7096 0.029109
270.00 C 20260812 -1.00 -1.00 18 270 0.3089 0.6411 0.034174
272.50 C 20260812 -1.00 -1.00 271 70 0.3054 0.5526 0.036374
275.00 C 20260812 -1.00 -1.00 417 218 0.3294 0.4668 0.033838
277.50 C 20260812 -1.00 -1.00 152 260 0.3285 0.3833 0.032856
280.00 C 20260812 -1.00 -1.00 604 553 0.3054 0.2942 0.031534
282.50 C 20260812 -1.00 -1.00 70 220 0.3122 0.2263 0.027188
285.00 C 20260812 -1.00 -1.00 113 368 0.3135 0.1690 0.022463
287.50 C 20260812 -1.00 -1.00 83 47 0.3326 0.1334 0.018259
290.00 C 20260812 -1.00 -1.00 134 316 0.3247 0.0909 0.014038
292.50 C 20260812 -1.00 -1.00 78 44 0.3331 0.0660 0.010797
295.00 C 20260812 -1.00 -1.00 110 190 0.3373 0.0473 0.008108
297.50 C 20260812 -1.00 -1.00 8 25 0.3516 0.0350 0.006165
300.00 C 20260812 -1.00 -1.00 23 735 0.3531 0.0248 0.004545
302.50 C 20260812 -1.00 -1.00 2 6 0.3593 0.0170 0.003240
305.00 C 20260812 -1.00 -1.00 2 104 0.3734 0.0128 0.002472
307.50 C 20260812 -1.00 -1.00 2 4 0.3903 0.0113 0.002109
310.00 C 20260812 -1.00 -1.00 2 268 0.4012 0.0091 0.001689
312.50 C 20260812 -1.00 -1.00 2 5 0.4177 0.0079 0.001423
315.00 C 20260812 -1.00 -1.00 1 30 0.4572 0.0098 0.001575
317.50 C 20260812 -1.00 -1.00 6 2 0.4849 0.0100 0.001522
320.00 C 20260812 -1.00 -1.00 1 88 0.4951 0.0083 0.001257
225.00 P 20260812 -1.00 -1.00 29 41 0.6107 -0.0060 0.000764
227.50 P 20260812 -1.00 -1.00 1 17 0.6079 -0.0085 0.001050
230.00 P 20260812 -1.00 -1.00 1 17 0.5416 -0.0060 0.000865
232.50 P 20260812 -1.00 -1.00 12 25 0.5463 -0.0094 0.001285
235.00 P 20260812 -1.00 -1.00 1 38 0.4951 -0.0081 0.001231
237.50 P 20260812 -1.00 -1.00 1 23 0.4861 -0.0105 0.001603
240.00 P 20260812 -1.00 -1.00 3 48 0.4607 -0.0125 0.001951
242.50 P 20260812 -1.00 -1.00 4 7 0.4513 -0.0185 0.002781
245.00 P 20260812 -1.00 -1.00 1 165 0.4155 -0.0192 0.003116
247.50 P 20260812 -1.00 -1.00 75 112 0.3977 -0.0242 0.003984
250.00 P 20260812 -1.00 -1.00 36 70 0.3831 -0.0322 0.005258
252.50 P 20260812 -1.00 -1.00 20 29 0.3523 -0.0378 0.006491
255.00 P 20260812 -1.00 -1.00 15 128 0.3434 -0.0545 0.008999
257.50 P 20260812 -1.00 -1.00 35 158 0.3303 -0.0752 0.012013
260.00 P 20260812 -1.00 -1.00 65 528 0.3215 -0.1072 0.016097
262.50 P 20260812 -1.00 -1.00 44 149 0.3120 -0.1484 0.020785
265.00 P 20260812 -1.00 -1.00 53 225 0.3125 -0.2079 0.025936
267.50 P 20260812 -1.00 -1.00 7 140 0.3064 -0.2782 0.030675
270.00 P 20260812 -1.00 -1.00 67 392 0.3041 -0.3581 0.034799
272.50 P 20260812 -1.00 -1.00 143 155 0.2954 -0.4474 0.037741
275.00 P 20260812 -1.00 -1.00 77 239 0.2913 -0.5416 0.038372
277.50 P 20260812 -1.00 -1.00 12 39 0.2953 -0.6342 0.036541
280.00 P 20260812 -1.00 -1.00 4 89 0.2954 -0.7157 0.032542
282.50 P 20260812 -1.00 -1.00 3 28 0.2957 -0.7894 0.028001
285.00 P 20260812 -1.00 -1.00 2 82 0.2612 -0.8830 0.022336
287.50 P 20260812 -1.00 -1.00 2 1 0.3143 -0.8836 0.018277
290.00 P 20260812 -1.00 -1.00 13 34 0.2838 -0.9450 0.012510
292.50 P 20260812 -1.00 -1.00 4 8 0.3152 -0.9499 0.010420
295.00 P 20260812 -1.00 -1.00 2 27 0.3163 -0.9726 0.007232
297.50 P 20260812 -1.00 -1.00 10 0 -1.0000 -1.0000 -1.000000
300.00 P 20260812 -1.00 -1.00 170 22 -1.0000 -1.0000 -1.000000
302.50 P 20260812 -1.00 -1.00 -1 0 -1.0000 -1.0000 -1.000000
305.00 P 20260812 -1.00 -1.00 10 13 -1.0000 -1.0000 -1.000000
307.50 P 20260812 -1.00 -1.00 350 0 -1.0000 -1.0000 -1.000000
310.00 P 20260812 -1.00 -1.00 210 1 -1.0000 -1.0000 -1.000000
312.50 P 20260812 -1.00 -1.00 160 0 -1.0000 -1.0000 -1.000000
315.00 P 20260812 -1.00 -1.00 160 0 -1.0000 -1.0000 -1.000000
317.50 P 20260812 -1.00 -1.00 230 0 -1.0000 -1.0000 -1.000000
320.00 P 20260812 -1.00 -1.00 300 0 -1.0000 -1.0000 -1.000000
225.00 C 20260814 -1.00 -1.00 15 76 0.6845 0.9761 0.002007
227.50 C 20260814 -1.00 -1.00 1 50 0.6521 0.9751 0.002182
230.00 C 20260814 -1.00 -1.00 57 255 0.6507 0.9674 0.002722
232.50 C 20260814 -1.00 -1.00 1 98 0.5956 0.9711 0.002708
235.00 C 20260814 -1.00 -1.00 100 450 0.5865 0.9625 0.003373
237.50 C 20260814 -1.00 -1.00 10 98 0.5194 0.9703 0.003176
240.00 C 20260814 -1.00 -1.00 12 600 0.5044 0.9624 0.003933
242.50 C 20260814 -1.00 -1.00 49 76 0.4640 0.9624 0.004277
245.00 C 20260814 -1.00 -1.00 3 675 0.4305 0.9600 0.004842
247.50 C 20260814 -1.00 -1.00 2 121 0.4418 0.9415 0.006487
250.00 C 20260814 -1.00 -1.00 50 840 0.4341 0.9233 0.008068
252.50 C 20260814 -1.00 -1.00 2 182 0.3888 0.9214 0.009167
255.00 C 20260814 -1.00 -1.00 9 642 0.3730 0.9019 0.011289
257.50 C 20260814 -1.00 -1.00 9 137 0.3394 0.8905 0.013513
260.00 C 20260814 -1.00 -1.00 21 1564 0.3543 0.8395 0.016742
262.50 C 20260814 -1.00 -1.00 7 117 0.3249 0.8116 0.020310
265.00 C 20260814 -1.00 -1.00 44 1142 0.3390 0.7466 0.023049
267.50 C 20260814 -1.00 -1.00 9 269 0.3219 0.6923 0.026755
270.00 C 20260814 -1.00 -1.00 395 2009 0.3230 0.6222 0.028801
272.50 C 20260814 -1.00 -1.00 335 563 0.3197 0.5484 0.030379
275.00 C 20260814 -1.00 -1.00 6271 6264 0.3222 0.4740 0.030228
277.50 C 20260814 -1.00 -1.00 315 1192 0.3214 0.3996 0.029480
280.00 C 20260814 -1.00 -1.00 1373 3777 0.3189 0.3298 0.027748
282.50 C 20260814 -1.00 -1.00 189 537 0.3216 0.2665 0.025015
285.00 C 20260814 -1.00 -1.00 396 6701 0.3241 0.2130 0.021917
287.50 C 20260814 -1.00 -1.00 240 576 0.3268 0.1663 0.018615
290.00 C 20260814 -1.00 -1.00 721 6654 0.3326 0.1295 0.015547
292.50 C 20260814 -1.00 -1.00 179 125 0.3361 0.1004 0.012702
295.00 C 20260814 -1.00 -1.00 284 2207 0.3427 0.0744 0.010112
297.50 C 20260814 -1.00 -1.00 110 133 0.3436 0.0568 0.008053
300.00 C 20260814 -1.00 -1.00 1403 6172 0.3548 0.0454 0.006502
302.50 C 20260814 -1.00 -1.00 211 391 0.3608 0.0327 0.004967
305.00 C 20260814 -1.00 -1.00 50 1200 0.3573 0.0233 0.003714
307.50 C 20260814 -1.00 -1.00 103 38 0.3668 0.0180 0.002908
310.00 C 20260814 -1.00 -1.00 180 5741 0.3693 0.0123 0.002093
312.50 C 20260814 -1.00 -1.00 5 5 0.3938 0.0124 0.001982
315.00 C 20260814 -1.00 -1.00 13 3217 0.3881 0.0083 0.001397
317.50 C 20260814 -1.00 -1.00 3 2 0.4272 0.0107 0.001598
320.00 C 20260814 -1.00 -1.00 8 1989 0.4164 0.0062 0.001008
225.00 P 20260814 -1.00 -1.00 16 710 0.5578 -0.0081 0.000955
227.50 P 20260814 -1.00 -1.00 3 763 0.5305 -0.0085 0.001049
230.00 P 20260814 -1.00 -1.00 26 625 0.5159 -0.0100 0.001254
232.50 P 20260814 -1.00 -1.00 2 128 0.5009 -0.0126 0.001574
235.00 P 20260814 -1.00 -1.00 12 519 0.4816 -0.0154 0.001939
237.50 P 20260814 -1.00 -1.00 106 80 0.4624 -0.0185 0.002358
240.00 P 20260814 -1.00 -1.00 54 1617 0.4332 -0.0196 0.002654
242.50 P 20260814 -1.00 -1.00 119 187 0.4172 -0.0238 0.003265
245.00 P 20260814 -1.00 -1.00 26 720 0.4044 -0.0298 0.004098
247.50 P 20260814 -1.00 -1.00 28 1066 0.3833 -0.0371 0.005119
250.00 P 20260814 -1.00 -1.00 744 1985 0.3688 -0.0478 0.006547
252.50 P 20260814 -1.00 -1.00 65 289 0.3570 -0.0604 0.008251
255.00 P 20260814 -1.00 -1.00 135 992 0.3405 -0.0787 0.010487
257.50 P 20260814 -1.00 -1.00 101 1767 0.3319 -0.1053 0.013407
260.00 P 20260814 -1.00 -1.00 133 2841 0.3284 -0.1421 0.016747
262.50 P 20260814 -1.00 -1.00 215 694 0.3211 -0.1864 0.020422
265.00 P 20260814 -1.00 -1.00 287 2072 0.3192 -0.2414 0.023972
267.50 P 20260814 -1.00 -1.00 38 719 0.3170 -0.3061 0.027157
270.00 P 20260814 -1.00 -1.00 511 1445 0.3096 -0.3746 0.030095
272.50 P 20260814 -1.00 -1.00 1868 2995 0.3111 -0.4523 0.031364
275.00 P 20260814 -1.00 -1.00 1053 2888 0.3088 -0.5300 0.031699
277.50 P 20260814 -1.00 -1.00 87 424 0.3110 -0.6068 0.030639
280.00 P 20260814 -1.00 -1.00 60 758 0.3077 -0.6795 0.028745
282.50 P 20260814 -1.00 -1.00 1 28 0.3178 -0.7400 0.025477
285.00 P 20260814 -1.00 -1.00 3 588 0.3249 -0.7905 0.022170
287.50 P 20260814 -1.00 -1.00 12 90 0.3128 -0.8515 0.018923
290.00 P 20260814 -1.00 -1.00 7 387 0.2798 -0.9191 0.014488
292.50 P 20260814 -1.00 -1.00 1 3 0.3118 -0.9260 0.012195
295.00 P 20260814 -1.00 -1.00 4 27 0.3079 -0.9520 0.009376
297.50 P 20260814 -1.00 -1.00 2 1 -1.0000 -1.0000 -1.000000
300.00 P 20260814 -1.00 -1.00 40 111 -1.0000 -1.0000 -1.000000
302.50 P 20260814 -1.00 -1.00 50 0 -1.0000 -1.0000 -1.000000
305.00 P 20260814 -1.00 -1.00 49 0 -1.0000 -1.0000 -1.000000
307.50 P 20260814 -1.00 -1.00 -1 0 -1.0000 -1.0000 -1.000000
310.00 P 20260814 -1.00 -1.00 230 1 -1.0000 -1.0000 -1.000000
312.50 P 20260814 -1.00 -1.00 -1 0 -1.0000 -1.0000 -1.000000
315.00 P 20260814 -1.00 -1.00 240 0 -1.0000 -1.0000 -1.000000
317.50 P 20260814 -1.00 -1.00 150 0 -1.0000 -1.0000 -1.000000
320.00 P 20260814 -1.00 -1.00 200 0 -1.0000 -1.0000 -1.000000
225.00 C 20260817 -1.00 -1.00 10 5 0.6509 0.9626 0.002599
230.00 C 20260817 -1.00 -1.00 -1 0 0.5770 0.9624 0.002947
235.00 C 20260817 -1.00 -1.00 80 20 0.5551 0.9482 0.003999
240.00 C 20260817 -1.00 -1.00 76 27 0.4562 0.9545 0.004357
245.00 C 20260817 -1.00 -1.00 76 33 0.3923 0.9511 0.005383
247.50 C 20260817 -1.00 -1.00 14 3 0.3966 0.9338 0.006814
250.00 C 20260817 -1.00 -1.00 108 45 0.3134 0.9542 0.006377
252.50 C 20260817 -1.00 -1.00 15 4 0.3311 0.9238 0.009031
255.00 C 20260817 -1.00 -1.00 -1 0 0.3664 0.8761 0.011825
257.50 C 20260817 -1.00 -1.00 1 1 0.3075 0.8810 0.013670
260.00 C 20260817 -1.00 -1.00 1 14 0.3375 0.8171 0.016441
262.50 C 20260817 -1.00 -1.00 -1 0 0.3422 0.7702 0.018695
265.00 C 20260817 -1.00 -1.00 1 4 0.3026 0.7403 0.022403
267.50 C 20260817 -1.00 -1.00 1 6 0.3186 0.6738 0.023935
270.00 C 20260817 -1.00 -1.00 55 62 0.3102 0.6134 0.025838
272.50 C 20260817 -1.00 -1.00 48 99 0.3022 0.5480 0.027589
275.00 C 20260817 -1.00 -1.00 158 117 0.3018 0.4801 0.027723
277.50 C 20260817 -1.00 -1.00 13 108 0.2999 0.4116 0.027231
280.00 C 20260817 -1.00 -1.00 23 223 0.3051 0.3498 0.025565
282.50 C 20260817 -1.00 -1.00 17 48 0.2981 0.2862 0.023869
285.00 C 20260817 -1.00 -1.00 31 140 0.3076 0.2370 0.021240
287.50 C 20260817 -1.00 -1.00 10 8 0.3066 0.1919 0.018571
290.00 C 20260817 -1.00 -1.00 38 401 0.3061 0.1468 0.015869
292.50 C 20260817 -1.00 -1.00 2 4 0.3094 0.1184 0.013369
295.00 C 20260817 -1.00 -1.00 18 103 0.3125 0.0917 0.010976
297.50 C 20260817 -1.00 -1.00 -1 0 0.3221 0.0727 0.009047
300.00 C 20260817 -1.00 -1.00 35 178 0.3195 0.0550 0.007226
302.50 C 20260817 -1.00 -1.00 -1 0 0.3300 0.0450 0.005958
305.00 C 20260817 -1.00 -1.00 161 244 0.3335 0.0328 0.004609
307.50 C 20260817 -1.00 -1.00 4 1 0.3453 0.0289 0.003974
310.00 C 20260817 -1.00 -1.00 2 202 0.3571 0.0252 0.003413
312.50 C 20260817 -1.00 -1.00 -1 0 0.3632 0.0200 0.002756
315.00 C 20260817 -1.00 -1.00 7 7 0.3802 0.0186 0.002473
320.00 C 20260817 -1.00 -1.00 28 55 0.4284 0.0203 0.002362
225.00 P 20260817 -1.00 -1.00 1 1 0.4844 -0.0085 0.000995
230.00 P 20260817 -1.00 -1.00 2 3 0.4649 -0.0138 0.001572
235.00 P 20260817 -1.00 -1.00 1 2 0.4044 -0.0133 0.001747
240.00 P 20260817 -1.00 -1.00 1 11 0.3699 -0.0190 0.002597
245.00 P 20260817 -1.00 -1.00 4 11 0.3595 -0.0355 0.004518
247.50 P 20260817 -1.00 -1.00 2 2 0.3425 -0.0432 0.005565
250.00 P 20260817 -1.00 -1.00 132 68 0.3379 -0.0571 0.007125
252.50 P 20260817 -1.00 -1.00 25 12 0.3252 -0.0724 0.008871
255.00 P 20260817 -1.00 -1.00 11 26 0.3172 -0.0958 0.011186
257.50 P 20260817 -1.00 -1.00 34 35 0.3086 -0.1199 0.013728
260.00 P 20260817 -1.00 -1.00 16 197 0.3014 -0.1578 0.016719
262.50 P 20260817 -1.00 -1.00 18 7 0.2973 -0.2008 0.019938
265.00 P 20260817 -1.00 -1.00 24 70 0.2916 -0.2532 0.023028
267.50 P 20260817 -1.00 -1.00 6 10 0.2935 -0.3159 0.025618
270.00 P 20260817 -1.00 -1.00 17 68 0.2909 -0.3821 0.027612
272.50 P 20260817 -1.00 -1.00 1035 1026 0.2870 -0.4525 0.029224
275.00 P 20260817 -1.00 -1.00 14 255 0.2864 -0.5247 0.029416
277.50 P 20260817 -1.00 -1.00 17 24 0.2819 -0.5986 0.029178
280.00 P 20260817 -1.00 -1.00 13 36 0.2871 -0.6638 0.027098
282.50 P 20260817 -1.00 -1.00 56 57 0.2929 -0.7222 0.024481
285.00 P 20260817 -1.00 -1.00 1 321 0.2401 -0.8295 0.023305
287.50 P 20260817 -1.00 -1.00 -1 0 0.2600 -0.8623 0.019181
290.00 P 20260817 -1.00 -1.00 30 47 0.2539 -0.9059 0.015471
292.50 P 20260817 -1.00 -1.00 -1 0 0.2627 -0.9336 0.012260
295.00 P 20260817 -1.00 -1.00 78 90 -1.0000 -1.0000 -1.000000
297.50 P 20260817 -1.00 -1.00 2 2 0.2504 -0.9859 0.005973
300.00 P 20260817 -1.00 -1.00 2 3 -1.0000 -1.0000 -1.000000
302.50 P 20260817 -1.00 -1.00 -1 0 -1.0000 -1.0000 -1.000000
305.00 P 20260817 -1.00 -1.00 -1 0 -1.0000 -1.0000 -1.000000
307.50 P 20260817 -1.00 -1.00 -1 0 -1.0000 -1.0000 -1.000000
310.00 P 20260817 -1.00 -1.00 -1 0 -1.0000 -1.0000 -1.000000
312.50 P 20260817 -1.00 -1.00 -1 0 -1.0000 -1.0000 -1.000000
315.00 P 20260817 -1.00 -1.00 -1 0 -1.0000 -1.0000 -1.000000
320.00 P 20260817 -1.00 -1.00 140 0 -1.0000 -1.0000 -1.000000
225.00 C 20260819 -1.00 -1.00 -1 0 0.6069 0.9611 0.002656
230.00 C 20260819 -1.00 -1.00 1 1 0.5855 0.9486 0.003472
235.00 C 20260819 -1.00 -1.00 -1 0 0.4975 0.9524 0.003828
237.50 C 20260819 -1.00 -1.00 -1 0 0.4954 0.9426 0.004509
240.00 C 20260819 -1.00 -1.00 -1 0 0.4216 0.9544 0.004357
242.50 C 20260819 -1.00 -1.00 -1 0 0.4397 0.9349 0.005596
245.00 C 20260819 -1.00 -1.00 -1 0 0.4379 0.9160 0.006761
247.50 C 20260819 -1.00 -1.00 -1 0 0.4187 0.9049 0.007767
250.00 C 20260819 -1.00 -1.00 6 6 0.3794 0.9031 0.008698
252.50 C 20260819 -1.00 -1.00 -1 0 0.3873 0.8756 0.010327
255.00 C 20260819 -1.00 -1.00 1 7 0.3612 0.8593 0.011938
257.50 C 20260819 -1.00 -1.00 -1 0 0.3354 0.8406 0.013923
260.00 C 20260819 -1.00 -1.00 32 33 0.3061 0.8215 0.016443
262.50 C 20260819 -1.00 -1.00 -1 0 0.3376 0.7564 0.017945
265.00 C 20260819 -1.00 -1.00 6 6 0.3096 0.7219 0.020892
267.50 C 20260819 -1.00 -1.00 1 6 0.3251 0.6621 0.022033
270.00 C 20260819 -1.00 -1.00 13 12 0.3175 0.6058 0.023381
272.50 C 20260819 -1.00 -1.00 3 7 0.3088 0.5468 0.024922
275.00 C 20260819 -1.00 -1.00 19 125 0.3107 0.4859 0.024862
277.50 C 20260819 -1.00 -1.00 13 9 0.3101 0.4249 0.024402
280.00 C 20260819 -1.00 -1.00 18 161 0.3196 0.3697 0.023102
282.50 C 20260819 -1.00 -1.00 29 27 0.3141 0.3149 0.021793
285.00 C 20260819 -1.00 -1.00 17 69 0.3169 0.2647 0.020040
287.50 C 20260819 -1.00 -1.00 4 13 0.3180 0.2212 0.018085
290.00 C 20260819 -1.00 -1.00 29 30 0.3160 0.1801 0.015978
292.50 C 20260819 -1.00 -1.00 354 3 0.3211 0.1454 0.013879
295.00 C 20260819 -1.00 -1.00 7 25 0.3216 0.1193 0.011921
297.50 C 20260819 -1.00 -1.00 3 6 0.3257 0.0967 0.010086
300.00 C 20260819 -1.00 -1.00 9 62 0.3243 0.0721 0.008221
302.50 C 20260819 -1.00 -1.00 2 1 0.3288 0.0597 0.006926
305.00 C 20260819 -1.00 -1.00 -1 0 0.3332 0.0477 0.005698
307.50 C 20260819 -1.00 -1.00 -1 0 0.3400 0.0375 0.004640
310.00 C 20260819 -1.00 -1.00 1 1 0.3305 0.0258 0.003470
312.50 C 20260819 -1.00 -1.00 -1 0 0.3480 0.0247 0.003166
315.00 C 20260819 -1.00 -1.00 -1 0 0.3569 0.0209 0.002678
320.00 C 20260819 -1.00 -1.00 1 1 0.3846 0.0172 0.002113
225.00 P 20260819 -1.00 -1.00 11 11 0.4668 -0.0104 0.001142
230.00 P 20260819 -1.00 -1.00 1 4 0.4417 -0.0165 0.001776
235.00 P 20260819 -1.00 -1.00 1 1 0.4088 -0.0216 0.002428
237.50 P 20260819 -1.00 -1.00 -1 0 0.3958 -0.0252 0.002872
240.00 P 20260819 -1.00 -1.00 13 13 0.3821 -0.0303 0.003466
242.50 P 20260819 -1.00 -1.00 -1 0 0.3650 -0.0364 0.004185
245.00 P 20260819 -1.00 -1.00 1 1 0.3523 -0.0448 0.005138
247.50 P 20260819 -1.00 -1.00 19 19 0.3458 -0.0564 0.006357
250.00 P 20260819 -1.00 -1.00 29 70 0.3323 -0.0686 0.007696
252.50 P 20260819 -1.00 -1.00 2 1 0.3282 -0.0917 0.009648
255.00 P 20260819 -1.00 -1.00 11 28 0.3184 -0.1121 0.011628
257.50 P 20260819 -1.00 -1.00 10 206 0.3162 -0.1457 0.013967
260.00 P 20260819 -1.00 -1.00 2 292 0.3081 -0.1805 0.016489
262.50 P 20260819 -1.00 -1.00 6 4 0.3078 -0.2242 0.018992
265.00 P 20260819 -1.00 -1.00 21 128 0.2989 -0.2728 0.021491
267.50 P 20260819 -1.00 -1.00 1 7 0.3011 -0.3295 0.023584
270.00 P 20260819 -1.00 -1.00 1 60 0.2960 -0.3901 0.025142
272.50 P 20260819 -1.00 -1.00 6 2 0.2997 -0.4546 0.025857
275.00 P 20260819 -1.00 -1.00 29 17 0.2977 -0.5185 0.026142
277.50 P 20260819 -1.00 -1.00 6 5 0.2971 -0.5825 0.025674
280.00 P 20260819 -1.00 -1.00 1 41 0.2934 -0.6466 0.025032
282.50 P 20260819 -1.00 -1.00 3 3 0.2974 -0.7004 0.022964
285.00 P 20260819 -1.00 -1.00 12 24 0.3023 -0.7526 0.020963
287.50 P 20260819 -1.00 -1.00 -1 0 0.2830 -0.8137 0.019061
290.00 P 20260819 -1.00 -1.00 6 6 0.2979 -0.8436 0.016430
292.50 P 20260819 -1.00 -1.00 -1 0 0.2816 -0.8932 0.013869
295.00 P 20260819 -1.00 -1.00 -1 0 0.2730 -0.9337 0.010992
297.50 P 20260819 -1.00 -1.00 -1 0 0.2654 -0.9601 0.008581
300.00 P 20260819 -1.00 -1.00 -1 0 0.2680 -0.9777 0.006417
302.50 P 20260819 -1.00 -1.00 -1 0 0.3072 -0.9650 0.006669
305.00 P 20260819 -1.00 -1.00 -1 0 -1.0000 -1.0000 -1.000000
307.50 P 20260819 -1.00 -1.00 -1 0 -1.0000 -1.0000 -1.000000
310.00 P 20260819 -1.00 -1.00 -1 0 -1.0000 -1.0000 -1.000000
312.50 P 20260819 -1.00 -1.00 -1 0 -1.0000 -1.0000 -1.000000
315.00 P 20260819 -1.00 -1.00 -1 0 -1.0000 -1.0000 -1.000000
320.00 P 20260819 -1.00 -1.00 -1 0 -1.0000 -1.0000 -1.000000
225.00 C 20260821 -1.00 -1.00 6 2874 0.5477 0.9662 0.002451
227.50 C 20260821 -1.00 -1.00 20 214 0.5303 0.9620 0.002778
230.00 C 20260821 -1.00 -1.00 18 2921 0.5034 0.9605 0.003024
232.50 C 20260821 -1.00 -1.00 4 517 0.5722 0.9291 0.004253
235.00 C 20260821 -1.00 -1.00 390 4939 0.4603 0.9538 0.003766
237.50 C 20260821 -1.00 -1.00 24 1084 0.4439 0.9484 0.004285
240.00 C 20260821 -1.00 -1.00 15 9987 0.4229 0.9442 0.004810
242.50 C 20260821 -1.00 -1.00 14 446 0.4244 0.9275 0.005836
245.00 C 20260821 -1.00 -1.00 201 10850 0.4090 0.9160 0.006749
247.50 C 20260821 -1.00 -1.00 1 550 0.3666 0.9184 0.007366
250.00 C 20260821 -1.00 -1.00 655 37286 0.4223 0.8665 0.009209
252.50 C 20260821 -1.00 -1.00 24 973 0.3533 0.8812 0.010238
255.00 C 20260821 -1.00 -1.00 12 13489 0.3463 0.8531 0.011929
257.50 C 20260821 -1.00 -1.00 2 608 0.3417 0.8215 0.013742
260.00 C 20260821 -1.00 -1.00 161 41330 0.3337 0.7909 0.015706
262.50 C 20260821 -1.00 -1.00 6 445 0.3288 0.7484 0.017448
265.00 C 20260821 -1.00 -1.00 431 9886 0.3225 0.7043 0.019306
267.50 C 20260821 -1.00 -1.00 4 1168 0.3223 0.6551 0.020805
270.00 C 20260821 -1.00 -1.00 175 42037 0.3141 0.6023 0.022088
272.50 C 20260821 -1.00 -1.00 474 2738 0.3172 0.5460 0.022643
275.00 C 20260821 -1.00 -1.00 1503 18422 0.3156 0.4903 0.022852
280.00 C 20260821 -1.00 -1.00 905 41527 0.3164 0.3792 0.021961
285.00 C 20260821 -1.00 -1.00 360 22122 0.3165 0.2820 0.019219
290.00 C 20260821 -1.00 -1.00 511 16783 0.3168 0.1998 0.015852
295.00 C 20260821 -1.00 -1.00 3735 31917 0.3258 0.1384 0.012295
300.00 C 20260821 -1.00 -1.00 1633 39432 0.3264 0.0913 0.009015
305.00 C 20260821 -1.00 -1.00 139 11475 0.3318 0.0602 0.006443
310.00 C 20260821 -1.00 -1.00 405 31030 0.3406 0.0387 0.004426
315.00 C 20260821 -1.00 -1.00 173 11879 0.3434 0.0247 0.002994
320.00 C 20260821 -1.00 -1.00 59 45423 0.3552 0.0161 0.002025
225.00 P 20260821 -1.00 -1.00 51 13856 0.4595 -0.0154 0.001499
227.50 P 20260821 -1.00 -1.00 1 1082 0.4427 -0.0174 0.001725
230.00 P 20260821 -1.00 -1.00 610 14798 0.4280 -0.0199 0.002009
232.50 P 20260821 -1.00 -1.00 4 1144 0.4136 -0.0226 0.002328
235.00 P 20260821 -1.00 -1.00 53 5820 0.4051 -0.0267 0.002763
237.50 P 20260821 -1.00 -1.00 22 585 0.3931 -0.0335 0.003391
240.00 P 20260821 -1.00 -1.00 551 9234 0.3740 -0.0379 0.003936
242.50 P 20260821 -1.00 -1.00 2 1604 0.3639 -0.0464 0.004778
245.00 P 20260821 -1.00 -1.00 208 7483 0.3548 -0.0557 0.005727
247.50 P 20260821 -1.00 -1.00 119 473 0.3453 -0.0686 0.006906
250.00 P 20260821 -1.00 -1.00 447 16840 0.3359 -0.0860 0.008373
252.50 P 20260821 -1.00 -1.00 109 2595 0.3304 -0.1066 0.010048
255.00 P 20260821 -1.00 -1.00 361 4338 0.3255 -0.1319 0.011890
257.50 P 20260821 -1.00 -1.00 107 1685 0.3175 -0.1627 0.013930
260.00 P 20260821 -1.00 -1.00 376 7987 0.3172 -0.2001 0.016048
262.50 P 20260821 -1.00 -1.00 77 932 0.3133 -0.2427 0.018050
265.00 P 20260821 -1.00 -1.00 115 3575 0.3100 -0.2905 0.019962
267.50 P 20260821 -1.00 -1.00 24 868 0.3113 -0.3421 0.021613
270.00 P 20260821 -1.00 -1.00 228 5368 0.3040 -0.3975 0.022946
272.50 P 20260821 -1.00 -1.00 108 629 0.3061 -0.4560 0.023648
275.00 P 20260821 -1.00 -1.00 452 4232 0.3052 -0.5143 0.023819
280.00 P 20260821 -1.00 -1.00 11 3332 0.3060 -0.6301 0.022869
285.00 P 20260821 -1.00 -1.00 135 1708 0.2967 -0.7395 0.020378
290.00 P 20260821 -1.00 -1.00 2 2287 0.3052 -0.8170 0.016326
295.00 P 20260821 -1.00 -1.00 24 344 0.2770 -0.9108 0.011960
300.00 P 20260821 -1.00 -1.00 127 1003 0.2470 -0.9841 0.005983
305.00 P 20260821 -1.00 -1.00 10 208 -1.0000 -1.0000 -1.000000
310.00 P 20260821 -1.00 -1.00 1 19 -1.0000 -1.0000 -1.000000
315.00 P 20260821 -1.00 -1.00 75 1 -1.0000 -1.0000 -1.000000
320.00 P 20260821 -1.00 -1.00 5 0 -1.0000 -1.0000 -1.000000
200.00 C 20260807 -1.00 -1.00 15 415 2.4233 0.9877 0.000795
202.50 C 20260807 -1.00 -1.00 587 257 2.1008 0.9931 0.000548
205.00 C 20260807 -1.00 -1.00 33 209 2.5572 0.9760 0.001349
207.50 C 20260807 -1.00 -1.00 123 77 2.2989 0.9810 0.001214
210.00 C 20260807 -1.00 -1.00 160 337 2.5579 0.9640 0.001870
212.50 C 20260807 -1.00 -1.00 1995 188 2.3594 0.9689 0.001802
215.00 C 20260807 -1.00 -1.00 20 208 2.4647 0.9554 0.002314
217.50 C 20260807 -1.00 -1.00 4 29 2.2525 0.9609 0.002269
220.00 C 20260807 -1.00 -1.00 544 647 1.8145 0.9803 0.001593
222.50 C 20260807 -1.00 -1.00 2 42 1.7012 0.9811 0.001632
200.00 P 20260807 -1.00 -1.00 2 2974 2.0849 -0.0047 0.000394
202.50 P 20260807 -1.00 -1.00 5 306 2.0566 -0.0059 0.000491
205.00 P 20260807 -1.00 -1.00 4 1043 1.6966 -0.0017 0.000194
207.50 P 20260807 -1.00 -1.00 1 190 1.8735 -0.0056 0.000514
210.00 P 20260807 -1.00 -1.00 2 1516 1.6079 -0.0024 0.000276
212.50 P 20260807 -1.00 -1.00 3 646 1.6292 -0.0035 0.000388
215.00 P 20260807 -1.00 -1.00 22 1502 1.4353 -0.0020 0.000266
217.50 P 20260807 -1.00 -1.00 1 494 1.5204 -0.0048 0.000545
220.00 P 20260807 -1.00 -1.00 29 5889 1.3092 -0.0022 0.000316
222.50 P 20260807 -1.00 -1.00 42 238 1.3318 -0.0035 0.000484
200.00 C 20260810 -1.00 -1.00 828 78 1.5917 0.9732 0.001321
202.50 C 20260810 -1.00 -1.00 230 71 1.4622 0.9772 0.001250
205.00 C 20260810 -1.00 -1.00 30 81 1.4885 0.9705 0.001521
207.50 C 20260810 -1.00 -1.00 595 25 1.2871 0.9804 0.001240
210.00 C 20260810 -1.00 -1.00 370 131 1.2201 0.9811 0.001270
212.50 C 20260810 -1.00 -1.00 350 0 1.3149 0.9685 0.001816
215.00 C 20260810 -1.00 -1.00 365 37 1.2615 0.9673 0.001946
217.50 C 20260810 -1.00 -1.00 1 1 1.0237 0.9836 0.001333
220.00 C 20260810 -1.00 -1.00 730 84 0.9597 0.9847 0.001338
222.50 C 20260810 -1.00 -1.00 15 15 1.1235 0.9609 0.002524
200.00 P 20260810 -1.00 -1.00 1 55 1.3543 -0.0128 0.000819
202.50 P 20260810 -1.00 -1.00 2 32 1.2710 -0.0109 0.000760
205.00 P 20260810 -1.00 -1.00 7 105 1.1896 -0.0095 0.000722
207.50 P 20260810 -1.00 -1.00 4 39 1.1474 -0.0098 0.000773
210.00 P 20260810 -1.00 -1.00 3 31 1.0969 -0.0098 0.000811
212.50 P 20260810 -1.00 -1.00 4 9 1.0557 -0.0102 0.000873
215.00 P 20260810 -1.00 -1.00 7 339 0.8457 -0.0031 0.000374
217.50 P 20260810 -1.00 -1.00 2 14 0.8794 -0.0066 0.000701
220.00 P 20260810 -1.00 -1.00 37 752 0.8402 -0.0069 0.000763
222.50 P 20260810 -1.00 -1.00 2 6 0.8858 -0.0128 0.001254
200.00 C 20260812 -1.00 -1.00 620 172 1.0776 0.9904 0.000671
202.50 C 20260812 -1.00 -1.00 100 22 1.2814 0.9711 0.001439
205.00 C 20260812 -1.00 -1.00 60 23 1.0639 0.9843 0.001021
207.50 C 20260812 -1.00 -1.00 235 18 1.1573 0.9732 0.001502
210.00 C 20260812 -1.00 -1.00 80 25 1.0464 0.9781 0.001393
212.50 C 20260812 -1.00 -1.00 512 17 1.0067 0.9774 0.001491
215.00 C 20260812 -1.00 -1.00 210 71 0.9674 0.9766 0.001599
217.50 C 20260812 -1.00 -1.00 10 42 0.9718 0.9706 0.001925
220.00 C 20260812 -1.00 -1.00 8 47 0.9594 0.9645 0.002261
222.50 C 20260812 -1.00 -1.00 5 45 0.6424 0.9943 0.000698
200.00 P 20260812 -1.00 -1.00 1 12 1.0887 -0.0102 0.000699
202.50 P 20260812 -1.00 -1.00 2 2 1.0486 -0.0106 0.000746
205.00 P 20260812 -1.00 -1.00 3 85 0.9478 -0.0079 0.000632
207.50 P 20260812 -1.00 -1.00 6 19 0.8318 -0.0040 0.000398
210.00 P 20260812 -1.00 -1.00 4 18 0.8201 -0.0055 0.000523
212.50 P 20260812 -1.00 -1.00 4 187 0.7793 -0.0052 0.000532
215.00 P 20260812 -1.00 -1.00 2 30 0.7171 -0.0036 0.000419
217.50 P 20260812 -1.00 -1.00 3 6 0.6990 -0.0047 0.000544
220.00 P 20260812 -1.00 -1.00 9 16 0.7602 -0.0111 0.001076
222.50 P 20260812 -1.00 -1.00 2 8 0.6636 -0.0072 0.000832
200.00 C 20260814 -1.00 -1.00 690 407 1.0757 0.9791 0.001133
202.50 C 20260814 -1.00 -1.00 340 76 1.1482 0.9671 0.001547
205.00 C 20260814 -1.00 -1.00 640 128 1.0795 0.9698 0.001539
207.50 C 20260814 -1.00 -1.00 80 34 1.0737 0.9641 0.001777
210.00 C 20260814 -1.00 -1.00 995 281 1.0201 0.9649 0.001839
212.50 C 20260814 -1.00 -1.00 1020 1 0.8962 0.9758 0.001554
215.00 C 20260814 -1.00 -1.00 260 166 0.8809 0.9725 0.001759
217.50 C 20260814 -1.00 -1.00 18 54 0.7059 0.9879 0.001082
220.00 C 20260814 -1.00 -1.00 380 68 0.6863 0.9857 0.001280
222.50 C 20260814 -1.00 -1.00 2 3 0.6401 0.9871 0.001254
200.00 P 20260814 -1.00 -1.00 234 685 0.8226 -0.0040 0.000347
202.50 P 20260814 -1.00 -1.00 2 32 0.7614 -0.0030 0.000288
205.00 P 20260814 -1.00 -1.00 17 1439 0.7683 -0.0047 0.000425
207.50 P 20260814 -1.00 -1.00 18 6 0.7190 -0.0036 0.000366
210.00 P 20260814 -1.00 -1.00 13 867 0.6630 -0.0029 0.000319
212.50 P 20260814 -1.00 -1.00 4 96 0.6669 -0.0044 0.000462
215.00 P 20260814 -1.00 -1.00 14 1068 0.6573 -0.0059 0.000611
217.50 P 20260814 -1.00 -1.00 3 515 0.6034 -0.0043 0.000499
220.00 P 20260814 -1.00 -1.00 5 1812 0.5817 -0.0050 0.000591
222.50 P 20260814 -1.00 -1.00 8 140 0.5853 -0.0077 0.000872
200.00 C 20260817 -1.00 -1.00 10 46 1.0003 0.9710 0.001378
205.00 C 20260817 -1.00 -1.00 300 61 0.8671 0.9773 0.001299
210.00 C 20260817 -1.00 -1.00 70 25 0.8725 0.9654 0.001821
215.00 C 20260817 -1.00 -1.00 -1 0 0.6864 0.9812 0.001388
220.00 C 20260817 -1.00 -1.00 -1 0 0.6512 0.9769 0.001755
200.00 P 20260817 -1.00 -1.00 -1 0 -1.0000 -1.0000 -1.000000
205.00 P 20260817 -1.00 -1.00 -1 0 -1.0000 -1.0000 -1.000000
210.00 P 20260817 -1.00 -1.00 -1 0 -1.0000 -1.0000 -1.000000
215.00 P 20260817 -1.00 -1.00 -1 0 -1.0000 -1.0000 -1.000000
220.00 P 20260817 -1.00 -1.00 -1 0 0.6867 -0.0285 0.001992
200.00 C 20260819 -1.00 -1.00 -1 0 0.9361 0.9690 0.001433
205.00 C 20260819 -1.00 -1.00 -1 0 0.7489 0.9827 0.001088
210.00 C 20260819 -1.00 -1.00 10 5 0.7575 0.9745 0.001526
215.00 C 20260819 -1.00 -1.00 -1 0 0.7227 0.9671 0.001948
220.00 C 20260819 -1.00 -1.00 -1 0 0.6354 0.9711 0.002005
200.00 P 20260819 -1.00 -1.00 -1 0 -1.0000 -1.0000 -1.000000
205.00 P 20260819 -1.00 -1.00 -1 0 -1.0000 -1.0000 -1.000000
210.00 P 20260819 -1.00 -1.00 -1 0 0.8463 -0.0417 0.002019
215.00 P 20260819 -1.00 -1.00 1 1 0.5778 -0.0106 0.000936
220.00 P 20260819 -1.00 -1.00 1 1 0.5227 -0.0107 0.001045
200.00 C 20260821 -1.00 -1.00 2 4338 0.7888 0.9798 0.001108
205.00 C 20260821 -1.00 -1.00 13 1437 0.7335 0.9787 0.001246
210.00 C 20260821 -1.00 -1.00 2 1563 0.8000 0.9566 0.002059
212.50 C 20260821 -1.00 -1.00 5 92 0.6844 0.9722 0.001680
215.00 C 20260821 -1.00 -1.00 3 1160 0.6455 0.9738 0.001706
217.50 C 20260821 -1.00 -1.00 2 54 0.6322 0.9692 0.001970
220.00 C 20260821 -1.00 -1.00 7 3206 0.5941 0.9708 0.002015
222.50 C 20260821 -1.00 -1.00 1 129 0.5713 0.9684 0.002227
200.00 P 20260821 -1.00 -1.00 173 10672 0.6220 -0.0051 0.000414
205.00 P 20260821 -1.00 -1.00 4 6375 0.5868 -0.0061 0.000524
210.00 P 20260821 -1.00 -1.00 519 8178 0.5573 -0.0077 0.000680
212.50 P 20260821 -1.00 -1.00 18 313 0.5452 -0.0088 0.000781
215.00 P 20260821 -1.00 -1.00 585 6030 0.5333 -0.0099 0.000891
217.50 P 20260821 -1.00 -1.00 2 900 0.5132 -0.0107 0.000987
220.00 P 20260821 -1.00 -1.00 24 27262 0.4958 -0.0123 0.001146
222.50 P 20260821 -1.00 -1.00 8 287 0.4785 -0.0140 0.001324
322.50 C 20260807 -1.00 -1.00 290 290 0.9959 0.0030 0.000540
325.00 C 20260807 -1.00 -1.00 23 1456 1.0374 0.0028 0.000501
327.50 C 20260807 -1.00 -1.00 2 2 -1.0000 -1.0000 -1.000000
330.00 C 20260807 -1.00 -1.00 2 548 1.1194 0.0027 0.000434
332.50 C 20260807 -1.00 -1.00 1 1 -1.0000 -1.0000 -1.000000
335.00 C 20260807 -1.00 -1.00 1 195 1.2002 0.0025 0.000382
337.50 C 20260807 -1.00 -1.00 -1 0 -1.0000 -1.0000 -1.000000
340.00 C 20260807 -1.00 -1.00 1 289 1.2798 0.0023 0.000339
345.00 C 20260807 -1.00 -1.00 1 680 1.4593 0.0040 0.000489
322.50 P 20260807 -1.00 -1.00 24 0 -1.0000 -1.0000 -1.000000
325.00 P 20260807 -1.00 -1.00 34 0 1.4524 -0.9740 0.002569
327.50 P 20260807 -1.00 -1.00 6 0 1.5046 -0.9748 0.002413
330.00 P 20260807 -1.00 -1.00 410 0 1.2911 -0.9924 0.001078
332.50 P 20260807 -1.00 -1.00 30 0 1.2647 -0.9962 0.000685
335.00 P 20260807 -1.00 -1.00 21 0 -1.0000 -1.0000 -1.000000
337.50 P 20260807 -1.00 -1.00 1010 0 -1.0000 -1.0000 -1.000000
340.00 P 20260807 -1.00 -1.00 350 0 -1.0000 -1.0000 -1.000000
345.00 P 20260807 -1.00 -1.00 240 0 -1.0000 -1.0000 -1.000000
322.50 C 20260810 -1.00 -1.00 6 6 0.6041 0.0060 0.000930
322.50 P 20260810 -1.00 -1.00 30 0 -1.0000 -1.0000 -1.000000
322.50 C 20260812 -1.00 -1.00 -1 0 0.5764 0.0150 0.001827
322.50 P 20260812 -1.00 -1.00 60 0 -1.0000 -1.0000 -1.000000
322.50 C 20260814 -1.00 -1.00 6 1 0.4242 0.0045 0.000758
325.00 C 20260814 -1.00 -1.00 1 663 0.4489 0.0051 0.000788
327.50 C 20260814 -1.00 -1.00 32 40 0.4438 0.0035 0.000569
330.00 C 20260814 -1.00 -1.00 30 253 0.4957 0.0060 0.000823
332.50 C 20260814 -1.00 -1.00 3 6 0.5140 0.0058 0.000773
335.00 C 20260814 -1.00 -1.00 9 653 0.4925 0.0032 0.000468
337.50 C 20260814 -1.00 -1.00 7 11 0.5218 0.0037 0.000512
340.00 C 20260814 -1.00 -1.00 124 574 0.5377 0.0036 0.000484
342.50 C 20260814 -1.00 -1.00 170 172 0.5858 0.0052 0.000617
345.00 C 20260814 -1.00 -1.00 152 175 0.5822 0.0040 0.000491
322.50 P 20260814 -1.00 -1.00 80 0 -1.0000 -1.0000 -1.000000
325.00 P 20260814 -1.00 -1.00 -1 0 -1.0000 -1.0000 -1.000000
327.50 P 20260814 -1.00 -1.00 -1 0 -1.0000 -1.0000 -1.000000
330.00 P 20260814 -1.00 -1.00 10 0 -1.0000 -1.0000 -1.000000
332.50 P 20260814 -1.00 -1.00 85 0 -1.0000 -1.0000 -1.000000
335.00 P 20260814 -1.00 -1.00 20 0 -1.0000 -1.0000 -1.000000
337.50 P 20260814 -1.00 -1.00 30 0 -1.0000 -1.0000 -1.000000
340.00 P 20260814 -1.00 -1.00 190 0 -1.0000 -1.0000 -1.000000
342.50 P 20260814 -1.00 -1.00 80 0 -1.0000 -1.0000 -1.000000
345.00 P 20260814 -1.00 -1.00 25 0 -1.0000 -1.0000 -1.000000
325.00 C 20260817 -1.00 -1.00 1 1 0.4920 0.0257 0.002514
330.00 C 20260817 -1.00 -1.00 2 2 0.5821 0.0351 0.002801
335.00 C 20260817 -1.00 -1.00 -1 0 0.6729 0.0494 0.003144
340.00 C 20260817 -1.00 -1.00 -1 0 -1.0000 -1.0000 -1.000000
345.00 C 20260817 -1.00 -1.00 -1 0 -1.0000 -1.0000 -1.000000
325.00 P 20260817 -1.00 -1.00 -1 0 -1.0000 -1.0000 -1.000000
330.00 P 20260817 -1.00 -1.00 710 0 -1.0000 -1.0000 -1.000000
335.00 P 20260817 -1.00 -1.00 30 0 -1.0000 -1.0000 -1.000000
340.00 P 20260817 -1.00 -1.00 20 0 -1.0000 -1.0000 -1.000000
345.00 P 20260817 -1.00 -1.00 1 0 -1.0000 -1.0000 -1.000000
325.00 C 20260819 -1.00 -1.00 1 2 0.4165 0.0155 0.001796
330.00 C 20260819 -1.00 -1.00 -1 0 0.5575 0.0432 0.003150
335.00 C 20260819 -1.00 -1.00 1 1 0.6308 0.0529 0.003265
340.00 C 20260819 -1.00 -1.00 -1 0 -1.0000 -1.0000 -1.000000
345.00 C 20260819 -1.00 -1.00 -1 0 -1.0000 -1.0000 -1.000000
325.00 P 20260819 -1.00 -1.00 -1 0 -1.0000 -1.0000 -1.000000
330.00 P 20260819 -1.00 -1.00 -1 0 -1.0000 -1.0000 -1.000000
335.00 P 20260819 -1.00 -1.00 -1 0 -1.0000 -1.0000 -1.000000
340.00 P 20260819 -1.00 -1.00 -1 0 -1.0000 -1.0000 -1.000000
345.00 P 20260819 -1.00 -1.00 -1 0 -1.0000 -1.0000 -1.000000
325.00 C 20260821 -1.00 -1.00 18 4179 0.3729 0.0124 0.001544
330.00 C 20260821 -1.00 -1.00 8 3000 0.3788 0.0084 0.001065
335.00 C 20260821 -1.00 -1.00 6 7896 0.3881 0.0051 0.000673
340.00 C 20260821 -1.00 -1.00 33 3254 0.4047 0.0042 0.000547
345.00 C 20260821 -1.00 -1.00 29 132 0.4088 0.0029 0.000375
325.00 P 20260821 -1.00 -1.00 8 0 -1.0000 -1.0000 -1.000000
330.00 P 20260821 -1.00 -1.00 4 0 -1.0000 -1.0000 -1.000000
335.00 P 20260821 -1.00 -1.00 1 0 -1.0000 -1.0000 -1.000000
340.00 P 20260821 -1.00 -1.00 5 0 -1.0000 -1.0000 -1.000000
345.00 P 20260821 -1.00 -1.00 -1 0 -1.0000 -1.0000 -1.000000
