# opt_chain XLK | epoch 1786043017 | 2026-08-06 15:03:37 | spot 185.98 | exps 20260807 20260814 20260821
# fuente polygon_snapshot_v3 | greeks polygon_directo | iv polygon_directo | oi polygon_directo | vol day.volume(-1 si no cotizo) | bid/ask NO_ENTITLED(-1) | spot_src ibkr_bridge spot_edad_s 94 | band 0.4050 vencimientos 3 exp_hasta 2026-08-21
# strike right exp bid ask vol oi iv delta gamma
140.00 C 20260807 -1.00 -1.00 2 2 2.2610 0.9895 0.001160
143.00 C 20260807 -1.00 -1.00 9 14 2.1561 0.9865 0.001491
144.00 C 20260807 -1.00 -1.00 15 12 2.0521 0.9886 0.001367
145.00 C 20260807 -1.00 -1.00 19 16 2.0528 0.9860 0.001624
146.00 C 20260807 -1.00 -1.00 64 56 1.7468 0.9937 0.000945
147.00 C 20260807 -1.00 -1.00 504 69 1.8992 0.9878 0.001559
148.00 C 20260807 -1.00 -1.00 461 21 1.9004 0.9850 0.001859
149.00 C 20260807 -1.00 -1.00 37 12 1.7326 0.9901 0.001441
150.00 C 20260807 -1.00 -1.00 28 21 1.7494 0.9869 0.001795
151.00 C 20260807 -1.00 -1.00 8 25 1.7002 0.9866 0.001885
152.00 C 20260807 -1.00 -1.00 3 123 1.4814 0.9927 0.001264
152.50 C 20260807 -1.00 -1.00 15 122 1.3268 0.9967 0.000705
153.00 C 20260807 -1.00 -1.00 12 26 1.5520 0.9890 0.001755
154.00 C 20260807 -1.00 -1.00 5 10 1.5039 0.9888 0.001850
155.00 C 20260807 -1.00 -1.00 7 27 1.2286 0.9965 0.000802
156.00 C 20260807 -1.00 -1.00 5 24 1.4086 0.9881 0.002064
157.00 C 20260807 -1.00 -1.00 17 81 0.0003 1.0000 0.000000
157.50 C 20260807 -1.00 -1.00 24 78 0.0003 1.0000 -0.000000
158.00 C 20260807 -1.00 -1.00 17 33 0.0003 1.0000 0.000000
159.00 C 20260807 -1.00 -1.00 2 15 0.0003 1.0000 0.000000
160.00 C 20260807 -1.00 -1.00 4 16 1.0280 0.9960 0.001072
161.00 C 20260807 -1.00 -1.00 9 8 0.0003 1.0000 0.000000
162.00 C 20260807 -1.00 -1.00 3 7 0.0003 1.0000 0.000000
163.00 C 20260807 -1.00 -1.00 6 13 0.0003 1.0000 0.000000
164.00 C 20260807 -1.00 -1.00 3 17 0.8668 0.9955 0.001410
165.00 C 20260807 -1.00 -1.00 13 17 -1.0000 -1.0000 -1.000000
166.00 C 20260807 -1.00 -1.00 15 14 -1.0000 -1.0000 -1.000000
167.00 C 20260807 -1.00 -1.00 10 158 -1.0000 -1.0000 -1.000000
167.50 C 20260807 -1.00 -1.00 10 160 -1.0000 -1.0000 -1.000000
168.00 C 20260807 -1.00 -1.00 5 20 -1.0000 -1.0000 -1.000000
169.00 C 20260807 -1.00 -1.00 4 7 -1.0000 -1.0000 -1.000000
170.00 C 20260807 -1.00 -1.00 10 25 -1.0000 -1.0000 -1.000000
171.00 C 20260807 -1.00 -1.00 13 37 -1.0000 -1.0000 -1.000000
172.00 C 20260807 -1.00 -1.00 27 7 -1.0000 -1.0000 -1.000000
172.50 C 20260807 -1.00 -1.00 29 111 -1.0000 -1.0000 -1.000000
173.00 C 20260807 -1.00 -1.00 13 12 -1.0000 -1.0000 -1.000000
174.00 C 20260807 -1.00 -1.00 7 40 0.5550 0.9831 0.007020
175.00 C 20260807 -1.00 -1.00 2 701 -1.0000 -1.0000 -1.000000
176.00 C 20260807 -1.00 -1.00 22 110 0.5184 0.9714 0.011941
177.00 C 20260807 -1.00 -1.00 16 253 -1.0000 -1.0000 -1.000000
177.50 C 20260807 -1.00 -1.00 8 20 0.4494 0.9678 0.015153
178.00 C 20260807 -1.00 -1.00 2 73 0.4728 0.9488 0.020875
179.00 C 20260807 -1.00 -1.00 3 51 0.2961 0.9893 0.008949
180.00 C 20260807 -1.00 -1.00 35 381 0.5038 0.8759 0.038735
181.00 C 20260807 -1.00 -1.00 1 77 0.5047 0.8281 0.047515
182.00 C 20260807 -1.00 -1.00 2 169 0.3851 0.8379 0.060002
182.50 C 20260807 -1.00 -1.00 3 29 0.3971 0.7989 0.067002
183.00 C 20260807 -1.00 -1.00 3 58 0.3734 0.7790 0.076031
184.00 C 20260807 -1.00 -1.00 49 219 0.4119 0.6776 0.082644
185.00 C 20260807 -1.00 -1.00 3 688 0.3576 0.6039 0.101856
186.00 C 20260807 -1.00 -1.00 17 238 0.3711 0.5006 0.102948
187.00 C 20260807 -1.00 -1.00 16 115 0.4312 0.4161 0.085406
187.50 C 20260807 -1.00 -1.00 18 92 0.3400 0.3399 0.102461
188.00 C 20260807 -1.00 -1.00 45 215 0.3321 0.2876 0.096792
189.00 C 20260807 -1.00 -1.00 3 18 0.3116 0.1855 0.080761
190.00 C 20260807 -1.00 -1.00 35 238 0.3516 0.1432 0.061130
191.00 C 20260807 -1.00 -1.00 39 161 0.3895 0.1174 0.047753
192.00 C 20260807 -1.00 -1.00 44 2168 0.4175 0.0928 0.037344
192.50 C 20260807 -1.00 -1.00 1 27 0.4561 0.0954 0.034884
193.00 C 20260807 -1.00 -1.00 11 37 0.3708 0.0400 0.021793
194.00 C 20260807 -1.00 -1.00 5 116 0.4409 0.0479 0.021140
195.00 C 20260807 -1.00 -1.00 1 780 0.3993 0.0189 0.010742
196.00 C 20260807 -1.00 -1.00 2 27 0.6900 0.0952 0.023018
197.00 C 20260807 -1.00 -1.00 4 14 0.7604 0.0967 0.021127
197.50 C 20260807 -1.00 -1.00 24 148 0.5537 0.0284 0.011067
198.00 C 20260807 -1.00 -1.00 2 18 0.5896 0.0306 0.011115
199.00 C 20260807 -1.00 -1.00 -1 0 0.7156 0.0511 0.013719
200.00 C 20260807 -1.00 -1.00 21 451 0.7267 0.0410 0.011336
202.50 C 20260807 -1.00 -1.00 1 2 0.9355 0.0585 0.011726
205.00 C 20260807 -1.00 -1.00 5 5 0.9591 0.0388 0.008236
207.50 C 20260807 -1.00 -1.00 2 5 1.0732 0.0382 0.007268
210.00 C 20260807 -1.00 -1.00 1 5 1.2590 0.0492 0.007560
215.00 C 20260807 -1.00 -1.00 2 2 1.1678 0.0147 0.002994
220.00 C 20260807 -1.00 -1.00 8 1 1.6617 0.0415 0.005009
225.00 C 20260807 -1.00 -1.00 -1 0 1.8438 0.0376 0.004193
230.00 C 20260807 -1.00 -1.00 -1 0 -1.0000 -1.0000 -1.000000
235.00 C 20260807 -1.00 -1.00 -1 0 -1.0000 -1.0000 -1.000000
140.00 P 20260807 -1.00 -1.00 32 74 2.5439 -0.0209 0.001850
143.00 P 20260807 -1.00 -1.00 34 36 -1.0000 -1.0000 -1.000000
144.00 P 20260807 -1.00 -1.00 171 202 1.9790 -0.0093 0.001188
145.00 P 20260807 -1.00 -1.00 511 513 3.1029 -0.0672 0.003955
146.00 P 20260807 -1.00 -1.00 16 16 -1.0000 -1.0000 -1.000000
147.00 P 20260807 -1.00 -1.00 16 20 -1.0000 -1.0000 -1.000000
148.00 P 20260807 -1.00 -1.00 14 122 1.6787 -0.0072 0.001106
149.00 P 20260807 -1.00 -1.00 8 8 1.8597 -0.0158 0.001989
150.00 P 20260807 -1.00 -1.00 12 222 2.6856 -0.0693 0.004673
151.00 P 20260807 -1.00 -1.00 60 60 2.6801 -0.0756 0.004993
152.00 P 20260807 -1.00 -1.00 61 63 1.4813 -0.0073 0.001264
152.50 P 20260807 -1.00 -1.00 12 1 1.9713 -0.0339 0.003582
153.00 P 20260807 -1.00 -1.00 1 1 1.9280 -0.0331 0.003595
154.00 P 20260807 -1.00 -1.00 1 2 1.7668 -0.0259 0.003230
155.00 P 20260807 -1.00 -1.00 2 314 1.5171 -0.0155 0.002395
156.00 P 20260807 -1.00 -1.00 4 27 1.7069 -0.0308 0.003839
157.00 P 20260807 -1.00 -1.00 21 84 1.1542 -0.0038 0.000917
157.50 P 20260807 -1.00 -1.00 24 62 1.3491 -0.0132 0.002353
158.00 P 20260807 -1.00 -1.00 581 858 1.4255 -0.0203 0.003213
159.00 P 20260807 -1.00 -1.00 1 45 1.4881 -0.0276 0.004056
160.00 P 20260807 -1.00 -1.00 7 884 1.0323 -0.0042 0.001115
161.00 P 20260807 -1.00 -1.00 1 49 1.3159 -0.0244 0.004096
162.00 P 20260807 -1.00 -1.00 3 100 1.0443 -0.0090 0.002167
163.00 P 20260807 -1.00 -1.00 1 461 1.1950 -0.0240 0.004437
164.00 P 20260807 -1.00 -1.00 9 160 0.9190 -0.0074 0.002063
165.00 P 20260807 -1.00 -1.00 3 785 0.8569 -0.0064 0.001950
166.00 P 20260807 -1.00 -1.00 10 115 1.0901 -0.0300 0.005904
167.00 P 20260807 -1.00 -1.00 2 336 1.0247 -0.0288 0.006095
167.50 P 20260807 -1.00 -1.00 17 156 0.8052 -0.0099 0.003089
168.00 P 20260807 -1.00 -1.00 31 489 0.9741 -0.0300 0.006619
169.00 P 20260807 -1.00 -1.00 5 590 0.8987 -0.0277 0.006715
170.00 P 20260807 -1.00 -1.00 3 1409 0.7205 -0.0126 0.004258
171.00 P 20260807 -1.00 -1.00 7 1841 0.8291 -0.0356 0.008863
172.00 P 20260807 -1.00 -1.00 2 275 0.6541 -0.0171 0.006044
172.50 P 20260807 -1.00 -1.00 4 39 0.6329 -0.0177 0.006408
173.00 P 20260807 -1.00 -1.00 5 779 0.6021 -0.0166 0.006400
174.00 P 20260807 -1.00 -1.00 3 574 0.5885 -0.0226 0.008552
175.00 P 20260807 -1.00 -1.00 36 553 0.4895 -0.0132 0.006516
176.00 P 20260807 -1.00 -1.00 33 122 0.4953 -0.0243 0.010832
177.00 P 20260807 -1.00 -1.00 1 344 0.4539 -0.0264 0.012714
177.50 P 20260807 -1.00 -1.00 5 92 0.4805 -0.0437 0.018023
178.00 P 20260807 -1.00 -1.00 43 109 0.4427 -0.0405 0.018389
179.00 P 20260807 -1.00 -1.00 2 600 0.4518 -0.0654 0.026872
180.00 P 20260807 -1.00 -1.00 21 354 0.3973 -0.0725 0.032867
181.00 P 20260807 -1.00 -1.00 5 319 0.4322 -0.1318 0.047167
182.00 P 20260807 -1.00 -1.00 3 134 0.3988 -0.1709 0.059924
182.50 P 20260807 -1.00 -1.00 32 117 0.4037 -0.2047 0.066723
183.00 P 20260807 -1.00 -1.00 22 1195 0.3728 -0.2208 0.076133
184.00 P 20260807 -1.00 -1.00 10 247 0.3543 -0.2981 0.092399
185.00 P 20260807 -1.00 -1.00 53 813 0.3393 -0.3912 0.107165
186.00 P 20260807 -1.00 -1.00 11 123 0.3445 -0.5004 0.111001
187.00 P 20260807 -1.00 -1.00 10 22 0.4295 -0.5847 0.085830
187.50 P 20260807 -1.00 -1.00 8 79 0.4547 -0.6201 0.079827
188.00 P 20260807 -1.00 -1.00 1 18 0.3903 -0.6827 0.086488
189.00 P 20260807 -1.00 -1.00 2 4 0.4384 -0.7372 0.070602
190.00 P 20260807 -1.00 -1.00 6 163 0.4076 -0.8179 0.061344
191.00 P 20260807 -1.00 -1.00 1 9 0.3343 -0.9199 0.042863
192.00 P 20260807 -1.00 -1.00 8 0 0.3857 -0.9286 0.034308
192.50 P 20260807 -1.00 -1.00 2 0 0.4376 -0.9158 0.033695
193.00 P 20260807 -1.00 -1.00 -1 0 0.3244 -0.9796 0.015924
194.00 P 20260807 -1.00 -1.00 -1 0 -1.0000 -1.0000 -1.000000
195.00 P 20260807 -1.00 -1.00 1 0 -1.0000 -1.0000 -1.000000
196.00 P 20260807 -1.00 -1.00 -1 0 -1.0000 -1.0000 -1.000000
197.00 P 20260807 -1.00 -1.00 4 4 -1.0000 -1.0000 -1.000000
197.50 P 20260807 -1.00 -1.00 3 3 0.5381 -0.9757 0.010472
198.00 P 20260807 -1.00 -1.00 3 3 0.5564 -0.9765 0.009859
199.00 P 20260807 -1.00 -1.00 4 0 0.5929 -0.9778 0.008797
200.00 P 20260807 -1.00 -1.00 3 0 0.6292 -0.9789 0.007912
202.50 P 20260807 -1.00 -1.00 4 0 -1.0000 -1.0000 -1.000000
205.00 P 20260807 -1.00 -1.00 4 0 -1.0000 -1.0000 -1.000000
207.50 P 20260807 -1.00 -1.00 12 0 -1.0000 -1.0000 -1.000000
210.00 P 20260807 -1.00 -1.00 8 0 -1.0000 -1.0000 -1.000000
215.00 P 20260807 -1.00 -1.00 -1 0 -1.0000 -1.0000 -1.000000
220.00 P 20260807 -1.00 -1.00 -1 0 -1.0000 -1.0000 -1.000000
225.00 P 20260807 -1.00 -1.00 -1 0 -1.0000 -1.0000 -1.000000
230.00 P 20260807 -1.00 -1.00 2 0 -1.0000 -1.0000 -1.000000
235.00 P 20260807 -1.00 -1.00 2 0 -1.0000 -1.0000 -1.000000
140.00 C 20260814 -1.00 -1.00 -1 0 0.0009 0.9999 0.000000
141.00 C 20260814 -1.00 -1.00 -1 0 0.0009 0.9999 0.000000
142.00 C 20260814 -1.00 -1.00 -1 0 0.6469 0.9980 0.000334
143.00 C 20260814 -1.00 -1.00 -1 0 0.7117 0.9947 0.000747
144.00 C 20260814 -1.00 -1.00 -1 0 0.8024 0.9868 0.001501
145.00 C 20260814 -1.00 -1.00 -1 0 0.6741 0.9947 0.000793
146.00 C 20260814 -1.00 -1.00 -1 0 0.7620 0.9864 0.001627
147.00 C 20260814 -1.00 -1.00 -1 0 0.7420 0.9861 0.001695
148.00 C 20260814 -1.00 -1.00 -1 0 0.6186 0.9946 0.000873
149.00 C 20260814 -1.00 -1.00 -1 0 0.6471 0.9912 0.001304
150.00 C 20260814 -1.00 -1.00 1 26 0.6288 0.9911 0.001358
151.00 C 20260814 -1.00 -1.00 -1 0 0.5643 0.9945 0.000966
152.00 C 20260814 -1.00 -1.00 -1 0 0.6442 0.9847 0.002117
152.50 C 20260814 -1.00 -1.00 -1 0 0.5837 0.9908 0.001512
153.00 C 20260814 -1.00 -1.00 -1 0 0.6447 0.9816 0.002489
154.00 C 20260814 -1.00 -1.00 -1 0 0.5571 0.9906 0.001618
155.00 C 20260814 -1.00 -1.00 1 2 0.5394 0.9904 0.001695
156.00 C 20260814 -1.00 -1.00 -1 0 0.5682 0.9834 0.002583
157.00 C 20260814 -1.00 -1.00 -1 0 0.5690 0.9798 0.003059
157.50 C 20260814 -1.00 -1.00 -1 0 0.4502 0.9944 0.001234
158.00 C 20260814 -1.00 -1.00 2 1 0.5504 0.9793 0.003233
159.00 C 20260814 -1.00 -1.00 2 1 0.4246 0.9944 0.001315
160.00 C 20260814 -1.00 -1.00 2 4 -1.0000 -1.0000 -1.000000
161.00 C 20260814 -1.00 -1.00 -1 0 0.4567 0.9851 0.002930
162.00 C 20260814 -1.00 -1.00 1 2 0.4579 0.9806 0.003662
162.50 C 20260814 -1.00 -1.00 2 5 0.4873 0.9731 0.004623
163.00 C 20260814 -1.00 -1.00 1 7 0.4208 0.9843 0.003328
164.00 C 20260814 -1.00 -1.00 3 2 0.4786 0.9651 0.005780
165.00 C 20260814 -1.00 -1.00 4 5 0.3661 0.9884 0.002977
166.00 C 20260814 -1.00 -1.00 1 3 0.0009 0.9999 0.000000
167.00 C 20260814 -1.00 -1.00 1 4 0.3999 0.9688 0.006344
167.50 C 20260814 -1.00 -1.00 1 2 0.3795 0.9723 0.006079
168.00 C 20260814 -1.00 -1.00 3 7 0.2756 0.9942 0.002073
169.00 C 20260814 -1.00 -1.00 2 4 0.0009 0.9999 0.000000
170.00 C 20260814 -1.00 -1.00 4 20 0.3507 0.9603 0.008740
171.00 C 20260814 -1.00 -1.00 6 5 0.3908 0.9320 0.012195
172.00 C 20260814 -1.00 -1.00 2 1 0.3029 0.9613 0.009917
172.50 C 20260814 -1.00 -1.00 2 6 0.3307 0.9419 0.012741
173.00 C 20260814 -1.00 -1.00 4 10 0.3212 0.9404 0.013410
174.00 C 20260814 -1.00 -1.00 2 23 0.3241 0.9210 0.016357
175.00 C 20260814 -1.00 -1.00 4 85 0.3128 0.9088 0.018861
176.00 C 20260814 -1.00 -1.00 4 12 0.3229 0.8822 0.022287
177.00 C 20260814 -1.00 -1.00 9 23 0.3185 0.8594 0.025402
177.50 C 20260814 -1.00 -1.00 20 40 0.3196 0.8436 0.027064
178.00 C 20260814 -1.00 -1.00 2 11 0.3137 0.8329 0.028769
179.00 C 20260814 -1.00 -1.00 11 17 0.3265 0.7944 0.031802
180.00 C 20260814 -1.00 -1.00 11 121 0.3238 0.7617 0.034766
181.00 C 20260814 -1.00 -1.00 2 61 0.3163 0.7276 0.037938
182.00 C 20260814 -1.00 -1.00 3 15 0.3272 0.6831 0.039616
182.50 C 20260814 -1.00 -1.00 1 371 0.3143 0.6693 0.042204
183.00 C 20260814 -1.00 -1.00 1 20 0.3208 0.6456 0.042402
184.00 C 20260814 -1.00 -1.00 24 38 0.3065 0.6052 0.045467
185.00 C 20260814 -1.00 -1.00 52 145 0.3082 0.5586 0.046446
186.00 C 20260814 -1.00 -1.00 6 293 0.3137 0.5126 0.046719
187.00 C 20260814 -1.00 -1.00 1 127 0.3014 0.4654 0.047778
187.50 C 20260814 -1.00 -1.00 7 10 0.2980 0.4411 0.047881
188.00 C 20260814 -1.00 -1.00 2 59 0.2964 0.4168 0.047693
189.00 C 20260814 -1.00 -1.00 3 18 0.3031 0.3723 0.045846
190.00 C 20260814 -1.00 -1.00 4 70 0.2977 0.3281 0.043982
191.00 C 20260814 -1.00 -1.00 1 11 0.2881 0.2794 0.042248
192.00 C 20260814 -1.00 -1.00 2 11 0.2972 0.2446 0.038734
192.50 C 20260814 -1.00 -1.00 11 18 0.2939 0.2254 0.037227
193.00 C 20260814 -1.00 -1.00 1 4 0.2892 0.2056 0.035602
194.00 C 20260814 -1.00 -1.00 4 22 0.2917 0.1753 0.031918
195.00 C 20260814 -1.00 -1.00 3 39 0.2910 0.1422 0.028299
196.00 C 20260814 -1.00 -1.00 10 17 0.2935 0.1220 0.024961
197.00 C 20260814 -1.00 -1.00 1 3 0.2769 0.0860 0.020461
197.50 C 20260814 -1.00 -1.00 20 24 0.3029 0.0979 0.020515
198.00 C 20260814 -1.00 -1.00 1 7 0.3018 0.0866 0.018869
199.00 C 20260814 -1.00 -1.00 10 20 0.3740 0.1201 0.019347
200.00 C 20260814 -1.00 -1.00 14 66 0.2919 0.0509 0.012856
202.50 C 20260814 -1.00 -1.00 20 21 0.3933 0.0762 0.013272
205.00 C 20260814 -1.00 -1.00 3 12 0.4253 0.0662 0.010959
207.50 C 20260814 -1.00 -1.00 1 2 0.4133 0.0399 0.007486
210.00 C 20260814 -1.00 -1.00 1 5 0.4038 0.0235 0.004917
215.00 C 20260814 -1.00 -1.00 9 7 0.4914 0.0260 0.004399
220.00 C 20260814 -1.00 -1.00 1 1 0.5899 0.0302 0.004184
225.00 C 20260814 -1.00 -1.00 -1 0 0.7387 0.0471 0.004773
230.00 C 20260814 -1.00 -1.00 -1 0 -1.0000 -1.0000 -1.000000
235.00 C 20260814 -1.00 -1.00 -1 0 -1.0000 -1.0000 -1.000000
140.00 P 20260814 -1.00 -1.00 1 44 0.8787 -0.0116 0.001245
141.00 P 20260814 -1.00 -1.00 1 0 0.8586 -0.0119 0.001297
142.00 P 20260814 -1.00 -1.00 -1 0 -1.0000 -1.0000 -1.000000
143.00 P 20260814 -1.00 -1.00 -1 0 0.9526 -0.0253 0.002255
144.00 P 20260814 -1.00 -1.00 -1 0 0.9552 -0.0295 0.002535
145.00 P 20260814 -1.00 -1.00 3 34 0.7874 -0.0139 0.001613
146.00 P 20260814 -1.00 -1.00 -1 0 0.8242 -0.0205 0.002153
147.00 P 20260814 -1.00 -1.00 -1 0 0.8167 -0.0222 0.002334
148.00 P 20260814 -1.00 -1.00 1 1 0.8613 -0.0315 0.002961
149.00 P 20260814 -1.00 -1.00 -1 0 0.8471 -0.0336 0.003174
150.00 P 20260814 -1.00 -1.00 1 30 0.6993 -0.0167 0.002125
151.00 P 20260814 -1.00 -1.00 -1 0 0.7856 -0.0318 0.003278
152.00 P 20260814 -1.00 -1.00 4 4 0.7248 -0.0255 0.002975
152.50 P 20260814 -1.00 -1.00 1 1 0.6840 -0.0220 0.002764
153.00 P 20260814 -1.00 -1.00 1 1 0.7562 -0.0363 0.003778
154.00 P 20260814 -1.00 -1.00 -1 0 0.7368 -0.0376 0.003994
155.00 P 20260814 -1.00 -1.00 1 33 0.8688 -0.0694 0.005551
156.00 P 20260814 -1.00 -1.00 -1 0 0.7255 -0.0462 0.004800
157.00 P 20260814 -1.00 -1.00 1 5 0.6890 -0.0442 0.004873
157.50 P 20260814 -1.00 -1.00 1 1 0.6225 -0.0315 0.004113
158.00 P 20260814 -1.00 -1.00 1 1 0.6160 -0.0330 0.004306
159.00 P 20260814 -1.00 -1.00 10 10 0.5381 -0.0222 0.003533
160.00 P 20260814 -1.00 -1.00 5 70 0.5357 -0.0254 0.004012
161.00 P 20260814 -1.00 -1.00 3 6 0.5719 -0.0410 0.005516
162.00 P 20260814 -1.00 -1.00 -1 0 0.4621 -0.0201 0.003772
162.50 P 20260814 -1.00 -1.00 3 5 0.5092 -0.0333 0.005249
163.00 P 20260814 -1.00 -1.00 6 32 0.5068 -0.0363 0.005648
164.00 P 20260814 -1.00 -1.00 49 60 0.4926 -0.0395 0.006212
165.00 P 20260814 -1.00 -1.00 17 389 0.4333 -0.0273 0.005275
166.00 P 20260814 -1.00 -1.00 9 12 0.4210 -0.0306 0.005953
167.00 P 20260814 -1.00 -1.00 2 4 0.4487 -0.0495 0.008213
167.50 P 20260814 -1.00 -1.00 21 202 0.4088 -0.0395 0.007487
168.00 P 20260814 -1.00 -1.00 2 49 0.3992 -0.0404 0.007802
169.00 P 20260814 -1.00 -1.00 3 15 0.4268 -0.0596 0.010111
170.00 P 20260814 -1.00 -1.00 15 141 0.4076 -0.0622 0.010991
171.00 P 20260814 -1.00 -1.00 1 65 0.4086 -0.0783 0.012909
172.00 P 20260814 -1.00 -1.00 1 94 0.3637 -0.0683 0.013164
172.50 P 20260814 -1.00 -1.00 3 363 0.3570 -0.0729 0.014039
173.00 P 20260814 -1.00 -1.00 2 123 0.3438 -0.0733 0.014646
174.00 P 20260814 -1.00 -1.00 24 45 0.3497 -0.0956 0.017513
175.00 P 20260814 -1.00 -1.00 18 358 0.3449 -0.1114 0.019982
176.00 P 20260814 -1.00 -1.00 7 48 0.3361 -0.1259 0.022566
177.00 P 20260814 -1.00 -1.00 1 26 0.3292 -0.1493 0.025545
177.50 P 20260814 -1.00 -1.00 3 40 0.3206 -0.1574 0.027133
178.00 P 20260814 -1.00 -1.00 15 27 0.3224 -0.1737 0.028755
179.00 P 20260814 -1.00 -1.00 2 24 0.3304 -0.2082 0.031755
180.00 P 20260814 -1.00 -1.00 1526 174 0.3076 -0.2271 0.035890
181.00 P 20260814 -1.00 -1.00 6 157 0.3235 -0.2771 0.037485
182.00 P 20260814 -1.00 -1.00 2 13 0.3081 -0.3084 0.041570
182.50 P 20260814 -1.00 -1.00 23 29 0.3309 -0.3380 0.040658
183.00 P 20260814 -1.00 -1.00 7 73 0.3017 -0.3474 0.045044
184.00 P 20260814 -1.00 -1.00 11 4 0.3048 -0.3954 0.045866
185.00 P 20260814 -1.00 -1.00 1262 505 0.2998 -0.4414 0.047917
186.00 P 20260814 -1.00 -1.00 15 112 0.2946 -0.4893 0.049969
187.00 P 20260814 -1.00 -1.00 1 16 0.2946 -0.5375 0.049101
187.50 P 20260814 -1.00 -1.00 1 10 0.2913 -0.5625 0.049227
188.00 P 20260814 -1.00 -1.00 4 12 0.2969 -0.5849 0.047900
189.00 P 20260814 -1.00 -1.00 4 5 0.2963 -0.6333 0.047102
190.00 P 20260814 -1.00 -1.00 121 148 0.2927 -0.6774 0.044876
191.00 P 20260814 -1.00 -1.00 1 9 0.2942 -0.7189 0.042044
192.00 P 20260814 -1.00 -1.00 2 2 0.2693 -0.7806 0.040853
192.50 P 20260814 -1.00 -1.00 35 24 0.3200 -0.7593 0.036259
193.00 P 20260814 -1.00 -1.00 1 2 0.3227 -0.7730 0.034695
194.00 P 20260814 -1.00 -1.00 1 1 0.3164 -0.8073 0.031943
195.00 P 20260814 -1.00 -1.00 4 4 0.3265 -0.8286 0.028865
196.00 P 20260814 -1.00 -1.00 -1 0 0.3297 -0.8549 0.026054
197.00 P 20260814 -1.00 -1.00 1 1 0.3329 -0.8746 0.023418
197.50 P 20260814 -1.00 -1.00 1 1 0.3376 -0.8809 0.022246
198.00 P 20260814 -1.00 -1.00 -1 0 0.2916 -0.9289 0.018689
199.00 P 20260814 -1.00 -1.00 -1 0 0.2839 -0.9485 0.015483
200.00 P 20260814 -1.00 -1.00 14 0 0.2528 -0.9821 0.010028
202.50 P 20260814 -1.00 -1.00 -1 0 0.2874 -0.9841 0.007916
205.00 P 20260814 -1.00 -1.00 -1 0 -1.0000 -1.0000 -1.000000
207.50 P 20260814 -1.00 -1.00 -1 0 0.4618 -0.9435 0.009604
210.00 P 20260814 -1.00 -1.00 44 0 -1.0000 -1.0000 -1.000000
215.00 P 20260814 -1.00 -1.00 -1 0 -1.0000 -1.0000 -1.000000
220.00 P 20260814 -1.00 -1.00 -1 0 -1.0000 -1.0000 -1.000000
225.00 P 20260814 -1.00 -1.00 -1 0 -1.0000 -1.0000 -1.000000
230.00 P 20260814 -1.00 -1.00 -1 0 0.7899 -0.9638 0.003947
235.00 P 20260814 -1.00 -1.00 -1 0 -1.0000 -1.0000 -1.000000
136.00 C 20260821 -1.00 -1.00 2 14 -1.0000 -1.0000 -1.000000
137.00 C 20260821 -1.00 -1.00 1 5 0.0012 0.9998 0.000000
138.00 C 20260821 -1.00 -1.00 5 21 0.0012 0.9998 -0.000000
139.00 C 20260821 -1.00 -1.00 1 200 0.0012 0.9998 -0.000000
140.00 C 20260821 -1.00 -1.00 1 112 0.0012 0.9998 0.000000
141.00 C 20260821 -1.00 -1.00 1 13 0.0012 0.9998 -0.000000
142.00 C 20260821 -1.00 -1.00 1 27 0.0012 0.9998 -0.000000
143.00 C 20260821 -1.00 -1.00 42 68 0.0012 0.9998 -0.000000
144.00 C 20260821 -1.00 -1.00 1 48 0.0012 0.9998 0.000000
145.00 C 20260821 -1.00 -1.00 8 19 0.0012 0.9998 0.000000
146.00 C 20260821 -1.00 -1.00 2 12 0.0012 0.9998 -0.000000
147.00 C 20260821 -1.00 -1.00 2 13 0.0012 0.9998 -0.000000
148.00 C 20260821 -1.00 -1.00 10 9 0.0012 0.9998 0.000000
149.00 C 20260821 -1.00 -1.00 1 6 0.0012 0.9998 -0.000000
150.00 C 20260821 -1.00 -1.00 1 131 0.0012 0.9998 -0.000000
151.00 C 20260821 -1.00 -1.00 1 63 0.0012 0.9998 0.000000
152.00 C 20260821 -1.00 -1.00 5 75 0.0012 0.9998 0.000000
153.00 C 20260821 -1.00 -1.00 1 190 0.0012 0.9998 0.000000
154.00 C 20260821 -1.00 -1.00 6 93 0.0012 0.9998 -0.000000
155.00 C 20260821 -1.00 -1.00 1 90 0.0012 0.9998 0.000000
156.00 C 20260821 -1.00 -1.00 1 27 0.0012 0.9998 -0.000000
157.00 C 20260821 -1.00 -1.00 29 47 0.3505 0.9927 0.001478
158.00 C 20260821 -1.00 -1.00 2 36 0.3369 0.9927 0.001528
159.00 C 20260821 -1.00 -1.00 1 380 0.0012 0.9998 0.000000
160.00 C 20260821 -1.00 -1.00 115 719 0.3100 0.9928 0.001637
163.00 C 20260821 -1.00 -1.00 1 1 0.3130 0.9833 0.003434
164.00 C 20260821 -1.00 -1.00 1 1 0.3282 0.9748 0.004738
165.00 C 20260821 -1.00 -1.00 3 145 0.3531 0.9570 0.006790
166.00 C 20260821 -1.00 -1.00 1 1 0.3383 0.9556 0.007286
167.00 C 20260821 -1.00 -1.00 1 2 0.3236 0.9540 0.007842
168.00 C 20260821 -1.00 -1.00 1 8 0.3370 0.9398 0.009475
169.00 C 20260821 -1.00 -1.00 2 10 0.3779 0.9025 0.012070
170.00 C 20260821 -1.00 -1.00 15 563 0.3210 0.9233 0.011859
171.00 C 20260821 -1.00 -1.00 1 20 0.3163 0.9116 0.013367
172.00 C 20260821 -1.00 -1.00 7 22 0.3197 0.8946 0.015151
172.50 C 20260821 -1.00 -1.00 -1 0 0.3115 0.8923 0.015829
173.00 C 20260821 -1.00 -1.00 1 7 0.3335 0.8695 0.016998
174.00 C 20260821 -1.00 -1.00 1 13 0.3139 0.8633 0.018573
175.00 C 20260821 -1.00 -1.00 18 2392 0.3390 0.8235 0.020282
176.00 C 20260821 -1.00 -1.00 5 167 0.3118 0.8199 0.022354
177.00 C 20260821 -1.00 -1.00 4 132 0.3373 0.7817 0.023510
177.50 C 20260821 -1.00 -1.00 11 32 0.3235 0.7775 0.024728
178.00 C 20260821 -1.00 -1.00 1 30 0.3176 0.7673 0.025707
179.00 C 20260821 -1.00 -1.00 1 67 0.3100 0.7432 0.027613
180.00 C 20260821 -1.00 -1.00 1334 2017 0.3258 0.7054 0.028159
181.00 C 20260821 -1.00 -1.00 18 319 0.3123 0.6830 0.030545
182.00 C 20260821 -1.00 -1.00 25 1143 0.3196 0.6494 0.031123
182.50 C 20260821 -1.00 -1.00 1 29 0.3168 0.6341 0.031710
183.00 C 20260821 -1.00 -1.00 3 1217 0.3005 0.6226 0.033679
184.00 C 20260821 -1.00 -1.00 1 253 0.3168 0.5847 0.032703
185.00 C 20260821 -1.00 -1.00 34 1010 0.2961 0.5536 0.035650
186.00 C 20260821 -1.00 -1.00 6 648 0.3101 0.5187 0.034698
187.00 C 20260821 -1.00 -1.00 20 252 0.3033 0.4843 0.035067
188.00 C 20260821 -1.00 -1.00 5 349 0.3032 0.4500 0.034673
189.00 C 20260821 -1.00 -1.00 4 104 0.2988 0.4141 0.034749
190.00 C 20260821 -1.00 -1.00 43 2800 0.3013 0.3806 0.034057
191.00 C 20260821 -1.00 -1.00 7 160 0.2992 0.3486 0.033046
192.00 C 20260821 -1.00 -1.00 8 183 0.2958 0.3162 0.031940
193.00 C 20260821 -1.00 -1.00 758 447 0.2931 0.2835 0.030718
194.00 C 20260821 -1.00 -1.00 5 342 0.2934 0.2528 0.029268
195.00 C 20260821 -1.00 -1.00 19 2179 0.2936 0.2275 0.027491
196.00 C 20260821 -1.00 -1.00 1 745 0.3001 0.2093 0.025466
197.00 C 20260821 -1.00 -1.00 86 175 0.2951 0.1818 0.023706
198.00 C 20260821 -1.00 -1.00 1 267 0.2846 0.1476 0.021750
199.00 C 20260821 -1.00 -1.00 225 319 0.3075 0.1478 0.020151
200.00 C 20260821 -1.00 -1.00 16 1334 0.2840 0.1134 0.017906
205.00 C 20260821 -1.00 -1.00 17 5156 0.2988 0.0596 0.010486
210.00 C 20260821 -1.00 -1.00 1 2715 0.3438 0.0449 0.007250
215.00 C 20260821 -1.00 -1.00 4 3449 0.3297 0.0157 0.003149
220.00 C 20260821 -1.00 -1.00 2 613 0.4364 0.0314 0.004300
225.00 C 20260821 -1.00 -1.00 5 641 0.5174 0.0378 0.004227
230.00 C 20260821 -1.00 -1.00 1 397 0.4899 0.0179 0.002364
235.00 C 20260821 -1.00 -1.00 4 13 0.5426 0.0188 0.002223
136.00 P 20260821 -1.00 -1.00 1 18 0.8621 -0.0289 0.002026
137.00 P 20260821 -1.00 -1.00 1 70 0.7405 -0.0169 0.001489
138.00 P 20260821 -1.00 -1.00 2 13 0.7374 -0.0186 0.001629
139.00 P 20260821 -1.00 -1.00 2 233 0.7819 -0.0254 0.002029
140.00 P 20260821 -1.00 -1.00 10 1272 0.6194 -0.0090 0.001037
141.00 P 20260821 -1.00 -1.00 1 62 0.7193 -0.0229 0.002009
142.00 P 20260821 -1.00 -1.00 2 419 0.6289 -0.0139 0.001479
143.00 P 20260821 -1.00 -1.00 1 75 0.6264 -0.0159 0.001668
144.00 P 20260821 -1.00 -1.00 2 301 0.6837 -0.0254 0.002322
145.00 P 20260821 -1.00 -1.00 665 425 0.5944 -0.0162 0.001785
146.00 P 20260821 -1.00 -1.00 1 353 0.6902 -0.0353 0.002972
147.00 P 20260821 -1.00 -1.00 1 256 0.5360 -0.0121 0.001544
148.00 P 20260821 -1.00 -1.00 2 2089 0.5190 -0.0118 0.001569
149.00 P 20260821 -1.00 -1.00 2 728 0.5435 -0.0187 0.002217
150.00 P 20260821 -1.00 -1.00 3 4234 0.4882 -0.0118 0.001671
151.00 P 20260821 -1.00 -1.00 4 950 0.5723 -0.0302 0.003172
152.00 P 20260821 -1.00 -1.00 11 100 0.5371 -0.0259 0.002994
153.00 P 20260821 -1.00 -1.00 2 504 0.5204 -0.0261 0.003112
154.00 P 20260821 -1.00 -1.00 2 534 0.4922 -0.0244 0.003093
155.00 P 20260821 -1.00 -1.00 6 1346 0.4980 -0.0298 0.003614
156.00 P 20260821 -1.00 -1.00 3 2521 0.4753 -0.0282 0.003630
157.00 P 20260821 -1.00 -1.00 201 996 0.4615 -0.0295 0.003871
158.00 P 20260821 -1.00 -1.00 1 542 0.4535 -0.0329 0.004288
159.00 P 20260821 -1.00 -1.00 1 378 0.4413 -0.0350 0.004620
160.00 P 20260821 -1.00 -1.00 33 3055 0.4349 -0.0391 0.005133
163.00 P 20260821 -1.00 -1.00 4 916 0.3819 -0.0398 0.005922
164.00 P 20260821 -1.00 -1.00 4 160 0.4226 -0.0617 0.007739
165.00 P 20260821 -1.00 -1.00 7 2992 0.3909 -0.0576 0.007898
166.00 P 20260821 -1.00 -1.00 1 653 0.3878 -0.0656 0.008804
167.00 P 20260821 -1.00 -1.00 3 283 0.3734 -0.0695 0.009527
168.00 P 20260821 -1.00 -1.00 1 225 0.3751 -0.0833 0.010817
169.00 P 20260821 -1.00 -1.00 10 126 0.3841 -0.1008 0.012211
170.00 P 20260821 -1.00 -1.00 98 2905 0.3499 -0.0951 0.012816
171.00 P 20260821 -1.00 -1.00 1 7 0.3815 -0.1263 0.014592
172.00 P 20260821 -1.00 -1.00 6 129 0.3425 -0.1184 0.015567
172.50 P 20260821 -1.00 -1.00 1 24 0.3510 -0.1337 0.016425
173.00 P 20260821 -1.00 -1.00 2 21 0.3413 -0.1367 0.017129
174.00 P 20260821 -1.00 -1.00 1 98 0.3339 -0.1523 0.018732
175.00 P 20260821 -1.00 -1.00 26 1223 0.3324 -0.1724 0.020412
176.00 P 20260821 -1.00 -1.00 6 628 0.3330 -0.1940 0.022087
177.00 P 20260821 -1.00 -1.00 9 363 0.3292 -0.2134 0.023889
177.50 P 20260821 -1.00 -1.00 1 50 0.3205 -0.2211 0.024956
178.00 P 20260821 -1.00 -1.00 1010 537 0.3183 -0.2339 0.025788
179.00 P 20260821 -1.00 -1.00 56 182 0.3111 -0.2583 0.027670
180.00 P 20260821 -1.00 -1.00 41 3845 0.3165 -0.2906 0.028871
181.00 P 20260821 -1.00 -1.00 5 236 0.3156 -0.3193 0.030450
182.00 P 20260821 -1.00 -1.00 1 919 0.3182 -0.3513 0.031410
182.50 P 20260821 -1.00 -1.00 1 2 0.3039 -0.3627 0.033140
183.00 P 20260821 -1.00 -1.00 4 1083 0.3069 -0.3808 0.033195
184.00 P 20260821 -1.00 -1.00 16 308 0.3064 -0.4148 0.033961
185.00 P 20260821 -1.00 -1.00 10 915 0.3043 -0.4488 0.034936
186.00 P 20260821 -1.00 -1.00 5 802 0.3029 -0.4836 0.035762
187.00 P 20260821 -1.00 -1.00 14 148 0.3061 -0.5176 0.034996
188.00 P 20260821 -1.00 -1.00 3 210 0.2895 -0.5561 0.036576
189.00 P 20260821 -1.00 -1.00 3 60 0.2944 -0.5904 0.035584
190.00 P 20260821 -1.00 -1.00 2 2738 0.2956 -0.6256 0.035032
191.00 P 20260821 -1.00 -1.00 1 68 0.2861 -0.6624 0.034598
192.00 P 20260821 -1.00 -1.00 912 12 0.3021 -0.6836 0.031815
193.00 P 20260821 -1.00 -1.00 5 12 0.2900 -0.7234 0.031384
194.00 P 20260821 -1.00 -1.00 1 10 0.3112 -0.7368 0.028638
195.00 P 20260821 -1.00 -1.00 5 1102 0.3140 -0.7628 0.027158
196.00 P 20260821 -1.00 -1.00 -1 0 0.2949 -0.8005 0.026069
197.00 P 20260821 -1.00 -1.00 1 3 0.3190 -0.8031 0.023833
198.00 P 20260821 -1.00 -1.00 1 2 0.2605 -0.8811 0.022080
199.00 P 20260821 -1.00 -1.00 -1 0 0.3236 -0.8429 0.020705
200.00 P 20260821 -1.00 -1.00 2 0 0.3175 -0.8681 0.019140
205.00 P 20260821 -1.00 -1.00 4 0 0.3419 -0.9206 0.012798
210.00 P 20260821 -1.00 -1.00 1 0 0.3755 -0.9464 0.008986
215.00 P 20260821 -1.00 -1.00 65 0 0.4177 -0.9590 0.006756
220.00 P 20260821 -1.00 -1.00 1 0 0.4914 -0.9540 0.005994
225.00 P 20260821 -1.00 -1.00 1 0 0.5376 -0.9604 0.004948
230.00 P 20260821 -1.00 -1.00 1 0 0.5956 -0.9608 0.004385
235.00 P 20260821 -1.00 -1.00 -1 0 0.6099 -0.9730 0.003361
115.00 C 20260807 -1.00 -1.00 8 2 3.8972 0.9892 0.000685
120.00 C 20260807 -1.00 -1.00 9 3 2.7769 0.9980 0.000211
125.00 C 20260807 -1.00 -1.00 3 2 3.2143 0.9888 0.000856
130.00 C 20260807 -1.00 -1.00 -1 0 2.8659 0.9895 0.000913
135.00 C 20260807 -1.00 -1.00 2 1 2.5151 0.9904 0.000960
115.00 P 20260807 -1.00 -1.00 1 20 3.9453 -0.0118 0.000728
120.00 P 20260807 -1.00 -1.00 1 19586 3.1802 -0.0059 0.000486
125.00 P 20260807 -1.00 -1.00 1 388 3.3304 -0.0142 0.001008
130.00 P 20260807 -1.00 -1.00 14339 36346 2.3954 -0.0030 0.000361
135.00 P 20260807 -1.00 -1.00 74 616 2.8825 -0.0208 0.001627
115.00 C 20260814 -1.00 -1.00 -1 0 1.4082 0.9923 0.000536
120.00 C 20260814 -1.00 -1.00 -1 0 1.2904 0.9919 0.000612
125.00 C 20260814 -1.00 -1.00 -1 0 1.2389 0.9883 0.000874
130.00 C 20260814 -1.00 -1.00 -1 0 1.0693 0.9910 0.000816
135.00 C 20260814 -1.00 -1.00 -1 0 0.9652 0.9904 0.000954
115.00 P 20260814 -1.00 -1.00 -1 0 1.5408 -0.0132 0.000785
120.00 P 20260814 -1.00 -1.00 -1 0 1.5151 -0.0194 0.001119
125.00 P 20260814 -1.00 -1.00 1 173 1.2998 -0.0155 0.001072
130.00 P 20260814 -1.00 -1.00 266 133 1.1568 -0.0148 0.001158
135.00 P 20260814 -1.00 -1.00 1 6 1.0528 -0.0166 0.001404
115.00 C 20260821 -1.00 -1.00 4 223 -1.0000 -1.0000 -1.000000
120.00 C 20260821 -1.00 -1.00 1 61 0.0012 0.9998 0.000000
125.00 C 20260821 -1.00 -1.00 1 27 -1.0000 -1.0000 -1.000000
130.00 C 20260821 -1.00 -1.00 2 17 -1.0000 -1.0000 -1.000000
131.00 C 20260821 -1.00 -1.00 2 16 -1.0000 -1.0000 -1.000000
132.00 C 20260821 -1.00 -1.00 2 1 -1.0000 -1.0000 -1.000000
133.00 C 20260821 -1.00 -1.00 5 5 -1.0000 -1.0000 -1.000000
134.00 C 20260821 -1.00 -1.00 3 0 -1.0000 -1.0000 -1.000000
135.00 C 20260821 -1.00 -1.00 1 7 -1.0000 -1.0000 -1.000000
115.00 P 20260821 -1.00 -1.00 1 395 0.9218 -0.0031 0.000268
120.00 P 20260821 -1.00 -1.00 1 100 0.8823 -0.0052 0.000440
125.00 P 20260821 -1.00 -1.00 1 496 1.1036 -0.0286 0.001566
130.00 P 20260821 -1.00 -1.00 1 682 0.8100 -0.0106 0.000919
131.00 P 20260821 -1.00 -1.00 1 16 0.8536 -0.0169 0.001293
132.00 P 20260821 -1.00 -1.00 2 130 0.7750 -0.0107 0.000963
133.00 P 20260821 -1.00 -1.00 4 28 0.9286 -0.0293 0.001900
134.00 P 20260821 -1.00 -1.00 6 35 0.8949 -0.0273 0.001869
135.00 P 20260821 -1.00 -1.00 3 461 0.7281 -0.0113 0.001075
240.00 C 20260807 -1.00 -1.00 -1 0 2.0295 0.0141 0.001668
245.00 C 20260807 -1.00 -1.00 -1 0 -1.0000 -1.0000 -1.000000
240.00 P 20260807 -1.00 -1.00 2 0 -1.0000 -1.0000 -1.000000
245.00 P 20260807 -1.00 -1.00 2 0 -1.0000 -1.0000 -1.000000
240.00 C 20260814 -1.00 -1.00 -1 0 -1.0000 -1.0000 -1.000000
245.00 C 20260814 -1.00 -1.00 -1 0 -1.0000 -1.0000 -1.000000
240.00 P 20260814 -1.00 -1.00 -1 0 -1.0000 -1.0000 -1.000000
245.00 P 20260814 -1.00 -1.00 -1 0 -1.0000 -1.0000 -1.000000
240.00 C 20260821 -1.00 -1.00 3 159 0.6549 0.0313 0.002850
245.00 C 20260821 -1.00 -1.00 4 8 0.6429 0.0198 0.001961
250.00 C 20260821 -1.00 -1.00 4 16 0.6254 0.0112 0.001233
255.00 C 20260821 -1.00 -1.00 -1 0 0.7432 0.0215 0.001815
240.00 P 20260821 -1.00 -1.00 1 0 0.6822 -0.9691 0.003253
245.00 P 20260821 -1.00 -1.00 -1 0 0.6724 -0.9805 0.002506
250.00 P 20260821 -1.00 -1.00 -1 0 0.7402 -0.9762 0.002469
255.00 P 20260821 -1.00 -1.00 -1 0 0.8054 -0.9731 0.002451
