# opt_chain AVGO | epoch 1786024097 | 2026-08-06 09:48:17 | spot 415.03 | exps 20260807 20260810 20260812 20260814 20260817 20260819 20260821
# fuente polygon_snapshot_v3 | greeks polygon_directo | iv polygon_directo | oi polygon_directo | vol day.volume(-1 si no cotizo) | bid/ask NO_ENTITLED(-1) | spot_src ibkr_bridge spot_edad_s 75 | band 0.4050 vencimientos 7 exp_hasta 2026-08-21
# strike right exp bid ask vol oi iv delta gamma
305.00 C 20260807 -1.00 -1.00 2 1 2.1932 0.9896 0.000493
307.50 C 20260807 -1.00 -1.00 -1 0 4.0737 0.9002 0.001699
310.00 C 20260807 -1.00 -1.00 1 11 4.0772 0.8951 0.001768
312.50 C 20260807 -1.00 -1.00 -1 0 2.0272 0.9889 0.000563
315.00 C 20260807 -1.00 -1.00 3 107 3.0818 0.9325 0.001659
317.50 C 20260807 -1.00 -1.00 2 1 3.0324 0.9294 0.001743
320.00 C 20260807 -1.00 -1.00 2 15 1.8652 0.9881 0.000649
322.50 C 20260807 -1.00 -1.00 -1 0 1.8768 0.9845 0.000802
325.00 C 20260807 -1.00 -1.00 1 12 1.7593 0.9875 0.000716
327.50 C 20260807 -1.00 -1.00 25 25 3.5709 0.8730 0.002290
330.00 C 20260807 -1.00 -1.00 2 99 2.1780 0.9552 0.001691
332.50 C 20260807 -1.00 -1.00 25 25 2.4116 0.9339 0.002093
335.00 C 20260807 -1.00 -1.00 4 20 3.1712 0.8738 0.002571
337.50 C 20260807 -1.00 -1.00 1 1 1.5859 0.9806 0.001154
340.00 C 20260807 -1.00 -1.00 21 66 3.0061 0.8676 0.002798
342.50 C 20260807 -1.00 -1.00 -1 0 2.9225 0.8644 0.002923
345.00 C 20260807 -1.00 -1.00 1 2 2.8274 0.8620 0.003056
347.50 C 20260807 -1.00 -1.00 2 25 1.7652 0.9456 0.002457
350.00 C 20260807 -1.00 -1.00 5 206 2.7313 0.8494 0.003349
352.50 C 20260807 -1.00 -1.00 1 21 2.6061 0.8489 0.003517
355.00 C 20260807 -1.00 -1.00 1 53 1.2388 0.9757 0.001803
357.50 C 20260807 -1.00 -1.00 3 57 1.9006 0.8943 0.003780
360.00 C 20260807 -1.00 -1.00 38 199 1.7050 0.9049 0.003880
362.50 C 20260807 -1.00 -1.00 28 32 1.0750 0.9744 0.002174
365.00 C 20260807 -1.00 -1.00 28 158 1.0076 0.9751 0.002262
367.50 C 20260807 -1.00 -1.00 42 46 1.0055 0.9687 0.002752
370.00 C 20260807 -1.00 -1.00 12 1392 1.2857 0.9140 0.004766
372.50 C 20260807 -1.00 -1.00 11 108 0.8898 0.9675 0.003198
375.00 C 20260807 -1.00 -1.00 14 250 1.1151 0.9147 0.005459
377.50 C 20260807 -1.00 -1.00 1 151 1.8920 0.7876 0.006107
380.00 C 20260807 -1.00 -1.00 75 1001 1.8707 0.7716 0.006386
382.50 C 20260807 -1.00 -1.00 6 157 1.6509 0.7784 0.007142
385.00 C 20260807 -1.00 -1.00 33 588 1.7003 0.7518 0.007312
387.50 C 20260807 -1.00 -1.00 1 407 1.1747 0.8042 0.009270
390.00 C 20260807 -1.00 -1.00 1 937 1.3819 0.7468 0.009089
392.50 C 20260807 -1.00 -1.00 147 1957 1.0888 0.7684 0.011076
395.00 C 20260807 -1.00 -1.00 21 512 1.2917 0.7072 0.010450
397.50 C 20260807 -1.00 -1.00 36 235 1.2613 0.6838 0.011140
400.00 C 20260807 -1.00 -1.00 54 4442 0.7860 0.7253 0.016629
402.50 C 20260807 -1.00 -1.00 62 2174 0.6636 0.7089 0.020264
405.00 C 20260807 -1.00 -1.00 2 1649 0.7712 0.6388 0.019245
407.50 C 20260807 -1.00 -1.00 3 562 0.7375 0.5919 0.020658
410.00 C 20260807 -1.00 -1.00 3 1824 0.9208 0.5358 0.017064
412.50 C 20260807 -1.00 -1.00 198 638 0.6895 0.4852 0.022858
415.00 C 20260807 -1.00 -1.00 23 1693 0.8585 0.4473 0.018074
417.50 C 20260807 -1.00 -1.00 20 466 0.6208 0.3590 0.023961
420.00 C 20260807 -1.00 -1.00 260 3102 0.6016 0.2991 0.022620
422.50 C 20260807 -1.00 -1.00 19 597 0.6090 0.2467 0.020523
425.00 C 20260807 -1.00 -1.00 255 3654 0.6121 0.2036 0.018156
427.50 C 20260807 -1.00 -1.00 107 644 0.6066 0.1597 0.015721
430.00 C 20260807 -1.00 -1.00 59 3351 0.6184 0.1285 0.013402
432.50 C 20260807 -1.00 -1.00 636 667 0.6234 0.1032 0.011245
435.00 C 20260807 -1.00 -1.00 62 1246 0.6370 0.0819 0.009312
437.50 C 20260807 -1.00 -1.00 34 1071 0.6855 0.0757 0.008203
440.00 C 20260807 -1.00 -1.00 34 2036 0.7583 0.0792 0.007650
442.50 C 20260807 -1.00 -1.00 35 397 0.7479 0.0610 0.006319
445.00 C 20260807 -1.00 -1.00 40 1398 0.8056 0.0611 0.005879
447.50 C 20260807 -1.00 -1.00 71 329 0.7195 0.0301 0.003721
450.00 C 20260807 -1.00 -1.00 135 2876 0.6984 0.0202 0.002702
452.50 C 20260807 -1.00 -1.00 9 146 0.7317 0.0187 0.002421
455.00 C 20260807 -1.00 -1.00 4 304 0.7396 0.0135 0.001829
457.50 C 20260807 -1.00 -1.00 332 286 0.8229 0.0198 0.002253
460.00 C 20260807 -1.00 -1.00 6 752 0.8806 0.0218 0.002291
465.00 C 20260807 -1.00 -1.00 10 581 0.8131 0.0078 0.001017
470.00 C 20260807 -1.00 -1.00 1292 1428 0.9253 0.0104 0.001158
475.00 C 20260807 -1.00 -1.00 159 758 0.8675 0.0036 0.000480
480.00 C 20260807 -1.00 -1.00 107 362 0.9445 0.0040 0.000482
485.00 C 20260807 -1.00 -1.00 18 78 0.9758 0.0032 0.000385
490.00 C 20260807 -1.00 -1.00 25 569 1.1520 0.0076 0.000699
495.00 C 20260807 -1.00 -1.00 121 140 1.1485 0.0043 0.000432
500.00 C 20260807 -1.00 -1.00 1135 2372 1.0900 0.0018 0.000203
505.00 C 20260807 -1.00 -1.00 44 90 1.2079 0.0031 0.000303
510.00 C 20260807 -1.00 -1.00 40 85 1.3536 0.0050 0.000415
515.00 C 20260807 -1.00 -1.00 1 6 1.4107 0.0048 0.000387
520.00 C 20260807 -1.00 -1.00 45 76 1.4673 0.0047 0.000362
525.00 C 20260807 -1.00 -1.00 7 15 1.5172 0.0045 0.000340
305.00 P 20260807 -1.00 -1.00 93 361 1.7422 -0.0021 0.000148
307.50 P 20260807 -1.00 -1.00 1 2 1.8122 -0.0033 0.000217
310.00 P 20260807 -1.00 -1.00 29 364 1.5989 -0.0016 0.000123
312.50 P 20260807 -1.00 -1.00 4 5 1.9176 -0.0083 0.000460
315.00 P 20260807 -1.00 -1.00 61 146 1.5140 -0.0017 0.000136
317.50 P 20260807 -1.00 -1.00 92 115 1.5279 -0.0024 0.000190
320.00 P 20260807 -1.00 -1.00 20 835 1.4583 -0.0021 0.000176
322.50 P 20260807 -1.00 -1.00 21 72 1.9596 -0.0193 0.000931
325.00 P 20260807 -1.00 -1.00 42 1232 1.5000 -0.0043 0.000327
327.50 P 20260807 -1.00 -1.00 8 284 1.8539 -0.0203 0.001030
330.00 P 20260807 -1.00 -1.00 24 1238 1.8402 -0.0227 0.001145
332.50 P 20260807 -1.00 -1.00 3 190 1.3091 -0.0033 0.000293
335.00 P 20260807 -1.00 -1.00 209 697 1.1875 -0.0021 0.000214
337.50 P 20260807 -1.00 -1.00 4 216 1.2755 -0.0050 0.000438
340.00 P 20260807 -1.00 -1.00 5 1182 1.2022 -0.0040 0.000382
342.50 P 20260807 -1.00 -1.00 99 1471 1.0970 -0.0028 0.000303
345.00 P 20260807 -1.00 -1.00 1 1175 1.4801 -0.0240 0.001492
347.50 P 20260807 -1.00 -1.00 87 227 0.9933 -0.0025 0.000300
350.00 P 20260807 -1.00 -1.00 1 1356 0.9286 -0.0020 0.000265
352.50 P 20260807 -1.00 -1.00 90 592 1.0170 -0.0062 0.000661
355.00 P 20260807 -1.00 -1.00 1 851 0.9749 -0.0064 0.000714
357.50 P 20260807 -1.00 -1.00 1 526 1.0273 -0.0112 0.001125
360.00 P 20260807 -1.00 -1.00 22 1872 0.8323 -0.0037 0.000514
362.50 P 20260807 -1.00 -1.00 10 322 1.0151 -0.0204 0.001880
365.00 P 20260807 -1.00 -1.00 1 1221 0.8995 -0.0141 0.001550
367.50 P 20260807 -1.00 -1.00 135 297 0.8939 -0.0193 0.002039
370.00 P 20260807 -1.00 -1.00 1 1115 0.7875 -0.0129 0.001652
372.50 P 20260807 -1.00 -1.00 238 474 0.7945 -0.0204 0.002404
375.00 P 20260807 -1.00 -1.00 1 3764 0.7653 -0.0235 0.002830
377.50 P 20260807 -1.00 -1.00 171 3548 0.7483 -0.0283 0.003420
380.00 P 20260807 -1.00 -1.00 101 2063 0.6998 -0.0300 0.003836
382.50 P 20260807 -1.00 -1.00 281 366 0.6449 -0.0309 0.004257
385.00 P 20260807 -1.00 -1.00 11 843 0.6477 -0.0475 0.005950
387.50 P 20260807 -1.00 -1.00 44 400 0.6486 -0.0634 0.007593
390.00 P 20260807 -1.00 -1.00 3 405 0.5806 -0.0641 0.008555
392.50 P 20260807 -1.00 -1.00 49 335 0.5697 -0.0891 0.011049
395.00 P 20260807 -1.00 -1.00 119 557 0.5387 -0.1086 0.013575
397.50 P 20260807 -1.00 -1.00 24 267 0.5083 -0.1318 0.016664
400.00 P 20260807 -1.00 -1.00 70 1191 0.5195 -0.1879 0.020354
402.50 P 20260807 -1.00 -1.00 1 414 0.5089 -0.2378 0.024043
405.00 P 20260807 -1.00 -1.00 18 513 0.4974 -0.3005 0.027478
407.50 P 20260807 -1.00 -1.00 13 291 0.5595 -0.3843 0.026899
410.00 P 20260807 -1.00 -1.00 34 2427 0.4059 -0.4401 0.038203
412.50 P 20260807 -1.00 -1.00 76 829 0.4416 -0.5314 0.035515
415.00 P 20260807 -1.00 -1.00 79 1080 0.3198 -0.6638 0.045177
417.50 P 20260807 -1.00 -1.00 7 188 0.4062 -0.7134 0.032934
420.00 P 20260807 -1.00 -1.00 16 448 -1.0000 -1.0000 -1.000000
422.50 P 20260807 -1.00 -1.00 10 672 0.3042 -0.9208 0.019509
425.00 P 20260807 -1.00 -1.00 54 145 -1.0000 -1.0000 -1.000000
427.50 P 20260807 -1.00 -1.00 9 11 -1.0000 -1.0000 -1.000000
430.00 P 20260807 -1.00 -1.00 132 82 -1.0000 -1.0000 -1.000000
432.50 P 20260807 -1.00 -1.00 7 12 -1.0000 -1.0000 -1.000000
435.00 P 20260807 -1.00 -1.00 64 61 -1.0000 -1.0000 -1.000000
437.50 P 20260807 -1.00 -1.00 1 1 -1.0000 -1.0000 -1.000000
440.00 P 20260807 -1.00 -1.00 2 122 0.5666 -0.9729 0.004537
442.50 P 20260807 -1.00 -1.00 -1 0 -1.0000 -1.0000 -1.000000
445.00 P 20260807 -1.00 -1.00 5 7 -1.0000 -1.0000 -1.000000
447.50 P 20260807 -1.00 -1.00 -1 0 -1.0000 -1.0000 -1.000000
450.00 P 20260807 -1.00 -1.00 1 2 -1.0000 -1.0000 -1.000000
452.50 P 20260807 -1.00 -1.00 -1 0 -1.0000 -1.0000 -1.000000
455.00 P 20260807 -1.00 -1.00 1 0 -1.0000 -1.0000 -1.000000
457.50 P 20260807 -1.00 -1.00 -1 0 -1.0000 -1.0000 -1.000000
460.00 P 20260807 -1.00 -1.00 1 0 -1.0000 -1.0000 -1.000000
465.00 P 20260807 -1.00 -1.00 4 0 -1.0000 -1.0000 -1.000000
470.00 P 20260807 -1.00 -1.00 1 0 -1.0000 -1.0000 -1.000000
475.00 P 20260807 -1.00 -1.00 4 0 -1.0000 -1.0000 -1.000000
480.00 P 20260807 -1.00 -1.00 -1 0 -1.0000 -1.0000 -1.000000
485.00 P 20260807 -1.00 -1.00 -1 0 -1.0000 -1.0000 -1.000000
490.00 P 20260807 -1.00 -1.00 1 0 -1.0000 -1.0000 -1.000000
495.00 P 20260807 -1.00 -1.00 -1 0 1.2205 -0.9930 0.000684
500.00 P 20260807 -1.00 -1.00 1 0 -1.0000 -1.0000 -1.000000
505.00 P 20260807 -1.00 -1.00 1 0 -1.0000 -1.0000 -1.000000
510.00 P 20260807 -1.00 -1.00 2 0 1.5615 -0.9871 0.000872
515.00 P 20260807 -1.00 -1.00 -1 0 -1.0000 -1.0000 -1.000000
520.00 P 20260807 -1.00 -1.00 -1 0 1.6740 -0.9879 0.000768
525.00 P 20260807 -1.00 -1.00 -1 0 -1.0000 -1.0000 -1.000000
305.00 C 20260810 -1.00 -1.00 -1 0 1.9344 0.9366 0.001430
307.50 C 20260810 -1.00 -1.00 -1 0 2.3615 0.8971 0.001706
310.00 C 20260810 -1.00 -1.00 -1 0 1.0804 0.9932 0.000379
312.50 C 20260810 -1.00 -1.00 -1 0 0.9933 0.9957 0.000275
315.00 C 20260810 -1.00 -1.00 -1 0 0.9651 0.9957 0.000285
317.50 C 20260810 -1.00 -1.00 -1 0 0.9371 0.9956 0.000297
320.00 C 20260810 -1.00 -1.00 1 1 0.9093 0.9956 0.000309
322.50 C 20260810 -1.00 -1.00 -1 0 1.0163 0.9889 0.000635
325.00 C 20260810 -1.00 -1.00 -1 0 1.6001 0.9241 0.001977
327.50 C 20260810 -1.00 -1.00 -1 0 0.8273 0.9954 0.000350
330.00 C 20260810 -1.00 -1.00 -1 0 1.9708 0.8711 0.002376
332.50 C 20260810 -1.00 -1.00 -1 0 0.7737 0.9953 0.000383
335.00 C 20260810 -1.00 -1.00 16 16 1.8307 0.8702 0.002571
337.50 C 20260810 -1.00 -1.00 -1 0 1.7708 0.8687 0.002679
340.00 C 20260810 -1.00 -1.00 -1 0 1.4201 0.9038 0.002671
342.50 C 20260810 -1.00 -1.00 -1 0 0.6689 0.9950 0.000466
345.00 C 20260810 -1.00 -1.00 -1 0 1.2829 0.9069 0.002880
347.50 C 20260810 -1.00 -1.00 -1 0 1.2442 0.9043 0.003033
350.00 C 20260810 -1.00 -1.00 -1 0 1.2671 0.8925 0.003264
352.50 C 20260810 -1.00 -1.00 -1 0 0.5670 0.9947 0.000583
355.00 C 20260810 -1.00 -1.00 51 26 1.4405 0.8440 0.003687
357.50 C 20260810 -1.00 -1.00 15 38 0.6248 0.9820 0.001549
360.00 C 20260810 -1.00 -1.00 4 8 1.1213 0.8772 0.004078
362.50 C 20260810 -1.00 -1.00 1 1 0.6287 0.9720 0.002289
365.00 C 20260810 -1.00 -1.00 2 1 1.2806 0.8219 0.004535
367.50 C 20260810 -1.00 -1.00 10 10 1.2319 0.8171 0.004802
370.00 C 20260810 -1.00 -1.00 8 62 1.1460 0.8180 0.005141
372.50 C 20260810 -1.00 -1.00 2 10 0.5251 0.9613 0.003526
375.00 C 20260810 -1.00 -1.00 2 6 0.8487 0.8520 0.006054
377.50 C 20260810 -1.00 -1.00 4 19 0.4828 0.9514 0.004613
380.00 C 20260810 -1.00 -1.00 2 22 1.0254 0.7795 0.006503
382.50 C 20260810 -1.00 -1.00 2 22 0.4789 0.9229 0.006702
385.00 C 20260810 -1.00 -1.00 3 19 0.7034 0.8160 0.008423
387.50 C 20260810 -1.00 -1.00 1 13 0.5543 0.8459 0.009513
390.00 C 20260810 -1.00 -1.00 25 172 0.6151 0.7975 0.010281
392.50 C 20260810 -1.00 -1.00 102 104 0.4393 0.8427 0.012167
395.00 C 20260810 -1.00 -1.00 20 61 0.4552 0.8015 0.013691
397.50 C 20260810 -1.00 -1.00 1 11 0.5847 0.7159 0.012899
400.00 C 20260810 -1.00 -1.00 29 287 0.7917 0.6454 0.010563
402.50 C 20260810 -1.00 -1.00 10 57 0.5494 0.6564 0.015148
405.00 C 20260810 -1.00 -1.00 43 293 0.5427 0.6177 0.015691
407.50 C 20260810 -1.00 -1.00 5 113 0.6750 0.5674 0.012988
410.00 C 20260810 -1.00 -1.00 74 269 0.6819 0.5348 0.013101
412.50 C 20260810 -1.00 -1.00 8 134 0.5126 0.4951 0.017490
415.00 C 20260810 -1.00 -1.00 24 108 0.6389 0.4671 0.013878
417.50 C 20260810 -1.00 -1.00 25 30 0.5912 0.4255 0.014766
420.00 C 20260810 -1.00 -1.00 11 300 0.5894 0.3884 0.014601
422.50 C 20260810 -1.00 -1.00 21 130 0.5095 0.3301 0.015868
425.00 C 20260810 -1.00 -1.00 1 154 0.4568 0.2687 0.016117
427.50 C 20260810 -1.00 -1.00 39 57 0.4624 0.2327 0.014890
430.00 C 20260810 -1.00 -1.00 8 171 0.5350 0.2345 0.012931
432.50 C 20260810 -1.00 -1.00 1 101 0.4939 0.1880 0.012120
435.00 C 20260810 -1.00 -1.00 4 182 0.5748 0.1995 0.010812
437.50 C 20260810 -1.00 -1.00 14 51 0.4981 0.1351 0.009803
440.00 C 20260810 -1.00 -1.00 3 179 0.5696 0.1471 0.009070
442.50 C 20260810 -1.00 -1.00 1 65 0.4739 0.0843 0.007257
445.00 C 20260810 -1.00 -1.00 3 61 0.4744 0.0679 0.006185
447.50 C 20260810 -1.00 -1.00 9 19 0.5499 0.0862 0.006353
450.00 C 20260810 -1.00 -1.00 2 149 0.5760 0.0817 0.005846
452.50 C 20260810 -1.00 -1.00 8 9 0.5602 0.0640 0.004978
455.00 C 20260810 -1.00 -1.00 21 24 0.5718 0.0580 0.004491
457.50 C 20260810 -1.00 -1.00 4 10 0.5651 0.0463 0.003787
460.00 C 20260810 -1.00 -1.00 3 54 0.5858 0.0438 0.003493
462.50 C 20260810 -1.00 -1.00 3 2 0.5912 0.0364 0.003004
465.00 C 20260810 -1.00 -1.00 1 10 0.5557 0.0237 0.002212
470.00 C 20260810 -1.00 -1.00 11 47 0.6581 0.0330 0.002502
475.00 C 20260810 -1.00 -1.00 19 13 0.6597 0.0252 0.001966
480.00 C 20260810 -1.00 -1.00 26 21 0.7367 0.0298 0.002037
485.00 C 20260810 -1.00 -1.00 1 5 0.6236 0.0084 0.000802
490.00 C 20260810 -1.00 -1.00 3 5 0.6393 0.0063 0.000609
495.00 C 20260810 -1.00 -1.00 5 13 0.6640 0.0052 0.000497
500.00 C 20260810 -1.00 -1.00 23 34 0.8269 0.0165 0.001093
505.00 C 20260810 -1.00 -1.00 -1 0 0.9264 0.0242 0.001352
510.00 C 20260810 -1.00 -1.00 6 6 0.9632 0.0234 0.001263
515.00 C 20260810 -1.00 -1.00 -1 0 1.0035 0.0231 0.001199
520.00 C 20260810 -1.00 -1.00 1 1 0.8856 0.0086 0.000574
525.00 C 20260810 -1.00 -1.00 1 1 0.9216 0.0086 0.000553
305.00 P 20260810 -1.00 -1.00 1 20 1.0897 -0.0045 0.000266
307.50 P 20260810 -1.00 -1.00 2 6 1.0797 -0.0054 0.000313
310.00 P 20260810 -1.00 -1.00 2 6 1.0815 -0.0067 0.000381
312.50 P 20260810 -1.00 -1.00 1 9 1.0132 -0.0051 0.000319
315.00 P 20260810 -1.00 -1.00 3 15 0.9688 -0.0044 0.000295
317.50 P 20260810 -1.00 -1.00 1 1 1.0290 -0.0085 0.000496
320.00 P 20260810 -1.00 -1.00 45 41 1.1334 -0.0180 0.000861
322.50 P 20260810 -1.00 -1.00 20 31 0.9065 -0.0057 0.000392
325.00 P 20260810 -1.00 -1.00 3 7 1.0191 -0.0144 0.000788
327.50 P 20260810 -1.00 -1.00 1 4 0.9229 -0.0094 0.000609
330.00 P 20260810 -1.00 -1.00 2 18 0.7668 -0.0032 0.000276
332.50 P 20260810 -1.00 -1.00 12 8 0.9456 -0.0170 0.000982
335.00 P 20260810 -1.00 -1.00 1 41 0.9263 -0.0185 0.001076
337.50 P 20260810 -1.00 -1.00 6 7 0.8614 -0.0153 0.000982
340.00 P 20260810 -1.00 -1.00 7 12 0.8282 -0.0152 0.001017
342.50 P 20260810 -1.00 -1.00 5 15 0.7976 -0.0154 0.001069
345.00 P 20260810 -1.00 -1.00 1 72 0.7768 -0.0168 0.001181
347.50 P 20260810 -1.00 -1.00 16 36 0.6203 -0.0053 0.000537
350.00 P 20260810 -1.00 -1.00 4 59 0.6682 -0.0107 0.000945
352.50 P 20260810 -1.00 -1.00 4 4 0.6633 -0.0143 0.001209
355.00 P 20260810 -1.00 -1.00 16 18 0.5815 -0.0087 0.000893
357.50 P 20260810 -1.00 -1.00 2 18 0.7032 -0.0296 0.002139
360.00 P 20260810 -1.00 -1.00 27 371 0.6724 -0.0308 0.002304
362.50 P 20260810 -1.00 -1.00 1 16 0.5401 -0.0144 0.001490
365.00 P 20260810 -1.00 -1.00 5 30 0.6113 -0.0334 0.002700
367.50 P 20260810 -1.00 -1.00 2 8 0.5549 -0.0277 0.002571
370.00 P 20260810 -1.00 -1.00 60 137 0.4826 -0.0208 0.002287
372.50 P 20260810 -1.00 -1.00 17 33 0.5454 -0.0456 0.003884
375.00 P 20260810 -1.00 -1.00 113 205 0.4677 -0.0321 0.003422
377.50 P 20260810 -1.00 -1.00 20 29 0.4783 -0.0480 0.004624
380.00 P 20260810 -1.00 -1.00 38 100 0.4696 -0.0575 0.005484
382.50 P 20260810 -1.00 -1.00 5 22 0.4522 -0.0654 0.006331
385.00 P 20260810 -1.00 -1.00 62 85 0.4583 -0.0903 0.007876
387.50 P 20260810 -1.00 -1.00 8 26 0.4292 -0.0987 0.008996
390.00 P 20260810 -1.00 -1.00 2 36 0.4205 -0.1180 0.010551
392.50 P 20260810 -1.00 -1.00 1 13 0.4034 -0.1386 0.012269
395.00 P 20260810 -1.00 -1.00 1 21 0.4321 -0.1904 0.014040
397.50 P 20260810 -1.00 -1.00 21 94 0.3592 -0.1881 0.016747
400.00 P 20260810 -1.00 -1.00 90 302 0.3938 -0.2523 0.018111
402.50 P 20260810 -1.00 -1.00 17 35 0.3619 -0.2868 0.020965
405.00 P 20260810 -1.00 -1.00 30 88 0.3542 -0.3372 0.023303
407.50 P 20260810 -1.00 -1.00 1 62 0.3314 -0.3920 0.025914
410.00 P 20260810 -1.00 -1.00 83 46 0.3564 -0.4600 0.025015
412.50 P 20260810 -1.00 -1.00 1 30 0.3496 -0.5222 0.025581
415.00 P 20260810 -1.00 -1.00 20 18 0.3654 -0.5803 0.023919
417.50 P 20260810 -1.00 -1.00 13 13 0.3542 -0.6439 0.023843
420.00 P 20260810 -1.00 -1.00 1 28 0.3084 -0.7268 0.024252
422.50 P 20260810 -1.00 -1.00 26 36 0.2662 -0.8184 0.022450
425.00 P 20260810 -1.00 -1.00 7 15 0.2035 -0.9360 0.015363
427.50 P 20260810 -1.00 -1.00 2 1 -1.0000 -1.0000 -1.000000
430.00 P 20260810 -1.00 -1.00 2 14 -1.0000 -1.0000 -1.000000
432.50 P 20260810 -1.00 -1.00 -1 0 0.4452 -0.8446 0.012133
435.00 P 20260810 -1.00 -1.00 2 7 -1.0000 -1.0000 -1.000000
437.50 P 20260810 -1.00 -1.00 2 2 -1.0000 -1.0000 -1.000000
440.00 P 20260810 -1.00 -1.00 1 2 0.3932 -0.9420 0.006939
442.50 P 20260810 -1.00 -1.00 5 5 -1.0000 -1.0000 -1.000000
445.00 P 20260810 -1.00 -1.00 -1 0 -1.0000 -1.0000 -1.000000
447.50 P 20260810 -1.00 -1.00 1 1 0.4135 -0.9724 0.003917
450.00 P 20260810 -1.00 -1.00 -1 0 -1.0000 -1.0000 -1.000000
452.50 P 20260810 -1.00 -1.00 -1 0 -1.0000 -1.0000 -1.000000
455.00 P 20260810 -1.00 -1.00 -1 0 -1.0000 -1.0000 -1.000000
457.50 P 20260810 -1.00 -1.00 -1 0 -1.0000 -1.0000 -1.000000
460.00 P 20260810 -1.00 -1.00 -1 0 -1.0000 -1.0000 -1.000000
462.50 P 20260810 -1.00 -1.00 -1 0 -1.0000 -1.0000 -1.000000
465.00 P 20260810 -1.00 -1.00 -1 0 -1.0000 -1.0000 -1.000000
470.00 P 20260810 -1.00 -1.00 -1 0 -1.0000 -1.0000 -1.000000
475.00 P 20260810 -1.00 -1.00 1 0 -1.0000 -1.0000 -1.000000
480.00 P 20260810 -1.00 -1.00 -1 0 -1.0000 -1.0000 -1.000000
485.00 P 20260810 -1.00 -1.00 -1 0 -1.0000 -1.0000 -1.000000
490.00 P 20260810 -1.00 -1.00 -1 0 -1.0000 -1.0000 -1.000000
495.00 P 20260810 -1.00 -1.00 -1 0 -1.0000 -1.0000 -1.000000
500.00 P 20260810 -1.00 -1.00 -1 0 -1.0000 -1.0000 -1.000000
505.00 P 20260810 -1.00 -1.00 -1 0 -1.0000 -1.0000 -1.000000
510.00 P 20260810 -1.00 -1.00 1 0 -1.0000 -1.0000 -1.000000
515.00 P 20260810 -1.00 -1.00 -1 0 -1.0000 -1.0000 -1.000000
520.00 P 20260810 -1.00 -1.00 -1 0 -1.0000 -1.0000 -1.000000
525.00 P 20260810 -1.00 -1.00 -1 0 -1.0000 -1.0000 -1.000000
305.00 C 20260812 -1.00 -1.00 -1 0 1.3421 0.9623 0.001120
307.50 C 20260812 -1.00 -1.00 -1 0 1.3319 0.9593 0.001202
310.00 C 20260812 -1.00 -1.00 -1 0 1.8713 0.8989 0.001759
312.50 C 20260812 -1.00 -1.00 -1 0 1.5963 0.9202 0.001708
315.00 C 20260812 -1.00 -1.00 -1 0 1.5364 0.9214 0.001755
317.50 C 20260812 -1.00 -1.00 -1 0 1.5246 0.9168 0.001846
320.00 C 20260812 -1.00 -1.00 2 2 1.4238 0.9234 0.001857
322.50 C 20260812 -1.00 -1.00 -1 0 1.3890 0.9217 0.001935
325.00 C 20260812 -1.00 -1.00 1 1 1.4692 0.9051 0.002123
327.50 C 20260812 -1.00 -1.00 -1 0 1.3758 0.9104 0.002166
330.00 C 20260812 -1.00 -1.00 -1 0 1.5313 0.8853 0.002362
332.50 C 20260812 -1.00 -1.00 -1 0 1.5588 0.8728 0.002475
335.00 C 20260812 -1.00 -1.00 -1 0 1.3578 0.8929 0.002529
337.50 C 20260812 -1.00 -1.00 -1 0 0.9769 0.9462 0.002071
340.00 C 20260812 -1.00 -1.00 2 1 1.4153 0.8674 0.002801
342.50 C 20260812 -1.00 -1.00 -1 0 1.3644 0.8660 0.002926
345.00 C 20260812 -1.00 -1.00 -1 0 0.7448 0.9682 0.001763
347.50 C 20260812 -1.00 -1.00 1 1 1.1594 0.8834 0.003165
350.00 C 20260812 -1.00 -1.00 8 3 1.1421 0.8758 0.003338
352.50 C 20260812 -1.00 -1.00 -1 0 1.2323 0.8478 0.003520
355.00 C 20260812 -1.00 -1.00 -1 0 1.2824 0.8295 0.003653
357.50 C 20260812 -1.00 -1.00 6 3 0.9976 0.8725 0.003890
360.00 C 20260812 -1.00 -1.00 -1 0 1.1059 0.8371 0.004104
362.50 C 20260812 -1.00 -1.00 -1 0 1.0873 0.8288 0.004317
365.00 C 20260812 -1.00 -1.00 4 6 1.1077 0.8135 0.004497
367.50 C 20260812 -1.00 -1.00 -1 0 0.8718 0.8497 0.004939
370.00 C 20260812 -1.00 -1.00 5 4 0.5871 0.9203 0.004646
372.50 C 20260812 -1.00 -1.00 10 10 0.9081 0.8125 0.005498
375.00 C 20260812 -1.00 -1.00 2 7 0.6387 0.8754 0.006011
377.50 C 20260812 -1.00 -1.00 19 13 0.9655 0.7702 0.005839
380.00 C 20260812 -1.00 -1.00 25 24 0.5336 0.8795 0.007023
382.50 C 20260812 -1.00 -1.00 4 0 0.8486 0.7598 0.006790
385.00 C 20260812 -1.00 -1.00 17 35 0.5226 0.8393 0.008606
387.50 C 20260812 -1.00 -1.00 10 22 0.7525 0.7420 0.007931
390.00 C 20260812 -1.00 -1.00 2 19 0.6844 0.7368 0.008808
392.50 C 20260812 -1.00 -1.00 1 2 0.6672 0.7172 0.009366
395.00 C 20260812 -1.00 -1.00 4 15 0.7585 0.6763 0.008855
397.50 C 20260812 -1.00 -1.00 3 7 0.6452 0.6727 0.010463
400.00 C 20260812 -1.00 -1.00 1 156 0.6363 0.6474 0.010897
402.50 C 20260812 -1.00 -1.00 13 13 0.6548 0.6163 0.010795
405.00 C 20260812 -1.00 -1.00 2 100 0.5105 0.6047 0.013949
407.50 C 20260812 -1.00 -1.00 5 7 0.4827 0.5716 0.015042
410.00 C 20260812 -1.00 -1.00 25 54 0.5725 0.5329 0.012976
412.50 C 20260812 -1.00 -1.00 5 19 0.6227 0.5037 0.011969
415.00 C 20260812 -1.00 -1.00 9 356 0.5805 0.4707 0.012695
417.50 C 20260812 -1.00 -1.00 3 8 0.6247 0.4462 0.011692
420.00 C 20260812 -1.00 -1.00 38 59 0.5484 0.4015 0.013103
422.50 C 20260812 -1.00 -1.00 16 35 0.4902 0.3524 0.014126
425.00 C 20260812 -1.00 -1.00 45 70 0.5413 0.3384 0.012538
427.50 C 20260812 -1.00 -1.00 10 17 0.4989 0.2925 0.012720
430.00 C 20260812 -1.00 -1.00 2 94 0.4878 0.2555 0.012279
432.50 C 20260812 -1.00 -1.00 13 15 0.5512 0.2566 0.010891
435.00 C 20260812 -1.00 -1.00 4 391 0.4929 0.2060 0.010686
437.50 C 20260812 -1.00 -1.00 5 9 0.5798 0.2222 0.009543
440.00 C 20260812 -1.00 -1.00 1 593 0.5312 0.1791 0.009075
442.50 C 20260812 -1.00 -1.00 34 26 0.5315 0.1570 0.008384
445.00 C 20260812 -1.00 -1.00 17 60 0.5453 0.1428 0.007743
447.50 C 20260812 -1.00 -1.00 9 11 0.5745 0.1395 0.007225
450.00 C 20260812 -1.00 -1.00 68 57 0.5442 0.1134 0.006507
452.50 C 20260812 -1.00 -1.00 4 21 0.5062 0.0802 0.005453
455.00 C 20260812 -1.00 -1.00 5 18 0.5095 0.0696 0.004875
457.50 C 20260812 -1.00 -1.00 1 1 0.5680 0.0824 0.004953
460.00 C 20260812 -1.00 -1.00 14 18 0.5664 0.0705 0.004433
462.50 C 20260812 -1.00 -1.00 1 1 0.5523 0.0582 0.003870
465.00 C 20260812 -1.00 -1.00 11 22 0.5174 0.0375 0.002916
467.50 C 20260812 -1.00 -1.00 9 5 0.5626 0.0456 0.003123
470.00 C 20260812 -1.00 -1.00 4 8 0.5818 0.0444 0.002954
472.50 C 20260812 -1.00 -1.00 -1 0 0.5877 0.0388 0.002635
475.00 C 20260812 -1.00 -1.00 10 20 0.5535 0.0262 0.002010
477.50 C 20260812 -1.00 -1.00 1 1 0.6110 0.0330 0.002239
480.00 C 20260812 -1.00 -1.00 5 20 0.6206 0.0311 0.002090
485.00 C 20260812 -1.00 -1.00 5 2 0.6446 0.0284 0.001852
490.00 C 20260812 -1.00 -1.00 6 3 0.6764 0.0272 0.001699
495.00 C 20260812 -1.00 -1.00 1 5 0.7079 0.0261 0.001566
500.00 C 20260812 -1.00 -1.00 17 16 0.7407 0.0254 0.001460
505.00 C 20260812 -1.00 -1.00 1 8 0.6446 0.0085 0.000649
510.00 C 20260812 -1.00 -1.00 -1 0 0.7162 0.0119 0.000797
515.00 C 20260812 -1.00 -1.00 2 10 0.7021 0.0082 0.000579
520.00 C 20260812 -1.00 -1.00 2 2 0.7323 0.0082 0.000557
525.00 C 20260812 -1.00 -1.00 1 4 0.9141 0.0245 0.001149
305.00 P 20260812 -1.00 -1.00 5 3 1.0734 -0.0140 0.000605
307.50 P 20260812 -1.00 -1.00 2 3 0.9293 -0.0070 0.000384
310.00 P 20260812 -1.00 -1.00 4 3 1.0252 -0.0150 0.000673
312.50 P 20260812 -1.00 -1.00 2 1 0.9273 -0.0094 0.000504
315.00 P 20260812 -1.00 -1.00 1 2 0.9551 -0.0140 0.000682
317.50 P 20260812 -1.00 -1.00 1 2 1.0308 -0.0232 0.000984
320.00 P 20260812 -1.00 -1.00 15 7 0.7731 -0.0056 0.000373
322.50 P 20260812 -1.00 -1.00 1 3 0.9226 -0.0193 0.000933
325.00 P 20260812 -1.00 -1.00 1 7 0.8976 -0.0198 0.000981
327.50 P 20260812 -1.00 -1.00 372 332 0.8607 -0.0191 0.000991
330.00 P 20260812 -1.00 -1.00 1 17 0.6914 -0.0065 0.000482
332.50 P 20260812 -1.00 -1.00 1 2 0.7080 -0.0092 0.000641
335.00 P 20260812 -1.00 -1.00 1 7 0.7274 -0.0136 0.000873
337.50 P 20260812 -1.00 -1.00 1 5 0.6470 -0.0085 0.000653
340.00 P 20260812 -1.00 -1.00 12 12 0.7521 -0.0235 0.001359
342.50 P 20260812 -1.00 -1.00 -1 0 0.6308 -0.0110 0.000848
345.00 P 20260812 -1.00 -1.00 3 25 0.7050 -0.0250 0.001532
347.50 P 20260812 -1.00 -1.00 1 7 0.6817 -0.0258 0.001631
350.00 P 20260812 -1.00 -1.00 3 29 0.6586 -0.0266 0.001739
352.50 P 20260812 -1.00 -1.00 13 12 0.6356 -0.0276 0.001858
355.00 P 20260812 -1.00 -1.00 13 25 0.5836 -0.0244 0.001809
357.50 P 20260812 -1.00 -1.00 8 49 0.5840 -0.0296 0.002136
360.00 P 20260812 -1.00 -1.00 36 55 0.5584 -0.0308 0.002301
362.50 P 20260812 -1.00 -1.00 19 15 0.5339 -0.0323 0.002499
365.00 P 20260812 -1.00 -1.00 20 19 0.5145 -0.0356 0.002795
367.50 P 20260812 -1.00 -1.00 6 4 0.5010 -0.0409 0.003210
370.00 P 20260812 -1.00 -1.00 60 11 0.5259 -0.0577 0.004079
372.50 P 20260812 -1.00 -1.00 4 31 0.5001 -0.0601 0.004442
375.00 P 20260812 -1.00 -1.00 46 47 0.5150 -0.0814 0.005386
377.50 P 20260812 -1.00 -1.00 20 9 0.4884 -0.0865 0.005939
380.00 P 20260812 -1.00 -1.00 62 61 0.5003 -0.1083 0.006888
382.50 P 20260812 -1.00 -1.00 1 11 0.4778 -0.1165 0.007641
385.00 P 20260812 -1.00 -1.00 5 21 0.4559 -0.1264 0.008520
387.50 P 20260812 -1.00 -1.00 12 35 0.4415 -0.1455 0.009580
390.00 P 20260812 -1.00 -1.00 12 29 0.4615 -0.1833 0.010638
392.50 P 20260812 -1.00 -1.00 9 27 0.4883 -0.2215 0.011411
395.00 P 20260812 -1.00 -1.00 21 25 0.4801 -0.2510 0.012290
397.50 P 20260812 -1.00 -1.00 5 17 0.4408 -0.2691 0.013844
400.00 P 20260812 -1.00 -1.00 80 40 0.4045 -0.2916 0.015707
402.50 P 20260812 -1.00 -1.00 47 60 0.4060 -0.3317 0.016744
405.00 P 20260812 -1.00 -1.00 2 54 0.4554 -0.3862 0.015584
407.50 P 20260812 -1.00 -1.00 2 16 0.3859 -0.4169 0.018731
410.00 P 20260812 -1.00 -1.00 16 12 0.3773 -0.4638 0.019676
412.50 P 20260812 -1.00 -1.00 2 1 0.4732 -0.5050 0.015762
415.00 P 20260812 -1.00 -1.00 5 5 0.3440 -0.5677 0.021216
417.50 P 20260812 -1.00 -1.00 4 7 0.3077 -0.6367 0.023049
420.00 P 20260812 -1.00 -1.00 1 10 0.3924 -0.6471 0.017771
422.50 P 20260812 -1.00 -1.00 4 5 0.4728 -0.6545 0.014579
425.00 P 20260812 -1.00 -1.00 10 11 0.4694 -0.6890 0.013978
427.50 P 20260812 -1.00 -1.00 2 1 0.4389 -0.7387 0.013879
430.00 P 20260812 -1.00 -1.00 1 1 0.4558 -0.7632 0.012800
432.50 P 20260812 -1.00 -1.00 -1 0 0.4533 -0.7907 0.011875
435.00 P 20260812 -1.00 -1.00 -1 0 0.4491 -0.8196 0.010934
437.50 P 20260812 -1.00 -1.00 -1 0 -1.0000 -1.0000 -1.000000
440.00 P 20260812 -1.00 -1.00 1 1 0.2860 -0.9692 0.005544
442.50 P 20260812 -1.00 -1.00 -1 0 -1.0000 -1.0000 -1.000000
445.00 P 20260812 -1.00 -1.00 -1 0 0.4798 -0.8882 0.007498
447.50 P 20260812 -1.00 -1.00 -1 0 -1.0000 -1.0000 -1.000000
450.00 P 20260812 -1.00 -1.00 -1 0 0.4742 -0.9246 0.005821
452.50 P 20260812 -1.00 -1.00 -1 0 0.4737 -0.9365 0.005140
455.00 P 20260812 -1.00 -1.00 -1 0 -1.0000 -1.0000 -1.000000
457.50 P 20260812 -1.00 -1.00 -1 0 -1.0000 -1.0000 -1.000000
460.00 P 20260812 -1.00 -1.00 -1 0 -1.0000 -1.0000 -1.000000
462.50 P 20260812 -1.00 -1.00 -1 0 -1.0000 -1.0000 -1.000000
465.00 P 20260812 -1.00 -1.00 -1 0 -1.0000 -1.0000 -1.000000
467.50 P 20260812 -1.00 -1.00 -1 0 -1.0000 -1.0000 -1.000000
470.00 P 20260812 -1.00 -1.00 -1 0 -1.0000 -1.0000 -1.000000
472.50 P 20260812 -1.00 -1.00 -1 0 -1.0000 -1.0000 -1.000000
475.00 P 20260812 -1.00 -1.00 -1 0 -1.0000 -1.0000 -1.000000
477.50 P 20260812 -1.00 -1.00 -1 0 -1.0000 -1.0000 -1.000000
480.00 P 20260812 -1.00 -1.00 -1 0 -1.0000 -1.0000 -1.000000
485.00 P 20260812 -1.00 -1.00 -1 0 -1.0000 -1.0000 -1.000000
490.00 P 20260812 -1.00 -1.00 1 0 -1.0000 -1.0000 -1.000000
495.00 P 20260812 -1.00 -1.00 -1 0 -1.0000 -1.0000 -1.000000
500.00 P 20260812 -1.00 -1.00 -1 0 -1.0000 -1.0000 -1.000000
505.00 P 20260812 -1.00 -1.00 -1 0 -1.0000 -1.0000 -1.000000
510.00 P 20260812 -1.00 -1.00 -1 0 -1.0000 -1.0000 -1.000000
515.00 P 20260812 -1.00 -1.00 -1 0 -1.0000 -1.0000 -1.000000
520.00 P 20260812 -1.00 -1.00 -1 0 -1.0000 -1.0000 -1.000000
525.00 P 20260812 -1.00 -1.00 -1 0 -1.0000 -1.0000 -1.000000
305.00 C 20260814 -1.00 -1.00 2 1 1.4244 0.9333 0.001460
307.50 C 20260814 -1.00 -1.00 -1 0 1.7967 0.8878 0.001724
310.00 C 20260814 -1.00 -1.00 -1 0 0.8632 0.9882 0.000565
312.50 C 20260814 -1.00 -1.00 -1 0 1.6532 0.8921 0.001832
315.00 C 20260814 -1.00 -1.00 2 1 0.8986 0.9795 0.000878
317.50 C 20260814 -1.00 -1.00 -1 0 1.3451 0.9151 0.001857
320.00 C 20260814 -1.00 -1.00 5 6 0.9142 0.9721 0.001129
322.50 C 20260814 -1.00 -1.00 -1 0 0.8931 0.9707 0.001201
325.00 C 20260814 -1.00 -1.00 2 9 0.8428 0.9741 0.001155
327.50 C 20260814 -1.00 -1.00 -1 0 0.8559 0.9669 0.001379
330.00 C 20260814 -1.00 -1.00 2 1004 1.4331 0.8701 0.002380
332.50 C 20260814 -1.00 -1.00 -1 0 1.1194 0.9099 0.002334
335.00 C 20260814 -1.00 -1.00 4 16 1.4210 0.8556 0.002573
337.50 C 20260814 -1.00 -1.00 -1 0 1.2711 0.8705 0.002682
340.00 C 20260814 -1.00 -1.00 2 5 1.0469 0.9005 0.002697
342.50 C 20260814 -1.00 -1.00 -1 0 1.2386 0.8578 0.002923
345.00 C 20260814 -1.00 -1.00 4 8 1.0345 0.8877 0.003008
347.50 C 20260814 -1.00 -1.00 2 2 0.6955 0.9516 0.002318
350.00 C 20260814 -1.00 -1.00 5 42 1.1595 0.8428 0.003338
352.50 C 20260814 -1.00 -1.00 1 1 0.6654 0.9449 0.002706
355.00 C 20260814 -1.00 -1.00 4 5 1.0858 0.8357 0.003672
357.50 C 20260814 -1.00 -1.00 15 21 0.9105 0.8622 0.003903
360.00 C 20260814 -1.00 -1.00 1 96 0.6291 0.9274 0.003532
362.50 C 20260814 -1.00 -1.00 4 3 1.0536 0.8096 0.004193
365.00 C 20260814 -1.00 -1.00 30 38 0.6007 0.9132 0.004221
367.50 C 20260814 -1.00 -1.00 12 13 0.5988 0.9015 0.004664
370.00 C 20260814 -1.00 -1.00 4 87 0.9483 0.7938 0.004926
372.50 C 20260814 -1.00 -1.00 40 26 0.5903 0.8793 0.005559
375.00 C 20260814 -1.00 -1.00 86 270 0.7635 0.8057 0.005852
377.50 C 20260814 -1.00 -1.00 80 202 0.7102 0.8042 0.006322
380.00 C 20260814 -1.00 -1.00 14 257 0.8841 0.7451 0.005855
382.50 C 20260814 -1.00 -1.00 7 115 0.5557 0.8179 0.007680
385.00 C 20260814 -1.00 -1.00 15 268 0.6222 0.7756 0.007839
387.50 C 20260814 -1.00 -1.00 3 165 0.7639 0.7171 0.007148
390.00 C 20260814 -1.00 -1.00 6 390 0.7798 0.6973 0.007256
392.50 C 20260814 -1.00 -1.00 5 24 0.7333 0.6865 0.007863
395.00 C 20260814 -1.00 -1.00 51 125 0.7416 0.6658 0.008044
397.50 C 20260814 -1.00 -1.00 2 21 0.7201 0.6472 0.008389
400.00 C 20260814 -1.00 -1.00 48 955 0.5094 0.6613 0.011779
402.50 C 20260814 -1.00 -1.00 29 56 0.5063 0.6307 0.012080
405.00 C 20260814 -1.00 -1.00 47 301 0.4971 0.6006 0.012532
407.50 C 20260814 -1.00 -1.00 1 213 0.4982 0.5685 0.012748
410.00 C 20260814 -1.00 -1.00 22 1703 0.5002 0.5366 0.012936
412.50 C 20260814 -1.00 -1.00 4 83 0.5020 0.5051 0.012964
415.00 C 20260814 -1.00 -1.00 314 839 0.6054 0.4840 0.010665
417.50 C 20260814 -1.00 -1.00 112 567 0.6076 0.4584 0.010535
420.00 C 20260814 -1.00 -1.00 4 1200 0.5418 0.4200 0.011658
422.50 C 20260814 -1.00 -1.00 289 290 0.5991 0.4049 0.010491
425.00 C 20260814 -1.00 -1.00 5 755 0.6172 0.3834 0.010109
427.50 C 20260814 -1.00 -1.00 4 251 0.5876 0.3524 0.010268
430.00 C 20260814 -1.00 -1.00 26 669 0.5786 0.3264 0.010060
432.50 C 20260814 -1.00 -1.00 6 187 0.5044 0.2716 0.010639
435.00 C 20260814 -1.00 -1.00 2 788 0.5751 0.2781 0.009428
437.50 C 20260814 -1.00 -1.00 44 72 0.5452 0.2411 0.009347
440.00 C 20260814 -1.00 -1.00 4 961 0.5789 0.2358 0.008670
442.50 C 20260814 -1.00 -1.00 1 81 0.5776 0.2176 0.008239
445.00 C 20260814 -1.00 -1.00 1 320 0.5129 0.1676 0.007883
447.50 C 20260814 -1.00 -1.00 64 94 0.5708 0.1789 0.007369
450.00 C 20260814 -1.00 -1.00 14 615 0.5934 0.1724 0.006931
452.50 C 20260814 -1.00 -1.00 13 40 0.5370 0.1300 0.006379
455.00 C 20260814 -1.00 -1.00 1 204 0.5346 0.1163 0.005887
457.50 C 20260814 -1.00 -1.00 14 18 0.5156 0.0944 0.005238
460.00 C 20260814 -1.00 -1.00 10 481 0.5654 0.1055 0.005176
462.50 C 20260814 -1.00 -1.00 32 33 0.5803 0.1003 0.004862
465.00 C 20260814 -1.00 -1.00 21 366 0.5332 0.0691 0.004036
467.50 C 20260814 -1.00 -1.00 27 36 0.5777 0.0759 0.004024
470.00 C 20260814 -1.00 -1.00 4 187 0.5529 0.0611 0.003513
472.50 C 20260814 -1.00 -1.00 16 14 0.5399 0.0497 0.003037
475.00 C 20260814 -1.00 -1.00 38 97 0.5709 0.0533 0.003039
477.50 C 20260814 -1.00 -1.00 14 13 0.5493 0.0389 0.002466
480.00 C 20260814 -1.00 -1.00 66 495 0.5643 0.0374 0.002333
482.50 C 20260814 -1.00 -1.00 14 12 0.5849 0.0381 0.002282
485.00 C 20260814 -1.00 -1.00 40 98 0.5694 0.0301 0.001928
487.50 C 20260814 -1.00 -1.00 13 11 0.5861 0.0300 0.001866
490.00 C 20260814 -1.00 -1.00 42 138 0.5745 0.0245 0.001593
495.00 C 20260814 -1.00 -1.00 63 94 0.5740 0.0177 0.001214
500.00 C 20260814 -1.00 -1.00 122 574 0.5916 0.0150 0.001028
505.00 C 20260814 -1.00 -1.00 4 57 0.5904 0.0115 0.000813
510.00 C 20260814 -1.00 -1.00 47 86 0.6485 0.0145 0.000914
515.00 C 20260814 -1.00 -1.00 9 98 0.6661 0.0132 0.000823
520.00 C 20260814 -1.00 -1.00 1 115 0.6794 0.0120 0.000738
525.00 C 20260814 -1.00 -1.00 2 28 0.6894 0.0106 0.000647
305.00 P 20260814 -1.00 -1.00 2 129 0.7730 -0.0035 0.000219
307.50 P 20260814 -1.00 -1.00 9 18 0.7531 -0.0036 0.000229
310.00 P 20260814 -1.00 -1.00 12 279 0.7547 -0.0050 0.000304
312.50 P 20260814 -1.00 -1.00 2 26 0.8202 -0.0098 0.000517
315.00 P 20260814 -1.00 -1.00 14 379 0.7876 -0.0094 0.000517
317.50 P 20260814 -1.00 -1.00 3 17 0.7679 -0.0096 0.000542
320.00 P 20260814 -1.00 -1.00 34 407 0.8368 -0.0195 0.000906
322.50 P 20260814 -1.00 -1.00 5 16 0.6871 -0.0076 0.000488
325.00 P 20260814 -1.00 -1.00 18 475 0.6471 -0.0064 0.000444
327.50 P 20260814 -1.00 -1.00 1 25 0.6948 -0.0117 0.000706
330.00 P 20260814 -1.00 -1.00 21 389 0.6931 -0.0147 0.000855
332.50 P 20260814 -1.00 -1.00 2 35 0.6721 -0.0151 0.000904
335.00 P 20260814 -1.00 -1.00 68 2603 0.6547 -0.0161 0.000977
337.50 P 20260814 -1.00 -1.00 1 39 0.6392 -0.0173 0.001067
340.00 P 20260814 -1.00 -1.00 114 557 0.6605 -0.0236 0.001359
342.50 P 20260814 -1.00 -1.00 16 43 0.5841 -0.0162 0.001106
345.00 P 20260814 -1.00 -1.00 2 320 0.6108 -0.0239 0.001485
347.50 P 20260814 -1.00 -1.00 1 37 0.5853 -0.0239 0.001551
350.00 P 20260814 -1.00 -1.00 83 388 0.5895 -0.0292 0.001827
352.50 P 20260814 -1.00 -1.00 5 46 0.5744 -0.0324 0.002032
355.00 P 20260814 -1.00 -1.00 1 307 0.5696 -0.0387 0.002356
357.50 P 20260814 -1.00 -1.00 2 27 0.5428 -0.0389 0.002484
360.00 P 20260814 -1.00 -1.00 5 1249 0.5339 -0.0444 0.002811
362.50 P 20260814 -1.00 -1.00 85 140 0.5497 -0.0566 0.003352
365.00 P 20260814 -1.00 -1.00 106 1317 0.5359 -0.0610 0.003669
367.50 P 20260814 -1.00 -1.00 90 230 0.5281 -0.0708 0.004142
370.00 P 20260814 -1.00 -1.00 12 1159 0.5330 -0.0866 0.004756
372.50 P 20260814 -1.00 -1.00 18 85 0.5291 -0.0990 0.005302
375.00 P 20260814 -1.00 -1.00 1 369 0.5095 -0.1056 0.005793
377.50 P 20260814 -1.00 -1.00 35 90 0.5091 -0.1199 0.006411
380.00 P 20260814 -1.00 -1.00 2 317 0.4975 -0.1341 0.007050
382.50 P 20260814 -1.00 -1.00 1 66 0.4877 -0.1511 0.007747
385.00 P 20260814 -1.00 -1.00 85 387 0.4754 -0.1677 0.008499
387.50 P 20260814 -1.00 -1.00 53 93 0.4814 -0.1930 0.009228
390.00 P 20260814 -1.00 -1.00 6 251 0.4738 -0.2127 0.010035
392.50 P 20260814 -1.00 -1.00 1 50 0.4897 -0.2483 0.010460
395.00 P 20260814 -1.00 -1.00 72 102 0.4432 -0.2586 0.011787
397.50 P 20260814 -1.00 -1.00 50 70 0.4976 -0.3080 0.011474
400.00 P 20260814 -1.00 -1.00 65 503 0.5042 -0.3379 0.011907
402.50 P 20260814 -1.00 -1.00 10 30 0.4595 -0.3596 0.013261
405.00 P 20260814 -1.00 -1.00 60 121 0.4209 -0.3870 0.014726
407.50 P 20260814 -1.00 -1.00 54 55 0.4916 -0.4315 0.012946
410.00 P 20260814 -1.00 -1.00 1 250 0.4166 -0.4624 0.015557
412.50 P 20260814 -1.00 -1.00 15 53 0.4246 -0.5001 0.015364
415.00 P 20260814 -1.00 -1.00 2 126 0.4326 -0.5361 0.014889
417.50 P 20260814 -1.00 -1.00 1 1800 0.4234 -0.5747 0.015004
420.00 P 20260814 -1.00 -1.00 5 1505 0.4963 -0.5913 0.012722
422.50 P 20260814 -1.00 -1.00 1436 1017 0.3944 -0.6583 0.015203
425.00 P 20260814 -1.00 -1.00 108 345 0.3985 -0.6911 0.014364
427.50 P 20260814 -1.00 -1.00 9 23 0.4951 -0.6793 0.011734
430.00 P 20260814 -1.00 -1.00 2 97 0.4965 -0.7063 0.011254
432.50 P 20260814 -1.00 -1.00 13 13 0.3430 -0.8247 0.012393
435.00 P 20260814 -1.00 -1.00 2 11 0.3481 -0.8512 0.011135
437.50 P 20260814 -1.00 -1.00 34 34 -1.0000 -1.0000 -1.000000
440.00 P 20260814 -1.00 -1.00 31 213 0.4767 -0.8131 0.009199
442.50 P 20260814 -1.00 -1.00 -1 0 -1.0000 -1.0000 -1.000000
445.00 P 20260814 -1.00 -1.00 -1 0 -1.0000 -1.0000 -1.000000
447.50 P 20260814 -1.00 -1.00 -1 0 -1.0000 -1.0000 -1.000000
450.00 P 20260814 -1.00 -1.00 1 2 -1.0000 -1.0000 -1.000000
452.50 P 20260814 -1.00 -1.00 -1 0 -1.0000 -1.0000 -1.000000
455.00 P 20260814 -1.00 -1.00 3 3 -1.0000 -1.0000 -1.000000
457.50 P 20260814 -1.00 -1.00 -1 0 -1.0000 -1.0000 -1.000000
460.00 P 20260814 -1.00 -1.00 1 1 -1.0000 -1.0000 -1.000000
462.50 P 20260814 -1.00 -1.00 -1 0 0.5326 -0.9259 0.004490
465.00 P 20260814 -1.00 -1.00 2 2 -1.0000 -1.0000 -1.000000
467.50 P 20260814 -1.00 -1.00 -1 0 -1.0000 -1.0000 -1.000000
470.00 P 20260814 -1.00 -1.00 1 1 -1.0000 -1.0000 -1.000000
472.50 P 20260814 -1.00 -1.00 -1 0 -1.0000 -1.0000 -1.000000
475.00 P 20260814 -1.00 -1.00 -1 0 -1.0000 -1.0000 -1.000000
477.50 P 20260814 -1.00 -1.00 -1 0 -1.0000 -1.0000 -1.000000
480.00 P 20260814 -1.00 -1.00 1 1 -1.0000 -1.0000 -1.000000
482.50 P 20260814 -1.00 -1.00 -1 0 -1.0000 -1.0000 -1.000000
485.00 P 20260814 -1.00 -1.00 -1 0 0.5776 -0.9722 0.002069
487.50 P 20260814 -1.00 -1.00 -1 0 -1.0000 -1.0000 -1.000000
490.00 P 20260814 -1.00 -1.00 1 1 -1.0000 -1.0000 -1.000000
495.00 P 20260814 -1.00 -1.00 -1 0 0.5661 -0.9888 0.001223
500.00 P 20260814 -1.00 -1.00 5 1 -1.0000 -1.0000 -1.000000
505.00 P 20260814 -1.00 -1.00 1 0 -1.0000 -1.0000 -1.000000
510.00 P 20260814 -1.00 -1.00 7 0 -1.0000 -1.0000 -1.000000
515.00 P 20260814 -1.00 -1.00 1 0 0.7102 -0.9832 0.001152
520.00 P 20260814 -1.00 -1.00 -1 0 -1.0000 -1.0000 -1.000000
525.00 P 20260814 -1.00 -1.00 -1 0 0.6703 -0.9959 0.000571
305.00 C 20260817 -1.00 -1.00 -1 0 1.4938 0.8997 0.001643
310.00 C 20260817 -1.00 -1.00 -1 0 0.9358 0.9646 0.001139
315.00 C 20260817 -1.00 -1.00 -1 0 0.7114 0.9868 0.000648
320.00 C 20260817 -1.00 -1.00 -1 0 0.9145 0.9507 0.001540
325.00 C 20260817 -1.00 -1.00 -1 0 0.6328 0.9859 0.000770
330.00 C 20260817 -1.00 -1.00 -1 0 0.5791 0.9878 0.000744
335.00 C 20260817 -1.00 -1.00 -1 0 1.1401 0.8706 0.002562
337.50 C 20260817 -1.00 -1.00 -1 0 0.5684 0.9795 0.001185
340.00 C 20260817 -1.00 -1.00 -1 0 1.0859 0.8635 0.002786
342.50 C 20260817 -1.00 -1.00 -1 0 1.0633 0.8588 0.002908
345.00 C 20260817 -1.00 -1.00 -1 0 1.0324 0.8557 0.003039
347.50 C 20260817 -1.00 -1.00 -1 0 0.5498 0.9647 0.001941
350.00 C 20260817 -1.00 -1.00 -1 0 1.0436 0.8346 0.003295
352.50 C 20260817 -1.00 -1.00 -1 0 0.5242 0.9581 0.002337
355.00 C 20260817 -1.00 -1.00 -1 0 0.9786 0.8275 0.003617
357.50 C 20260817 -1.00 -1.00 -1 0 0.7448 0.8751 0.003852
360.00 C 20260817 -1.00 -1.00 6 6 0.9383 0.8149 0.003962
362.50 C 20260817 -1.00 -1.00 -1 0 0.9045 0.8109 0.004172
365.00 C 20260817 -1.00 -1.00 10 11 0.5738 0.8935 0.004442
367.50 C 20260817 -1.00 -1.00 -1 0 0.8250 0.8047 0.004675
370.00 C 20260817 -1.00 -1.00 3 1 0.4932 0.8986 0.004971
372.50 C 20260817 -1.00 -1.00 1 1 0.7898 0.7869 0.005157
375.00 C 20260817 -1.00 -1.00 13 5 0.7987 0.7692 0.005295
377.50 C 20260817 -1.00 -1.00 1 1 0.4862 0.8548 0.006493
380.00 C 20260817 -1.00 -1.00 10 11 0.7268 0.7549 0.005994
382.50 C 20260817 -1.00 -1.00 1 1 0.4793 0.8193 0.007601
385.00 C 20260817 -1.00 -1.00 1 6 0.4847 0.7977 0.008128
387.50 C 20260817 -1.00 -1.00 -1 0 0.5766 0.7411 0.007768
390.00 C 20260817 -1.00 -1.00 2 143 0.4772 0.7542 0.009154
392.50 C 20260817 -1.00 -1.00 1 1 0.4758 0.7294 0.009625
395.00 C 20260817 -1.00 -1.00 5 12 0.4774 0.7035 0.010054
397.50 C 20260817 -1.00 -1.00 1 1 0.4842 0.6765 0.010391
400.00 C 20260817 -1.00 -1.00 2 13 0.5308 0.6399 0.009825
402.50 C 20260817 -1.00 -1.00 26 13 0.5209 0.6157 0.010171
405.00 C 20260817 -1.00 -1.00 2 3 0.5356 0.5880 0.010066
407.50 C 20260817 -1.00 -1.00 18 9 0.5965 0.5602 0.009198
410.00 C 20260817 -1.00 -1.00 14 54 0.5995 0.5373 0.009284
412.50 C 20260817 -1.00 -1.00 82 38 0.4841 0.5091 0.011548
415.00 C 20260817 -1.00 -1.00 17 19 0.5789 0.4905 0.009592
417.50 C 20260817 -1.00 -1.00 111 456 0.4591 0.4491 0.011935
420.00 C 20260817 -1.00 -1.00 1 125 0.5713 0.4427 0.009572
422.50 C 20260817 -1.00 -1.00 137 129 0.4832 0.3974 0.011142
425.00 C 20260817 -1.00 -1.00 374 188 0.4604 0.3632 0.011418
427.50 C 20260817 -1.00 -1.00 4 4 0.5256 0.3600 0.009953
430.00 C 20260817 -1.00 -1.00 9 122 0.4801 0.3208 0.010325
432.50 C 20260817 -1.00 -1.00 -1 0 0.4986 0.3047 0.009716
435.00 C 20260817 -1.00 -1.00 2 4 0.4938 0.2790 0.009444
437.50 C 20260817 -1.00 -1.00 -1 0 0.5331 0.2750 0.008696
440.00 C 20260817 -1.00 -1.00 5 154 0.4947 0.2356 0.008703
442.50 C 20260817 -1.00 -1.00 -1 0 0.4900 0.2155 0.008285
445.00 C 20260817 -1.00 -1.00 1 9 0.4960 0.2007 0.007819
447.50 C 20260817 -1.00 -1.00 -1 0 0.5456 0.2081 0.007273
450.00 C 20260817 -1.00 -1.00 446 434 0.5014 0.1683 0.006947
452.50 C 20260817 -1.00 -1.00 -1 0 0.5109 0.1566 0.006537
455.00 C 20260817 -1.00 -1.00 10 37 0.5226 0.1466 0.006158
457.50 C 20260817 -1.00 -1.00 12 12 0.5483 0.1455 0.005846
460.00 C 20260817 -1.00 -1.00 23 28 0.5390 0.1310 0.005484
462.50 C 20260817 -1.00 -1.00 -1 0 0.5313 0.1168 0.005101
465.00 C 20260817 -1.00 -1.00 4 3 0.5385 0.1094 0.004792
467.50 C 20260817 -1.00 -1.00 -1 0 0.5500 0.1042 0.004527
470.00 C 20260817 -1.00 -1.00 2 3 0.5431 0.0903 0.004140
472.50 C 20260817 -1.00 -1.00 1 1 0.5130 0.0684 0.003569
475.00 C 20260817 -1.00 -1.00 10 10 0.5124 0.0617 0.003280
477.50 C 20260817 -1.00 -1.00 -1 0 0.5123 0.0553 0.002994
480.00 C 20260817 -1.00 -1.00 12 10 0.5190 0.0513 0.002784
482.50 C 20260817 -1.00 -1.00 -1 0 0.5238 0.0468 0.002563
485.00 C 20260817 -1.00 -1.00 9 3 0.5189 0.0385 0.002228
487.50 C 20260817 -1.00 -1.00 -1 0 0.5358 0.0389 0.002174
490.00 C 20260817 -1.00 -1.00 5 3 0.5351 0.0337 0.001945
492.50 C 20260817 -1.00 -1.00 -1 0 0.5348 0.0306 0.001785
495.00 C 20260817 -1.00 -1.00 2 2 0.5406 0.0287 0.001672
497.50 C 20260817 -1.00 -1.00 -1 0 0.5511 0.0279 0.001600
500.00 C 20260817 -1.00 -1.00 4 12 0.5675 0.0284 0.001576
505.00 C 20260817 -1.00 -1.00 4 4 0.5811 0.0255 0.001401
510.00 C 20260817 -1.00 -1.00 -1 0 0.5993 0.0237 0.001275
515.00 C 20260817 -1.00 -1.00 -1 0 0.7126 0.0410 0.001704
520.00 C 20260817 -1.00 -1.00 -1 0 0.7356 0.0390 0.001590
525.00 C 20260817 -1.00 -1.00 -1 0 0.6691 0.0221 0.001073
305.00 P 20260817 -1.00 -1.00 2 1 0.7051 -0.0062 0.000337
310.00 P 20260817 -1.00 -1.00 -1 0 -1.0000 -1.0000 -1.000000
315.00 P 20260817 -1.00 -1.00 -1 0 0.7354 -0.0160 0.000746
320.00 P 20260817 -1.00 -1.00 8 8 0.7471 -0.0227 0.000997
325.00 P 20260817 -1.00 -1.00 20 20 0.7001 -0.0228 0.001067
330.00 P 20260817 -1.00 -1.00 22 16 0.6957 -0.0294 0.001331
335.00 P 20260817 -1.00 -1.00 1 6 0.6098 -0.0231 0.001240
337.50 P 20260817 -1.00 -1.00 -1 0 0.5979 -0.0246 0.001340
340.00 P 20260817 -1.00 -1.00 1 9 0.6175 -0.0340 0.001681
342.50 P 20260817 -1.00 -1.00 -1 0 0.5503 -0.0243 0.001439
345.00 P 20260817 -1.00 -1.00 10 11 0.5357 -0.0255 0.001545
347.50 P 20260817 -1.00 -1.00 -1 0 0.5153 -0.0259 0.001626
350.00 P 20260817 -1.00 -1.00 19 14 0.5126 -0.0311 0.001892
352.50 P 20260817 -1.00 -1.00 -1 0 0.5004 -0.0346 0.002105
355.00 P 20260817 -1.00 -1.00 9 5 0.4853 -0.0372 0.002303
357.50 P 20260817 -1.00 -1.00 2 1 0.4814 -0.0436 0.002642
360.00 P 20260817 -1.00 -1.00 2 4 0.4694 -0.0476 0.002914
362.50 P 20260817 -1.00 -1.00 7 7 0.4905 -0.0617 0.003477
365.00 P 20260817 -1.00 -1.00 1 12 0.4661 -0.0630 0.003715
367.50 P 20260817 -1.00 -1.00 -1 0 0.4448 -0.0660 0.004020
370.00 P 20260817 -1.00 -1.00 3 7 0.4450 -0.0802 0.004620
372.50 P 20260817 -1.00 -1.00 1 3 0.4527 -0.0978 0.005273
375.00 P 20260817 -1.00 -1.00 1 6 0.4297 -0.1016 0.005723
377.50 P 20260817 -1.00 -1.00 1 30 0.4617 -0.1324 0.006470
380.00 P 20260817 -1.00 -1.00 36 25 0.4534 -0.1483 0.007068
382.50 P 20260817 -1.00 -1.00 102 73 0.4436 -0.1639 0.007708
385.00 P 20260817 -1.00 -1.00 14 19 0.4371 -0.1818 0.008383
387.50 P 20260817 -1.00 -1.00 -1 0 0.4476 -0.2076 0.008976
390.00 P 20260817 -1.00 -1.00 16 11 0.4327 -0.2253 0.009715
392.50 P 20260817 -1.00 -1.00 6 7 0.4215 -0.2479 0.010429
395.00 P 20260817 -1.00 -1.00 3 43 0.4449 -0.2857 0.010600
397.50 P 20260817 -1.00 -1.00 3 110 0.4204 -0.3047 0.011604
400.00 P 20260817 -1.00 -1.00 7 1137 0.4459 -0.3407 0.011589
402.50 P 20260817 -1.00 -1.00 850 411 0.4046 -0.3613 0.012949
405.00 P 20260817 -1.00 -1.00 1 47 0.4067 -0.3954 0.013159
407.50 P 20260817 -1.00 -1.00 4 1028 0.3719 -0.4250 0.014653
410.00 P 20260817 -1.00 -1.00 2 298 0.3750 -0.4618 0.014861
412.50 P 20260817 -1.00 -1.00 197 89 0.4052 -0.4964 0.013843
415.00 P 20260817 -1.00 -1.00 104 51 0.4535 -0.5234 0.012246
417.50 P 20260817 -1.00 -1.00 293 287 0.4472 -0.5544 0.012293
420.00 P 20260817 -1.00 -1.00 1393 1301 0.3826 -0.6043 0.014145
422.50 P 20260817 -1.00 -1.00 1120 1003 0.3965 -0.6332 0.013440
425.00 P 20260817 -1.00 -1.00 100 308 0.3942 -0.6634 0.012979
427.50 P 20260817 -1.00 -1.00 26 25 0.4248 -0.6785 0.011788
430.00 P 20260817 -1.00 -1.00 1 1 0.3289 -0.7681 0.013248
432.50 P 20260817 -1.00 -1.00 -1 0 0.2830 -0.8358 0.012592
435.00 P 20260817 -1.00 -1.00 -1 0 0.3405 -0.8138 0.011161
437.50 P 20260817 -1.00 -1.00 -1 0 0.3347 -0.8458 0.010221
440.00 P 20260817 -1.00 -1.00 -1 0 0.4618 -0.7822 0.008991
442.50 P 20260817 -1.00 -1.00 -1 0 0.4622 -0.8013 0.008487
445.00 P 20260817 -1.00 -1.00 -1 0 0.2601 -0.9630 0.005555
447.50 P 20260817 -1.00 -1.00 -1 0 0.4258 -0.8638 0.007413
450.00 P 20260817 -1.00 -1.00 -1 0 -1.0000 -1.0000 -1.000000
452.50 P 20260817 -1.00 -1.00 -1 0 -1.0000 -1.0000 -1.000000
455.00 P 20260817 -1.00 -1.00 -1 0 -1.0000 -1.0000 -1.000000
457.50 P 20260817 -1.00 -1.00 -1 0 0.4010 -0.9346 0.004853
460.00 P 20260817 -1.00 -1.00 -1 0 -1.0000 -1.0000 -1.000000
462.50 P 20260817 -1.00 -1.00 -1 0 -1.0000 -1.0000 -1.000000
465.00 P 20260817 -1.00 -1.00 -1 0 -1.0000 -1.0000 -1.000000
467.50 P 20260817 -1.00 -1.00 -1 0 -1.0000 -1.0000 -1.000000
470.00 P 20260817 -1.00 -1.00 -1 0 -1.0000 -1.0000 -1.000000
472.50 P 20260817 -1.00 -1.00 -1 0 -1.0000 -1.0000 -1.000000
475.00 P 20260817 -1.00 -1.00 -1 0 -1.0000 -1.0000 -1.000000
477.50 P 20260817 -1.00 -1.00 -1 0 -1.0000 -1.0000 -1.000000
480.00 P 20260817 -1.00 -1.00 -1 0 -1.0000 -1.0000 -1.000000
482.50 P 20260817 -1.00 -1.00 -1 0 -1.0000 -1.0000 -1.000000
485.00 P 20260817 -1.00 -1.00 -1 0 -1.0000 -1.0000 -1.000000
487.50 P 20260817 -1.00 -1.00 -1 0 -1.0000 -1.0000 -1.000000
490.00 P 20260817 -1.00 -1.00 -1 0 -1.0000 -1.0000 -1.000000
492.50 P 20260817 -1.00 -1.00 -1 0 -1.0000 -1.0000 -1.000000
495.00 P 20260817 -1.00 -1.00 -1 0 -1.0000 -1.0000 -1.000000
497.50 P 20260817 -1.00 -1.00 -1 0 0.4735 -0.9958 0.000862
500.00 P 20260817 -1.00 -1.00 -1 0 0.5639 -0.9774 0.001630
505.00 P 20260817 -1.00 -1.00 -1 0 -1.0000 -1.0000 -1.000000
510.00 P 20260817 -1.00 -1.00 -1 0 -1.0000 -1.0000 -1.000000
515.00 P 20260817 -1.00 -1.00 -1 0 0.5954 -0.9881 0.001081
520.00 P 20260817 -1.00 -1.00 -1 0 0.6181 -0.9884 0.001014
525.00 P 20260817 -1.00 -1.00 -1 0 -1.0000 -1.0000 -1.000000
305.00 C 20260819 -1.00 -1.00 -1 0 1.3821 0.8994 0.001641
310.00 C 20260819 -1.00 -1.00 -1 0 0.6422 0.9918 0.000434
315.00 C 20260819 -1.00 -1.00 -1 0 1.2025 0.9009 0.001859
320.00 C 20260819 -1.00 -1.00 -1 0 1.2686 0.8782 0.002039
325.00 C 20260819 -1.00 -1.00 -1 0 0.9122 0.9260 0.001950
330.00 C 20260819 -1.00 -1.00 -1 0 1.1485 0.8687 0.002367
335.00 C 20260819 -1.00 -1.00 -1 0 0.5367 0.9809 0.001088
337.50 C 20260819 -1.00 -1.00 -1 0 0.8656 0.9011 0.002569
340.00 C 20260819 -1.00 -1.00 -1 0 1.0082 0.8624 0.002782
342.50 C 20260819 -1.00 -1.00 -1 0 0.9767 0.8600 0.002904
345.00 C 20260819 -1.00 -1.00 -1 0 0.5201 0.9676 0.001765
347.50 C 20260819 -1.00 -1.00 -1 0 0.8079 0.8832 0.003139
350.00 C 20260819 -1.00 -1.00 -1 0 0.5203 0.9543 0.002334
352.50 C 20260819 -1.00 -1.00 -1 0 0.7355 0.8834 0.003448
355.00 C 20260819 -1.00 -1.00 -1 0 0.7398 0.8701 0.003663
357.50 C 20260819 -1.00 -1.00 -1 0 0.8502 0.8290 0.003815
360.00 C 20260819 -1.00 -1.00 -1 0 0.6857 0.8632 0.004083
362.50 C 20260819 -1.00 -1.00 8 8 0.8663 0.8048 0.004111
365.00 C 20260819 -1.00 -1.00 -1 0 0.4992 0.9053 0.004297
367.50 C 20260819 -1.00 -1.00 -1 0 0.4822 0.9002 0.004633
370.00 C 20260819 -1.00 -1.00 -1 0 0.6309 0.8281 0.005154
372.50 C 20260819 -1.00 -1.00 -1 0 0.4927 0.8689 0.005543
375.00 C 20260819 -1.00 -1.00 -1 0 0.4836 0.8558 0.005992
377.50 C 20260819 -1.00 -1.00 9 9 0.6047 0.7936 0.006108
380.00 C 20260819 -1.00 -1.00 8 8 0.4808 0.8213 0.006939
382.50 C 20260819 -1.00 -1.00 -1 0 0.6827 0.7357 0.006114
385.00 C 20260819 -1.00 -1.00 2 2 0.5536 0.7550 0.007261
387.50 C 20260819 -1.00 -1.00 3 2 0.5139 0.7483 0.007928
390.00 C 20260819 -1.00 -1.00 2 2 0.6572 0.6907 0.006905
392.50 C 20260819 -1.00 -1.00 -1 0 0.6532 0.6742 0.007151
395.00 C 20260819 -1.00 -1.00 42 24 0.5402 0.6770 0.008594
397.50 C 20260819 -1.00 -1.00 -1 0 0.5378 0.6554 0.008848
400.00 C 20260819 -1.00 -1.00 2 2 0.4786 0.6434 0.010028
402.50 C 20260819 -1.00 -1.00 -1 0 0.4858 0.6159 0.010056
405.00 C 20260819 -1.00 -1.00 1 20 0.4864 0.5899 0.010211
407.50 C 20260819 -1.00 -1.00 -1 0 0.4862 0.5640 0.010382
410.00 C 20260819 -1.00 -1.00 132 132 0.5455 0.5383 0.009407
412.50 C 20260819 -1.00 -1.00 -1 0 0.4898 0.5126 0.010531
415.00 C 20260819 -1.00 -1.00 36 25 0.4861 0.4868 0.010525
417.50 C 20260819 -1.00 -1.00 -1 0 0.4848 0.4610 0.010465
420.00 C 20260819 -1.00 -1.00 127 62 0.5739 0.4518 0.008814
422.50 C 20260819 -1.00 -1.00 2 2 0.5802 0.4314 0.008664
425.00 C 20260819 -1.00 -1.00 70 95 0.4872 0.3849 0.010155
427.50 C 20260819 -1.00 -1.00 1 1 0.4935 0.3638 0.009825
430.00 C 20260819 -1.00 -1.00 100 183 0.4872 0.3398 0.009634
432.50 C 20260819 -1.00 -1.00 -1 0 0.5228 0.3316 0.008876
435.00 C 20260819 -1.00 -1.00 5 12 0.5564 0.3240 0.008252
437.50 C 20260819 -1.00 -1.00 -1 0 0.4952 0.2776 0.008672
440.00 C 20260819 -1.00 -1.00 1 15 0.5523 0.2838 0.007848
442.50 C 20260819 -1.00 -1.00 -1 0 0.5512 0.2639 0.007634
445.00 C 20260819 -1.00 -1.00 10 8 0.5061 0.2263 0.007633
447.50 C 20260819 -1.00 -1.00 -1 0 0.5035 0.2090 0.007288
450.00 C 20260819 -1.00 -1.00 4 108 0.5131 0.1980 0.006910
452.50 C 20260819 -1.00 -1.00 1 1 0.5528 0.2025 0.006504
455.00 C 20260819 -1.00 -1.00 3 3 0.5298 0.1758 0.006225
457.50 C 20260819 -1.00 -1.00 -1 0 0.5280 0.1595 0.005902
460.00 C 20260819 -1.00 -1.00 10 21 0.5370 0.1497 0.005598
462.50 C 20260819 -1.00 -1.00 -1 0 0.5389 0.1394 0.005304
465.00 C 20260819 -1.00 -1.00 13 13 0.5321 0.1266 0.004988
467.50 C 20260819 -1.00 -1.00 -1 0 0.5199 0.1109 0.004623
470.00 C 20260819 -1.00 -1.00 1 1 0.5355 0.1083 0.004411
472.50 C 20260819 -1.00 -1.00 -1 0 0.5241 0.0926 0.004029
475.00 C 20260819 -1.00 -1.00 -1 0 0.5184 0.0794 0.003666
477.50 C 20260819 -1.00 -1.00 -1 0 0.5367 0.0792 0.003538
480.00 C 20260819 -1.00 -1.00 -1 0 0.5392 0.0732 0.003314
482.50 C 20260819 -1.00 -1.00 -1 0 0.5361 0.0666 0.003077
485.00 C 20260819 -1.00 -1.00 -1 0 0.5269 0.0577 0.002782
487.50 C 20260819 -1.00 -1.00 -1 0 0.5341 0.0546 0.002622
490.00 C 20260819 -1.00 -1.00 -1 0 0.5300 0.0474 0.002361
492.50 C 20260819 -1.00 -1.00 -1 0 0.5454 0.0475 0.002298
495.00 C 20260819 -1.00 -1.00 -1 0 0.5307 0.0363 0.001923
497.50 C 20260819 -1.00 -1.00 32 5 0.5461 0.0367 0.001885
500.00 C 20260819 -1.00 -1.00 -1 0 0.5362 0.0312 0.001673
505.00 C 20260819 -1.00 -1.00 -1 0 0.5465 0.0279 0.001485
510.00 C 20260819 -1.00 -1.00 -1 0 0.5610 0.0256 0.001342
515.00 C 20260819 -1.00 -1.00 -1 0 0.5754 0.0234 0.001212
520.00 C 20260819 -1.00 -1.00 -1 0 0.6461 0.0322 0.001424
525.00 C 20260819 -1.00 -1.00 -1 0 0.6340 0.0254 0.001181
305.00 P 20260819 -1.00 -1.00 -1 0 -1.0000 -1.0000 -1.000000
310.00 P 20260819 -1.00 -1.00 -1 0 -1.0000 -1.0000 -1.000000
315.00 P 20260819 -1.00 -1.00 -1 0 0.7007 -0.0187 0.000827
320.00 P 20260819 -1.00 -1.00 -1 0 0.6511 -0.0178 0.000852
325.00 P 20260819 -1.00 -1.00 -1 0 0.5895 -0.0148 0.000801
330.00 P 20260819 -1.00 -1.00 -1 0 0.5996 -0.0222 0.001125
335.00 P 20260819 -1.00 -1.00 1 1 0.5238 -0.0168 0.001004
337.50 P 20260819 -1.00 -1.00 -1 0 0.6030 -0.0365 0.001683
340.00 P 20260819 -1.00 -1.00 36 15 0.5358 -0.0253 0.001415
342.50 P 20260819 -1.00 -1.00 7 7 0.5285 -0.0282 0.001571
345.00 P 20260819 -1.00 -1.00 4 200 0.5107 -0.0293 0.001674
347.50 P 20260819 -1.00 -1.00 -1 0 0.5027 -0.0336 0.001889
350.00 P 20260819 -1.00 -1.00 -1 0 0.4817 -0.0338 0.001982
352.50 P 20260819 -1.00 -1.00 -1 0 0.4793 -0.0402 0.002287
355.00 P 20260819 -1.00 -1.00 1 7 0.4585 -0.0407 0.002416
357.50 P 20260819 -1.00 -1.00 1 0 0.4563 -0.0474 0.002755
360.00 P 20260819 -1.00 -1.00 2 13 0.4588 -0.0556 0.003138
362.50 P 20260819 -1.00 -1.00 2 0 0.4539 -0.0620 0.003477
365.00 P 20260819 -1.00 -1.00 2 7 0.4508 -0.0733 0.003939
367.50 P 20260819 -1.00 -1.00 1 0 0.4459 -0.0839 0.004396
370.00 P 20260819 -1.00 -1.00 1 15 0.4672 -0.1059 0.005022
372.50 P 20260819 -1.00 -1.00 1 0 0.4300 -0.1030 0.005334
375.00 P 20260819 -1.00 -1.00 1 13 0.4476 -0.1249 0.005941
377.50 P 20260819 -1.00 -1.00 1 3 0.4303 -0.1343 0.006459
380.00 P 20260819 -1.00 -1.00 34 11 0.4439 -0.1615 0.007035
382.50 P 20260819 -1.00 -1.00 108 72 0.4705 -0.1926 0.007478
385.00 P 20260819 -1.00 -1.00 5 5 0.4593 -0.2066 0.008049
387.50 P 20260819 -1.00 -1.00 1 13 0.4433 -0.2215 0.008672
390.00 P 20260819 -1.00 -1.00 29 12 0.4298 -0.2403 0.009292
392.50 P 20260819 -1.00 -1.00 6 5 0.4334 -0.2677 0.009712
395.00 P 20260819 -1.00 -1.00 14 13 0.4399 -0.2956 0.010073
397.50 P 20260819 -1.00 -1.00 -1 0 0.4237 -0.3161 0.010839
400.00 P 20260819 -1.00 -1.00 18 14 0.4330 -0.3460 0.011042
402.50 P 20260819 -1.00 -1.00 -1 0 0.4234 -0.3730 0.011493
405.00 P 20260819 -1.00 -1.00 -1 0 0.4260 -0.4031 0.011643
407.50 P 20260819 -1.00 -1.00 -1 0 0.4600 -0.4352 0.010999
410.00 P 20260819 -1.00 -1.00 15 11 0.4640 -0.4627 0.011094
412.50 P 20260819 -1.00 -1.00 5 5 0.4660 -0.4898 0.011110
415.00 P 20260819 -1.00 -1.00 87 54 0.3843 -0.5270 0.013334
417.50 P 20260819 -1.00 -1.00 2 2 0.4041 -0.5551 0.012561
420.00 P 20260819 -1.00 -1.00 1182 552 0.4491 -0.5741 0.011229
422.50 P 20260819 -1.00 -1.00 -1 0 0.3736 -0.6293 0.013241
425.00 P 20260819 -1.00 -1.00 9 61 0.3947 -0.6492 0.012198
427.50 P 20260819 -1.00 -1.00 -1 0 0.3468 -0.7030 0.012916
430.00 P 20260819 -1.00 -1.00 11 11 0.3624 -0.7239 0.011986
432.50 P 20260819 -1.00 -1.00 -1 0 0.4615 -0.6956 0.009771
435.00 P 20260819 -1.00 -1.00 1 1 0.3149 -0.8133 0.011220
437.50 P 20260819 -1.00 -1.00 1 1 0.3607 -0.8025 0.010080
440.00 P 20260819 -1.00 -1.00 102 51 0.3211 -0.8608 0.009367
442.50 P 20260819 -1.00 -1.00 5 5 -1.0000 -1.0000 -1.000000
445.00 P 20260819 -1.00 -1.00 2 1 0.3308 -0.8889 0.007775
447.50 P 20260819 -1.00 -1.00 -1 0 0.3135 -0.9209 0.006677
450.00 P 20260819 -1.00 -1.00 -1 0 -1.0000 -1.0000 -1.000000
452.50 P 20260819 -1.00 -1.00 -1 0 -1.0000 -1.0000 -1.000000
455.00 P 20260819 -1.00 -1.00 -1 0 -1.0000 -1.0000 -1.000000
457.50 P 20260819 -1.00 -1.00 -1 0 -1.0000 -1.0000 -1.000000
460.00 P 20260819 -1.00 -1.00 -1 0 -1.0000 -1.0000 -1.000000
462.50 P 20260819 -1.00 -1.00 -1 0 0.4871 -0.8880 0.005191
465.00 P 20260819 -1.00 -1.00 -1 0 -1.0000 -1.0000 -1.000000
467.50 P 20260819 -1.00 -1.00 -1 0 -1.0000 -1.0000 -1.000000
470.00 P 20260819 -1.00 -1.00 -1 0 -1.0000 -1.0000 -1.000000
472.50 P 20260819 -1.00 -1.00 -1 0 -1.0000 -1.0000 -1.000000
475.00 P 20260819 -1.00 -1.00 -1 0 -1.0000 -1.0000 -1.000000
477.50 P 20260819 -1.00 -1.00 -1 0 -1.0000 -1.0000 -1.000000
480.00 P 20260819 -1.00 -1.00 -1 0 -1.0000 -1.0000 -1.000000
482.50 P 20260819 -1.00 -1.00 -1 0 -1.0000 -1.0000 -1.000000
485.00 P 20260819 -1.00 -1.00 -1 0 -1.0000 -1.0000 -1.000000
487.50 P 20260819 -1.00 -1.00 -1 0 -1.0000 -1.0000 -1.000000
490.00 P 20260819 -1.00 -1.00 -1 0 -1.0000 -1.0000 -1.000000
492.50 P 20260819 -1.00 -1.00 -1 0 -1.0000 -1.0000 -1.000000
495.00 P 20260819 -1.00 -1.00 -1 0 -1.0000 -1.0000 -1.000000
497.50 P 20260819 -1.00 -1.00 -1 0 0.5163 -0.9764 0.001778
500.00 P 20260819 -1.00 -1.00 -1 0 -1.0000 -1.0000 -1.000000
505.00 P 20260819 -1.00 -1.00 -1 0 -1.0000 -1.0000 -1.000000
510.00 P 20260819 -1.00 -1.00 -1 0 0.5261 -0.9894 0.001117
515.00 P 20260819 -1.00 -1.00 -1 0 -1.0000 -1.0000 -1.000000
520.00 P 20260819 -1.00 -1.00 -1 0 -1.0000 -1.0000 -1.000000
525.00 P 20260819 -1.00 -1.00 -1 0 -1.0000 -1.0000 -1.000000
305.00 C 20260821 -1.00 -1.00 1 5 0.7622 0.9782 0.000804
310.00 C 20260821 -1.00 -1.00 3 484 1.0804 0.9181 0.001658
315.00 C 20260821 -1.00 -1.00 3 23 0.9866 0.9232 0.001729
320.00 C 20260821 -1.00 -1.00 8 1314 0.9965 0.9096 0.001943
325.00 C 20260821 -1.00 -1.00 1 5 0.8953 0.9164 0.002032
330.00 C 20260821 -1.00 -1.00 1 1113 0.9001 0.9026 0.002280
335.00 C 20260821 -1.00 -1.00 1 1 0.8333 0.9027 0.002458
340.00 C 20260821 -1.00 -1.00 1 1064 0.6759 0.9277 0.002415
345.00 C 20260821 -1.00 -1.00 1 9 0.8071 0.8776 0.003013
347.50 C 20260821 -1.00 -1.00 5 13 0.7785 0.8756 0.003156
350.00 C 20260821 -1.00 -1.00 2 2226 0.8898 0.8370 0.003293
352.50 C 20260821 -1.00 -1.00 2 2 0.5614 0.9211 0.003104
355.00 C 20260821 -1.00 -1.00 2 21 0.8204 0.8331 0.003628
357.50 C 20260821 -1.00 -1.00 5 14 0.7195 0.8491 0.003864
360.00 C 20260821 -1.00 -1.00 3 938 0.8438 0.8078 0.003895
362.50 C 20260821 -1.00 -1.00 8 28 0.8266 0.8013 0.004073
365.00 C 20260821 -1.00 -1.00 2 28 0.6644 0.8299 0.004534
367.50 C 20260821 -1.00 -1.00 8 33 0.7208 0.8028 0.004637
370.00 C 20260821 -1.00 -1.00 24 1576 0.5708 0.8348 0.005173
372.50 C 20260821 -1.00 -1.00 1 33 0.7443 0.7695 0.004882
375.00 C 20260821 -1.00 -1.00 4 62 0.6515 0.7808 0.005450
377.50 C 20260821 -1.00 -1.00 8 221 0.5219 0.8082 0.006266
380.00 C 20260821 -1.00 -1.00 4 4758 0.5109 0.7964 0.006674
382.50 C 20260821 -1.00 -1.00 14 435 0.6434 0.7344 0.006067
385.00 C 20260821 -1.00 -1.00 14 711 0.5942 0.7305 0.006620
387.50 C 20260821 -1.00 -1.00 62 441 0.6455 0.7013 0.006437
390.00 C 20260821 -1.00 -1.00 167 3622 0.4941 0.7221 0.008086
392.50 C 20260821 -1.00 -1.00 7 326 0.4970 0.7002 0.008367
395.00 C 20260821 -1.00 -1.00 10 479 0.5722 0.6628 0.007709
397.50 C 20260821 -1.00 -1.00 3 39 0.6106 0.6364 0.007354
400.00 C 20260821 -1.00 -1.00 2 6599 0.6137 0.6167 0.007416
402.50 C 20260821 -1.00 -1.00 4 62 0.6069 0.5981 0.007595
405.00 C 20260821 -1.00 -1.00 55 566 0.5608 0.5812 0.008310
407.50 C 20260821 -1.00 -1.00 19 118 0.5542 0.5604 0.008522
410.00 C 20260821 -1.00 -1.00 9 7809 0.6018 0.5398 0.007958
415.00 C 20260821 -1.00 -1.00 2 563 0.5703 0.4986 0.008390
420.00 C 20260821 -1.00 -1.00 222 7777 0.5190 0.4495 0.009085
425.00 C 20260821 -1.00 -1.00 2 874 0.5147 0.4037 0.009031
430.00 C 20260821 -1.00 -1.00 41 7320 0.5196 0.3631 0.008689
435.00 C 20260821 -1.00 -1.00 1 1091 0.5242 0.3265 0.008199
440.00 C 20260821 -1.00 -1.00 1 4993 0.5114 0.2825 0.007893
445.00 C 20260821 -1.00 -1.00 316 400 0.5250 0.2508 0.007332
450.00 C 20260821 -1.00 -1.00 16 9217 0.5163 0.2177 0.006804
455.00 C 20260821 -1.00 -1.00 160 385 0.5152 0.1880 0.006219
460.00 C 20260821 -1.00 -1.00 18 8520 0.5204 0.1619 0.005636
470.00 C 20260821 -1.00 -1.00 35 5559 0.4988 0.1082 0.004415
480.00 C 20260821 -1.00 -1.00 10 4093 0.5204 0.0809 0.003452
490.00 C 20260821 -1.00 -1.00 5 2159 0.5217 0.0580 0.002630
500.00 C 20260821 -1.00 -1.00 93 16436 0.5461 0.0460 0.002087
510.00 C 20260821 -1.00 -1.00 77 1475 0.5648 0.0344 0.001612
520.00 C 20260821 -1.00 -1.00 45 1217 0.5640 0.0245 0.001198
305.00 P 20260821 -1.00 -1.00 7 147 0.6664 -0.0101 0.000482
310.00 P 20260821 -1.00 -1.00 1 6444 0.6560 -0.0138 0.000634
315.00 P 20260821 -1.00 -1.00 1 231 0.6094 -0.0125 0.000629
320.00 P 20260821 -1.00 -1.00 320 9412 0.5943 -0.0159 0.000787
325.00 P 20260821 -1.00 -1.00 1 258 0.5743 -0.0185 0.000933
330.00 P 20260821 -1.00 -1.00 1 5932 0.5909 -0.0271 0.001267
335.00 P 20260821 -1.00 -1.00 33 225 0.5656 -0.0315 0.001488
340.00 P 20260821 -1.00 -1.00 13 10766 0.5426 -0.0369 0.001759
345.00 P 20260821 -1.00 -1.00 50 427 0.5297 -0.0454 0.002137
347.50 P 20260821 -1.00 -1.00 24 237 0.5207 -0.0491 0.002323
350.00 P 20260821 -1.00 -1.00 66 7332 0.5157 -0.0540 0.002543
352.50 P 20260821 -1.00 -1.00 4 220 0.5279 -0.0657 0.002899
355.00 P 20260821 -1.00 -1.00 40 290 0.5055 -0.0667 0.003061
357.50 P 20260821 -1.00 -1.00 2 194 0.5042 -0.0770 0.003403
360.00 P 20260821 -1.00 -1.00 3 5683 0.5174 -0.0930 0.003824
362.50 P 20260821 -1.00 -1.00 16 179 0.4972 -0.0960 0.004078
365.00 P 20260821 -1.00 -1.00 60 1115 0.4832 -0.1016 0.004387
367.50 P 20260821 -1.00 -1.00 1 187 0.5093 -0.1236 0.004834
370.00 P 20260821 -1.00 -1.00 3 4896 0.4783 -0.1238 0.005156
372.50 P 20260821 -1.00 -1.00 1 265 0.4866 -0.1448 0.005582
375.00 P 20260821 -1.00 -1.00 1 1280 0.4649 -0.1511 0.006003
377.50 P 20260821 -1.00 -1.00 28 496 0.4758 -0.1734 0.006423
380.00 P 20260821 -1.00 -1.00 5 5095 0.4593 -0.1833 0.006911
382.50 P 20260821 -1.00 -1.00 7 151 0.4941 -0.2150 0.007154
385.00 P 20260821 -1.00 -1.00 44 863 0.4686 -0.2250 0.007704
387.50 P 20260821 -1.00 -1.00 53 1180 0.4878 -0.2549 0.007855
390.00 P 20260821 -1.00 -1.00 3 1942 0.4440 -0.2598 0.008716
392.50 P 20260821 -1.00 -1.00 25 75 0.4375 -0.2808 0.009201
395.00 P 20260821 -1.00 -1.00 13 106 0.4443 -0.3068 0.009495
397.50 P 20260821 -1.00 -1.00 1 91 0.4885 -0.3418 0.009094
400.00 P 20260821 -1.00 -1.00 3 5060 0.4540 -0.3586 0.009900
402.50 P 20260821 -1.00 -1.00 8 33 0.4213 -0.3784 0.010812
405.00 P 20260821 -1.00 -1.00 91 113 0.4245 -0.4067 0.010929
407.50 P 20260821 -1.00 -1.00 20 34 0.4690 -0.4372 0.010084
410.00 P 20260821 -1.00 -1.00 149 2959 0.4156 -0.4621 0.011562
415.00 P 20260821 -1.00 -1.00 7 411 0.4776 -0.5113 0.010043
420.00 P 20260821 -1.00 -1.00 4 2663 0.4759 -0.5604 0.009930
425.00 P 20260821 -1.00 -1.00 1 193 0.4786 -0.6086 0.009734
430.00 P 20260821 -1.00 -1.00 1 1739 0.4773 -0.6531 0.009342
435.00 P 20260821 -1.00 -1.00 62 84 0.3178 -0.7933 0.011041
440.00 P 20260821 -1.00 -1.00 9 555 0.4721 -0.7406 0.008366
445.00 P 20260821 -1.00 -1.00 6 3 0.4730 -0.7759 0.007710
450.00 P 20260821 -1.00 -1.00 31 345 -1.0000 -1.0000 -1.000000
455.00 P 20260821 -1.00 -1.00 1 2 0.4752 -0.8392 0.006318
460.00 P 20260821 -1.00 -1.00 1 279 0.4255 -0.8938 0.005415
470.00 P 20260821 -1.00 -1.00 1 221 0.4923 -0.8998 0.004467
480.00 P 20260821 -1.00 -1.00 1 127 -1.0000 -1.0000 -1.000000
490.00 P 20260821 -1.00 -1.00 1 34 0.4885 -0.9615 0.002425
500.00 P 20260821 -1.00 -1.00 1 11 0.4882 -0.9790 0.001732
510.00 P 20260821 -1.00 -1.00 10 10 -1.0000 -1.0000 -1.000000
520.00 P 20260821 -1.00 -1.00 1 24 -1.0000 -1.0000 -1.000000
250.00 C 20260807 -1.00 -1.00 1 1 5.2500 0.9555 0.000704
255.00 C 20260807 -1.00 -1.00 -1 0 4.8369 0.9595 0.000703
260.00 C 20260807 -1.00 -1.00 3 3 5.6680 0.9301 0.000923
265.00 C 20260807 -1.00 -1.00 -1 0 5.4027 0.9300 0.000969
270.00 C 20260807 -1.00 -1.00 3 3 4.7774 0.9425 0.000946
275.00 C 20260807 -1.00 -1.00 -1 0 4.7581 0.9346 0.001045
280.00 C 20260807 -1.00 -1.00 2 2 4.3743 0.9406 0.001060
285.00 C 20260807 -1.00 -1.00 2 2 4.1383 0.9415 0.001110
290.00 C 20260807 -1.00 -1.00 4 2 4.0389 0.9362 0.001211
295.00 C 20260807 -1.00 -1.00 -1 0 3.8494 0.9350 0.001288
300.00 C 20260807 -1.00 -1.00 1 6 4.3533 0.9044 0.001537
250.00 P 20260807 -1.00 -1.00 16 759 3.7121 -0.0106 0.000294
255.00 P 20260807 -1.00 -1.00 7 161 3.0240 -0.0035 0.000134
260.00 P 20260807 -1.00 -1.00 4 67 2.6877 -0.0020 0.000092
265.00 P 20260807 -1.00 -1.00 4 173 2.4932 -0.0015 0.000075
270.00 P 20260807 -1.00 -1.00 2 715 2.3934 -0.0016 0.000081
275.00 P 20260807 -1.00 -1.00 4 142 2.3855 -0.0023 0.000116
280.00 P 20260807 -1.00 -1.00 3 1885 2.3480 -0.0028 0.000144
285.00 P 20260807 -1.00 -1.00 3 107 2.0457 -0.0013 0.000078
290.00 P 20260807 -1.00 -1.00 15 310 1.9533 -0.0013 0.000085
295.00 P 20260807 -1.00 -1.00 15 295 1.8626 -0.0014 0.000092
300.00 P 20260807 -1.00 -1.00 197 468 1.9746 -0.0034 0.000201
250.00 C 20260810 -1.00 -1.00 -1 0 3.1151 0.9505 0.000736
260.00 C 20260810 -1.00 -1.00 -1 0 2.8968 0.9475 0.000828
270.00 C 20260810 -1.00 -1.00 -1 0 1.5869 0.9943 0.000222
280.00 C 20260810 -1.00 -1.00 -1 0 2.4660 0.9419 0.001050
290.00 C 20260810 -1.00 -1.00 -1 0 2.6373 0.9124 0.001342
295.00 C 20260810 -1.00 -1.00 -1 0 2.4740 0.9135 0.001416
300.00 C 20260810 -1.00 -1.00 -1 0 2.4951 0.9030 0.001540
250.00 P 20260810 -1.00 -1.00 8 1 2.1659 -0.0127 0.000334
260.00 P 20260810 -1.00 -1.00 6 4 1.7784 -0.0066 0.000229
270.00 P 20260810 -1.00 -1.00 2 1 1.5408 -0.0044 0.000184
280.00 P 20260810 -1.00 -1.00 6 3 1.6061 -0.0101 0.000374
290.00 P 20260810 -1.00 -1.00 4 4 1.2548 -0.0037 0.000196
295.00 P 20260810 -1.00 -1.00 8 5 1.1567 -0.0030 0.000173
300.00 P 20260810 -1.00 -1.00 10 23 1.1281 -0.0036 0.000211
250.00 C 20260812 -1.00 -1.00 -1 0 1.5074 0.9958 0.000146
260.00 C 20260812 -1.00 -1.00 -1 0 2.7750 0.9243 0.000944
270.00 C 20260812 -1.00 -1.00 -1 0 2.5376 0.9227 0.001049
280.00 C 20260812 -1.00 -1.00 -1 0 1.6479 0.9707 0.000742
290.00 C 20260812 -1.00 -1.00 -1 0 2.2028 0.9115 0.001345
295.00 C 20260812 -1.00 -1.00 -1 0 1.0094 0.9953 0.000242
300.00 C 20260812 -1.00 -1.00 -1 0 1.6880 0.9382 0.001335
250.00 P 20260812 -1.00 -1.00 -1 0 1.8142 -0.0134 0.000346
260.00 P 20260812 -1.00 -1.00 2 1 1.6765 -0.0140 0.000388
270.00 P 20260812 -1.00 -1.00 2 2 1.3156 -0.0056 0.000220
280.00 P 20260812 -1.00 -1.00 1 1 1.3146 -0.0093 0.000351
290.00 P 20260812 -1.00 -1.00 1 2 1.0819 -0.0054 0.000260
295.00 P 20260812 -1.00 -1.00 5 3 1.1634 -0.0113 0.000468
300.00 P 20260812 -1.00 -1.00 9 2 1.0208 -0.0074 0.000365
250.00 C 20260814 -1.00 -1.00 1 2 2.5288 0.9323 0.000829
255.00 C 20260814 -1.00 -1.00 -1 0 2.3943 0.9334 0.000864
260.00 C 20260814 -1.00 -1.00 43 43 2.0973 0.9477 0.000825
265.00 C 20260814 -1.00 -1.00 2 2 2.0362 0.9447 0.000885
270.00 C 20260814 -1.00 -1.00 -1 0 1.5428 0.9742 0.000625
275.00 C 20260814 -1.00 -1.00 -1 0 2.0187 0.9295 0.001071
280.00 C 20260814 -1.00 -1.00 -1 0 2.0660 0.9175 0.001184
285.00 C 20260814 -1.00 -1.00 -1 0 1.7532 0.9361 0.001146
290.00 C 20260814 -1.00 -1.00 1 11 1.6570 0.9368 0.001204
292.50 C 20260814 -1.00 -1.00 -1 0 1.8982 0.9092 0.001390
295.00 C 20260814 -1.00 -1.00 -1 0 0.7568 0.9987 0.000078
297.50 C 20260814 -1.00 -1.00 -1 0 1.8046 0.9080 0.001477
300.00 C 20260814 -1.00 -1.00 1763 1759 1.8942 0.8963 0.001553
302.50 C 20260814 -1.00 -1.00 -1 0 0.9717 0.9854 0.000600
250.00 P 20260814 -1.00 -1.00 11 97 1.1804 -0.0017 0.000074
255.00 P 20260814 -1.00 -1.00 15 70 1.1496 -0.0020 0.000086
260.00 P 20260814 -1.00 -1.00 27 44 1.1194 -0.0022 0.000099
265.00 P 20260814 -1.00 -1.00 35 102 1.1153 -0.0029 0.000127
270.00 P 20260814 -1.00 -1.00 31 103 1.1995 -0.0073 0.000269
275.00 P 20260814 -1.00 -1.00 23 66 1.0628 -0.0042 0.000186
280.00 P 20260814 -1.00 -1.00 17 65 1.0364 -0.0052 0.000227
285.00 P 20260814 -1.00 -1.00 4 58 0.8911 -0.0023 0.000126
290.00 P 20260814 -1.00 -1.00 10 68 0.9098 -0.0037 0.000196
292.50 P 20260814 -1.00 -1.00 4 1 0.8702 -0.0031 0.000176
295.00 P 20260814 -1.00 -1.00 1 121 0.8513 -0.0032 0.000183
297.50 P 20260814 -1.00 -1.00 10 25 0.8326 -0.0033 0.000191
300.00 P 20260814 -1.00 -1.00 36 234 0.8136 -0.0034 0.000200
302.50 P 20260814 -1.00 -1.00 86 79 0.7933 -0.0034 0.000209
250.00 C 20260817 -1.00 -1.00 -1 0 1.9323 0.9511 0.000731
260.00 C 20260817 -1.00 -1.00 -1 0 2.0581 0.9260 0.000937
270.00 C 20260817 -1.00 -1.00 -1 0 1.9144 0.9219 0.001051
280.00 C 20260817 -1.00 -1.00 -1 0 1.6923 0.9251 0.001150
290.00 C 20260817 -1.00 -1.00 -1 0 0.7887 0.9957 0.000211
295.00 C 20260817 -1.00 -1.00 -1 0 1.4037 0.9294 0.001324
300.00 C 20260817 -1.00 -1.00 -1 0 0.6229 0.9985 0.000093
250.00 P 20260817 -1.00 -1.00 -1 0 -1.0000 -1.0000 -1.000000
260.00 P 20260817 -1.00 -1.00 -1 0 -1.0000 -1.0000 -1.000000
270.00 P 20260817 -1.00 -1.00 -1 0 -1.0000 -1.0000 -1.000000
280.00 P 20260817 -1.00 -1.00 -1 0 -1.0000 -1.0000 -1.000000
290.00 P 20260817 -1.00 -1.00 -1 0 -1.0000 -1.0000 -1.000000
295.00 P 20260817 -1.00 -1.00 -1 0 -1.0000 -1.0000 -1.000000
300.00 P 20260817 -1.00 -1.00 -1 0 -1.0000 -1.0000 -1.000000
250.00 C 20260819 -1.00 -1.00 -1 0 1.0810 0.9943 0.000182
260.00 C 20260819 -1.00 -1.00 -1 0 1.9211 0.9243 0.000942
270.00 C 20260819 -1.00 -1.00 -1 0 1.2425 0.9720 0.000654
280.00 C 20260819 -1.00 -1.00 -1 0 1.5535 0.9259 0.001145
290.00 C 20260819 -1.00 -1.00 -1 0 1.4475 0.9199 0.001306
295.00 C 20260819 -1.00 -1.00 -1 0 1.1404 0.9506 0.001143
300.00 C 20260819 -1.00 -1.00 -1 0 1.4392 0.9026 0.001536
250.00 P 20260819 -1.00 -1.00 -1 0 -1.0000 -1.0000 -1.000000
260.00 P 20260819 -1.00 -1.00 -1 0 -1.0000 -1.0000 -1.000000
270.00 P 20260819 -1.00 -1.00 -1 0 -1.0000 -1.0000 -1.000000
280.00 P 20260819 -1.00 -1.00 -1 0 -1.0000 -1.0000 -1.000000
290.00 P 20260819 -1.00 -1.00 -1 0 -1.0000 -1.0000 -1.000000
295.00 P 20260819 -1.00 -1.00 -1 0 -1.0000 -1.0000 -1.000000
300.00 P 20260819 -1.00 -1.00 -1 0 -1.0000 -1.0000 -1.000000
250.00 C 20260821 -1.00 -1.00 3 134 1.0187 0.9939 0.000191
260.00 C 20260821 -1.00 -1.00 2 308 0.9354 0.9939 0.000208
270.00 C 20260821 -1.00 -1.00 1 148 1.6715 0.9198 0.001057
280.00 C 20260821 -1.00 -1.00 1 306 1.2956 0.9457 0.001017
290.00 C 20260821 -1.00 -1.00 3 181 1.1913 0.9422 0.001159
300.00 C 20260821 -1.00 -1.00 8 649 0.9224 0.9619 0.001057
250.00 P 20260821 -1.00 -1.00 5 1911 0.9123 -0.0024 0.000097
260.00 P 20260821 -1.00 -1.00 22 3947 0.8475 -0.0026 0.000112
270.00 P 20260821 -1.00 -1.00 13 2607 0.8025 -0.0032 0.000143
280.00 P 20260821 -1.00 -1.00 1 3569 0.7366 -0.0034 0.000166
290.00 P 20260821 -1.00 -1.00 59 3784 0.7126 -0.0062 0.000287
300.00 P 20260821 -1.00 -1.00 1 7481 0.6700 -0.0080 0.000386
530.00 C 20260807 -1.00 -1.00 71 109 1.5683 0.0044 0.000320
535.00 C 20260807 -1.00 -1.00 18 473 1.6166 0.0043 0.000302
540.00 C 20260807 -1.00 -1.00 40 382 1.6644 0.0042 0.000285
545.00 C 20260807 -1.00 -1.00 1 171 1.7117 0.0040 0.000271
550.00 C 20260807 -1.00 -1.00 22 51 1.7586 0.0039 0.000257
555.00 C 20260807 -1.00 -1.00 1 173 1.8051 0.0038 0.000245
560.00 C 20260807 -1.00 -1.00 6 664 2.0941 0.0100 0.000490
570.00 C 20260807 -1.00 -1.00 20 27 2.2489 0.0110 0.000500
580.00 C 20260807 -1.00 -1.00 3 33 1.9287 0.0021 0.000129
530.00 P 20260807 -1.00 -1.00 -1 0 -1.0000 -1.0000 -1.000000
535.00 P 20260807 -1.00 -1.00 -1 0 -1.0000 -1.0000 -1.000000
540.00 P 20260807 -1.00 -1.00 -1 0 -1.0000 -1.0000 -1.000000
545.00 P 20260807 -1.00 -1.00 -1 0 -1.0000 -1.0000 -1.000000
550.00 P 20260807 -1.00 -1.00 -1 0 -1.0000 -1.0000 -1.000000
555.00 P 20260807 -1.00 -1.00 -1 0 -1.0000 -1.0000 -1.000000
560.00 P 20260807 -1.00 -1.00 -1 0 -1.0000 -1.0000 -1.000000
570.00 P 20260807 -1.00 -1.00 -1 0 -1.0000 -1.0000 -1.000000
580.00 P 20260807 -1.00 -1.00 1 0 -1.0000 -1.0000 -1.000000
530.00 C 20260810 -1.00 -1.00 -1 0 0.9411 0.0075 0.000479
535.00 C 20260810 -1.00 -1.00 -1 0 -1.0000 -1.0000 -1.000000
540.00 C 20260810 -1.00 -1.00 -1 0 -1.0000 -1.0000 -1.000000
545.00 C 20260810 -1.00 -1.00 -1 0 -1.0000 -1.0000 -1.000000
550.00 C 20260810 -1.00 -1.00 -1 0 -1.0000 -1.0000 -1.000000
555.00 C 20260810 -1.00 -1.00 -1 0 -1.0000 -1.0000 -1.000000
560.00 C 20260810 -1.00 -1.00 -1 0 -1.0000 -1.0000 -1.000000
530.00 P 20260810 -1.00 -1.00 -1 0 -1.0000 -1.0000 -1.000000
535.00 P 20260810 -1.00 -1.00 -1 0 -1.0000 -1.0000 -1.000000
540.00 P 20260810 -1.00 -1.00 -1 0 -1.0000 -1.0000 -1.000000
545.00 P 20260810 -1.00 -1.00 -1 0 -1.0000 -1.0000 -1.000000
550.00 P 20260810 -1.00 -1.00 -1 0 -1.0000 -1.0000 -1.000000
555.00 P 20260810 -1.00 -1.00 -1 0 -1.0000 -1.0000 -1.000000
560.00 P 20260810 -1.00 -1.00 -1 0 -1.0000 -1.0000 -1.000000
530.00 C 20260812 -1.00 -1.00 -1 0 0.9306 0.0222 0.001037
535.00 C 20260812 -1.00 -1.00 2 2 0.9487 0.0202 0.000939
540.00 C 20260812 -1.00 -1.00 -1 0 1.0087 0.0236 0.001008
545.00 C 20260812 -1.00 -1.00 1 1 1.0092 0.0196 0.000861
550.00 C 20260812 -1.00 -1.00 -1 0 -1.0000 -1.0000 -1.000000
555.00 C 20260812 -1.00 -1.00 -1 0 -1.0000 -1.0000 -1.000000
560.00 C 20260812 -1.00 -1.00 -1 0 -1.0000 -1.0000 -1.000000
530.00 P 20260812 -1.00 -1.00 -1 0 -1.0000 -1.0000 -1.000000
535.00 P 20260812 -1.00 -1.00 -1 0 -1.0000 -1.0000 -1.000000
540.00 P 20260812 -1.00 -1.00 -1 0 -1.0000 -1.0000 -1.000000
545.00 P 20260812 -1.00 -1.00 -1 0 -1.0000 -1.0000 -1.000000
550.00 P 20260812 -1.00 -1.00 -1 0 -1.0000 -1.0000 -1.000000
555.00 P 20260812 -1.00 -1.00 -1 0 -1.0000 -1.0000 -1.000000
560.00 P 20260812 -1.00 -1.00 -1 0 -1.0000 -1.0000 -1.000000
530.00 C 20260814 -1.00 -1.00 10 6 0.7482 0.0131 0.000724
535.00 C 20260814 -1.00 -1.00 2 65 0.6976 0.0067 0.000425
540.00 C 20260814 -1.00 -1.00 4 92 0.7073 0.0054 0.000347
545.00 C 20260814 -1.00 -1.00 13 36 0.7639 0.0082 0.000464
550.00 C 20260814 -1.00 -1.00 8 64 0.8076 0.0097 0.000511
555.00 C 20260814 -1.00 -1.00 3 53 0.7323 0.0036 0.000230
560.00 C 20260814 -1.00 -1.00 8 71 0.8443 0.0088 0.000448
530.00 P 20260814 -1.00 -1.00 10 0 -1.0000 -1.0000 -1.000000
535.00 P 20260814 -1.00 -1.00 -1 0 -1.0000 -1.0000 -1.000000
540.00 P 20260814 -1.00 -1.00 -1 0 -1.0000 -1.0000 -1.000000
545.00 P 20260814 -1.00 -1.00 -1 0 -1.0000 -1.0000 -1.000000
550.00 P 20260814 -1.00 -1.00 -1 0 -1.0000 -1.0000 -1.000000
555.00 P 20260814 -1.00 -1.00 -1 0 -1.0000 -1.0000 -1.000000
560.00 P 20260814 -1.00 -1.00 -1 0 -1.0000 -1.0000 -1.000000
530.00 C 20260817 -1.00 -1.00 -1 0 0.6900 0.0210 0.000999
535.00 C 20260817 -1.00 -1.00 -1 0 0.8544 0.0468 0.001574
540.00 C 20260817 -1.00 -1.00 -1 0 -1.0000 -1.0000 -1.000000
545.00 C 20260817 -1.00 -1.00 -1 0 -1.0000 -1.0000 -1.000000
550.00 C 20260817 -1.00 -1.00 -1 0 -1.0000 -1.0000 -1.000000
555.00 C 20260817 -1.00 -1.00 -1 0 0.9455 0.0413 0.001295
560.00 C 20260817 -1.00 -1.00 -1 0 0.9683 0.0403 0.001240
530.00 P 20260817 -1.00 -1.00 -1 0 -1.0000 -1.0000 -1.000000
535.00 P 20260817 -1.00 -1.00 -1 0 -1.0000 -1.0000 -1.000000
540.00 P 20260817 -1.00 -1.00 -1 0 -1.0000 -1.0000 -1.000000
545.00 P 20260817 -1.00 -1.00 -1 0 -1.0000 -1.0000 -1.000000
550.00 P 20260817 -1.00 -1.00 -1 0 -1.0000 -1.0000 -1.000000
555.00 P 20260817 -1.00 -1.00 -1 0 -1.0000 -1.0000 -1.000000
560.00 P 20260817 -1.00 -1.00 -1 0 -1.0000 -1.0000 -1.000000
530.00 C 20260819 -1.00 -1.00 -1 0 0.6664 0.0267 0.001172
535.00 C 20260819 -1.00 -1.00 -1 0 0.6757 0.0241 0.001057
540.00 C 20260819 -1.00 -1.00 -1 0 0.6871 0.0219 0.000960
545.00 C 20260819 -1.00 -1.00 -1 0 0.7004 0.0203 0.000881
550.00 C 20260819 -1.00 -1.00 -1 0 0.7179 0.0194 0.000830
555.00 C 20260819 -1.00 -1.00 -1 0 -1.0000 -1.0000 -1.000000
560.00 C 20260819 -1.00 -1.00 -1 0 -1.0000 -1.0000 -1.000000
530.00 P 20260819 -1.00 -1.00 -1 0 -1.0000 -1.0000 -1.000000
535.00 P 20260819 -1.00 -1.00 -1 0 -1.0000 -1.0000 -1.000000
540.00 P 20260819 -1.00 -1.00 -1 0 -1.0000 -1.0000 -1.000000
545.00 P 20260819 -1.00 -1.00 -1 0 -1.0000 -1.0000 -1.000000
550.00 P 20260819 -1.00 -1.00 -1 0 -1.0000 -1.0000 -1.000000
555.00 P 20260819 -1.00 -1.00 -1 0 -1.0000 -1.0000 -1.000000
560.00 P 20260819 -1.00 -1.00 -1 0 -1.0000 -1.0000 -1.000000
530.00 C 20260821 -1.00 -1.00 8 1533 0.5763 0.0173 0.000877
540.00 C 20260821 -1.00 -1.00 47 2829 0.5728 0.0112 0.000607
550.00 C 20260821 -1.00 -1.00 1 109 0.6096 0.0112 0.000566
560.00 C 20260821 -1.00 -1.00 34 1695 0.5605 0.0038 0.000235
570.00 C 20260821 -1.00 -1.00 8 856 0.6520 0.0082 0.000403
580.00 C 20260821 -1.00 -1.00 12 562 0.7296 0.0122 0.000513
530.00 P 20260821 -1.00 -1.00 15 0 -1.0000 -1.0000 -1.000000
540.00 P 20260821 -1.00 -1.00 10 0 -1.0000 -1.0000 -1.000000
550.00 P 20260821 -1.00 -1.00 -1 0 -1.0000 -1.0000 -1.000000
560.00 P 20260821 -1.00 -1.00 1 0 -1.0000 -1.0000 -1.000000
570.00 P 20260821 -1.00 -1.00 1 0 -1.0000 -1.0000 -1.000000
580.00 P 20260821 -1.00 -1.00 19 0 -1.0000 -1.0000 -1.000000
