# opt_chain NVDA | epoch 1786123828 | 2026-08-07 13:30:28 | spot 221.82 | exps 20260807 20260810 20260812 20260814 20260817 20260819 20260821
# fuente polygon_snapshot_v3 | greeks polygon_directo | iv polygon_directo | oi polygon_directo | vol day.volume(-1 si no cotizo) | bid/ask NO_ENTITLED(-1) | spot_src ibkr_bridge spot_edad_s 88 | band 0.2700 vencimientos 7 exp_hasta 2026-08-21
# strike right exp bid ask vol oi iv delta gamma
182.50 C 20260807 -1.00 -1.00 21 265 -1.0000 -1.0000 -1.000000
185.00 C 20260807 -1.00 -1.00 97 3397 3.6980 0.9708 0.003009
187.50 C 20260807 -1.00 -1.00 86 562 2.3501 0.9969 0.000668
190.00 C 20260807 -1.00 -1.00 65 3136 -1.0000 -1.0000 -1.000000
192.50 C 20260807 -1.00 -1.00 265 5667 -1.0000 -1.0000 -1.000000
195.00 C 20260807 -1.00 -1.00 333 10065 3.6377 0.9128 0.007245
197.50 C 20260807 -1.00 -1.00 296 25159 2.1834 0.9778 0.004014
200.00 C 20260807 -1.00 -1.00 5142 42925 2.0727 0.9720 0.005205
202.50 C 20260807 -1.00 -1.00 669 25275 1.9023 0.9653 0.006696
205.00 C 20260807 -1.00 -1.00 2014 23378 1.1796 0.9943 0.002266
207.50 C 20260807 -1.00 -1.00 5150 39626 1.0145 0.9935 0.002965
210.00 C 20260807 -1.00 -1.00 3569 53372 0.9767 0.9826 0.007258
212.50 C 20260807 -1.00 -1.00 1750 10161 0.7938 0.9790 0.010488
215.00 C 20260807 -1.00 -1.00 18789 28014 0.6131 0.9734 0.016744
217.50 C 20260807 -1.00 -1.00 12308 24799 0.4190 0.9630 0.032026
220.00 C 20260807 -1.00 -1.00 68976 68570 0.2943 0.8641 0.124884
222.50 C 20260807 -1.00 -1.00 277739 44401 0.2586 0.3532 0.243316
225.00 C 20260807 -1.00 -1.00 496790 71255 0.3177 0.0545 0.057708
227.50 C 20260807 -1.00 -1.00 125757 30686 0.4306 0.0158 0.015176
230.00 C 20260807 -1.00 -1.00 66587 42155 0.5955 0.0119 0.008715
232.50 C 20260807 -1.00 -1.00 8741 9463 0.7412 0.0097 0.005787
235.00 C 20260807 -1.00 -1.00 2846 15264 0.8854 0.0082 0.004169
237.50 C 20260807 -1.00 -1.00 947 6703 1.0280 0.0072 0.003176
240.00 C 20260807 -1.00 -1.00 485 16484 1.1691 0.0064 0.002521
245.00 C 20260807 -1.00 -1.00 111 4554 1.4469 0.0053 0.001730
250.00 C 20260807 -1.00 -1.00 43 10771 1.7191 0.0046 0.001285
255.00 C 20260807 -1.00 -1.00 8 9178 1.9654 0.0040 0.001006
260.00 C 20260807 -1.00 -1.00 8 3801 2.3174 0.0055 0.001121
182.50 P 20260807 -1.00 -1.00 266 7088 2.7000 -0.0029 0.000541
185.00 P 20260807 -1.00 -1.00 120 19402 2.5337 -0.0031 0.000611
187.50 P 20260807 -1.00 -1.00 100 9312 2.3697 -0.0033 0.000694
190.00 P 20260807 -1.00 -1.00 249 21490 2.2079 -0.0035 0.000795
192.50 P 20260807 -1.00 -1.00 133 10198 2.0449 -0.0038 0.000919
195.00 P 20260807 -1.00 -1.00 721 14899 1.8695 -0.0041 0.001074
197.50 P 20260807 -1.00 -1.00 571 7899 1.6965 -0.0045 0.001274
200.00 P 20260807 -1.00 -1.00 4188 16259 1.4718 -0.0035 0.001196
202.50 P 20260807 -1.00 -1.00 355 4102 1.3568 -0.0055 0.001896
205.00 P 20260807 -1.00 -1.00 2795 13506 1.1902 -0.0062 0.002403
207.50 P 20260807 -1.00 -1.00 4234 14141 1.0255 -0.0071 0.003152
210.00 P 20260807 -1.00 -1.00 12248 21750 0.8629 -0.0083 0.004335
212.50 P 20260807 -1.00 -1.00 5996 9342 0.7022 -0.0101 0.006368
215.00 P 20260807 -1.00 -1.00 19894 16031 0.5688 -0.0192 0.013578
217.50 P 20260807 -1.00 -1.00 41665 11250 0.4300 -0.0415 0.034181
220.00 P 20260807 -1.00 -1.00 193328 8850 0.3080 -0.1485 0.125822
222.50 P 20260807 -1.00 -1.00 150183 6360 0.2640 -0.6446 0.239570
225.00 P 20260807 -1.00 -1.00 39376 1737 0.3913 -0.9029 0.073378
227.50 P 20260807 -1.00 -1.00 2001 748 0.4010 -0.9906 0.011516
230.00 P 20260807 -1.00 -1.00 381 59 0.6604 -0.9777 0.013560
232.50 P 20260807 -1.00 -1.00 1314 1 0.8260 -0.9818 0.009113
235.00 P 20260807 -1.00 -1.00 66 25 1.0693 -0.9760 0.008830
237.50 P 20260807 -1.00 -1.00 25 1 1.3096 -0.9724 0.008139
240.00 P 20260807 -1.00 -1.00 33 2 1.3912 -0.9811 0.005536
245.00 P 20260807 -1.00 -1.00 13 1 1.8613 -0.9745 0.005324
250.00 P 20260807 -1.00 -1.00 14 0 -1.0000 -1.0000 -1.000000
255.00 P 20260807 -1.00 -1.00 12 3 -1.0000 -1.0000 -1.000000
260.00 P 20260807 -1.00 -1.00 1 0 2.6905 -0.9853 0.002313
182.50 C 20260810 -1.00 -1.00 15 16 1.0325 0.9808 0.002155
185.00 C 20260810 -1.00 -1.00 119 93 1.2042 0.9520 0.003960
187.50 C 20260810 -1.00 -1.00 67 51 1.1334 0.9493 0.004406
190.00 C 20260810 -1.00 -1.00 208 227 0.0006 1.0000 -0.000000
192.50 C 20260810 -1.00 -1.00 2 162 -1.0000 -1.0000 -1.000000
195.00 C 20260810 -1.00 -1.00 69 592 -1.0000 -1.0000 -1.000000
197.50 C 20260810 -1.00 -1.00 108 7159 0.5725 0.9870 0.002791
200.00 C 20260810 -1.00 -1.00 161 5218 0.0006 1.0000 -0.000000
202.50 C 20260810 -1.00 -1.00 429 669 0.5092 0.9748 0.005533
205.00 C 20260810 -1.00 -1.00 165 3109 0.0006 1.0000 -0.000000
207.50 C 20260810 -1.00 -1.00 1280 1565 -1.0000 -1.0000 -1.000000
210.00 C 20260810 -1.00 -1.00 1963 6296 0.2095 0.9979 0.001483
212.50 C 20260810 -1.00 -1.00 2066 1757 0.2429 0.9738 0.012019
215.00 C 20260810 -1.00 -1.00 3665 7008 0.2465 0.9172 0.029594
217.50 C 20260810 -1.00 -1.00 7017 3552 0.2333 0.8244 0.053033
220.00 C 20260810 -1.00 -1.00 16716 9854 0.2356 0.6612 0.075556
222.50 C 20260810 -1.00 -1.00 38090 7525 0.2280 0.4610 0.083743
225.00 C 20260810 -1.00 -1.00 69872 12878 0.2296 0.2696 0.069221
227.50 C 20260810 -1.00 -1.00 14704 3175 0.2375 0.1357 0.044569
230.00 C 20260810 -1.00 -1.00 20101 8265 0.2427 0.0609 0.023800
232.50 C 20260810 -1.00 -1.00 4763 1617 0.2547 0.0266 0.011551
235.00 C 20260810 -1.00 -1.00 3676 1921 0.2741 0.0124 0.005632
240.00 C 20260810 -1.00 -1.00 1950 1888 0.3354 0.0064 0.002532
245.00 C 20260810 -1.00 -1.00 476 834 0.4154 0.0053 0.001737
250.00 C 20260810 -1.00 -1.00 977 883 0.4938 0.0046 0.001290
255.00 C 20260810 -1.00 -1.00 704 384 0.5638 0.0040 0.001009
260.00 C 20260810 -1.00 -1.00 611 644 0.6305 0.0036 0.000816
182.50 P 20260810 -1.00 -1.00 19 534 0.7778 -0.0029 0.000540
185.00 P 20260810 -1.00 -1.00 563 423 0.7300 -0.0031 0.000609
187.50 P 20260810 -1.00 -1.00 881 339 0.6829 -0.0033 0.000693
190.00 P 20260810 -1.00 -1.00 1079 1244 0.6365 -0.0035 0.000793
192.50 P 20260810 -1.00 -1.00 407 1690 0.6123 -0.0058 0.001261
195.00 P 20260810 -1.00 -1.00 1155 9307 0.5618 -0.0062 0.001476
197.50 P 20260810 -1.00 -1.00 663 1155 0.5120 -0.0068 0.001750
200.00 P 20260810 -1.00 -1.00 847 2564 0.4861 -0.0098 0.002569
202.50 P 20260810 -1.00 -1.00 168 725 0.4374 -0.0108 0.003136
205.00 P 20260810 -1.00 -1.00 1034 2183 0.3951 -0.0147 0.004482
207.50 P 20260810 -1.00 -1.00 417 1687 0.3512 -0.0196 0.006430
210.00 P 20260810 -1.00 -1.00 2858 3269 0.3176 -0.0286 0.009960
212.50 P 20260810 -1.00 -1.00 3292 3226 0.2822 -0.0491 0.017191
215.00 P 20260810 -1.00 -1.00 7391 1664 0.2614 -0.0961 0.031202
217.50 P 20260810 -1.00 -1.00 7880 1912 0.2469 -0.1888 0.052652
220.00 P 20260810 -1.00 -1.00 37005 3600 0.2409 -0.3426 0.074470
222.50 P 20260810 -1.00 -1.00 19525 450 0.2335 -0.5395 0.082164
225.00 P 20260810 -1.00 -1.00 8115 440 0.2394 -0.7238 0.067862
227.50 P 20260810 -1.00 -1.00 2936 67 0.2463 -0.8584 0.045445
230.00 P 20260810 -1.00 -1.00 1582 121 0.2605 -0.9320 0.026302
232.50 P 20260810 -1.00 -1.00 850 35 -1.0000 -1.0000 -1.000000
235.00 P 20260810 -1.00 -1.00 667 0 0.2806 -0.9921 0.006492
240.00 P 20260810 -1.00 -1.00 257 0 0.3660 -0.9939 0.003945
245.00 P 20260810 -1.00 -1.00 102 0 0.4459 -0.9950 0.002725
250.00 P 20260810 -1.00 -1.00 19 0 0.6956 -0.9669 0.005437
255.00 P 20260810 -1.00 -1.00 30 0 0.7419 -0.9769 0.003828
260.00 P 20260810 -1.00 -1.00 30 0 0.8040 -0.9824 0.002870
182.50 C 20260812 -1.00 -1.00 26 18 1.1849 0.9274 0.004394
185.00 C 20260812 -1.00 -1.00 2 33 1.1185 0.9237 0.004827
187.50 C 20260812 -1.00 -1.00 2 70 0.7081 0.9796 0.002600
190.00 C 20260812 -1.00 -1.00 2 81 0.9075 0.9333 0.005405
192.50 C 20260812 -1.00 -1.00 25 85 0.5730 0.9833 0.002707
195.00 C 20260812 -1.00 -1.00 7 105 0.0008 1.0000 -0.000000
197.50 C 20260812 -1.00 -1.00 18 327 0.0008 1.0000 -0.000000
200.00 C 20260812 -1.00 -1.00 17 610 -1.0000 -1.0000 -1.000000
202.50 C 20260812 -1.00 -1.00 6 704 0.4628 0.9545 0.007757
205.00 C 20260812 -1.00 -1.00 131 1518 0.0008 1.0000 0.000000
207.50 C 20260812 -1.00 -1.00 25 1755 0.0008 1.0000 0.000000
210.00 C 20260812 -1.00 -1.00 78 1395 0.3253 0.9277 0.016018
212.50 C 20260812 -1.00 -1.00 2256 2369 0.3187 0.8803 0.023903
215.00 C 20260812 -1.00 -1.00 300 1114 0.3102 0.8108 0.033036
217.50 C 20260812 -1.00 -1.00 695 1165 0.3069 0.7172 0.041649
220.00 C 20260812 -1.00 -1.00 2394 2545 0.3016 0.6065 0.048279
222.50 C 20260812 -1.00 -1.00 5791 4631 0.2998 0.4833 0.050601
225.00 C 20260812 -1.00 -1.00 8004 2453 0.3007 0.3612 0.047754
227.50 C 20260812 -1.00 -1.00 2117 2028 0.3004 0.2533 0.040606
230.00 C 20260812 -1.00 -1.00 3714 2054 0.2999 0.1671 0.031527
232.50 C 20260812 -1.00 -1.00 5418 541 0.3052 0.1071 0.022758
235.00 C 20260812 -1.00 -1.00 981 6806 0.3171 0.0676 0.015662
240.00 C 20260812 -1.00 -1.00 1626 845 0.3449 0.0295 0.007344
245.00 C 20260812 -1.00 -1.00 588 1883 0.3890 0.0172 0.004085
250.00 C 20260812 -1.00 -1.00 351 1038 0.4281 0.0102 0.002366
255.00 C 20260812 -1.00 -1.00 58 199 0.4649 0.0061 0.001388
260.00 C 20260812 -1.00 -1.00 50 67 0.5241 0.0055 0.001126
182.50 P 20260812 -1.00 -1.00 100 211 0.6473 -0.0044 0.000743
185.00 P 20260812 -1.00 -1.00 24 509 0.5958 -0.0039 0.000728
187.50 P 20260812 -1.00 -1.00 106 314 0.5734 -0.0058 0.001066
190.00 P 20260812 -1.00 -1.00 23 870 0.5514 -0.0078 0.001456
192.50 P 20260812 -1.00 -1.00 60 666 0.5110 -0.0084 0.001679
195.00 P 20260812 -1.00 -1.00 56 1404 0.5024 -0.0133 0.002545
197.50 P 20260812 -1.00 -1.00 16 3560 0.4617 -0.0153 0.003112
200.00 P 20260812 -1.00 -1.00 488 1455 0.4374 -0.0211 0.004346
202.50 P 20260812 -1.00 -1.00 261 364 0.4172 -0.0285 0.005952
205.00 P 20260812 -1.00 -1.00 705 778 0.3852 -0.0395 0.008300
207.50 P 20260812 -1.00 -1.00 313 726 0.3653 -0.0572 0.011911
210.00 P 20260812 -1.00 -1.00 2054 1554 0.3446 -0.0857 0.017109
212.50 P 20260812 -1.00 -1.00 1558 607 0.3343 -0.1304 0.024238
215.00 P 20260812 -1.00 -1.00 1695 794 0.3210 -0.1967 0.032829
217.50 P 20260812 -1.00 -1.00 1566 802 0.3123 -0.2865 0.041268
220.00 P 20260812 -1.00 -1.00 2843 3199 0.3067 -0.3960 0.047681
222.50 P 20260812 -1.00 -1.00 1756 528 0.3040 -0.5177 0.050098
225.00 P 20260812 -1.00 -1.00 1449 463 0.3062 -0.6385 0.047301
227.50 P 20260812 -1.00 -1.00 160 12 0.2981 -0.7515 0.041142
230.00 P 20260812 -1.00 -1.00 147 20 0.2876 -0.8486 0.031943
232.50 P 20260812 -1.00 -1.00 12 7 0.3143 -0.8902 0.023542
235.00 P 20260812 -1.00 -1.00 17 46 0.2566 -0.9773 0.011259
240.00 P 20260812 -1.00 -1.00 20 21 0.3934 -0.9531 0.010332
245.00 P 20260812 -1.00 -1.00 -1 0 0.4565 -0.9687 0.006730
250.00 P 20260812 -1.00 -1.00 2 0 0.5465 -0.9687 0.005484
255.00 P 20260812 -1.00 -1.00 12 0 0.6172 -0.9719 0.004429
260.00 P 20260812 -1.00 -1.00 2 2 0.6842 -0.9744 0.003688
182.50 C 20260814 -1.00 -1.00 2 45 0.9823 0.9332 0.004250
185.00 C 20260814 -1.00 -1.00 112 438 -1.0000 -1.0000 -1.000000
187.50 C 20260814 -1.00 -1.00 36 114 0.8355 0.9349 0.004911
190.00 C 20260814 -1.00 -1.00 50 2238 -1.0000 -1.0000 -1.000000
192.50 C 20260814 -1.00 -1.00 26 429 0.5843 0.9630 0.004417
195.00 C 20260814 -1.00 -1.00 229 2891 0.3357 0.9976 0.000702
197.50 C 20260814 -1.00 -1.00 238 1028 0.4351 0.9754 0.004256
200.00 C 20260814 -1.00 -1.00 2058 6305 0.4082 0.9699 0.005389
202.50 C 20260814 -1.00 -1.00 252 6218 0.3817 0.9598 0.007229
205.00 C 20260814 -1.00 -1.00 1255 4330 0.3917 0.9325 0.010781
207.50 C 20260814 -1.00 -1.00 520 12392 0.3519 0.9187 0.013713
210.00 C 20260814 -1.00 -1.00 2785 8474 0.3506 0.8788 0.018705
212.50 C 20260814 -1.00 -1.00 4011 6955 0.3357 0.8294 0.024271
215.00 C 20260814 -1.00 -1.00 2419 15817 0.3327 0.7630 0.030052
217.50 C 20260814 -1.00 -1.00 3415 3347 0.3337 0.6792 0.034815
220.00 C 20260814 -1.00 -1.00 8623 11427 0.3260 0.5890 0.038410
222.50 C 20260814 -1.00 -1.00 5962 4850 0.3249 0.4921 0.039851
225.00 C 20260814 -1.00 -1.00 19456 38065 0.3238 0.3946 0.038540
227.50 C 20260814 -1.00 -1.00 5989 26026 0.3206 0.3046 0.035119
230.00 C 20260814 -1.00 -1.00 25205 25477 0.3246 0.2267 0.030118
232.50 C 20260814 -1.00 -1.00 7362 25412 0.3253 0.1627 0.024361
235.00 C 20260814 -1.00 -1.00 8847 25911 0.3288 0.1150 0.018955
237.50 C 20260814 -1.00 -1.00 1862 11162 0.3386 0.0805 0.014236
240.00 C 20260814 -1.00 -1.00 8033 7584 0.3454 0.0572 0.010639
242.50 C 20260814 -1.00 -1.00 939 5955 0.3588 0.0415 0.007916
245.00 C 20260814 -1.00 -1.00 6119 5652 0.3771 0.0316 0.006085
250.00 C 20260814 -1.00 -1.00 1797 5691 0.4049 0.0192 0.003673
255.00 C 20260814 -1.00 -1.00 472 1342 0.4418 0.0125 0.002352
260.00 C 20260814 -1.00 -1.00 273 1707 0.4722 0.0090 0.001625
182.50 P 20260814 -1.00 -1.00 28 626 0.6089 -0.0089 0.001269
185.00 P 20260814 -1.00 -1.00 431 9040 0.5886 -0.0107 0.001549
187.50 P 20260814 -1.00 -1.00 945 1040 0.5555 -0.0126 0.001875
190.00 P 20260814 -1.00 -1.00 1141 5851 0.5263 -0.0154 0.002337
192.50 P 20260814 -1.00 -1.00 449 1672 0.5009 -0.0191 0.002959
195.00 P 20260814 -1.00 -1.00 561 9291 0.4759 -0.0232 0.003700
197.50 P 20260814 -1.00 -1.00 387 1807 0.4550 -0.0290 0.004707
200.00 P 20260814 -1.00 -1.00 3793 11514 0.4252 -0.0369 0.006069
202.50 P 20260814 -1.00 -1.00 1443 3963 0.4008 -0.0479 0.007961
205.00 P 20260814 -1.00 -1.00 4636 10877 0.3876 -0.0651 0.010640
207.50 P 20260814 -1.00 -1.00 1629 3483 0.3634 -0.0886 0.014158
210.00 P 20260814 -1.00 -1.00 7284 7202 0.3565 -0.1246 0.018822
212.50 P 20260814 -1.00 -1.00 4010 13665 0.3404 -0.1741 0.024290
215.00 P 20260814 -1.00 -1.00 12754 3143 0.3358 -0.2396 0.029982
217.50 P 20260814 -1.00 -1.00 3434 1670 0.3313 -0.3204 0.035121
220.00 P 20260814 -1.00 -1.00 8750 3232 0.3262 -0.4121 0.038530
222.50 P 20260814 -1.00 -1.00 3213 1172 0.3249 -0.5096 0.040035
225.00 P 20260814 -1.00 -1.00 4134 4640 0.3237 -0.6074 0.038786
227.50 P 20260814 -1.00 -1.00 692 505 0.3219 -0.6973 0.035290
230.00 P 20260814 -1.00 -1.00 878 690 0.3247 -0.7767 0.030413
232.50 P 20260814 -1.00 -1.00 175 244 0.3385 -0.8301 0.024673
235.00 P 20260814 -1.00 -1.00 328 253 0.3326 -0.8872 0.019438
237.50 P 20260814 -1.00 -1.00 18 24 0.3138 -0.9413 0.013531
240.00 P 20260814 -1.00 -1.00 647 165 0.3415 -0.9510 0.010852
242.50 P 20260814 -1.00 -1.00 10 3 -1.0000 -1.0000 -1.000000
245.00 P 20260814 -1.00 -1.00 224 27 0.4197 -0.9545 0.008182
250.00 P 20260814 -1.00 -1.00 9 0 -1.0000 -1.0000 -1.000000
255.00 P 20260814 -1.00 -1.00 25 0 0.5054 -0.9778 0.004136
260.00 P 20260814 -1.00 -1.00 1 0 0.5626 -0.9798 0.003418
182.50 C 20260817 -1.00 -1.00 220 30 0.8438 0.9291 0.004345
185.00 C 20260817 -1.00 -1.00 4 24 0.8384 0.9151 0.004997
187.50 C 20260817 -1.00 -1.00 138 44 0.7115 0.9326 0.004973
190.00 C 20260817 -1.00 -1.00 212 70 0.6946 0.9197 0.005785
192.50 C 20260817 -1.00 -1.00 138 35 0.4014 0.9857 0.002426
195.00 C 20260817 -1.00 -1.00 212 61 0.4668 0.9563 0.005326
197.50 C 20260817 -1.00 -1.00 1 43 0.0011 1.0000 -0.000000
200.00 C 20260817 -1.00 -1.00 23 109 0.3775 0.9550 0.006746
202.50 C 20260817 -1.00 -1.00 20 10 0.3954 0.9247 0.009704
205.00 C 20260817 -1.00 -1.00 38 174 0.3734 0.9056 0.012160
207.50 C 20260817 -1.00 -1.00 20 36 0.3477 0.8863 0.015093
210.00 C 20260817 -1.00 -1.00 101 609 0.3284 0.8532 0.018956
212.50 C 20260817 -1.00 -1.00 12 185 0.3246 0.8009 0.023456
215.00 C 20260817 -1.00 -1.00 177 1136 0.3082 0.7443 0.028274
217.50 C 20260817 -1.00 -1.00 256 318 0.3091 0.6683 0.032232
220.00 C 20260817 -1.00 -1.00 821 5734 0.3043 0.5843 0.034715
222.50 C 20260817 -1.00 -1.00 1268 5683 0.3052 0.4971 0.035728
225.00 C 20260817 -1.00 -1.00 1825 1477 0.3026 0.4093 0.034907
227.50 C 20260817 -1.00 -1.00 974 888 0.3002 0.3267 0.032586
230.00 C 20260817 -1.00 -1.00 1249 1010 0.3036 0.2524 0.028792
232.50 C 20260817 -1.00 -1.00 287 428 0.3014 0.1901 0.024331
235.00 C 20260817 -1.00 -1.00 352 1333 0.3060 0.1382 0.019738
237.50 C 20260817 -1.00 -1.00 161 340 0.3063 0.1001 0.015449
240.00 C 20260817 -1.00 -1.00 1166 2303 0.3167 0.0725 0.011894
245.00 C 20260817 -1.00 -1.00 207 538 0.3307 0.0385 0.006827
250.00 C 20260817 -1.00 -1.00 65 602 0.3497 0.0225 0.004087
255.00 C 20260817 -1.00 -1.00 2 156 0.3822 0.0149 0.002654
260.00 C 20260817 -1.00 -1.00 37 52 0.4076 0.0106 0.001835
182.50 P 20260817 -1.00 -1.00 36 38 0.5388 -0.0117 0.001529
185.00 P 20260817 -1.00 -1.00 9 47 0.5164 -0.0146 0.001918
187.50 P 20260817 -1.00 -1.00 13 33 0.4914 -0.0172 0.002320
190.00 P 20260817 -1.00 -1.00 137 171 0.4726 -0.0212 0.002895
192.50 P 20260817 -1.00 -1.00 306 27 0.4570 -0.0261 0.003602
195.00 P 20260817 -1.00 -1.00 684 609 0.4333 -0.0319 0.004465
197.50 P 20260817 -1.00 -1.00 24 1288 0.4107 -0.0401 0.005653
200.00 P 20260817 -1.00 -1.00 511 761 0.3912 -0.0503 0.007163
202.50 P 20260817 -1.00 -1.00 837 334 0.3775 -0.0648 0.009146
205.00 P 20260817 -1.00 -1.00 223 919 0.3561 -0.0844 0.011729
207.50 P 20260817 -1.00 -1.00 282 200 0.3454 -0.1125 0.015083
210.00 P 20260817 -1.00 -1.00 1130 1007 0.3313 -0.1493 0.019013
212.50 P 20260817 -1.00 -1.00 334 339 0.3241 -0.1990 0.023528
215.00 P 20260817 -1.00 -1.00 351 8418 0.3154 -0.2609 0.027964
217.50 P 20260817 -1.00 -1.00 181 158 0.3144 -0.3347 0.031942
220.00 P 20260817 -1.00 -1.00 916 289 0.3072 -0.4175 0.034575
222.50 P 20260817 -1.00 -1.00 177 132 0.3061 -0.5047 0.035842
225.00 P 20260817 -1.00 -1.00 91 94 0.3035 -0.5927 0.035091
227.50 P 20260817 -1.00 -1.00 85 10 0.2988 -0.6773 0.033033
230.00 P 20260817 -1.00 -1.00 14 71 0.2963 -0.7581 0.029615
232.50 P 20260817 -1.00 -1.00 26 2 0.2843 -0.8309 0.025010
235.00 P 20260817 -1.00 -1.00 1 10 0.3049 -0.8685 0.020198
237.50 P 20260817 -1.00 -1.00 -1 0 0.2795 -0.9326 0.014627
240.00 P 20260817 -1.00 -1.00 1 17 0.2760 -0.9621 0.010455
245.00 P 20260817 -1.00 -1.00 20 34 0.4190 -0.9209 0.010294
250.00 P 20260817 -1.00 -1.00 -1 0 0.3920 -0.9723 0.005775
255.00 P 20260817 -1.00 -1.00 -1 0 0.4707 -0.9645 0.005368
260.00 P 20260817 -1.00 -1.00 -1 0 -1.0000 -1.0000 -1.000000
182.50 C 20260819 -1.00 -1.00 304 35 0.7776 0.9278 0.004369
185.00 C 20260819 -1.00 -1.00 71 8 0.7340 0.9242 0.004797
187.50 C 20260819 -1.00 -1.00 304 27 0.7024 0.9169 0.005369
190.00 C 20260819 -1.00 -1.00 120 48 0.7133 0.8976 0.006218
192.50 C 20260819 -1.00 -1.00 62 11 0.6104 0.9097 0.006581
195.00 C 20260819 -1.00 -1.00 120 23 0.5501 0.9108 0.007233
197.50 C 20260819 -1.00 -1.00 197 13 0.4380 0.9373 0.007038
200.00 C 20260819 -1.00 -1.00 196 85 0.4058 0.9283 0.008348
202.50 C 20260819 -1.00 -1.00 128 13 0.3889 0.9095 0.010341
205.00 C 20260819 -1.00 -1.00 141 37 0.3872 0.8818 0.012805
207.50 C 20260819 -1.00 -1.00 2 30 0.3489 0.8665 0.015381
210.00 C 20260819 -1.00 -1.00 8 150 0.3403 0.8248 0.018767
212.50 C 20260819 -1.00 -1.00 15 155 0.3355 0.7771 0.022279
215.00 C 20260819 -1.00 -1.00 138 199 0.3323 0.7149 0.025322
217.50 C 20260819 -1.00 -1.00 260 263 0.3303 0.6497 0.028101
220.00 C 20260819 -1.00 -1.00 119 413 0.3237 0.5771 0.029997
222.50 C 20260819 -1.00 -1.00 216 341 0.3243 0.5021 0.030797
225.00 C 20260819 -1.00 -1.00 816 10417 0.3186 0.4256 0.030520
227.50 C 20260819 -1.00 -1.00 170 103 0.3218 0.3542 0.028885
230.00 C 20260819 -1.00 -1.00 582 575 0.3185 0.2863 0.026475
232.50 C 20260819 -1.00 -1.00 92 395 0.3208 0.2273 0.023457
235.00 C 20260819 -1.00 -1.00 283 340 0.3204 0.1767 0.020017
237.50 C 20260819 -1.00 -1.00 69 67 0.3262 0.1359 0.016705
240.00 C 20260819 -1.00 -1.00 153 389 0.3263 0.1033 0.013566
242.50 C 20260819 -1.00 -1.00 52 31 0.3355 0.0782 0.010864
245.00 C 20260819 -1.00 -1.00 80 72 0.3387 0.0601 0.008685
250.00 C 20260819 -1.00 -1.00 36 127 0.3596 0.0364 0.005509
255.00 C 20260819 -1.00 -1.00 11 66 0.3775 0.0241 0.003683
260.00 C 20260819 -1.00 -1.00 175 71 0.4042 0.0169 0.002543
182.50 P 20260819 -1.00 -1.00 5 6 0.5260 -0.0176 0.002027
185.00 P 20260819 -1.00 -1.00 90 126 0.5053 -0.0206 0.002418
187.50 P 20260819 -1.00 -1.00 4 6 0.4904 -0.0248 0.002935
190.00 P 20260819 -1.00 -1.00 73 75 0.4697 -0.0292 0.003518
192.50 P 20260819 -1.00 -1.00 112 38 0.4442 -0.0346 0.004244
195.00 P 20260819 -1.00 -1.00 133 235 0.4245 -0.0425 0.005248
197.50 P 20260819 -1.00 -1.00 29 53 0.4063 -0.0517 0.006454
200.00 P 20260819 -1.00 -1.00 132 203 0.3942 -0.0653 0.008053
202.50 P 20260819 -1.00 -1.00 145 67 0.3757 -0.0833 0.010074
205.00 P 20260819 -1.00 -1.00 38 288 0.3649 -0.1072 0.012585
207.50 P 20260819 -1.00 -1.00 140 38 0.3548 -0.1382 0.015476
210.00 P 20260819 -1.00 -1.00 265 316 0.3450 -0.1787 0.018784
212.50 P 20260819 -1.00 -1.00 151 47 0.3416 -0.2279 0.022149
215.00 P 20260819 -1.00 -1.00 193 8768 0.3335 -0.2865 0.025362
217.50 P 20260819 -1.00 -1.00 178 46 0.3325 -0.3525 0.028066
220.00 P 20260819 -1.00 -1.00 337 153 0.3259 -0.4248 0.029958
222.50 P 20260819 -1.00 -1.00 364 15 0.3262 -0.5000 0.030807
225.00 P 20260819 -1.00 -1.00 71 5 0.3221 -0.5759 0.030440
227.50 P 20260819 -1.00 -1.00 27 1 0.3203 -0.6499 0.029263
230.00 P 20260819 -1.00 -1.00 30 2 0.3148 -0.7205 0.027023
232.50 P 20260819 -1.00 -1.00 1 0 0.3099 -0.7857 0.024114
235.00 P 20260819 -1.00 -1.00 15 25 0.3043 -0.8442 0.020501
237.50 P 20260819 -1.00 -1.00 -1 0 0.2979 -0.8922 0.016691
240.00 P 20260819 -1.00 -1.00 2 1 0.3092 -0.9190 0.013477
242.50 P 20260819 -1.00 -1.00 92 20 0.3164 -0.9421 0.010752
245.00 P 20260819 -1.00 -1.00 107 35 0.2753 -0.9884 0.005725
250.00 P 20260819 -1.00 -1.00 5 17 0.3963 -0.9524 0.007302
255.00 P 20260819 -1.00 -1.00 -1 0 0.4219 -0.9703 0.005133
260.00 P 20260819 -1.00 -1.00 -1 0 0.4576 -0.9766 0.004125
182.50 C 20260821 -1.00 -1.00 1 424 0.6764 0.9415 0.004009
185.00 C 20260821 -1.00 -1.00 174 8502 0.5034 0.9734 0.002825
187.50 C 20260821 -1.00 -1.00 8 370 0.4760 0.9700 0.003278
190.00 C 20260821 -1.00 -1.00 181 18157 0.4610 0.9620 0.004085
192.50 C 20260821 -1.00 -1.00 160 905 0.4463 0.9534 0.004990
195.00 C 20260821 -1.00 -1.00 773 15098 0.4258 0.9462 0.005904
197.50 C 20260821 -1.00 -1.00 263 2590 0.4117 0.9344 0.007157
200.00 C 20260821 -1.00 -1.00 762 34833 0.3853 0.9234 0.008552
202.50 C 20260821 -1.00 -1.00 73 6079 0.3697 0.9048 0.010485
205.00 C 20260821 -1.00 -1.00 1051 19858 0.3765 0.8713 0.012914
207.50 C 20260821 -1.00 -1.00 1641 7191 0.3591 0.8415 0.015439
210.00 C 20260821 -1.00 -1.00 2882 38831 0.3532 0.8021 0.018233
212.50 C 20260821 -1.00 -1.00 699 6815 0.3482 0.7533 0.020852
215.00 C 20260821 -1.00 -1.00 2714 39471 0.3451 0.6977 0.023321
217.50 C 20260821 -1.00 -1.00 562 5024 0.3429 0.6376 0.025282
220.00 C 20260821 -1.00 -1.00 5850 49957 0.3380 0.5724 0.026718
222.50 C 20260821 -1.00 -1.00 8600 10224 0.3398 0.5059 0.027269
225.00 C 20260821 -1.00 -1.00 13063 37498 0.3344 0.4384 0.027091
227.50 C 20260821 -1.00 -1.00 2728 5273 0.3366 0.3727 0.026239
230.00 C 20260821 -1.00 -1.00 12814 81227 0.3314 0.3115 0.024493
232.50 C 20260821 -1.00 -1.00 1948 4349 0.3355 0.2556 0.022247
235.00 C 20260821 -1.00 -1.00 4936 32211 0.3322 0.2065 0.019722
240.00 C 20260821 -1.00 -1.00 8463 39685 0.3372 0.1293 0.014408
242.50 C 20260821 -1.00 -1.00 365 135 0.3377 0.1004 0.011914
245.00 C 20260821 -1.00 -1.00 1159 16554 0.3467 0.0785 0.009781
250.00 C 20260821 -1.00 -1.00 3481 90351 0.3545 0.0487 0.006492
255.00 C 20260821 -1.00 -1.00 599 8251 0.3757 0.0322 0.004413
260.00 C 20260821 -1.00 -1.00 1524 24278 0.3905 0.0219 0.003038
182.50 P 20260821 -1.00 -1.00 1038 6054 0.5160 -0.0225 0.002373
185.00 P 20260821 -1.00 -1.00 3273 28817 0.4992 -0.0259 0.002786
187.50 P 20260821 -1.00 -1.00 122 2470 0.4759 -0.0300 0.003285
190.00 P 20260821 -1.00 -1.00 1569 45008 0.4532 -0.0354 0.003929
192.50 P 20260821 -1.00 -1.00 463 2125 0.4345 -0.0427 0.004768
195.00 P 20260821 -1.00 -1.00 1384 25709 0.4198 -0.0518 0.005808
197.50 P 20260821 -1.00 -1.00 721 4235 0.4072 -0.0632 0.007065
200.00 P 20260821 -1.00 -1.00 4715 41832 0.3890 -0.0789 0.008665
202.50 P 20260821 -1.00 -1.00 1992 6065 0.3780 -0.0998 0.010654
205.00 P 20260821 -1.00 -1.00 2499 24764 0.3726 -0.1263 0.012930
207.50 P 20260821 -1.00 -1.00 917 3395 0.3596 -0.1593 0.015491
210.00 P 20260821 -1.00 -1.00 8824 21469 0.3566 -0.2003 0.018242
212.50 P 20260821 -1.00 -1.00 1161 961 0.3488 -0.2478 0.020919
215.00 P 20260821 -1.00 -1.00 2947 18870 0.3452 -0.3033 0.023421
217.50 P 20260821 -1.00 -1.00 458 2579 0.3429 -0.3638 0.025417
220.00 P 20260821 -1.00 -1.00 4445 11217 0.3381 -0.4292 0.026871
222.50 P 20260821 -1.00 -1.00 1453 1164 0.3381 -0.4965 0.027587
225.00 P 20260821 -1.00 -1.00 1071 6912 0.3327 -0.5647 0.027441
227.50 P 20260821 -1.00 -1.00 67 277 0.3373 -0.6304 0.026428
230.00 P 20260821 -1.00 -1.00 1022 6063 0.3337 -0.6910 0.024654
232.50 P 20260821 -1.00 -1.00 2 312 0.3311 -0.7527 0.022755
235.00 P 20260821 -1.00 -1.00 86 1168 0.3200 -0.8088 0.020283
240.00 P 20260821 -1.00 -1.00 199 1215 0.3218 -0.8891 0.014602
242.50 P 20260821 -1.00 -1.00 9 6 0.3122 -0.9302 0.011484
245.00 P 20260821 -1.00 -1.00 104 46 0.3111 -0.9522 0.009228
250.00 P 20260821 -1.00 -1.00 40 640 0.3038 -0.9895 0.004597
255.00 P 20260821 -1.00 -1.00 6 60 0.3954 -0.9695 0.005400
260.00 P 20260821 -1.00 -1.00 21 3 0.4189 -0.9798 0.004123
162.50 C 20260807 -1.00 -1.00 420 35 7.4703 0.9505 0.002290
165.00 C 20260807 -1.00 -1.00 190 153 7.2783 0.9470 0.002493
167.50 C 20260807 -1.00 -1.00 198 62 6.8550 0.9474 0.002626
170.00 C 20260807 -1.00 -1.00 81 250 4.2151 0.9921 0.000846
172.50 C 20260807 -1.00 -1.00 74 77 5.1522 0.9711 0.002139
175.00 C 20260807 -1.00 -1.00 172 471 4.1832 0.9848 0.001506
177.50 C 20260807 -1.00 -1.00 143 168 5.6785 0.9389 0.003578
180.00 C 20260807 -1.00 -1.00 324 997 4.5170 0.9620 0.003029
162.50 P 20260807 -1.00 -1.00 67 134 4.1190 -0.0019 0.000242
165.00 P 20260807 -1.00 -1.00 1 2034 3.9322 -0.0020 0.000265
167.50 P 20260807 -1.00 -1.00 1 354 3.7483 -0.0021 0.000290
170.00 P 20260807 -1.00 -1.00 4 11046 3.5671 -0.0022 0.000318
172.50 P 20260807 -1.00 -1.00 911 12857 3.3886 -0.0023 0.000351
175.00 P 20260807 -1.00 -1.00 25 10743 3.2127 -0.0024 0.000388
177.50 P 20260807 -1.00 -1.00 15 6495 3.1557 -0.0033 0.000521
180.00 P 20260807 -1.00 -1.00 58 31120 2.8683 -0.0027 0.000482
162.50 C 20260810 -1.00 -1.00 234 25 1.8643 0.9698 0.001755
165.00 C 20260810 -1.00 -1.00 36 24 1.9879 0.9537 0.002338
167.50 C 20260810 -1.00 -1.00 61 31 1.9611 0.9483 0.002605
170.00 C 20260810 -1.00 -1.00 1 28 1.6399 0.9647 0.002257
172.50 C 20260810 -1.00 -1.00 36 58 1.5363 0.9657 0.002355
175.00 C 20260810 -1.00 -1.00 4 9 1.6850 0.9445 0.003216
177.50 C 20260810 -1.00 -1.00 64 10 0.0006 1.0000 -0.000000
180.00 C 20260810 -1.00 -1.00 40 45 1.2214 0.9718 0.002552
162.50 P 20260810 -1.00 -1.00 1 16 1.1855 -0.0019 0.000242
165.00 P 20260810 -1.00 -1.00 208 328 1.1318 -0.0020 0.000264
167.50 P 20260810 -1.00 -1.00 1174 69 1.2456 -0.0066 0.000700
170.00 P 20260810 -1.00 -1.00 26 1119 1.0269 -0.0022 0.000318
172.50 P 20260810 -1.00 -1.00 260 356 1.0098 -0.0030 0.000424
175.00 P 20260810 -1.00 -1.00 5 361 0.9250 -0.0024 0.000388
177.50 P 20260810 -1.00 -1.00 1224 1296 0.8752 -0.0026 0.000431
180.00 P 20260810 -1.00 -1.00 1301 942 0.8261 -0.0027 0.000481
162.50 C 20260812 -1.00 -1.00 126 30 1.4990 0.9669 0.001848
165.00 C 20260812 -1.00 -1.00 4 50 1.3481 0.9747 0.001666
167.50 C 20260812 -1.00 -1.00 174 39 1.3830 0.9631 0.002186
170.00 C 20260812 -1.00 -1.00 122 42 1.3105 0.9628 0.002326
172.50 C 20260812 -1.00 -1.00 174 39 1.2495 0.9612 0.002525
175.00 C 20260812 -1.00 -1.00 30 67 1.1999 0.9582 0.002794
177.50 C 20260812 -1.00 -1.00 58 1 1.1406 0.9563 0.003051
180.00 C 20260812 -1.00 -1.00 11 26 0.9225 0.9760 0.002314
162.50 P 20260812 -1.00 -1.00 14 14 0.9622 -0.0025 0.000295
165.00 P 20260812 -1.00 -1.00 1 104 0.9197 -0.0026 0.000321
167.50 P 20260812 -1.00 -1.00 2 3787 0.9054 -0.0032 0.000406
170.00 P 20260812 -1.00 -1.00 1 133 0.8367 -0.0028 0.000385
172.50 P 20260812 -1.00 -1.00 20 137 0.7962 -0.0030 0.000424
175.00 P 20260812 -1.00 -1.00 7 522 0.7562 -0.0031 0.000468
177.50 P 20260812 -1.00 -1.00 1 333 0.7168 -0.0033 0.000519
180.00 P 20260812 -1.00 -1.00 5 407 0.6780 -0.0035 0.000578
162.50 C 20260814 -1.00 -1.00 58 20 1.3670 0.9576 0.002117
165.00 C 20260814 -1.00 -1.00 1 54 -1.0000 -1.0000 -1.000000
167.50 C 20260814 -1.00 -1.00 4 46 1.2393 0.9562 0.002398
170.00 C 20260814 -1.00 -1.00 3 241 1.2671 0.9459 0.002811
172.50 C 20260814 -1.00 -1.00 2 61 1.2275 0.9419 0.003076
175.00 C 20260814 -1.00 -1.00 7 207 0.0009 1.0000 -0.000000
177.50 C 20260814 -1.00 -1.00 42 25 1.0986 0.9388 0.003569
180.00 C 20260814 -1.00 -1.00 2 503 0.8222 0.9714 0.002567
162.50 P 20260814 -1.00 -1.00 10 1044 0.8198 -0.0025 0.000295
165.00 P 20260814 -1.00 -1.00 37 2629 0.8073 -0.0031 0.000371
167.50 P 20260814 -1.00 -1.00 12 214 0.7716 -0.0032 0.000405
170.00 P 20260814 -1.00 -1.00 103 4722 0.7547 -0.0044 0.000547
172.50 P 20260814 -1.00 -1.00 1 799 0.7246 -0.0052 0.000654
175.00 P 20260814 -1.00 -1.00 140 7373 0.6783 -0.0049 0.000663
177.50 P 20260814 -1.00 -1.00 3 313 0.6493 -0.0058 0.000799
180.00 P 20260814 -1.00 -1.00 514 10020 0.6289 -0.0073 0.001021
165.00 C 20260817 -1.00 -1.00 2 0 1.1519 0.9506 0.002406
167.50 C 20260817 -1.00 -1.00 -1 0 1.1286 0.9462 0.002644
170.00 C 20260817 -1.00 -1.00 2 0 1.0600 0.9467 0.002787
172.50 C 20260817 -1.00 -1.00 -1 0 1.0555 0.9375 0.003164
175.00 C 20260817 -1.00 -1.00 278 37 0.9745 0.9414 0.003281
177.50 C 20260817 -1.00 -1.00 256 27 0.9378 0.9359 0.003631
180.00 C 20260817 -1.00 -1.00 5 8 0.7957 0.9509 0.003455
165.00 P 20260817 -1.00 -1.00 1 38 0.7016 -0.0041 0.000457
167.50 P 20260817 -1.00 -1.00 5 13 0.6682 -0.0042 0.000499
170.00 P 20260817 -1.00 -1.00 32 37 0.6426 -0.0050 0.000594
172.50 P 20260817 -1.00 -1.00 5 5 0.6173 -0.0057 0.000703
175.00 P 20260817 -1.00 -1.00 7 14 0.5995 -0.0071 0.000877
177.50 P 20260817 -1.00 -1.00 1 8 0.5750 -0.0080 0.001022
180.00 P 20260817 -1.00 -1.00 5 68 0.5648 -0.0101 0.001286
165.00 C 20260819 -1.00 -1.00 -1 0 1.0597 0.9500 0.002418
170.00 C 20260819 -1.00 -1.00 10 0 0.9754 0.9461 0.002799
172.50 C 20260819 -1.00 -1.00 -1 0 0.9528 0.9404 0.003101
175.00 C 20260819 -1.00 -1.00 12 1 0.8986 0.9398 0.003313
177.50 C 20260819 -1.00 -1.00 -1 0 0.8649 0.9344 0.003662
180.00 C 20260819 -1.00 -1.00 3 2 0.8161 0.9324 0.003966
165.00 P 20260819 -1.00 -1.00 -1 0 0.6755 -0.0063 0.000640
170.00 P 20260819 -1.00 -1.00 51 70 0.6409 -0.0087 0.000904
172.50 P 20260819 -1.00 -1.00 9 9 0.6240 -0.0099 0.001056
175.00 P 20260819 -1.00 -1.00 2 26 0.5980 -0.0113 0.001226
177.50 P 20260819 -1.00 -1.00 2 2 0.5708 -0.0128 0.001422
180.00 P 20260819 -1.00 -1.00 275 192 0.5495 -0.0154 0.001722
165.00 C 20260821 -1.00 -1.00 23 2079 -1.0000 -1.0000 -1.000000
170.00 C 20260821 -1.00 -1.00 160 6492 0.6113 0.9902 0.000984
175.00 C 20260821 -1.00 -1.00 185 3470 0.5172 0.9922 0.000934
180.00 C 20260821 -1.00 -1.00 276 12677 0.4968 0.9870 0.001528
165.00 P 20260821 -1.00 -1.00 722 22767 0.6640 -0.0087 0.000813
170.00 P 20260821 -1.00 -1.00 2096 24799 0.6246 -0.0115 0.001099
175.00 P 20260821 -1.00 -1.00 3986 28814 0.5728 -0.0143 0.001438
180.00 P 20260821 -1.00 -1.00 6490 42364 0.5328 -0.0193 0.002005
265.00 C 20260807 -1.00 -1.00 1 645 2.5189 0.0042 0.000815
270.00 C 20260807 -1.00 -1.00 3 762 2.6465 0.0031 0.000573
275.00 C 20260807 -1.00 -1.00 4 137 2.9584 0.0036 0.000601
280.00 C 20260807 -1.00 -1.00 4 1838 3.0797 0.0027 0.000433
265.00 P 20260807 -1.00 -1.00 1 0 2.9460 -0.9873 0.001876
270.00 P 20260807 -1.00 -1.00 1 0 3.1942 -0.9882 0.001614
275.00 P 20260807 -1.00 -1.00 2 0 3.4380 -0.9890 0.001409
280.00 P 20260807 -1.00 -1.00 -1 0 3.5080 -0.9924 0.000987
265.00 C 20260810 -1.00 -1.00 508 138 0.6959 0.0033 0.000678
270.00 C 20260810 -1.00 -1.00 159 246 0.7601 0.0031 0.000574
275.00 C 20260810 -1.00 -1.00 25 830 0.8496 0.0036 0.000602
280.00 C 20260810 -1.00 -1.00 1 5 0.9718 0.0054 0.000753
265.00 P 20260810 -1.00 -1.00 -1 0 0.8819 -0.9847 0.002354
270.00 P 20260810 -1.00 -1.00 -1 0 0.9637 -0.9858 0.002025
275.00 P 20260810 -1.00 -1.00 -1 0 1.0439 -0.9867 0.001771
280.00 P 20260810 -1.00 -1.00 -1 0 1.1225 -0.9875 0.001569
265.00 C 20260812 -1.00 -1.00 7 48 0.5476 0.0033 0.000678
270.00 C 20260812 -1.00 -1.00 3 104 0.5982 0.0031 0.000575
275.00 C 20260812 -1.00 -1.00 6 6 0.6686 0.0036 0.000603
280.00 C 20260812 -1.00 -1.00 12 16 0.7172 0.0034 0.000528
265.00 P 20260812 -1.00 -1.00 4 0 0.7087 -0.9834 0.002609
270.00 P 20260812 -1.00 -1.00 2 0 0.7529 -0.9881 0.001993
275.00 P 20260812 -1.00 -1.00 2 0 0.8735 -0.9800 0.002351
280.00 P 20260812 -1.00 -1.00 2 0 0.9356 -0.9811 0.002091
265.00 C 20260814 -1.00 -1.00 49 448 0.5085 0.0067 0.001160
270.00 C 20260814 -1.00 -1.00 144 3758 0.5440 0.0047 0.000803
275.00 C 20260814 -1.00 -1.00 3 654 0.5688 0.0036 0.000603
280.00 C 20260814 -1.00 -1.00 180 455 0.5927 0.0027 0.000434
265.00 P 20260814 -1.00 -1.00 -1 0 -1.0000 -1.0000 -1.000000
270.00 P 20260814 -1.00 -1.00 -1 0 0.6696 -0.9836 0.002461
275.00 P 20260814 -1.00 -1.00 -1 0 0.7236 -0.9847 0.002160
280.00 P 20260814 -1.00 -1.00 -1 0 0.7765 -0.9856 0.001920
265.00 C 20260817 -1.00 -1.00 2 32 0.4328 0.0075 0.001264
270.00 C 20260817 -1.00 -1.00 2 162 0.4628 0.0054 0.000900
275.00 C 20260817 -1.00 -1.00 6 7 0.4779 0.0036 0.000604
280.00 C 20260817 -1.00 -1.00 51 101 0.4982 0.0027 0.000435
265.00 P 20260817 -1.00 -1.00 -1 0 0.5591 -0.9744 0.003553
270.00 P 20260817 -1.00 -1.00 -1 0 0.5915 -0.9792 0.002938
275.00 P 20260817 -1.00 -1.00 -1 0 -1.0000 -1.0000 -1.000000
280.00 P 20260817 -1.00 -1.00 -1 0 0.6956 -0.9788 0.002426
265.00 C 20260819 -1.00 -1.00 9 39 0.4254 0.0117 0.001771
270.00 C 20260819 -1.00 -1.00 10 23 0.4478 0.0089 0.001314
275.00 C 20260819 -1.00 -1.00 40 8 0.4696 0.0064 0.000935
280.00 C 20260819 -1.00 -1.00 1 2 0.4953 0.0048 0.000689
265.00 P 20260819 -1.00 -1.00 -1 0 0.5200 -0.9736 0.003712
270.00 P 20260819 -1.00 -1.00 -1 0 0.5360 -0.9818 0.002954
275.00 P 20260819 -1.00 -1.00 -1 0 0.5777 -0.9829 0.002597
280.00 P 20260819 -1.00 -1.00 -1 0 0.6186 -0.9839 0.002312
265.00 C 20260821 -1.00 -1.00 242 6785 0.4207 0.0173 0.002311
270.00 C 20260821 -1.00 -1.00 315 15095 0.4376 0.0121 0.001640
275.00 C 20260821 -1.00 -1.00 96 7917 0.4578 0.0096 0.001264
280.00 C 20260821 -1.00 -1.00 738 11765 0.4731 0.0066 0.000886
265.00 P 20260821 -1.00 -1.00 13 0 -1.0000 -1.0000 -1.000000
270.00 P 20260821 -1.00 -1.00 32 12 -1.0000 -1.0000 -1.000000
275.00 P 20260821 -1.00 -1.00 2 0 0.5295 -0.9857 0.002487
280.00 P 20260821 -1.00 -1.00 2 2 -1.0000 -1.0000 -1.000000
