# opt_chain NVDA | epoch 1786112744 | 2026-08-07 10:25:44 | spot 221.98 | exps 20260807 20260810 20260812 20260814 20260817 20260819 20260821
# fuente polygon_snapshot_v3 | greeks polygon_directo | iv polygon_directo | oi polygon_directo | vol day.volume(-1 si no cotizo) | bid/ask NO_ENTITLED(-1) | spot_src ibkr_bridge spot_edad_s 104 | band 0.2700 vencimientos 7 exp_hasta 2026-08-21
# strike right exp bid ask vol oi iv delta gamma
182.50 C 20260807 -1.00 -1.00 63 265 3.8403 0.9477 0.003827
185.00 C 20260807 -1.00 -1.00 40 3397 -1.0000 -1.0000 -1.000000
187.50 C 20260807 -1.00 -1.00 27 562 -1.0000 -1.0000 -1.000000
190.00 C 20260807 -1.00 -1.00 6 3136 2.2925 0.9827 0.002526
192.50 C 20260807 -1.00 -1.00 14 5667 1.9811 0.9884 0.002104
195.00 C 20260807 -1.00 -1.00 74 10065 2.0301 0.9768 0.003699
197.50 C 20260807 -1.00 -1.00 88 25159 -1.0000 -1.0000 -1.000000
200.00 C 20260807 -1.00 -1.00 364 42925 -1.0000 -1.0000 -1.000000
202.50 C 20260807 -1.00 -1.00 416 25275 1.4043 0.9786 0.004966
205.00 C 20260807 -1.00 -1.00 718 23378 0.9537 0.9956 0.001832
207.50 C 20260807 -1.00 -1.00 1066 39626 -1.0000 -1.0000 -1.000000
210.00 C 20260807 -1.00 -1.00 897 53372 0.6833 0.9942 0.003259
212.50 C 20260807 -1.00 -1.00 816 10161 1.1374 0.8841 0.023681
215.00 C 20260807 -1.00 -1.00 4774 28014 0.5516 0.9640 0.019608
217.50 C 20260807 -1.00 -1.00 3081 24799 0.9491 0.7510 0.046089
220.00 C 20260807 -1.00 -1.00 25619 68570 0.5461 0.6983 0.087749
222.50 C 20260807 -1.00 -1.00 102077 44401 0.4563 0.4488 0.119257
225.00 C 20260807 -1.00 -1.00 110700 71255 0.4091 0.1649 0.083191
227.50 C 20260807 -1.00 -1.00 35531 30686 0.5205 0.0778 0.038476
230.00 C 20260807 -1.00 -1.00 25019 42155 0.5116 0.0179 0.011702
232.50 C 20260807 -1.00 -1.00 5726 9463 0.6039 0.0098 0.005896
235.00 C 20260807 -1.00 -1.00 1645 15264 0.7227 0.0083 0.004233
237.50 C 20260807 -1.00 -1.00 344 6703 0.8401 0.0072 0.003217
240.00 C 20260807 -1.00 -1.00 315 16484 0.9564 0.0064 0.002548
245.00 C 20260807 -1.00 -1.00 80 4554 1.1852 0.0053 0.001745
250.00 C 20260807 -1.00 -1.00 26 10771 1.4094 0.0046 0.001294
255.00 C 20260807 -1.00 -1.00 3 9178 1.6128 0.0040 0.001012
260.00 C 20260807 -1.00 -1.00 3 3801 1.9022 0.0055 0.001126
182.50 P 20260807 -1.00 -1.00 278 7088 2.2294 -0.0029 0.000537
185.00 P 20260807 -1.00 -1.00 80 19402 2.0925 -0.0031 0.000607
187.50 P 20260807 -1.00 -1.00 23 9312 1.9574 -0.0033 0.000690
190.00 P 20260807 -1.00 -1.00 167 21490 1.8242 -0.0035 0.000790
192.50 P 20260807 -1.00 -1.00 110 10198 1.6905 -0.0038 0.000912
195.00 P 20260807 -1.00 -1.00 620 14899 1.5461 -0.0041 0.001066
197.50 P 20260807 -1.00 -1.00 477 7899 1.4036 -0.0045 0.001263
200.00 P 20260807 -1.00 -1.00 2184 16259 1.2179 -0.0035 0.001184
202.50 P 20260807 -1.00 -1.00 132 4102 1.1239 -0.0054 0.001875
205.00 P 20260807 -1.00 -1.00 1149 13506 0.9866 -0.0061 0.002372
207.50 P 20260807 -1.00 -1.00 2688 14141 0.8511 -0.0070 0.003106
210.00 P 20260807 -1.00 -1.00 3808 21750 0.7171 -0.0083 0.004259
212.50 P 20260807 -1.00 -1.00 3147 9342 0.6242 -0.0149 0.008198
215.00 P 20260807 -1.00 -1.00 11325 16031 0.5454 -0.0340 0.018983
217.50 P 20260807 -1.00 -1.00 16572 11250 0.4759 -0.0927 0.047693
220.00 P 20260807 -1.00 -1.00 42292 8850 0.4235 -0.2516 0.103873
222.50 P 20260807 -1.00 -1.00 14891 6360 0.3945 -0.5604 0.137504
225.00 P 20260807 -1.00 -1.00 1995 1737 0.2878 -0.9203 0.071764
227.50 P 20260807 -1.00 -1.00 330 748 0.4381 -0.9542 0.030422
230.00 P 20260807 -1.00 -1.00 176 59 -1.0000 -1.0000 -1.000000
232.50 P 20260807 -1.00 -1.00 1157 1 -1.0000 -1.0000 -1.000000
235.00 P 20260807 -1.00 -1.00 44 25 0.6985 -0.9943 0.003555
237.50 P 20260807 -1.00 -1.00 13 1 -1.0000 -1.0000 -1.000000
240.00 P 20260807 -1.00 -1.00 21 2 -1.0000 -1.0000 -1.000000
245.00 P 20260807 -1.00 -1.00 13 1 -1.0000 -1.0000 -1.000000
250.00 P 20260807 -1.00 -1.00 8 0 1.7864 -0.9773 0.004139
255.00 P 20260807 -1.00 -1.00 12 3 -1.0000 -1.0000 -1.000000
260.00 P 20260807 -1.00 -1.00 1 0 -1.0000 -1.0000 -1.000000
182.50 C 20260810 -1.00 -1.00 25 16 -1.0000 -1.0000 -1.000000
185.00 C 20260810 -1.00 -1.00 1 93 1.2327 0.9465 0.004160
187.50 C 20260810 -1.00 -1.00 67 51 0.6181 0.9983 0.000397
190.00 C 20260810 -1.00 -1.00 104 227 -1.0000 -1.0000 -1.000000
192.50 C 20260810 -1.00 -1.00 206 162 0.8411 0.9659 0.004210
195.00 C 20260810 -1.00 -1.00 39 592 -1.0000 -1.0000 -1.000000
197.50 C 20260810 -1.00 -1.00 36 7159 -1.0000 -1.0000 -1.000000
200.00 C 20260810 -1.00 -1.00 74 5218 -1.0000 -1.0000 -1.000000
202.50 C 20260810 -1.00 -1.00 7 669 0.4122 0.9913 0.002657
205.00 C 20260810 -1.00 -1.00 48 3109 0.2598 0.9995 0.000299
207.50 C 20260810 -1.00 -1.00 535 1565 0.0006 1.0000 0.000000
210.00 C 20260810 -1.00 -1.00 778 6296 0.0006 1.0000 -0.000000
212.50 C 20260810 -1.00 -1.00 388 1757 0.3132 0.9338 0.019500
215.00 C 20260810 -1.00 -1.00 791 7008 0.2987 0.8765 0.032504
217.50 C 20260810 -1.00 -1.00 661 3552 0.4009 0.7121 0.040026
220.00 C 20260810 -1.00 -1.00 5733 9854 0.2745 0.6468 0.064575
222.50 C 20260810 -1.00 -1.00 14337 7525 0.2629 0.4773 0.071670
225.00 C 20260810 -1.00 -1.00 13027 12878 0.2906 0.3272 0.058625
227.50 C 20260810 -1.00 -1.00 2902 3175 0.2813 0.1921 0.045620
230.00 C 20260810 -1.00 -1.00 5316 8265 0.2695 0.0906 0.028372
232.50 C 20260810 -1.00 -1.00 705 1617 0.2762 0.0429 0.015414
235.00 C 20260810 -1.00 -1.00 536 1921 0.3023 0.0261 0.009364
240.00 C 20260810 -1.00 -1.00 338 1888 0.3568 0.0113 0.003887
245.00 C 20260810 -1.00 -1.00 147 834 0.4252 0.0081 0.002409
250.00 C 20260810 -1.00 -1.00 509 883 0.4822 0.0046 0.001299
255.00 C 20260810 -1.00 -1.00 442 384 0.5511 0.0041 0.001015
260.00 C 20260810 -1.00 -1.00 611 644 0.6165 0.0036 0.000820
182.50 P 20260810 -1.00 -1.00 7 534 0.7649 -0.0029 0.000536
185.00 P 20260810 -1.00 -1.00 551 423 0.7181 -0.0031 0.000605
187.50 P 20260810 -1.00 -1.00 554 339 0.6719 -0.0033 0.000688
190.00 P 20260810 -1.00 -1.00 210 1244 0.6531 -0.0053 0.001083
192.50 P 20260810 -1.00 -1.00 14 1690 0.6029 -0.0057 0.001252
195.00 P 20260810 -1.00 -1.00 1120 9307 0.5533 -0.0062 0.001463
197.50 P 20260810 -1.00 -1.00 564 1155 0.5044 -0.0068 0.001734
200.00 P 20260810 -1.00 -1.00 279 2564 0.4790 -0.0097 0.002544
202.50 P 20260810 -1.00 -1.00 43 725 0.4386 -0.0119 0.003332
205.00 P 20260810 -1.00 -1.00 256 2183 0.3997 -0.0171 0.004926
207.50 P 20260810 -1.00 -1.00 224 1687 0.3662 -0.0246 0.007384
210.00 P 20260810 -1.00 -1.00 795 3269 0.3391 -0.0410 0.012102
212.50 P 20260810 -1.00 -1.00 862 3226 0.3177 -0.0698 0.019952
215.00 P 20260810 -1.00 -1.00 1801 1664 0.3007 -0.1249 0.032606
217.50 P 20260810 -1.00 -1.00 1724 1912 0.2858 -0.2173 0.049108
220.00 P 20260810 -1.00 -1.00 8376 3600 0.2753 -0.3544 0.064593
222.50 P 20260810 -1.00 -1.00 3021 450 0.2641 -0.5239 0.071632
225.00 P 20260810 -1.00 -1.00 576 440 0.2601 -0.6944 0.063964
227.50 P 20260810 -1.00 -1.00 499 67 0.2599 -0.8311 0.046568
230.00 P 20260810 -1.00 -1.00 807 121 0.2430 -0.9384 0.025953
232.50 P 20260810 -1.00 -1.00 24 35 -1.0000 -1.0000 -1.000000
235.00 P 20260810 -1.00 -1.00 107 0 -1.0000 -1.0000 -1.000000
240.00 P 20260810 -1.00 -1.00 983 0 -1.0000 -1.0000 -1.000000
245.00 P 20260810 -1.00 -1.00 3 0 -1.0000 -1.0000 -1.000000
250.00 P 20260810 -1.00 -1.00 68 0 -1.0000 -1.0000 -1.000000
255.00 P 20260810 -1.00 -1.00 30 0 -1.0000 -1.0000 -1.000000
260.00 P 20260810 -1.00 -1.00 30 0 -1.0000 -1.0000 -1.000000
182.50 C 20260812 -1.00 -1.00 26 18 1.1016 0.9409 0.004031
185.00 C 20260812 -1.00 -1.00 2 33 1.0249 0.9405 0.004360
187.50 C 20260812 -1.00 -1.00 2 70 0.7999 0.9647 0.003610
190.00 C 20260812 -1.00 -1.00 2 81 0.8928 0.9352 0.005321
192.50 C 20260812 -1.00 -1.00 29 85 0.7322 0.9517 0.005088
195.00 C 20260812 -1.00 -1.00 2 105 -1.0000 -1.0000 -1.000000
197.50 C 20260812 -1.00 -1.00 3 327 0.0008 1.0000 -0.000000
200.00 C 20260812 -1.00 -1.00 215 610 -1.0000 -1.0000 -1.000000
202.50 C 20260812 -1.00 -1.00 55 704 -1.0000 -1.0000 -1.000000
205.00 C 20260812 -1.00 -1.00 6 1518 0.3227 0.9814 0.005194
207.50 C 20260812 -1.00 -1.00 13 1755 0.3962 0.9270 0.013068
210.00 C 20260812 -1.00 -1.00 15 1395 0.3562 0.9069 0.017381
212.50 C 20260812 -1.00 -1.00 10 2369 0.3319 0.8723 0.023793
215.00 C 20260812 -1.00 -1.00 213 1114 0.3379 0.7944 0.031717
217.50 C 20260812 -1.00 -1.00 108 1165 0.3258 0.7096 0.039263
220.00 C 20260812 -1.00 -1.00 726 2545 0.3263 0.6043 0.044122
222.50 C 20260812 -1.00 -1.00 2850 4631 0.3409 0.4931 0.044100
225.00 C 20260812 -1.00 -1.00 1771 2453 0.3192 0.3770 0.044998
227.50 C 20260812 -1.00 -1.00 312 2028 0.3184 0.2752 0.039198
230.00 C 20260812 -1.00 -1.00 1189 2054 0.3167 0.1888 0.031791
232.50 C 20260812 -1.00 -1.00 246 541 0.3321 0.1314 0.024132
235.00 C 20260812 -1.00 -1.00 192 6806 0.3316 0.0822 0.017096
240.00 C 20260812 -1.00 -1.00 401 845 0.3583 0.0374 0.008486
245.00 C 20260812 -1.00 -1.00 118 1883 0.3925 0.0203 0.004593
250.00 C 20260812 -1.00 -1.00 28 1038 0.4368 0.0122 0.002703
255.00 C 20260812 -1.00 -1.00 1 199 0.4653 0.0072 0.001565
260.00 C 20260812 -1.00 -1.00 22 67 0.5161 0.0055 0.001131
182.50 P 20260812 -1.00 -1.00 21 211 0.6413 -0.0044 0.000738
185.00 P 20260812 -1.00 -1.00 7 509 0.5998 -0.0047 0.000832
187.50 P 20260812 -1.00 -1.00 63 314 0.5683 -0.0058 0.001059
190.00 P 20260812 -1.00 -1.00 3 870 0.5372 -0.0070 0.001334
192.50 P 20260812 -1.00 -1.00 16 666 0.5344 -0.0108 0.001992
195.00 P 20260812 -1.00 -1.00 9 1404 0.4983 -0.0132 0.002525
197.50 P 20260812 -1.00 -1.00 234 3560 0.4621 -0.0160 0.003201
200.00 P 20260812 -1.00 -1.00 163 1455 0.4381 -0.0218 0.004415
202.50 P 20260812 -1.00 -1.00 161 364 0.4222 -0.0315 0.006268
205.00 P 20260812 -1.00 -1.00 322 778 0.3964 -0.0448 0.008830
207.50 P 20260812 -1.00 -1.00 68 726 0.3709 -0.0599 0.012051
210.00 P 20260812 -1.00 -1.00 358 1554 0.3596 -0.0953 0.017533
212.50 P 20260812 -1.00 -1.00 512 607 0.3495 -0.1418 0.024084
215.00 P 20260812 -1.00 -1.00 339 794 0.3404 -0.2074 0.031706
217.50 P 20260812 -1.00 -1.00 480 802 0.3277 -0.2920 0.039204
220.00 P 20260812 -1.00 -1.00 1116 3199 0.3288 -0.3972 0.043937
222.50 P 20260812 -1.00 -1.00 201 528 0.3211 -0.5097 0.046963
225.00 P 20260812 -1.00 -1.00 106 463 0.3176 -0.6256 0.045462
227.50 P 20260812 -1.00 -1.00 5 12 0.3120 -0.7319 0.040017
230.00 P 20260812 -1.00 -1.00 19 20 0.3089 -0.8209 0.032259
232.50 P 20260812 -1.00 -1.00 23 7 0.2609 -0.9326 0.020865
235.00 P 20260812 -1.00 -1.00 1 46 0.2534 -0.9765 0.011567
240.00 P 20260812 -1.00 -1.00 20 21 0.3588 -0.9678 0.008918
245.00 P 20260812 -1.00 -1.00 -1 0 -1.0000 -1.0000 -1.000000
250.00 P 20260812 -1.00 -1.00 2 0 0.4311 -0.9945 0.002618
255.00 P 20260812 -1.00 -1.00 2 0 -1.0000 -1.0000 -1.000000
260.00 P 20260812 -1.00 -1.00 2 2 -1.0000 -1.0000 -1.000000
182.50 C 20260814 -1.00 -1.00 2 45 0.8781 0.9503 0.003719
185.00 C 20260814 -1.00 -1.00 57 438 0.7269 0.9673 0.003187
187.50 C 20260814 -1.00 -1.00 2 114 -1.0000 -1.0000 -1.000000
190.00 C 20260814 -1.00 -1.00 6 2238 0.6764 0.9537 0.004549
192.50 C 20260814 -1.00 -1.00 65 429 0.5262 0.9761 0.003407
195.00 C 20260814 -1.00 -1.00 93 2891 0.4865 0.9745 0.003900
197.50 C 20260814 -1.00 -1.00 58 1028 0.0009 1.0000 -0.000000
200.00 C 20260814 -1.00 -1.00 678 6305 0.4802 0.9440 0.007507
202.50 C 20260814 -1.00 -1.00 46 6218 0.5632 0.8865 0.010964
205.00 C 20260814 -1.00 -1.00 158 4330 0.3994 0.9277 0.010999
207.50 C 20260814 -1.00 -1.00 49 12392 0.3835 0.9002 0.014542
210.00 C 20260814 -1.00 -1.00 661 8474 0.3705 0.8658 0.018724
212.50 C 20260814 -1.00 -1.00 1610 6955 0.3999 0.7933 0.022995
215.00 C 20260814 -1.00 -1.00 465 15817 0.3610 0.7476 0.028261
217.50 C 20260814 -1.00 -1.00 525 3347 0.3570 0.6728 0.032590
220.00 C 20260814 -1.00 -1.00 3474 11427 0.3473 0.5888 0.035726
222.50 C 20260814 -1.00 -1.00 1794 4850 0.3455 0.4986 0.037217
225.00 C 20260814 -1.00 -1.00 5454 38065 0.3422 0.4071 0.036307
227.50 C 20260814 -1.00 -1.00 917 26026 0.3403 0.3219 0.033628
230.00 C 20260814 -1.00 -1.00 6371 25477 0.3441 0.2448 0.029522
232.50 C 20260814 -1.00 -1.00 2296 25412 0.3410 0.1813 0.024586
235.00 C 20260814 -1.00 -1.00 1752 25911 0.3467 0.1309 0.019675
237.50 C 20260814 -1.00 -1.00 385 11162 0.3545 0.0968 0.015342
240.00 C 20260814 -1.00 -1.00 601 7584 0.3623 0.0681 0.011623
242.50 C 20260814 -1.00 -1.00 113 5955 0.3710 0.0507 0.008885
245.00 C 20260814 -1.00 -1.00 1160 5652 0.3883 0.0386 0.006851
250.00 C 20260814 -1.00 -1.00 770 5691 0.4282 0.0271 0.004619
255.00 C 20260814 -1.00 -1.00 291 1342 0.4519 0.0157 0.002753
260.00 C 20260814 -1.00 -1.00 101 1707 0.4927 0.0121 0.002023
182.50 P 20260814 -1.00 -1.00 2 626 0.5970 -0.0083 0.001200
185.00 P 20260814 -1.00 -1.00 130 9040 0.5886 -0.0112 0.001597
187.50 P 20260814 -1.00 -1.00 127 1040 0.5523 -0.0126 0.001863
190.00 P 20260814 -1.00 -1.00 673 5851 0.5302 -0.0165 0.002447
192.50 P 20260814 -1.00 -1.00 165 1672 0.5050 -0.0203 0.003064
195.00 P 20260814 -1.00 -1.00 220 9291 0.4835 -0.0250 0.003854
197.50 P 20260814 -1.00 -1.00 170 1807 0.4580 -0.0308 0.004842
200.00 P 20260814 -1.00 -1.00 1777 11514 0.4351 -0.0411 0.006407
202.50 P 20260814 -1.00 -1.00 91 3963 0.4075 -0.0508 0.008146
205.00 P 20260814 -1.00 -1.00 242 10877 0.3941 -0.0694 0.010833
207.50 P 20260814 -1.00 -1.00 257 3483 0.3786 -0.0973 0.014455
210.00 P 20260814 -1.00 -1.00 1625 7202 0.3718 -0.1353 0.018783
212.50 P 20260814 -1.00 -1.00 1022 13665 0.3618 -0.1866 0.023710
215.00 P 20260814 -1.00 -1.00 8792 3143 0.3546 -0.2493 0.028651
217.50 P 20260814 -1.00 -1.00 684 1670 0.3383 -0.3205 0.034081
220.00 P 20260814 -1.00 -1.00 1848 3232 0.3438 -0.4116 0.036205
222.50 P 20260814 -1.00 -1.00 561 1172 0.3078 -0.5056 0.041941
225.00 P 20260814 -1.00 -1.00 1020 4640 0.3385 -0.5960 0.036891
227.50 P 20260814 -1.00 -1.00 451 505 0.3339 -0.6841 0.034342
230.00 P 20260814 -1.00 -1.00 9 690 0.3340 -0.7654 0.030231
232.50 P 20260814 -1.00 -1.00 37 244 0.3273 -0.8338 0.025007
235.00 P 20260814 -1.00 -1.00 225 253 0.3323 -0.8831 0.019766
237.50 P 20260814 -1.00 -1.00 21 24 0.2683 -0.9693 0.010962
240.00 P 20260814 -1.00 -1.00 91 165 0.3453 -0.9461 0.011354
242.50 P 20260814 -1.00 -1.00 8 3 -1.0000 -1.0000 -1.000000
245.00 P 20260814 -1.00 -1.00 224 27 0.3816 -0.9714 0.006812
250.00 P 20260814 -1.00 -1.00 3 0 0.4074 -0.9854 0.004339
255.00 P 20260814 -1.00 -1.00 25 0 0.4367 -0.9947 0.002362
260.00 P 20260814 -1.00 -1.00 -1 0 -1.0000 -1.0000 -1.000000
182.50 C 20260817 -1.00 -1.00 220 30 0.7044 0.9577 0.003418
185.00 C 20260817 -1.00 -1.00 4 24 0.6711 0.9539 0.003849
187.50 C 20260817 -1.00 -1.00 138 44 0.4670 0.9873 0.001869
190.00 C 20260817 -1.00 -1.00 212 70 -1.0000 -1.0000 -1.000000
192.50 C 20260817 -1.00 -1.00 138 35 0.5670 0.9421 0.005536
195.00 C 20260817 -1.00 -1.00 212 61 0.4217 0.9723 0.004085
197.50 C 20260817 -1.00 -1.00 175 43 0.6264 0.8822 0.008581
200.00 C 20260817 -1.00 -1.00 3 109 0.4368 0.9312 0.008177
202.50 C 20260817 -1.00 -1.00 3 10 0.4185 0.9123 0.010186
205.00 C 20260817 -1.00 -1.00 5 174 0.3684 0.9086 0.011937
207.50 C 20260817 -1.00 -1.00 7 36 0.3772 0.8692 0.015260
210.00 C 20260817 -1.00 -1.00 5 609 0.3520 0.8374 0.018747
212.50 C 20260817 -1.00 -1.00 4 185 0.3599 0.7820 0.022332
215.00 C 20260817 -1.00 -1.00 99 1136 0.3385 0.7284 0.026331
217.50 C 20260817 -1.00 -1.00 82 318 0.3763 0.6462 0.026851
220.00 C 20260817 -1.00 -1.00 293 5734 0.3245 0.5842 0.032340
222.50 C 20260817 -1.00 -1.00 217 5683 0.3163 0.5024 0.034305
225.00 C 20260817 -1.00 -1.00 568 1477 0.3203 0.4205 0.032894
227.50 C 20260817 -1.00 -1.00 392 888 0.3199 0.3424 0.031057
230.00 C 20260817 -1.00 -1.00 156 1010 0.3186 0.2697 0.028008
232.50 C 20260817 -1.00 -1.00 94 428 0.3141 0.2050 0.024326
235.00 C 20260817 -1.00 -1.00 102 1333 0.3229 0.1574 0.020127
237.50 C 20260817 -1.00 -1.00 15 340 0.3217 0.1155 0.016235
240.00 C 20260817 -1.00 -1.00 439 2303 0.3326 0.0882 0.012911
245.00 C 20260817 -1.00 -1.00 100 538 0.3487 0.0510 0.008013
250.00 C 20260817 -1.00 -1.00 13 602 0.3747 0.0313 0.005063
255.00 C 20260817 -1.00 -1.00 164 156 0.3949 0.0201 0.003265
260.00 C 20260817 -1.00 -1.00 14 52 0.4257 0.0135 0.002191
182.50 P 20260817 -1.00 -1.00 36 38 0.5255 -0.0100 0.001369
185.00 P 20260817 -1.00 -1.00 8 47 0.5033 -0.0123 0.001700
187.50 P 20260817 -1.00 -1.00 12 33 0.4815 -0.0155 0.002145
190.00 P 20260817 -1.00 -1.00 107 171 0.4570 -0.0183 0.002611
192.50 P 20260817 -1.00 -1.00 2 27 0.4474 -0.0243 0.003431
195.00 P 20260817 -1.00 -1.00 176 609 0.4298 -0.0306 0.004334
197.50 P 20260817 -1.00 -1.00 1308 1288 0.4074 -0.0388 0.005509
200.00 P 20260817 -1.00 -1.00 100 761 0.3937 -0.0511 0.007161
202.50 P 20260817 -1.00 -1.00 253 334 0.3817 -0.0669 0.009185
205.00 P 20260817 -1.00 -1.00 19 919 0.3556 -0.0834 0.011557
207.50 P 20260817 -1.00 -1.00 20 200 0.3522 -0.1152 0.014974
210.00 P 20260817 -1.00 -1.00 841 1007 0.3470 -0.1587 0.018744
212.50 P 20260817 -1.00 -1.00 64 339 0.3459 -0.2096 0.022701
215.00 P 20260817 -1.00 -1.00 169 8418 0.3163 -0.2580 0.027537
217.50 P 20260817 -1.00 -1.00 42 158 0.3329 -0.3379 0.030113
220.00 P 20260817 -1.00 -1.00 85 289 0.3168 -0.4142 0.033229
222.50 P 20260817 -1.00 -1.00 26 132 0.3273 -0.4974 0.033353
225.00 P 20260817 -1.00 -1.00 279 94 0.3179 -0.5812 0.033390
227.50 P 20260817 -1.00 -1.00 3 10 0.3189 -0.6598 0.031449
230.00 P 20260817 -1.00 -1.00 4 71 0.3205 -0.7313 0.028285
232.50 P 20260817 -1.00 -1.00 1 2 0.3130 -0.7995 0.024795
235.00 P 20260817 -1.00 -1.00 48 10 0.2991 -0.8687 0.020467
237.50 P 20260817 -1.00 -1.00 -1 0 0.3199 -0.8915 0.016699
240.00 P 20260817 -1.00 -1.00 15 17 -1.0000 -1.0000 -1.000000
245.00 P 20260817 -1.00 -1.00 20 34 -1.0000 -1.0000 -1.000000
250.00 P 20260817 -1.00 -1.00 -1 0 0.4832 -0.9281 0.008294
255.00 P 20260817 -1.00 -1.00 -1 0 0.5030 -0.9484 0.006259
260.00 P 20260817 -1.00 -1.00 -1 0 0.5450 -0.9576 0.005016
182.50 C 20260819 -1.00 -1.00 304 35 0.6579 0.9551 0.003518
185.00 C 20260819 -1.00 -1.00 71 8 0.6206 0.9529 0.003885
187.50 C 20260819 -1.00 -1.00 304 27 0.6037 0.9458 0.004504
190.00 C 20260819 -1.00 -1.00 120 48 0.5541 0.9459 0.004889
192.50 C 20260819 -1.00 -1.00 62 11 0.6371 0.9015 0.006708
195.00 C 20260819 -1.00 -1.00 120 23 0.6258 0.8866 0.007634
197.50 C 20260819 -1.00 -1.00 1 13 0.4729 0.9204 0.007677
200.00 C 20260819 -1.00 -1.00 5 85 0.4258 0.9182 0.008707
202.50 C 20260819 -1.00 -1.00 1 13 0.4089 0.9000 0.010563
205.00 C 20260819 -1.00 -1.00 21 37 0.4034 0.8737 0.012786
207.50 C 20260819 -1.00 -1.00 2 30 0.3846 0.8439 0.015300
210.00 C 20260819 -1.00 -1.00 3 150 0.3926 0.7972 0.017884
212.50 C 20260819 -1.00 -1.00 97 155 0.3486 0.7711 0.021566
215.00 C 20260819 -1.00 -1.00 77 199 0.3635 0.7033 0.023496
217.50 C 20260819 -1.00 -1.00 13 263 0.3476 0.6475 0.026584
220.00 C 20260819 -1.00 -1.00 40 413 0.3423 0.5787 0.028169
222.50 C 20260819 -1.00 -1.00 74 341 0.3426 0.5081 0.029027
225.00 C 20260819 -1.00 -1.00 245 10417 0.3369 0.4363 0.028804
227.50 C 20260819 -1.00 -1.00 29 103 0.3394 0.3671 0.027701
230.00 C 20260819 -1.00 -1.00 94 575 0.3346 0.3024 0.025662
232.50 C 20260819 -1.00 -1.00 7 395 0.3516 0.2528 0.022642
235.00 C 20260819 -1.00 -1.00 61 340 0.3344 0.1929 0.020124
237.50 C 20260819 -1.00 -1.00 7 67 0.3409 0.1510 0.017054
240.00 C 20260819 -1.00 -1.00 36 389 0.3652 0.1330 0.014574
242.50 C 20260819 -1.00 -1.00 49 31 0.3463 0.0904 0.011557
245.00 C 20260819 -1.00 -1.00 46 72 0.3537 0.0698 0.009371
250.00 C 20260819 -1.00 -1.00 5 127 0.3699 0.0444 0.006190
255.00 C 20260819 -1.00 -1.00 7 66 0.3910 0.0293 0.004184
260.00 C 20260819 -1.00 -1.00 13 71 0.4111 0.0201 0.002877
182.50 P 20260819 -1.00 -1.00 5 6 0.5168 -0.0162 0.001902
185.00 P 20260819 -1.00 -1.00 32 126 0.4909 -0.0181 0.002211
187.50 P 20260819 -1.00 -1.00 5 6 0.4788 -0.0228 0.002773
190.00 P 20260819 -1.00 -1.00 19 75 0.4652 -0.0277 0.003391
192.50 P 20260819 -1.00 -1.00 4 38 0.4425 -0.0339 0.004174
195.00 P 20260819 -1.00 -1.00 145 235 0.4229 -0.0418 0.005168
197.50 P 20260819 -1.00 -1.00 53 53 0.4035 -0.0505 0.006334
200.00 P 20260819 -1.00 -1.00 37 203 0.3997 -0.0680 0.008122
202.50 P 20260819 -1.00 -1.00 47 67 0.3850 -0.0879 0.010168
205.00 P 20260819 -1.00 -1.00 11 288 0.3704 -0.1093 0.012510
207.50 P 20260819 -1.00 -1.00 30 38 0.3684 -0.1461 0.015336
210.00 P 20260819 -1.00 -1.00 71 316 0.3619 -0.1870 0.018363
212.50 P 20260819 -1.00 -1.00 31 47 0.3575 -0.2352 0.021347
215.00 P 20260819 -1.00 -1.00 5 8768 0.3522 -0.2924 0.024128
217.50 P 20260819 -1.00 -1.00 5 46 0.3492 -0.3544 0.026590
220.00 P 20260819 -1.00 -1.00 102 153 0.3191 -0.4189 0.030309
222.50 P 20260819 -1.00 -1.00 31 15 0.3441 -0.4939 0.029076
225.00 P 20260819 -1.00 -1.00 9 5 0.3368 -0.5661 0.029019
227.50 P 20260819 -1.00 -1.00 10 1 0.3197 -0.6449 0.029342
230.00 P 20260819 -1.00 -1.00 1 2 0.3315 -0.7032 0.026119
232.50 P 20260819 -1.00 -1.00 1 0 0.3337 -0.7642 0.023571
235.00 P 20260819 -1.00 -1.00 70 25 0.3172 -0.8268 0.020668
237.50 P 20260819 -1.00 -1.00 -1 0 0.3164 -0.8739 0.017269
240.00 P 20260819 -1.00 -1.00 2 1 0.3111 -0.9134 0.013855
242.50 P 20260819 -1.00 -1.00 92 20 0.3427 -0.9200 0.011876
245.00 P 20260819 -1.00 -1.00 107 35 0.2839 -0.9820 0.006622
250.00 P 20260819 -1.00 -1.00 5 17 0.4767 -0.9077 0.009062
255.00 P 20260819 -1.00 -1.00 -1 0 0.6188 -0.8782 0.008311
260.00 P 20260819 -1.00 -1.00 -1 0 0.5221 -0.9493 0.005503
182.50 C 20260821 -1.00 -1.00 1 424 0.5522 0.9703 0.002786
185.00 C 20260821 -1.00 -1.00 26 8502 0.4818 0.9770 0.002571
187.50 C 20260821 -1.00 -1.00 13 370 0.4013 0.9865 0.001943
190.00 C 20260821 -1.00 -1.00 88 18157 0.3839 0.9830 0.002478
192.50 C 20260821 -1.00 -1.00 12 905 0.4113 0.9660 0.004165
195.00 C 20260821 -1.00 -1.00 73 15098 0.4215 0.9478 0.005780
197.50 C 20260821 -1.00 -1.00 112 2590 0.4061 0.9380 0.006940
200.00 C 20260821 -1.00 -1.00 188 34833 0.3972 0.9174 0.008722
202.50 C 20260821 -1.00 -1.00 29 6079 0.4091 0.8860 0.010865
205.00 C 20260821 -1.00 -1.00 193 19858 0.3804 0.8700 0.012795
207.50 C 20260821 -1.00 -1.00 1530 7191 0.3765 0.8322 0.015204
210.00 C 20260821 -1.00 -1.00 760 38831 0.4219 0.7672 0.016652
212.50 C 20260821 -1.00 -1.00 147 6815 0.3741 0.7417 0.019745
215.00 C 20260821 -1.00 -1.00 391 39471 0.3590 0.6948 0.022420
217.50 C 20260821 -1.00 -1.00 119 5024 0.3589 0.6364 0.024044
220.00 C 20260821 -1.00 -1.00 1684 49957 0.3539 0.5744 0.025356
222.50 C 20260821 -1.00 -1.00 1195 10224 0.3540 0.5111 0.026078
225.00 C 20260821 -1.00 -1.00 4279 37498 0.3485 0.4467 0.025931
227.50 C 20260821 -1.00 -1.00 262 5273 0.3515 0.3839 0.025165
230.00 C 20260821 -1.00 -1.00 3427 81227 0.3457 0.3245 0.023791
232.50 C 20260821 -1.00 -1.00 120 4349 0.3471 0.2693 0.021847
235.00 C 20260821 -1.00 -1.00 966 32211 0.3465 0.2206 0.019635
240.00 C 20260821 -1.00 -1.00 2117 39685 0.3522 0.1418 0.014739
242.50 C 20260821 -1.00 -1.00 143 135 0.3622 0.1207 0.012652
245.00 C 20260821 -1.00 -1.00 424 16554 0.3548 0.0882 0.010288
250.00 C 20260821 -1.00 -1.00 1726 90351 0.3662 0.0569 0.007081
255.00 C 20260821 -1.00 -1.00 684 8251 0.3858 0.0372 0.004822
260.00 C 20260821 -1.00 -1.00 919 24278 0.3990 0.0255 0.003371
182.50 P 20260821 -1.00 -1.00 748 6054 0.5051 -0.0207 0.002241
185.00 P 20260821 -1.00 -1.00 1182 28817 0.4910 -0.0245 0.002684
187.50 P 20260821 -1.00 -1.00 73 2470 0.4731 -0.0290 0.003207
190.00 P 20260821 -1.00 -1.00 898 45008 0.4529 -0.0353 0.003898
192.50 P 20260821 -1.00 -1.00 287 2125 0.4343 -0.0425 0.004728
195.00 P 20260821 -1.00 -1.00 457 25709 0.4245 -0.0532 0.005845
197.50 P 20260821 -1.00 -1.00 360 4235 0.4131 -0.0660 0.007141
200.00 P 20260821 -1.00 -1.00 766 41832 0.3977 -0.0831 0.008756
202.50 P 20260821 -1.00 -1.00 1578 6065 0.3846 -0.1025 0.010632
205.00 P 20260821 -1.00 -1.00 400 24764 0.3830 -0.1321 0.012857
207.50 P 20260821 -1.00 -1.00 65 3395 0.3731 -0.1662 0.015269
210.00 P 20260821 -1.00 -1.00 3063 21469 0.3718 -0.2065 0.017786
212.50 P 20260821 -1.00 -1.00 246 961 0.3510 -0.2464 0.020622
215.00 P 20260821 -1.00 -1.00 1414 18870 0.3602 -0.3066 0.022461
217.50 P 20260821 -1.00 -1.00 220 2579 0.3569 -0.3644 0.024289
220.00 P 20260821 -1.00 -1.00 636 11217 0.3520 -0.4269 0.025628
222.50 P 20260821 -1.00 -1.00 319 1164 0.3519 -0.4912 0.026402
225.00 P 20260821 -1.00 -1.00 682 6912 0.3379 -0.5584 0.026930
227.50 P 20260821 -1.00 -1.00 33 277 0.3492 -0.6202 0.025557
230.00 P 20260821 -1.00 -1.00 76 6063 0.3443 -0.6799 0.024117
232.50 P 20260821 -1.00 -1.00 7 312 0.3388 -0.7413 0.022498
235.00 P 20260821 -1.00 -1.00 303 1168 0.3173 -0.8065 0.020499
240.00 P 20260821 -1.00 -1.00 114 1215 0.2432 -0.9560 0.011998
242.50 P 20260821 -1.00 -1.00 9 6 0.3143 -0.9246 0.011851
245.00 P 20260821 -1.00 -1.00 6 46 0.3173 -0.9460 0.009654
250.00 P 20260821 -1.00 -1.00 72 640 -1.0000 -1.0000 -1.000000
255.00 P 20260821 -1.00 -1.00 6 60 0.3959 -0.9670 0.005550
260.00 P 20260821 -1.00 -1.00 21 3 0.4232 -0.9774 0.004283
162.50 C 20260807 -1.00 -1.00 59 35 5.5379 0.9649 0.001907
165.00 C 20260807 -1.00 -1.00 44 153 5.3458 0.9624 0.002087
167.50 C 20260807 -1.00 -1.00 1 62 4.8484 0.9687 0.001988
170.00 C 20260807 -1.00 -1.00 3 250 -1.0000 -1.0000 -1.000000
172.50 C 20260807 -1.00 -1.00 2 77 -1.0000 -1.0000 -1.000000
175.00 C 20260807 -1.00 -1.00 5 471 -1.0000 -1.0000 -1.000000
177.50 C 20260807 -1.00 -1.00 35 168 4.2033 0.9546 0.003100
180.00 C 20260807 -1.00 -1.00 211 997 2.9429 0.9880 0.001453
162.50 P 20260807 -1.00 -1.00 67 134 3.4012 -0.0019 0.000241
165.00 P 20260807 -1.00 -1.00 29 2034 3.2474 -0.0020 0.000263
167.50 P 20260807 -1.00 -1.00 27 354 3.0959 -0.0021 0.000288
170.00 P 20260807 -1.00 -1.00 3 11046 2.9467 -0.0022 0.000316
172.50 P 20260807 -1.00 -1.00 911 12857 2.7997 -0.0023 0.000348
175.00 P 20260807 -1.00 -1.00 5 10743 2.6548 -0.0024 0.000385
177.50 P 20260807 -1.00 -1.00 902 6495 2.6079 -0.0033 0.000516
180.00 P 20260807 -1.00 -1.00 18 31120 2.3712 -0.0027 0.000477
162.50 C 20260810 -1.00 -1.00 234 25 0.0006 1.0000 0.000000
165.00 C 20260810 -1.00 -1.00 36 24 -1.0000 -1.0000 -1.000000
167.50 C 20260810 -1.00 -1.00 61 31 0.0006 1.0000 -0.000000
170.00 C 20260810 -1.00 -1.00 52 28 1.5208 0.9737 0.001897
172.50 C 20260810 -1.00 -1.00 36 58 0.0006 1.0000 0.000000
175.00 C 20260810 -1.00 -1.00 4 9 1.5664 0.9521 0.002986
177.50 C 20260810 -1.00 -1.00 64 10 0.0006 1.0000 -0.000000
180.00 C 20260810 -1.00 -1.00 18 45 1.4448 0.9451 0.003633
162.50 P 20260810 -1.00 -1.00 1 16 1.1659 -0.0019 0.000241
165.00 P 20260810 -1.00 -1.00 208 328 1.1133 -0.0020 0.000262
167.50 P 20260810 -1.00 -1.00 1174 69 1.2253 -0.0066 0.000696
170.00 P 20260810 -1.00 -1.00 7 1119 1.0103 -0.0022 0.000315
172.50 P 20260810 -1.00 -1.00 260 356 0.9936 -0.0029 0.000421
175.00 P 20260810 -1.00 -1.00 220 361 0.9104 -0.0024 0.000384
177.50 P 20260810 -1.00 -1.00 1224 1296 0.8616 -0.0026 0.000427
180.00 P 20260810 -1.00 -1.00 131 942 0.8134 -0.0027 0.000477
162.50 C 20260812 -1.00 -1.00 126 30 1.5272 0.9630 0.001959
165.00 C 20260812 -1.00 -1.00 4 50 1.3471 0.9736 0.001701
167.50 C 20260812 -1.00 -1.00 174 39 0.0008 1.0000 0.000000
170.00 C 20260812 -1.00 -1.00 122 42 0.0008 1.0000 -0.000000
172.50 C 20260812 -1.00 -1.00 174 39 0.7496 0.9980 0.000308
175.00 C 20260812 -1.00 -1.00 30 67 0.0008 1.0000 0.000000
177.50 C 20260812 -1.00 -1.00 2 1 1.0177 0.9722 0.002351
180.00 C 20260812 -1.00 -1.00 8 26 1.0116 0.9629 0.002966
162.50 P 20260812 -1.00 -1.00 14 14 0.9531 -0.0024 0.000293
165.00 P 20260812 -1.00 -1.00 1 104 0.9111 -0.0026 0.000319
167.50 P 20260812 -1.00 -1.00 2 3787 0.8970 -0.0032 0.000403
170.00 P 20260812 -1.00 -1.00 1 133 0.8291 -0.0028 0.000383
172.50 P 20260812 -1.00 -1.00 1 137 0.7891 -0.0029 0.000421
175.00 P 20260812 -1.00 -1.00 6 522 0.7496 -0.0031 0.000464
177.50 P 20260812 -1.00 -1.00 1 333 0.7106 -0.0033 0.000515
180.00 P 20260812 -1.00 -1.00 2 407 0.6723 -0.0034 0.000573
162.50 C 20260814 -1.00 -1.00 58 20 -1.0000 -1.0000 -1.000000
165.00 C 20260814 -1.00 -1.00 1 54 -1.0000 -1.0000 -1.000000
167.50 C 20260814 -1.00 -1.00 4 46 1.3123 0.9481 0.002594
170.00 C 20260814 -1.00 -1.00 9 241 1.0062 0.9759 0.001798
172.50 C 20260814 -1.00 -1.00 2 61 1.0108 0.9680 0.002250
175.00 C 20260814 -1.00 -1.00 7 207 0.8977 0.9755 0.002047
177.50 C 20260814 -1.00 -1.00 42 25 0.8929 0.9681 0.002544
180.00 C 20260814 -1.00 -1.00 1 503 0.8179 0.9715 0.002545
162.50 P 20260814 -1.00 -1.00 1 1044 0.8383 -0.0029 0.000339
165.00 P 20260814 -1.00 -1.00 3 2629 0.8023 -0.0031 0.000369
167.50 P 20260814 -1.00 -1.00 12 214 0.7669 -0.0032 0.000403
170.00 P 20260814 -1.00 -1.00 7 4722 0.7504 -0.0044 0.000543
172.50 P 20260814 -1.00 -1.00 74 799 0.7123 -0.0046 0.000596
175.00 P 20260814 -1.00 -1.00 85 7373 0.6913 -0.0060 0.000770
177.50 P 20260814 -1.00 -1.00 3 313 0.6542 -0.0063 0.000853
180.00 P 20260814 -1.00 -1.00 26 10020 0.6339 -0.0078 0.001071
165.00 C 20260817 -1.00 -1.00 2 0 0.9705 0.9738 0.001691
167.50 C 20260817 -1.00 -1.00 -1 0 0.9258 0.9728 0.001823
170.00 C 20260817 -1.00 -1.00 2 0 0.8893 0.9705 0.002022
172.50 C 20260817 -1.00 -1.00 -1 0 0.9211 0.9570 0.002648
175.00 C 20260817 -1.00 -1.00 278 37 -1.0000 -1.0000 -1.000000
177.50 C 20260817 -1.00 -1.00 256 27 0.6758 0.9798 0.001927
180.00 C 20260817 -1.00 -1.00 2 8 0.7268 0.9636 0.002927
165.00 P 20260817 -1.00 -1.00 1 38 0.6919 -0.0036 0.000412
167.50 P 20260817 -1.00 -1.00 11 13 0.6588 -0.0037 0.000450
170.00 P 20260817 -1.00 -1.00 32 37 0.6334 -0.0044 0.000542
172.50 P 20260817 -1.00 -1.00 5 5 0.6083 -0.0052 0.000648
175.00 P 20260817 -1.00 -1.00 7 14 0.5837 -0.0060 0.000769
177.50 P 20260817 -1.00 -1.00 1 8 0.5594 -0.0069 0.000909
180.00 P 20260817 -1.00 -1.00 16 68 0.5424 -0.0084 0.001126
165.00 C 20260819 -1.00 -1.00 -1 0 0.8491 0.9779 0.001526
170.00 C 20260819 -1.00 -1.00 10 0 0.8128 0.9709 0.002005
172.50 C 20260819 -1.00 -1.00 -1 0 0.7729 0.9698 0.002173
175.00 C 20260819 -1.00 -1.00 12 1 0.7405 0.9671 0.002423
177.50 C 20260819 -1.00 -1.00 -1 0 0.7085 0.9643 0.002707
180.00 C 20260819 -1.00 -1.00 3 2 0.6906 0.9583 0.003152
165.00 P 20260819 -1.00 -1.00 -1 0 0.6671 -0.0058 0.000602
170.00 P 20260819 -1.00 -1.00 51 70 0.6197 -0.0073 0.000796
172.50 P 20260819 -1.00 -1.00 9 9 0.6030 -0.0086 0.000948
175.00 P 20260819 -1.00 -1.00 15 26 0.5866 -0.0099 0.001116
177.50 P 20260819 -1.00 -1.00 2 2 0.5616 -0.0114 0.001305
180.00 P 20260819 -1.00 -1.00 70 192 0.5378 -0.0134 0.001563
165.00 C 20260821 -1.00 -1.00 23 2079 0.0013 1.0000 -0.000000
170.00 C 20260821 -1.00 -1.00 5 6492 0.6254 0.9883 0.001106
175.00 C 20260821 -1.00 -1.00 206 3470 0.0013 1.0000 -0.000000
180.00 C 20260821 -1.00 -1.00 20 12677 0.4834 0.9896 0.001304
165.00 P 20260821 -1.00 -1.00 293 22767 0.6441 -0.0075 0.000727
170.00 P 20260821 -1.00 -1.00 186 24799 0.6120 -0.0099 0.000986
175.00 P 20260821 -1.00 -1.00 1900 28814 0.5619 -0.0126 0.001310
180.00 P 20260821 -1.00 -1.00 4342 42364 0.5222 -0.0175 0.001871
265.00 C 20260807 -1.00 -1.00 1 645 2.0662 0.0042 0.000820
270.00 C 20260807 -1.00 -1.00 119 762 2.1714 0.0031 0.000577
275.00 C 20260807 -1.00 -1.00 4 137 2.4282 0.0036 0.000604
280.00 C 20260807 -1.00 -1.00 4 1838 2.5281 0.0027 0.000434
265.00 P 20260807 -1.00 -1.00 -1 0 -1.0000 -1.0000 -1.000000
270.00 P 20260807 -1.00 -1.00 -1 0 2.9254 -0.9768 0.002558
275.00 P 20260807 -1.00 -1.00 2 0 2.5764 -0.9945 0.000862
280.00 P 20260807 -1.00 -1.00 -1 0 2.7756 -0.9948 0.000759
265.00 C 20260810 -1.00 -1.00 508 138 0.6798 0.0033 0.000682
270.00 C 20260810 -1.00 -1.00 159 246 0.7428 0.0031 0.000578
275.00 C 20260810 -1.00 -1.00 25 830 0.8306 0.0036 0.000605
280.00 C 20260810 -1.00 -1.00 1 5 0.9501 0.0054 0.000756
265.00 P 20260810 -1.00 -1.00 -1 0 0.7298 -0.9972 0.001022
270.00 P 20260810 -1.00 -1.00 -1 0 0.8676 -0.9921 0.001513
275.00 P 20260810 -1.00 -1.00 -1 0 -1.0000 -1.0000 -1.000000
280.00 P 20260810 -1.00 -1.00 -1 0 1.0056 -0.9930 0.001166
265.00 C 20260812 -1.00 -1.00 4 48 0.5728 0.0051 0.000945
270.00 C 20260812 -1.00 -1.00 6 104 0.5888 0.0031 0.000578
275.00 C 20260812 -1.00 -1.00 6 6 0.6584 0.0036 0.000606
280.00 C 20260812 -1.00 -1.00 12 16 0.7064 0.0034 0.000531
265.00 P 20260812 -1.00 -1.00 4 0 -1.0000 -1.0000 -1.000000
270.00 P 20260812 -1.00 -1.00 4 0 -1.0000 -1.0000 -1.000000
275.00 P 20260812 -1.00 -1.00 2 0 -1.0000 -1.0000 -1.000000
280.00 P 20260812 -1.00 -1.00 2 0 0.8236 -0.9922 0.001368
265.00 C 20260814 -1.00 -1.00 26 448 0.5149 0.0082 0.001365
270.00 C 20260814 -1.00 -1.00 8 3758 0.5436 0.0054 0.000903
275.00 C 20260814 -1.00 -1.00 1 654 0.5793 0.0044 0.000700
280.00 C 20260814 -1.00 -1.00 180 455 0.6029 0.0034 0.000531
265.00 P 20260814 -1.00 -1.00 -1 0 -1.0000 -1.0000 -1.000000
270.00 P 20260814 -1.00 -1.00 -1 0 -1.0000 -1.0000 -1.000000
275.00 P 20260814 -1.00 -1.00 -1 0 -1.0000 -1.0000 -1.000000
280.00 P 20260814 -1.00 -1.00 -1 0 -1.0000 -1.0000 -1.000000
265.00 C 20260817 -1.00 -1.00 39 32 0.4446 0.0097 0.001545
270.00 C 20260817 -1.00 -1.00 45 162 0.4689 0.0069 0.001083
275.00 C 20260817 -1.00 -1.00 6 7 0.4980 0.0051 0.000785
280.00 C 20260817 -1.00 -1.00 101 101 0.5079 0.0034 0.000532
265.00 P 20260817 -1.00 -1.00 -1 0 0.6621 -0.9404 0.005148
270.00 P 20260817 -1.00 -1.00 -1 0 0.6715 -0.9570 0.004028
275.00 P 20260817 -1.00 -1.00 -1 0 0.6743 -0.9721 0.003032
280.00 P 20260817 -1.00 -1.00 -1 0 0.7741 -0.9617 0.003198
265.00 C 20260819 -1.00 -1.00 9 39 0.4392 0.0143 0.002040
270.00 C 20260819 -1.00 -1.00 15 23 0.4585 0.0109 0.001525
275.00 C 20260819 -1.00 -1.00 8 8 0.4752 0.0077 0.001080
280.00 C 20260819 -1.00 -1.00 1 2 0.4965 0.0054 0.000760
265.00 P 20260819 -1.00 -1.00 -1 0 0.5540 -0.9597 0.004462
270.00 P 20260819 -1.00 -1.00 -1 0 0.6024 -0.9624 0.003893
275.00 P 20260819 -1.00 -1.00 -1 0 0.7188 -0.9431 0.004215
280.00 P 20260819 -1.00 -1.00 -1 0 0.7374 -0.9538 0.003545
265.00 C 20260821 -1.00 -1.00 431 6785 0.4250 0.0196 0.002530
270.00 C 20260821 -1.00 -1.00 574 15095 0.4432 0.0133 0.001758
275.00 C 20260821 -1.00 -1.00 171 7917 0.4587 0.0102 0.001328
280.00 C 20260821 -1.00 -1.00 37 11765 0.4783 0.0078 0.001009
265.00 P 20260821 -1.00 -1.00 13 0 0.4951 -0.9691 0.004076
270.00 P 20260821 -1.00 -1.00 32 12 0.4744 -0.9888 0.002526
275.00 P 20260821 -1.00 -1.00 2 0 -1.0000 -1.0000 -1.000000
280.00 P 20260821 -1.00 -1.00 2 2 0.5504 -0.9902 0.001948
