# opt_chain TSLA | epoch 1786125675 | 2026-08-07 14:01:15 | spot 327.34 | exps 20260807 20260810 20260812 20260814 20260817 20260819 20260821
# fuente polygon_snapshot_v3 | greeks polygon_directo | iv polygon_directo | oi polygon_directo | vol day.volume(-1 si no cotizo) | bid/ask NO_ENTITLED(-1) | spot_src ibkr_bridge spot_edad_s 74 | band 0.4050 vencimientos 7 exp_hasta 2026-08-21
# strike right exp bid ask vol oi iv delta gamma
240.00 C 20260807 -1.00 -1.00 58 63 -1.0000 -1.0000 -1.000000
242.50 C 20260807 -1.00 -1.00 2 4 3.9999 0.9987 0.000127
245.00 C 20260807 -1.00 -1.00 10 33 -1.0000 -1.0000 -1.000000
247.50 C 20260807 -1.00 -1.00 8 11 5.1037 0.9856 0.000835
250.00 C 20260807 -1.00 -1.00 74 98 4.6432 0.9902 0.000664
252.50 C 20260807 -1.00 -1.00 6 33 4.1936 0.9929 0.000546
255.00 C 20260807 -1.00 -1.00 86 92 4.6803 0.9829 0.001053
257.50 C 20260807 -1.00 -1.00 13 32 4.7145 0.9787 0.001269
260.00 C 20260807 -1.00 -1.00 41 54 4.1047 0.9874 0.000930
262.50 C 20260807 -1.00 -1.00 2 15 -1.0000 -1.0000 -1.000000
265.00 C 20260807 -1.00 -1.00 7 55 3.3489 0.9936 0.000626
267.50 C 20260807 -1.00 -1.00 9 15 4.1500 0.9743 0.001705
270.00 C 20260807 -1.00 -1.00 15 54 3.5545 0.9837 0.001331
272.50 C 20260807 -1.00 -1.00 14 15 3.2160 0.9886 0.001098
275.00 C 20260807 -1.00 -1.00 18 39 -1.0000 -1.0000 -1.000000
277.50 C 20260807 -1.00 -1.00 8 1 3.7483 0.9592 0.002735
280.00 C 20260807 -1.00 -1.00 61 202 3.1484 0.9752 0.002169
282.50 C 20260807 -1.00 -1.00 17 268 3.5350 0.9502 0.003416
285.00 C 20260807 -1.00 -1.00 558 596 2.6745 0.9788 0.002221
287.50 C 20260807 -1.00 -1.00 9 39 2.3489 0.9849 0.001888
290.00 C 20260807 -1.00 -1.00 152 243 -1.0000 -1.0000 -1.000000
292.50 C 20260807 -1.00 -1.00 13 69 2.2519 0.9751 0.003040
295.00 C 20260807 -1.00 -1.00 93 346 -1.0000 -1.0000 -1.000000
297.50 C 20260807 -1.00 -1.00 76 180 1.7357 0.9842 0.002662
300.00 C 20260807 -1.00 -1.00 198 799 1.8299 0.9699 0.004415
302.50 C 20260807 -1.00 -1.00 42 424 -1.0000 -1.0000 -1.000000
305.00 C 20260807 -1.00 -1.00 192 2593 -1.0000 -1.0000 -1.000000
307.50 C 20260807 -1.00 -1.00 140 1574 0.9437 0.9953 0.001685
310.00 C 20260807 -1.00 -1.00 2779 3905 0.8289 0.9948 0.002111
312.50 C 20260807 -1.00 -1.00 1782 3098 0.7151 0.9940 0.002739
315.00 C 20260807 -1.00 -1.00 13581 12228 0.6962 0.9832 0.006972
317.50 C 20260807 -1.00 -1.00 10457 13377 0.7167 0.9482 0.017372
320.00 C 20260807 -1.00 -1.00 23290 13708 0.4430 0.9748 0.015619
322.50 C 20260807 -1.00 -1.00 33150 10001 0.3398 0.9502 0.035455
325.00 C 20260807 -1.00 -1.00 113098 17148 0.3025 0.8060 0.107266
327.50 C 20260807 -1.00 -1.00 149737 4987 0.2697 0.4522 0.173526
330.00 C 20260807 -1.00 -1.00 326056 26843 0.3164 0.1517 0.087778
332.50 C 20260807 -1.00 -1.00 190434 13636 0.3929 0.0583 0.034926
335.00 C 20260807 -1.00 -1.00 160550 9196 0.4786 0.0283 0.015983
337.50 C 20260807 -1.00 -1.00 52332 3977 0.5525 0.0147 0.007868
340.00 C 20260807 -1.00 -1.00 55216 12183 0.6189 0.0083 0.004246
342.50 C 20260807 -1.00 -1.00 12479 2919 0.7219 0.0072 0.003206
345.00 C 20260807 -1.00 -1.00 9491 8174 0.8242 0.0064 0.002525
347.50 C 20260807 -1.00 -1.00 3727 2529 0.9257 0.0058 0.002053
350.00 C 20260807 -1.00 -1.00 10019 19819 1.0265 0.0053 0.001712
352.50 C 20260807 -1.00 -1.00 2442 1687 1.1266 0.0048 0.001456
355.00 C 20260807 -1.00 -1.00 1380 2405 1.2259 0.0045 0.001259
357.50 C 20260807 -1.00 -1.00 747 1300 1.3221 0.0042 0.001103
360.00 C 20260807 -1.00 -1.00 1676 4339 1.4089 0.0040 0.000977
362.50 C 20260807 -1.00 -1.00 608 2843 1.4951 0.0038 0.000872
365.00 C 20260807 -1.00 -1.00 1096 3241 1.5806 0.0036 0.000785
367.50 C 20260807 -1.00 -1.00 135 3898 1.6657 0.0034 0.000711
370.00 C 20260807 -1.00 -1.00 637 6127 1.7501 0.0032 0.000647
372.50 C 20260807 -1.00 -1.00 1076 907 1.8340 0.0031 0.000593
375.00 C 20260807 -1.00 -1.00 1148 2087 1.9173 0.0030 0.000545
377.50 C 20260807 -1.00 -1.00 1202 2576 2.0000 0.0029 0.000504
380.00 C 20260807 -1.00 -1.00 767 2517 2.0822 0.0027 0.000467
382.50 C 20260807 -1.00 -1.00 4 569 2.2318 0.0034 0.000529
385.00 C 20260807 -1.00 -1.00 182 1854 2.2450 0.0026 0.000406
387.50 C 20260807 -1.00 -1.00 360 1137 2.3257 0.0025 0.000381
390.00 C 20260807 -1.00 -1.00 870 1793 2.4058 0.0024 0.000358
392.50 C 20260807 -1.00 -1.00 812 619 2.5524 0.0030 0.000411
395.00 C 20260807 -1.00 -1.00 480 1464 2.5644 0.0023 0.000318
397.50 C 20260807 -1.00 -1.00 3 1470 2.8429 0.0040 0.000482
400.00 C 20260807 -1.00 -1.00 117 5970 2.7211 0.0021 0.000285
402.50 C 20260807 -1.00 -1.00 18 1260 2.7987 0.0021 0.000271
405.00 C 20260807 -1.00 -1.00 32 3202 2.8759 0.0020 0.000258
410.00 C 20260807 -1.00 -1.00 96 1851 3.0944 0.0025 0.000288
415.00 C 20260807 -1.00 -1.00 6 637 3.7773 0.0083 0.000697
240.00 P 20260807 -1.00 -1.00 186 1049 6.3074 -0.0231 0.001022
242.50 P 20260807 -1.00 -1.00 6 211 4.3597 -0.0029 0.000240
245.00 P 20260807 -1.00 -1.00 138 528 4.0577 -0.0023 0.000203
247.50 P 20260807 -1.00 -1.00 331 572 3.8434 -0.0019 0.000186
250.00 P 20260807 -1.00 -1.00 202 1974 5.6535 -0.0263 0.001282
252.50 P 20260807 -1.00 -1.00 59 172 4.8844 -0.0173 0.001021
255.00 P 20260807 -1.00 -1.00 23 803 4.2721 -0.0096 0.000709
257.50 P 20260807 -1.00 -1.00 7 249 3.5878 -0.0036 0.000349
260.00 P 20260807 -1.00 -1.00 47 2177 4.1471 -0.0136 0.000979
262.50 P 20260807 -1.00 -1.00 20 373 4.7345 -0.0307 0.001726
265.00 P 20260807 -1.00 -1.00 139 5164 2.8925 -0.0020 0.000247
267.50 P 20260807 -1.00 -1.00 84 387 2.8549 -0.0026 0.000326
270.00 P 20260807 -1.00 -1.00 437 3017 2.6556 -0.0021 0.000290
272.50 P 20260807 -1.00 -1.00 383 487 2.7545 -0.0039 0.000496
275.00 P 20260807 -1.00 -1.00 175 1858 3.8274 -0.0356 0.002396
277.50 P 20260807 -1.00 -1.00 4 1068 2.3083 -0.0024 0.000378
280.00 P 20260807 -1.00 -1.00 335 3716 2.1946 -0.0025 0.000416
282.50 P 20260807 -1.00 -1.00 91 682 2.0820 -0.0027 0.000459
285.00 P 20260807 -1.00 -1.00 119 1641 1.9703 -0.0028 0.000510
287.50 P 20260807 -1.00 -1.00 39 1047 2.2229 -0.0104 0.001465
290.00 P 20260807 -1.00 -1.00 174 3816 1.7500 -0.0032 0.000640
292.50 P 20260807 -1.00 -1.00 17 2175 1.6935 -0.0043 0.000865
295.00 P 20260807 -1.00 -1.00 91 4242 1.5334 -0.0036 0.000824
297.50 P 20260807 -1.00 -1.00 79 860 1.4256 -0.0039 0.000947
300.00 P 20260807 -1.00 -1.00 1203 8608 1.3074 -0.0042 0.001100
302.50 P 20260807 -1.00 -1.00 632 2096 1.1901 -0.0045 0.001297
305.00 P 20260807 -1.00 -1.00 2046 7469 1.0737 -0.0050 0.001555
307.50 P 20260807 -1.00 -1.00 3272 2766 0.9584 -0.0055 0.001904
310.00 P 20260807 -1.00 -1.00 9087 8925 0.8439 -0.0062 0.002394
312.50 P 20260807 -1.00 -1.00 4312 3580 0.7304 -0.0071 0.003114
315.00 P 20260807 -1.00 -1.00 13417 9263 0.6178 -0.0083 0.004237
317.50 P 20260807 -1.00 -1.00 27119 9692 0.5062 -0.0100 0.006142
320.00 P 20260807 -1.00 -1.00 71746 14870 0.3917 -0.0126 0.009797
322.50 P 20260807 -1.00 -1.00 66764 5099 0.3259 -0.0428 0.032683
325.00 P 20260807 -1.00 -1.00 145866 4087 0.2860 -0.1811 0.108456
327.50 P 20260807 -1.00 -1.00 126704 1434 0.2690 -0.5483 0.174122
330.00 P 20260807 -1.00 -1.00 121042 3520 0.3238 -0.8426 0.088048
332.50 P 20260807 -1.00 -1.00 30764 859 0.3651 -0.9547 0.031048
335.00 P 20260807 -1.00 -1.00 16200 1235 0.3761 -0.9933 0.006676
337.50 P 20260807 -1.00 -1.00 6876 216 -1.0000 -1.0000 -1.000000
340.00 P 20260807 -1.00 -1.00 3728 291 -1.0000 -1.0000 -1.000000
342.50 P 20260807 -1.00 -1.00 136 0 0.6866 -0.9962 0.002238
345.00 P 20260807 -1.00 -1.00 285 142 -1.0000 -1.0000 -1.000000
347.50 P 20260807 -1.00 -1.00 13 55 1.3191 -0.9598 0.007721
350.00 P 20260807 -1.00 -1.00 76 62 1.4787 -0.9593 0.006951
352.50 P 20260807 -1.00 -1.00 3 0 1.6372 -0.9589 0.006329
355.00 P 20260807 -1.00 -1.00 15 42 1.4379 -0.9865 0.002884
357.50 P 20260807 -1.00 -1.00 486 2 1.8250 -0.9694 0.004505
360.00 P 20260807 -1.00 -1.00 119 34 1.6501 -0.9880 0.002268
362.50 P 20260807 -1.00 -1.00 46 0 1.9905 -0.9753 0.003419
365.00 P 20260807 -1.00 -1.00 13 17 2.0452 -0.9793 0.002852
367.50 P 20260807 -1.00 -1.00 20 1 -1.0000 -1.0000 -1.000000
370.00 P 20260807 -1.00 -1.00 17 10 1.9054 -0.9938 0.001101
372.50 P 20260807 -1.00 -1.00 1 0 2.1268 -0.9905 0.001417
375.00 P 20260807 -1.00 -1.00 4 23 2.8495 -0.9670 0.003072
377.50 P 20260807 -1.00 -1.00 3 0 -1.0000 -1.0000 -1.000000
380.00 P 20260807 -1.00 -1.00 140 1 -1.0000 -1.0000 -1.000000
382.50 P 20260807 -1.00 -1.00 2 1 2.4967 -0.9918 0.001057
385.00 P 20260807 -1.00 -1.00 4 3 2.1517 -0.9987 0.000270
387.50 P 20260807 -1.00 -1.00 4 0 -1.0000 -1.0000 -1.000000
390.00 P 20260807 -1.00 -1.00 34 11 3.0975 -0.9855 0.001403
392.50 P 20260807 -1.00 -1.00 50 0 3.1025 -0.9880 0.001192
395.00 P 20260807 -1.00 -1.00 10 0 -1.0000 -1.0000 -1.000000
397.50 P 20260807 -1.00 -1.00 10 0 3.5047 -0.9828 0.001423
400.00 P 20260807 -1.00 -1.00 18 1 3.5520 -0.9850 0.001257
402.50 P 20260807 -1.00 -1.00 18 0 -1.0000 -1.0000 -1.000000
405.00 P 20260807 -1.00 -1.00 31 11 -1.0000 -1.0000 -1.000000
410.00 P 20260807 -1.00 -1.00 199 20 -1.0000 -1.0000 -1.000000
415.00 P 20260807 -1.00 -1.00 4 0 -1.0000 -1.0000 -1.000000
240.00 C 20260810 -1.00 -1.00 12 34 -1.0000 -1.0000 -1.000000
245.00 C 20260810 -1.00 -1.00 266 7 -1.0000 -1.0000 -1.000000
247.50 C 20260810 -1.00 -1.00 84 4 1.3293 0.9905 0.000627
250.00 C 20260810 -1.00 -1.00 54 15 0.0006 1.0000 -0.000000
252.50 C 20260810 -1.00 -1.00 84 4 1.2687 0.9886 0.000766
255.00 C 20260810 -1.00 -1.00 20 4 1.2238 0.9883 0.000813
257.50 C 20260810 -1.00 -1.00 114 20 1.1974 0.9865 0.000933
260.00 C 20260810 -1.00 -1.00 52 16 1.2429 0.9794 0.001295
262.50 C 20260810 -1.00 -1.00 114 20 1.1632 0.9814 0.001266
265.00 C 20260810 -1.00 -1.00 4 15 1.0487 0.9868 0.001049
267.50 C 20260810 -1.00 -1.00 -1 0 1.1761 0.9721 0.001786
270.00 C 20260810 -1.00 -1.00 84 28 0.9988 0.9825 0.001397
272.50 C 20260810 -1.00 -1.00 -1 0 0.9217 0.9853 0.001302
275.00 C 20260810 -1.00 -1.00 47 12 0.8103 0.9908 0.000989
277.50 C 20260810 -1.00 -1.00 31 21 0.9431 0.9736 0.002125
280.00 C 20260810 -1.00 -1.00 145 20 0.8328 0.9795 0.001918
282.50 C 20260810 -1.00 -1.00 94 16 0.7578 0.9828 0.001815
285.00 C 20260810 -1.00 -1.00 2 41 0.5833 0.9954 0.000744
287.50 C 20260810 -1.00 -1.00 4 73 0.6609 0.9835 0.002001
290.00 C 20260810 -1.00 -1.00 44 62 -1.0000 -1.0000 -1.000000
292.50 C 20260810 -1.00 -1.00 14 15 0.5827 0.9817 0.002481
295.00 C 20260810 -1.00 -1.00 16 45 0.6066 0.9701 0.003668
297.50 C 20260810 -1.00 -1.00 22 31 -1.0000 -1.0000 -1.000000
300.00 C 20260810 -1.00 -1.00 80 90 -1.0000 -1.0000 -1.000000
302.50 C 20260810 -1.00 -1.00 10 159 0.4848 0.9607 0.005678
305.00 C 20260810 -1.00 -1.00 94 780 0.0006 1.0000 0.000000
307.50 C 20260810 -1.00 -1.00 15 225 0.3228 0.9814 0.004550
310.00 C 20260810 -1.00 -1.00 1489 309 0.2863 0.9795 0.005592
312.50 C 20260810 -1.00 -1.00 1385 1606 0.3000 0.9513 0.010919
315.00 C 20260810 -1.00 -1.00 4444 373 0.2803 0.9313 0.015517
317.50 C 20260810 -1.00 -1.00 1885 621 0.2800 0.8805 0.023455
320.00 C 20260810 -1.00 -1.00 14473 2495 0.2614 0.8231 0.032364
322.50 C 20260810 -1.00 -1.00 7690 942 0.2635 0.7282 0.041101
325.00 C 20260810 -1.00 -1.00 23839 1579 0.2711 0.6143 0.046221
327.50 C 20260810 -1.00 -1.00 21825 908 0.2762 0.4964 0.047723
330.00 C 20260810 -1.00 -1.00 41025 3441 0.2813 0.3828 0.044712
332.50 C 20260810 -1.00 -1.00 19951 904 0.2871 0.2853 0.038621
335.00 C 20260810 -1.00 -1.00 23391 1794 0.2972 0.2074 0.031499
337.50 C 20260810 -1.00 -1.00 9799 1352 0.3062 0.1443 0.024442
340.00 C 20260810 -1.00 -1.00 16324 2426 0.3119 0.1001 0.018300
342.50 C 20260810 -1.00 -1.00 5609 683 0.3247 0.0682 0.013326
345.00 C 20260810 -1.00 -1.00 4789 827 0.3330 0.0475 0.009626
347.50 C 20260810 -1.00 -1.00 1991 613 0.3517 0.0339 0.007010
350.00 C 20260810 -1.00 -1.00 7688 5011 0.3616 0.0246 0.005163
352.50 C 20260810 -1.00 -1.00 628 278 0.3811 0.0194 0.003991
355.00 C 20260810 -1.00 -1.00 887 485 0.4004 0.0147 0.003018
357.50 C 20260810 -1.00 -1.00 432 396 0.4217 0.0121 0.002438
360.00 C 20260810 -1.00 -1.00 987 2410 0.4487 0.0115 0.002171
362.50 C 20260810 -1.00 -1.00 258 159 0.4617 0.0092 0.001732
365.00 C 20260810 -1.00 -1.00 1188 3163 0.4884 0.0088 0.001563
367.50 C 20260810 -1.00 -1.00 204 252 0.5080 0.0076 0.001320
370.00 C 20260810 -1.00 -1.00 547 453 0.5275 0.0065 0.001108
372.50 C 20260810 -1.00 -1.00 96 254 0.5468 0.0055 0.000924
375.00 C 20260810 -1.00 -1.00 400 313 0.5728 0.0053 0.000852
377.50 C 20260810 -1.00 -1.00 21 139 0.5901 0.0044 0.000706
380.00 C 20260810 -1.00 -1.00 640 436 0.6128 0.0042 0.000657
382.50 C 20260810 -1.00 -1.00 11 33 0.6353 0.0041 0.000613
385.00 C 20260810 -1.00 -1.00 251 195 0.6392 0.0033 0.000496
387.50 C 20260810 -1.00 -1.00 14 162 0.6985 0.0044 0.000605
390.00 C 20260810 -1.00 -1.00 98 189 0.6837 0.0031 0.000437
395.00 C 20260810 -1.00 -1.00 40 97 0.7642 0.0041 0.000510
400.00 C 20260810 -1.00 -1.00 16 283 0.7891 0.0033 0.000407
405.00 C 20260810 -1.00 -1.00 122 206 0.8137 0.0026 0.000316
410.00 C 20260810 -1.00 -1.00 9 110 0.8920 0.0035 0.000380
415.00 C 20260810 -1.00 -1.00 34 158 0.9335 0.0034 0.000349
240.00 P 20260810 -1.00 -1.00 3 293 1.2215 -0.0025 0.000204
245.00 P 20260810 -1.00 -1.00 27 44 1.1484 -0.0027 0.000230
247.50 P 20260810 -1.00 -1.00 10 6 1.1125 -0.0027 0.000244
250.00 P 20260810 -1.00 -1.00 50 2416 1.0768 -0.0028 0.000260
252.50 P 20260810 -1.00 -1.00 1 14 1.0416 -0.0029 0.000277
255.00 P 20260810 -1.00 -1.00 24 272 1.0300 -0.0034 0.000326
257.50 P 20260810 -1.00 -1.00 18 30 0.9941 -0.0035 0.000348
260.00 P 20260810 -1.00 -1.00 21 1978 0.8687 -0.0018 0.000212
262.50 P 20260810 -1.00 -1.00 17 1198 0.9040 -0.0034 0.000364
265.00 P 20260810 -1.00 -1.00 350 583 0.8705 -0.0035 0.000392
267.50 P 20260810 -1.00 -1.00 20 61 0.8360 -0.0036 0.000422
270.00 P 20260810 -1.00 -1.00 145 398 0.7995 -0.0038 0.000457
272.50 P 20260810 -1.00 -1.00 1 44 0.7716 -0.0045 0.000545
275.00 P 20260810 -1.00 -1.00 123 3130 0.6945 -0.0029 0.000418
277.50 P 20260810 -1.00 -1.00 12 58 0.6920 -0.0043 0.000589
280.00 P 20260810 -1.00 -1.00 906 520 0.6311 -0.0032 0.000502
282.50 P 20260810 -1.00 -1.00 111 427 0.6219 -0.0047 0.000712
285.00 P 20260810 -1.00 -1.00 396 265 0.5793 -0.0043 0.000703
287.50 P 20260810 -1.00 -1.00 3 113 0.5451 -0.0045 0.000783
290.00 P 20260810 -1.00 -1.00 143 433 0.5192 -0.0056 0.000984
292.50 P 20260810 -1.00 -1.00 26 882 0.4935 -0.0067 0.001224
295.00 P 20260810 -1.00 -1.00 97 226 0.4760 -0.0088 0.001619
297.50 P 20260810 -1.00 -1.00 97 486 0.4428 -0.0094 0.001854
300.00 P 20260810 -1.00 -1.00 1088 1216 0.4224 -0.0119 0.002388
302.50 P 20260810 -1.00 -1.00 609 404 0.3922 -0.0146 0.003050
305.00 P 20260810 -1.00 -1.00 679 739 0.3589 -0.0169 0.003764
307.50 P 20260810 -1.00 -1.00 941 1151 0.3360 -0.0225 0.005164
310.00 P 20260810 -1.00 -1.00 1819 1108 0.3184 -0.0317 0.007323
312.50 P 20260810 -1.00 -1.00 1059 533 0.2987 -0.0481 0.010857
315.00 P 20260810 -1.00 -1.00 2953 860 0.2864 -0.0741 0.016009
317.50 P 20260810 -1.00 -1.00 3425 684 0.2786 -0.1187 0.023457
320.00 P 20260810 -1.00 -1.00 11326 1215 0.2718 -0.1861 0.032226
322.50 P 20260810 -1.00 -1.00 7434 1050 0.2708 -0.2777 0.040468
325.00 P 20260810 -1.00 -1.00 13403 1427 0.2728 -0.3872 0.046079
327.50 P 20260810 -1.00 -1.00 11359 186 0.2805 -0.5047 0.047142
330.00 P 20260810 -1.00 -1.00 19982 158 0.2860 -0.6166 0.044222
332.50 P 20260810 -1.00 -1.00 11589 58 0.2916 -0.7134 0.038433
335.00 P 20260810 -1.00 -1.00 15905 71 0.3030 -0.7907 0.031541
337.50 P 20260810 -1.00 -1.00 959 44 0.3115 -0.8537 0.024750
340.00 P 20260810 -1.00 -1.00 3912 86 0.3115 -0.9036 0.018555
342.50 P 20260810 -1.00 -1.00 168 93 0.3245 -0.9356 0.013572
345.00 P 20260810 -1.00 -1.00 58 67 0.3297 -0.9586 0.009695
347.50 P 20260810 -1.00 -1.00 12 27 -1.0000 -1.0000 -1.000000
350.00 P 20260810 -1.00 -1.00 148 97 0.4028 -0.9652 0.006903
352.50 P 20260810 -1.00 -1.00 6 0 0.4389 -0.9676 0.005982
355.00 P 20260810 -1.00 -1.00 70 1 0.5150 -0.9536 0.006469
357.50 P 20260810 -1.00 -1.00 72 0 -1.0000 -1.0000 -1.000000
360.00 P 20260810 -1.00 -1.00 14 32 -1.0000 -1.0000 -1.000000
362.50 P 20260810 -1.00 -1.00 -1 0 -1.0000 -1.0000 -1.000000
365.00 P 20260810 -1.00 -1.00 3 0 -1.0000 -1.0000 -1.000000
367.50 P 20260810 -1.00 -1.00 4 5 -1.0000 -1.0000 -1.000000
370.00 P 20260810 -1.00 -1.00 3 0 -1.0000 -1.0000 -1.000000
372.50 P 20260810 -1.00 -1.00 1 0 0.6874 -0.9783 0.002708
375.00 P 20260810 -1.00 -1.00 12 0 -1.0000 -1.0000 -1.000000
377.50 P 20260810 -1.00 -1.00 -1 0 0.7772 -0.9751 0.002633
380.00 P 20260810 -1.00 -1.00 3 0 0.8366 -0.9717 0.002693
382.50 P 20260810 -1.00 -1.00 -1 0 0.8654 -0.9725 0.002536
385.00 P 20260810 -1.00 -1.00 2 0 0.8939 -0.9733 0.002393
387.50 P 20260810 -1.00 -1.00 18 0 0.9072 -0.9759 0.002169
390.00 P 20260810 -1.00 -1.00 5 0 0.9505 -0.9747 0.002147
395.00 P 20260810 -1.00 -1.00 3 0 0.9453 -0.9836 0.001560
400.00 P 20260810 -1.00 -1.00 -1 0 0.9845 -0.9865 0.001306
405.00 P 20260810 -1.00 -1.00 10 0 0.9729 -0.9915 0.000956
410.00 P 20260810 -1.00 -1.00 6 0 -1.0000 -1.0000 -1.000000
415.00 P 20260810 -1.00 -1.00 -1 0 -1.0000 -1.0000 -1.000000
240.00 C 20260812 -1.00 -1.00 2 1 1.1501 0.9911 0.000538
242.50 C 20260812 -1.00 -1.00 1 0 1.1443 0.9897 0.000617
245.00 C 20260812 -1.00 -1.00 2 1 1.1947 0.9827 0.000912
247.50 C 20260812 -1.00 -1.00 -1 0 1.0851 0.9879 0.000738
250.00 C 20260812 -1.00 -1.00 -1 0 1.0487 0.9876 0.000780
252.50 C 20260812 -1.00 -1.00 -1 0 1.0127 0.9873 0.000825
255.00 C 20260812 -1.00 -1.00 -1 0 0.9771 0.9870 0.000874
257.50 C 20260812 -1.00 -1.00 -1 0 0.9986 0.9813 0.001163
260.00 C 20260812 -1.00 -1.00 9 1 0.9634 0.9808 0.001237
262.50 C 20260812 -1.00 -1.00 -1 0 0.8863 0.9843 0.001126
265.00 C 20260812 -1.00 -1.00 -1 0 0.8239 0.9870 0.001037
267.50 C 20260812 -1.00 -1.00 -1 0 0.8738 0.9775 0.001569
270.00 C 20260812 -1.00 -1.00 -1 0 0.7843 0.9828 0.001381
272.50 C 20260812 -1.00 -1.00 25 25 0.7509 0.9821 0.001486
275.00 C 20260812 -1.00 -1.00 36 11 0.7041 0.9833 0.001498
277.50 C 20260812 -1.00 -1.00 21 5 0.6714 0.9827 0.001621
280.00 C 20260812 -1.00 -1.00 112 33 0.0008 1.0000 -0.000000
282.50 C 20260812 -1.00 -1.00 136 22 0.6798 0.9702 0.002565
285.00 C 20260812 -1.00 -1.00 112 37 0.0008 1.0000 0.000000
287.50 C 20260812 -1.00 -1.00 136 66 0.5942 0.9711 0.002864
290.00 C 20260812 -1.00 -1.00 10 20 0.3929 0.9964 0.000709
292.50 C 20260812 -1.00 -1.00 6 1 0.5236 0.9681 0.003508
295.00 C 20260812 -1.00 -1.00 3 9 0.4887 0.9663 0.003922
297.50 C 20260812 -1.00 -1.00 21 18 0.3415 0.9916 0.001697
300.00 C 20260812 -1.00 -1.00 14 69 0.3636 0.9794 0.003470
302.50 C 20260812 -1.00 -1.00 7 37 0.4256 0.9440 0.006822
305.00 C 20260812 -1.00 -1.00 17 183 0.3984 0.9374 0.008023
307.50 C 20260812 -1.00 -1.00 20 137 0.3321 0.9458 0.008506
310.00 C 20260812 -1.00 -1.00 618 196 0.3597 0.9012 0.012395
312.50 C 20260812 -1.00 -1.00 30 69 0.3509 0.8738 0.015378
315.00 C 20260812 -1.00 -1.00 179 212 0.3426 0.8310 0.018868
317.50 C 20260812 -1.00 -1.00 3520 176 0.3611 0.7691 0.021859
320.00 C 20260812 -1.00 -1.00 1006 1035 0.3562 0.7101 0.024693
322.50 C 20260812 -1.00 -1.00 605 369 0.3619 0.6446 0.026749
325.00 C 20260812 -1.00 -1.00 4696 747 0.3567 0.5757 0.028233
327.50 C 20260812 -1.00 -1.00 3075 2806 0.3666 0.5053 0.028350
330.00 C 20260812 -1.00 -1.00 6493 1442 0.3639 0.4361 0.027805
332.50 C 20260812 -1.00 -1.00 1613 465 0.3741 0.3711 0.026366
335.00 C 20260812 -1.00 -1.00 3889 947 0.3716 0.3109 0.024418
337.50 C 20260812 -1.00 -1.00 1975 415 0.3793 0.2570 0.021996
340.00 C 20260812 -1.00 -1.00 5898 1508 0.3842 0.2118 0.019424
342.50 C 20260812 -1.00 -1.00 1685 299 0.3883 0.1713 0.016800
345.00 C 20260812 -1.00 -1.00 1628 527 0.4002 0.1385 0.014367
347.50 C 20260812 -1.00 -1.00 968 299 0.4023 0.1121 0.012138
350.00 C 20260812 -1.00 -1.00 7381 1850 0.4118 0.0907 0.010152
352.50 C 20260812 -1.00 -1.00 677 245 0.4275 0.0743 0.008521
355.00 C 20260812 -1.00 -1.00 611 494 0.4338 0.0614 0.007165
357.50 C 20260812 -1.00 -1.00 471 185 0.4443 0.0511 0.006020
360.00 C 20260812 -1.00 -1.00 1219 2363 0.4581 0.0428 0.005071
362.50 C 20260812 -1.00 -1.00 120 96 0.4730 0.0355 0.004257
365.00 C 20260812 -1.00 -1.00 184 243 0.4855 0.0306 0.003660
367.50 C 20260812 -1.00 -1.00 114 80 0.4975 0.0268 0.003179
370.00 C 20260812 -1.00 -1.00 244 598 0.5094 0.0232 0.002740
372.50 C 20260812 -1.00 -1.00 33 67 0.5212 0.0198 0.002337
375.00 C 20260812 -1.00 -1.00 68 211 0.5398 0.0181 0.002090
377.50 C 20260812 -1.00 -1.00 43 45 0.5537 0.0155 0.001793
380.00 C 20260812 -1.00 -1.00 57 257 0.5721 0.0140 0.001600
382.50 C 20260812 -1.00 -1.00 4 1 0.5796 0.0121 0.001387
385.00 C 20260812 -1.00 -1.00 199 55 0.5941 0.0112 0.001264
390.00 C 20260812 -1.00 -1.00 127 176 0.6175 0.0091 0.001008
395.00 C 20260812 -1.00 -1.00 87 34 0.6510 0.0082 0.000865
400.00 C 20260812 -1.00 -1.00 198 304 0.6788 0.0068 0.000709
405.00 C 20260812 -1.00 -1.00 9 42 0.7064 0.0056 0.000575
410.00 C 20260812 -1.00 -1.00 3 8 0.7438 0.0054 0.000526
415.00 C 20260812 -1.00 -1.00 106 23 0.7619 0.0043 0.000422
240.00 P 20260812 -1.00 -1.00 100 115 1.1582 -0.0092 0.000550
242.50 P 20260812 -1.00 -1.00 10 10 0.9954 -0.0042 0.000317
245.00 P 20260812 -1.00 -1.00 2 11 0.9635 -0.0044 0.000336
247.50 P 20260812 -1.00 -1.00 18 18 0.9320 -0.0045 0.000357
250.00 P 20260812 -1.00 -1.00 4 137 0.8479 -0.0028 0.000260
252.50 P 20260812 -1.00 -1.00 6 21 0.8699 -0.0048 0.000405
255.00 P 20260812 -1.00 -1.00 2 96 0.8393 -0.0050 0.000432
257.50 P 20260812 -1.00 -1.00 11 20 0.8090 -0.0051 0.000461
260.00 P 20260812 -1.00 -1.00 10 32 0.7790 -0.0053 0.000494
262.50 P 20260812 -1.00 -1.00 7 10 0.7493 -0.0055 0.000531
265.00 P 20260812 -1.00 -1.00 45 69 0.7199 -0.0057 0.000571
267.50 P 20260812 -1.00 -1.00 7 7 0.6908 -0.0059 0.000616
270.00 P 20260812 -1.00 -1.00 59 180 0.6685 -0.0066 0.000703
272.50 P 20260812 -1.00 -1.00 21 119 0.6269 -0.0060 0.000681
275.00 P 20260812 -1.00 -1.00 103 41 0.6180 -0.0077 0.000870
277.50 P 20260812 -1.00 -1.00 166 136 0.5835 -0.0076 0.000905
280.00 P 20260812 -1.00 -1.00 24 127 0.5685 -0.0090 0.001085
282.50 P 20260812 -1.00 -1.00 16 24 0.5536 -0.0104 0.001283
285.00 P 20260812 -1.00 -1.00 36 105 0.5258 -0.0110 0.001414
287.50 P 20260812 -1.00 -1.00 17 95 0.5061 -0.0137 0.001763
290.00 P 20260812 -1.00 -1.00 540 296 0.4811 -0.0156 0.002066
292.50 P 20260812 -1.00 -1.00 43 82 0.4617 -0.0188 0.002528
295.00 P 20260812 -1.00 -1.00 90 236 0.4479 -0.0234 0.003157
297.50 P 20260812 -1.00 -1.00 87 197 0.4357 -0.0288 0.003905
300.00 P 20260812 -1.00 -1.00 492 1306 0.4138 -0.0358 0.004857
302.50 P 20260812 -1.00 -1.00 133 130 0.4001 -0.0467 0.006228
305.00 P 20260812 -1.00 -1.00 210 263 0.3944 -0.0612 0.007953
307.50 P 20260812 -1.00 -1.00 1170 280 0.3796 -0.0800 0.010032
310.00 P 20260812 -1.00 -1.00 698 310 0.3735 -0.1068 0.012676
312.50 P 20260812 -1.00 -1.00 508 208 0.3690 -0.1401 0.015573
315.00 P 20260812 -1.00 -1.00 953 333 0.3637 -0.1830 0.018745
317.50 P 20260812 -1.00 -1.00 655 687 0.3650 -0.2339 0.021779
320.00 P 20260812 -1.00 -1.00 7555 411 0.3617 -0.2931 0.024486
322.50 P 20260812 -1.00 -1.00 1109 547 0.3646 -0.3571 0.026637
325.00 P 20260812 -1.00 -1.00 3151 322 0.3627 -0.4261 0.027863
327.50 P 20260812 -1.00 -1.00 1723 158 0.3690 -0.4958 0.028250
330.00 P 20260812 -1.00 -1.00 2237 165 0.3680 -0.5643 0.027608
332.50 P 20260812 -1.00 -1.00 885 35 0.3780 -0.6290 0.026230
335.00 P 20260812 -1.00 -1.00 95 35 0.3754 -0.6890 0.024363
337.50 P 20260812 -1.00 -1.00 13 18 0.3822 -0.7433 0.022037
340.00 P 20260812 -1.00 -1.00 360 42 0.3851 -0.7901 0.019552
342.50 P 20260812 -1.00 -1.00 28 11 0.3937 -0.8277 0.016940
345.00 P 20260812 -1.00 -1.00 19 49 0.3935 -0.8680 0.014479
347.50 P 20260812 -1.00 -1.00 4 54 0.4240 -0.8789 0.012576
350.00 P 20260812 -1.00 -1.00 13 46 0.4120 -0.9127 0.010326
352.50 P 20260812 -1.00 -1.00 1 2 0.4039 -0.9396 0.008209
355.00 P 20260812 -1.00 -1.00 1 2 0.4011 -0.9572 0.006465
357.50 P 20260812 -1.00 -1.00 30 30 0.4161 -0.9660 0.005370
360.00 P 20260812 -1.00 -1.00 1 15 0.4106 -0.9782 0.004046
362.50 P 20260812 -1.00 -1.00 8 2 0.4712 -0.9695 0.004360
365.00 P 20260812 -1.00 -1.00 1 7 0.4584 -0.9803 0.003324
367.50 P 20260812 -1.00 -1.00 -1 0 0.5324 -0.9694 0.003802
370.00 P 20260812 -1.00 -1.00 -1 0 0.4912 -0.9857 0.002570
372.50 P 20260812 -1.00 -1.00 -1 0 0.5554 -0.9768 0.002979
375.00 P 20260812 -1.00 -1.00 1 0 0.5376 -0.9868 0.002193
377.50 P 20260812 -1.00 -1.00 -1 0 0.5442 -0.9910 0.001719
380.00 P 20260812 -1.00 -1.00 1 0 0.5211 -0.9969 0.001070
382.50 P 20260812 -1.00 -1.00 1 1 0.5845 -0.9916 0.001508
385.00 P 20260812 -1.00 -1.00 -1 0 -1.0000 -1.0000 -1.000000
390.00 P 20260812 -1.00 -1.00 1 0 0.6004 -0.9972 0.000820
395.00 P 20260812 -1.00 -1.00 -1 0 -1.0000 -1.0000 -1.000000
400.00 P 20260812 -1.00 -1.00 -1 0 0.7216 -0.9930 0.001028
405.00 P 20260812 -1.00 -1.00 -1 0 -1.0000 -1.0000 -1.000000
410.00 P 20260812 -1.00 -1.00 -1 0 -1.0000 -1.0000 -1.000000
415.00 P 20260812 -1.00 -1.00 -1 0 -1.0000 -1.0000 -1.000000
240.00 C 20260814 -1.00 -1.00 46 555 1.0698 0.9844 0.000789
242.50 C 20260814 -1.00 -1.00 -1 0 0.9874 0.9884 0.000666
245.00 C 20260814 -1.00 -1.00 -1 0 0.9928 0.9848 0.000835
247.50 C 20260814 -1.00 -1.00 -1 0 0.9488 0.9855 0.000836
250.00 C 20260814 -1.00 -1.00 60 68 0.8060 0.9931 0.000511
252.50 C 20260814 -1.00 -1.00 -1 0 0.9599 0.9780 0.001193
255.00 C 20260814 -1.00 -1.00 76 28 0.9289 0.9774 0.001263
257.50 C 20260814 -1.00 -1.00 1 1 0.8254 0.9840 0.001049
260.00 C 20260814 -1.00 -1.00 25 31 0.8799 0.9749 0.001462
262.50 C 20260814 -1.00 -1.00 10 11 0.7776 0.9817 0.001251
265.00 C 20260814 -1.00 -1.00 4 30 0.8079 0.9746 0.001612
267.50 C 20260814 -1.00 -1.00 2 7 0.7426 0.9777 0.001559
270.00 C 20260814 -1.00 -1.00 8 50 0.7598 0.9703 0.001940
272.50 C 20260814 -1.00 -1.00 182 7 0.7156 0.9719 0.001975
275.00 C 20260814 -1.00 -1.00 6 20 0.6562 0.9753 0.001931
277.50 C 20260814 -1.00 -1.00 237 18 0.6576 0.9684 0.002356
280.00 C 20260814 -1.00 -1.00 26 32 0.6086 0.9718 0.002336
282.50 C 20260814 -1.00 -1.00 241 33 0.5716 0.9723 0.002453
285.00 C 20260814 -1.00 -1.00 1 76 0.5523 0.9676 0.002860
287.50 C 20260814 -1.00 -1.00 181 20 0.4481 0.9826 0.002075
290.00 C 20260814 -1.00 -1.00 49 85 0.3983 0.9873 0.001793
292.50 C 20260814 -1.00 -1.00 184 43 0.4384 0.9711 0.003309
295.00 C 20260814 -1.00 -1.00 40 111 0.4543 0.9525 0.004737
297.50 C 20260814 -1.00 -1.00 18 199 0.3906 0.9628 0.004514
300.00 C 20260814 -1.00 -1.00 243 450 0.4228 0.9366 0.006497
302.50 C 20260814 -1.00 -1.00 18 260 0.3857 0.9344 0.007296
305.00 C 20260814 -1.00 -1.00 81 527 0.4040 0.8994 0.009521
307.50 C 20260814 -1.00 -1.00 65 508 0.3739 0.8899 0.011039
310.00 C 20260814 -1.00 -1.00 299 1565 0.3887 0.8483 0.013203
312.50 C 20260814 -1.00 -1.00 159 498 0.3897 0.8103 0.015247
315.00 C 20260814 -1.00 -1.00 1641 1899 0.3938 0.7678 0.017085
317.50 C 20260814 -1.00 -1.00 653 911 0.3845 0.7241 0.018994
320.00 C 20260814 -1.00 -1.00 3981 3423 0.3881 0.6737 0.020529
322.50 C 20260814 -1.00 -1.00 2089 2288 0.3861 0.6208 0.021617
325.00 C 20260814 -1.00 -1.00 7019 7973 0.3870 0.5650 0.022285
327.50 C 20260814 -1.00 -1.00 3786 2442 0.3924 0.5097 0.022547
330.00 C 20260814 -1.00 -1.00 13740 3108 0.3899 0.4548 0.022239
332.50 C 20260814 -1.00 -1.00 6818 720 0.3956 0.4017 0.021490
335.00 C 20260814 -1.00 -1.00 16834 2947 0.3993 0.3521 0.020508
337.50 C 20260814 -1.00 -1.00 6452 827 0.4004 0.3061 0.019143
340.00 C 20260814 -1.00 -1.00 9355 7276 0.4069 0.2636 0.017647
342.50 C 20260814 -1.00 -1.00 1576 447 0.4123 0.2265 0.016089
345.00 C 20260814 -1.00 -1.00 5968 1357 0.4139 0.1933 0.014453
347.50 C 20260814 -1.00 -1.00 3177 375 0.4203 0.1635 0.012849
350.00 C 20260814 -1.00 -1.00 18849 7627 0.4305 0.1389 0.011375
352.50 C 20260814 -1.00 -1.00 5412 624 0.4319 0.1180 0.009993
355.00 C 20260814 -1.00 -1.00 3247 1234 0.4380 0.0999 0.008708
357.50 C 20260814 -1.00 -1.00 1293 383 0.4487 0.0851 0.007585
360.00 C 20260814 -1.00 -1.00 2899 2595 0.4618 0.0731 0.006635
362.50 C 20260814 -1.00 -1.00 380 299 0.4653 0.0628 0.005794
365.00 C 20260814 -1.00 -1.00 1325 1310 0.4728 0.0543 0.005053
367.50 C 20260814 -1.00 -1.00 432 215 0.4832 0.0472 0.004417
370.00 C 20260814 -1.00 -1.00 1786 2147 0.4954 0.0412 0.003872
372.50 C 20260814 -1.00 -1.00 123 296 0.5105 0.0366 0.003438
375.00 C 20260814 -1.00 -1.00 719 1400 0.5211 0.0323 0.003045
377.50 C 20260814 -1.00 -1.00 157 402 0.5289 0.0289 0.002717
380.00 C 20260814 -1.00 -1.00 1105 2527 0.5366 0.0256 0.002406
382.50 C 20260814 -1.00 -1.00 476 275 0.5482 0.0232 0.002163
385.00 C 20260814 -1.00 -1.00 498 1501 0.5577 0.0205 0.001913
387.50 C 20260814 -1.00 -1.00 163 23 0.5710 0.0187 0.001731
390.00 C 20260814 -1.00 -1.00 927 2106 0.5823 0.0166 0.001538
392.50 C 20260814 -1.00 -1.00 68 24 0.5973 0.0154 0.001409
395.00 C 20260814 -1.00 -1.00 1420 1116 0.6122 0.0142 0.001291
400.00 C 20260814 -1.00 -1.00 2501 4737 0.6300 0.0120 0.001078
405.00 C 20260814 -1.00 -1.00 232 764 0.6444 0.0099 0.000884
410.00 C 20260814 -1.00 -1.00 327 593 0.6674 0.0087 0.000760
415.00 C 20260814 -1.00 -1.00 101 1562 0.6900 0.0076 0.000650
240.00 P 20260814 -1.00 -1.00 128 631 0.8630 -0.0035 0.000264
242.50 P 20260814 -1.00 -1.00 3 22 0.8532 -0.0045 0.000335
245.00 P 20260814 -1.00 -1.00 128 147 0.8261 -0.0047 0.000355
247.50 P 20260814 -1.00 -1.00 147 49 0.8050 -0.0052 0.000396
250.00 P 20260814 -1.00 -1.00 982 1377 0.7611 -0.0043 0.000357
252.50 P 20260814 -1.00 -1.00 10 90 0.7463 -0.0051 0.000427
255.00 P 20260814 -1.00 -1.00 140 1265 0.7260 -0.0057 0.000479
257.50 P 20260814 -1.00 -1.00 61 13 0.7002 -0.0059 0.000512
260.00 P 20260814 -1.00 -1.00 330 482 0.6860 -0.0068 0.000599
262.50 P 20260814 -1.00 -1.00 10 538 0.6493 -0.0063 0.000588
265.00 P 20260814 -1.00 -1.00 366 398 0.6355 -0.0074 0.000691
267.50 P 20260814 -1.00 -1.00 103 415 0.6163 -0.0080 0.000773
270.00 P 20260814 -1.00 -1.00 646 2161 0.5972 -0.0088 0.000865
272.50 P 20260814 -1.00 -1.00 179 313 0.5727 -0.0091 0.000936
275.00 P 20260814 -1.00 -1.00 394 895 0.5541 -0.0100 0.001048
277.50 P 20260814 -1.00 -1.00 155 118 0.5368 -0.0113 0.001206
280.00 P 20260814 -1.00 -1.00 267 1325 0.5123 -0.0123 0.001351
282.50 P 20260814 -1.00 -1.00 500 230 0.4928 -0.0142 0.001590
285.00 P 20260814 -1.00 -1.00 694 2531 0.4734 -0.0164 0.001865
287.50 P 20260814 -1.00 -1.00 373 708 0.4566 -0.0192 0.002216
290.00 P 20260814 -1.00 -1.00 766 2008 0.4445 -0.0232 0.002685
292.50 P 20260814 -1.00 -1.00 365 527 0.4348 -0.0278 0.003234
295.00 P 20260814 -1.00 -1.00 505 648 0.4185 -0.0346 0.003977
297.50 P 20260814 -1.00 -1.00 299 490 0.4077 -0.0441 0.004967
300.00 P 20260814 -1.00 -1.00 1696 2648 0.4026 -0.0562 0.006168
302.50 P 20260814 -1.00 -1.00 373 478 0.3965 -0.0723 0.007597
305.00 P 20260814 -1.00 -1.00 900 1662 0.3904 -0.0936 0.009331
307.50 P 20260814 -1.00 -1.00 885 443 0.3908 -0.1188 0.011225
310.00 P 20260814 -1.00 -1.00 4055 3581 0.3854 -0.1500 0.013230
312.50 P 20260814 -1.00 -1.00 649 682 0.3841 -0.1869 0.015332
315.00 P 20260814 -1.00 -1.00 1520 1133 0.3865 -0.2286 0.017308
317.50 P 20260814 -1.00 -1.00 4315 533 0.3815 -0.2751 0.019143
320.00 P 20260814 -1.00 -1.00 4516 1550 0.3852 -0.3260 0.020707
322.50 P 20260814 -1.00 -1.00 1123 617 0.3849 -0.3799 0.021750
325.00 P 20260814 -1.00 -1.00 3566 841 0.3859 -0.4359 0.022427
327.50 P 20260814 -1.00 -1.00 2014 293 0.3923 -0.4917 0.022634
330.00 P 20260814 -1.00 -1.00 3452 1423 0.3899 -0.5467 0.022333
332.50 P 20260814 -1.00 -1.00 626 127 0.3955 -0.6000 0.021598
335.00 P 20260814 -1.00 -1.00 829 869 0.3988 -0.6501 0.020633
337.50 P 20260814 -1.00 -1.00 261 96 0.3968 -0.6979 0.019384
340.00 P 20260814 -1.00 -1.00 580 1064 0.4053 -0.7398 0.017821
342.50 P 20260814 -1.00 -1.00 143 19 0.4079 -0.7786 0.016277
345.00 P 20260814 -1.00 -1.00 139 398 0.4131 -0.8102 0.014597
347.50 P 20260814 -1.00 -1.00 10 11 0.4299 -0.8332 0.012990
350.00 P 20260814 -1.00 -1.00 396 968 0.4268 -0.8663 0.011498
352.50 P 20260814 -1.00 -1.00 15 5 0.4493 -0.8764 0.010287
355.00 P 20260814 -1.00 -1.00 38 790 0.4300 -0.9089 0.008734
357.50 P 20260814 -1.00 -1.00 6 6 0.4367 -0.9267 0.007482
360.00 P 20260814 -1.00 -1.00 147 980 0.4226 -0.9470 0.006161
362.50 P 20260814 -1.00 -1.00 3 6 0.4462 -0.9494 0.005612
365.00 P 20260814 -1.00 -1.00 50 630 0.4424 -0.9637 0.004573
367.50 P 20260814 -1.00 -1.00 1 18 0.4598 -0.9679 0.004059
370.00 P 20260814 -1.00 -1.00 47 437 0.4942 -0.9642 0.003994
372.50 P 20260814 -1.00 -1.00 3 30 0.4484 -0.9852 0.002673
375.00 P 20260814 -1.00 -1.00 32 327 0.5260 -0.9714 0.003234
377.50 P 20260814 -1.00 -1.00 -1 0 0.5003 -0.9829 0.002498
380.00 P 20260814 -1.00 -1.00 20 886 -1.0000 -1.0000 -1.000000
382.50 P 20260814 -1.00 -1.00 1 1 0.5511 -0.9811 0.002322
385.00 P 20260814 -1.00 -1.00 12 126 0.5456 -0.9875 0.001892
387.50 P 20260814 -1.00 -1.00 -1 0 -1.0000 -1.0000 -1.000000
390.00 P 20260814 -1.00 -1.00 5 15 0.5290 -0.9967 0.000960
392.50 P 20260814 -1.00 -1.00 -1 0 0.5847 -0.9919 0.001333
395.00 P 20260814 -1.00 -1.00 15 15 -1.0000 -1.0000 -1.000000
400.00 P 20260814 -1.00 -1.00 37 2 0.6707 -0.9868 0.001502
405.00 P 20260814 -1.00 -1.00 4 0 -1.0000 -1.0000 -1.000000
410.00 P 20260814 -1.00 -1.00 1 0 0.7433 -0.9879 0.001263
415.00 P 20260814 -1.00 -1.00 3 0 0.7788 -0.9884 0.001168
240.00 C 20260817 -1.00 -1.00 -1 0 1.0262 0.9731 0.001117
245.00 C 20260817 -1.00 -1.00 -1 0 1.0534 0.9592 0.001520
250.00 C 20260817 -1.00 -1.00 -1 0 0.9453 0.9637 0.001537
255.00 C 20260817 -1.00 -1.00 -1 0 0.9625 0.9502 0.001965
260.00 C 20260817 -1.00 -1.00 -1 0 0.0011 1.0000 0.000000
265.00 C 20260817 -1.00 -1.00 -1 0 0.8100 0.9497 0.002351
270.00 C 20260817 -1.00 -1.00 62 12 0.7085 0.9549 0.002449
272.50 C 20260817 -1.00 -1.00 206 28 0.7205 0.9455 0.002830
275.00 C 20260817 -1.00 -1.00 1 12 0.6385 0.9550 0.002713
277.50 C 20260817 -1.00 -1.00 206 28 0.5768 0.9620 0.002613
280.00 C 20260817 -1.00 -1.00 177 17 0.6041 0.9468 0.003301
282.50 C 20260817 -1.00 -1.00 -1 0 0.5921 0.9413 0.003669
285.00 C 20260817 -1.00 -1.00 178 17 0.5510 0.9424 0.003877
287.50 C 20260817 -1.00 -1.00 72 0 0.4323 0.9688 0.002983
290.00 C 20260817 -1.00 -1.00 2 2 0.4699 0.9454 0.004341
292.50 C 20260817 -1.00 -1.00 72 0 0.4891 0.9236 0.005384
295.00 C 20260817 -1.00 -1.00 2 2 0.4430 0.9277 0.005709
297.50 C 20260817 -1.00 -1.00 -1 0 0.4526 0.9046 0.006866
300.00 C 20260817 -1.00 -1.00 21 22 0.3878 0.9175 0.007184
302.50 C 20260817 -1.00 -1.00 10 10 0.2965 0.9490 0.006477
305.00 C 20260817 -1.00 -1.00 4 7 0.3281 0.9076 0.009245
307.50 C 20260817 -1.00 -1.00 7 6 0.3818 0.8462 0.011401
310.00 C 20260817 -1.00 -1.00 3 47 0.3753 0.8177 0.012968
312.50 C 20260817 -1.00 -1.00 49 2 0.3707 0.7874 0.014607
315.00 C 20260817 -1.00 -1.00 57 87 0.3681 0.7468 0.015997
317.50 C 20260817 -1.00 -1.00 109 143 0.3522 0.7108 0.017863
320.00 C 20260817 -1.00 -1.00 898 164 0.3669 0.6607 0.018657
322.50 C 20260817 -1.00 -1.00 74 126 0.3617 0.6127 0.019494
325.00 C 20260817 -1.00 -1.00 401 266 0.3671 0.5622 0.019801
327.50 C 20260817 -1.00 -1.00 330 199 0.3728 0.5132 0.019962
330.00 C 20260817 -1.00 -1.00 806 298 0.3695 0.4644 0.019800
332.50 C 20260817 -1.00 -1.00 192 89 0.3720 0.4165 0.019336
335.00 C 20260817 -1.00 -1.00 280 212 0.3794 0.3716 0.018620
337.50 C 20260817 -1.00 -1.00 139 127 0.3777 0.3295 0.017653
340.00 C 20260817 -1.00 -1.00 481 435 0.3798 0.2894 0.016553
342.50 C 20260817 -1.00 -1.00 143 56 0.3883 0.2540 0.015329
345.00 C 20260817 -1.00 -1.00 257 117 0.3893 0.2216 0.014108
347.50 C 20260817 -1.00 -1.00 309 68 0.3916 0.1926 0.012816
350.00 C 20260817 -1.00 -1.00 1213 839 0.3975 0.1666 0.011558
352.50 C 20260817 -1.00 -1.00 219 11 0.4073 0.1444 0.010390
355.00 C 20260817 -1.00 -1.00 103 218 0.4084 0.1253 0.009298
357.50 C 20260817 -1.00 -1.00 50 92 0.4120 0.1083 0.008256
360.00 C 20260817 -1.00 -1.00 1411 275 0.4194 0.0939 0.007317
362.50 C 20260817 -1.00 -1.00 45 11 0.4296 0.0819 0.006495
365.00 C 20260817 -1.00 -1.00 62 131 0.4381 0.0717 0.005781
367.50 C 20260817 -1.00 -1.00 79 10 0.4435 0.0636 0.005162
370.00 C 20260817 -1.00 -1.00 203 58 0.4488 0.0558 0.004573
372.50 C 20260817 -1.00 -1.00 78 1 0.4574 0.0494 0.004072
375.00 C 20260817 -1.00 -1.00 207 80 0.4675 0.0441 0.003637
377.50 C 20260817 -1.00 -1.00 3 0 0.4792 0.0396 0.003268
380.00 C 20260817 -1.00 -1.00 37 82 0.4908 0.0353 0.002931
382.50 C 20260817 -1.00 -1.00 -1 0 0.4974 0.0319 0.002649
385.00 C 20260817 -1.00 -1.00 29 16 0.5038 0.0289 0.002396
387.50 C 20260817 -1.00 -1.00 2 0 0.5117 0.0264 0.002175
390.00 C 20260817 -1.00 -1.00 5 83 0.5195 0.0239 0.001966
392.50 C 20260817 -1.00 -1.00 7 2 0.5289 0.0218 0.001789
395.00 C 20260817 -1.00 -1.00 3 35 0.5399 0.0202 0.001642
397.50 C 20260817 -1.00 -1.00 1 0 0.5491 0.0183 0.001487
400.00 C 20260817 -1.00 -1.00 60 82 0.5599 0.0168 0.001361
405.00 C 20260817 -1.00 -1.00 16 25 0.5844 0.0147 0.001172
410.00 C 20260817 -1.00 -1.00 4 287 0.6007 0.0128 0.001007
415.00 C 20260817 -1.00 -1.00 4 3 0.6123 0.0109 0.000854
240.00 P 20260817 -1.00 -1.00 2 4 0.7709 -0.0061 0.000407
245.00 P 20260817 -1.00 -1.00 9 5 0.7297 -0.0068 0.000472
250.00 P 20260817 -1.00 -1.00 160 25 0.6942 -0.0078 0.000565
255.00 P 20260817 -1.00 -1.00 58 1 0.6450 -0.0080 0.000622
260.00 P 20260817 -1.00 -1.00 33 211 0.6015 -0.0086 0.000709
265.00 P 20260817 -1.00 -1.00 1 0 0.5542 -0.0089 0.000792
270.00 P 20260817 -1.00 -1.00 4 36 0.5288 -0.0115 0.001041
272.50 P 20260817 -1.00 -1.00 -1 0 0.5076 -0.0123 0.001150
275.00 P 20260817 -1.00 -1.00 501 500 0.4906 -0.0140 0.001324
277.50 P 20260817 -1.00 -1.00 1 1 0.4738 -0.0158 0.001520
280.00 P 20260817 -1.00 -1.00 12 44 0.4592 -0.0182 0.001766
282.50 P 20260817 -1.00 -1.00 10 13 0.4486 -0.0214 0.002092
285.00 P 20260817 -1.00 -1.00 38 57 0.4382 -0.0249 0.002446
287.50 P 20260817 -1.00 -1.00 7 10 0.4272 -0.0293 0.002879
290.00 P 20260817 -1.00 -1.00 36 95 0.4119 -0.0347 0.003410
292.50 P 20260817 -1.00 -1.00 10 20 0.4006 -0.0421 0.004096
295.00 P 20260817 -1.00 -1.00 22 56 0.3932 -0.0514 0.004925
297.50 P 20260817 -1.00 -1.00 32 27 0.3910 -0.0634 0.005912
300.00 P 20260817 -1.00 -1.00 72 83 0.3790 -0.0777 0.007036
302.50 P 20260817 -1.00 -1.00 19 24 0.3727 -0.0959 0.008377
305.00 P 20260817 -1.00 -1.00 95 201 0.3736 -0.1183 0.009859
307.50 P 20260817 -1.00 -1.00 18 27 0.3674 -0.1448 0.011418
310.00 P 20260817 -1.00 -1.00 110 99 0.3641 -0.1761 0.013077
312.50 P 20260817 -1.00 -1.00 57 178 0.3672 -0.2113 0.014707
315.00 P 20260817 -1.00 -1.00 134 151 0.3623 -0.2508 0.016207
317.50 P 20260817 -1.00 -1.00 61 136 0.3614 -0.2943 0.017600
320.00 P 20260817 -1.00 -1.00 287 275 0.3677 -0.3408 0.018693
322.50 P 20260817 -1.00 -1.00 343 32 0.3626 -0.3888 0.019529
325.00 P 20260817 -1.00 -1.00 198 111 0.3634 -0.4388 0.020089
327.50 P 20260817 -1.00 -1.00 1865 16 0.3711 -0.4887 0.020150
330.00 P 20260817 -1.00 -1.00 266 32 0.3702 -0.5374 0.019871
332.50 P 20260817 -1.00 -1.00 98 2 0.3738 -0.5851 0.019367
335.00 P 20260817 -1.00 -1.00 3 12 0.3757 -0.6324 0.018892
337.50 P 20260817 -1.00 -1.00 202 0 0.3792 -0.6725 0.017733
340.00 P 20260817 -1.00 -1.00 27 6 0.3774 -0.7151 0.016777
342.50 P 20260817 -1.00 -1.00 -1 0 0.4011 -0.7410 0.015181
345.00 P 20260817 -1.00 -1.00 1 2 0.4115 -0.7695 0.013967
347.50 P 20260817 -1.00 -1.00 -1 0 0.3840 -0.8167 0.013031
350.00 P 20260817 -1.00 -1.00 4 11 0.3622 -0.8651 0.011651
352.50 P 20260817 -1.00 -1.00 -1 0 0.4366 -0.8387 0.010619
355.00 P 20260817 -1.00 -1.00 8 2 0.3951 -0.8875 0.009363
357.50 P 20260817 -1.00 -1.00 -1 0 0.4707 -0.8651 0.008853
360.00 P 20260817 -1.00 -1.00 1 2 0.4545 -0.8904 0.007928
362.50 P 20260817 -1.00 -1.00 -1 0 0.4427 -0.9152 0.006893
365.00 P 20260817 -1.00 -1.00 -1 0 0.4631 -0.9202 0.006327
367.50 P 20260817 -1.00 -1.00 -1 0 0.5012 -0.9144 0.006082
370.00 P 20260817 -1.00 -1.00 -1 0 0.5214 -0.9187 0.005646
372.50 P 20260817 -1.00 -1.00 -1 0 0.5056 -0.9373 0.004903
375.00 P 20260817 -1.00 -1.00 1 1 0.5075 -0.9456 0.004409
377.50 P 20260817 -1.00 -1.00 1 1 0.5264 -0.9473 0.004142
380.00 P 20260817 -1.00 -1.00 1 0 0.5365 -0.9521 0.003796
382.50 P 20260817 -1.00 -1.00 -1 0 0.5373 -0.9604 0.003362
385.00 P 20260817 -1.00 -1.00 -1 0 0.5694 -0.9563 0.003337
387.50 P 20260817 -1.00 -1.00 -1 0 0.5698 -0.9643 0.002955
390.00 P 20260817 -1.00 -1.00 -1 0 0.6017 -0.9602 0.002965
392.50 P 20260817 -1.00 -1.00 -1 0 0.6154 -0.9627 0.002777
395.00 P 20260817 -1.00 -1.00 -1 0 0.6335 -0.9636 0.002650
397.50 P 20260817 -1.00 -1.00 -1 0 0.6514 -0.9644 0.002534
400.00 P 20260817 -1.00 -1.00 -1 0 0.6645 -0.9668 0.002377
405.00 P 20260817 -1.00 -1.00 -1 0 0.6996 -0.9681 0.002187
410.00 P 20260817 -1.00 -1.00 -1 0 0.7230 -0.9707 0.001988
415.00 P 20260817 -1.00 -1.00 1 0 0.7357 -0.9746 0.001764
240.00 C 20260819 -1.00 -1.00 -1 0 0.9976 0.9644 0.001310
245.00 C 20260819 -1.00 -1.00 -1 0 0.9355 0.9633 0.001432
250.00 C 20260819 -1.00 -1.00 -1 0 0.9079 0.9570 0.001684
255.00 C 20260819 -1.00 -1.00 -1 0 0.8292 0.9585 0.001790
260.00 C 20260819 -1.00 -1.00 -1 0 0.7007 0.9709 0.001592
265.00 C 20260819 -1.00 -1.00 -1 0 0.7133 0.9551 0.002219
270.00 C 20260819 -1.00 -1.00 -1 0 0.6525 0.9541 0.002470
272.50 C 20260819 -1.00 -1.00 -1 0 0.6134 0.9557 0.002550
275.00 C 20260819 -1.00 -1.00 -1 0 0.5609 0.9612 0.002502
277.50 C 20260819 -1.00 -1.00 -1 0 0.5995 0.9438 0.003194
280.00 C 20260819 -1.00 -1.00 -1 0 0.5792 0.9407 0.003465
282.50 C 20260819 -1.00 -1.00 -1 0 0.5143 0.9487 0.003443
285.00 C 20260819 -1.00 -1.00 1 1 0.5914 0.9102 0.004592
287.50 C 20260819 -1.00 -1.00 -1 0 0.5172 0.9241 0.004631
290.00 C 20260819 -1.00 -1.00 8 3 0.4871 0.9218 0.005028
292.50 C 20260819 -1.00 -1.00 -1 0 0.4471 0.9241 0.005361
295.00 C 20260819 -1.00 -1.00 1 2 0.4938 0.8879 0.006541
297.50 C 20260819 -1.00 -1.00 -1 0 0.4188 0.9028 0.006892
300.00 C 20260819 -1.00 -1.00 23 23 0.3821 0.9023 0.007577
302.50 C 20260819 -1.00 -1.00 -1 0 0.4078 0.8675 0.008890
305.00 C 20260819 -1.00 -1.00 1 2 0.3999 0.8445 0.010023
307.50 C 20260819 -1.00 -1.00 -1 0 0.3922 0.8206 0.011237
310.00 C 20260819 -1.00 -1.00 1 1 0.3976 0.7894 0.012388
312.50 C 20260819 -1.00 -1.00 3 2 0.3891 0.7581 0.013539
315.00 C 20260819 -1.00 -1.00 13 31 0.3879 0.7212 0.014564
317.50 C 20260819 -1.00 -1.00 2 5 0.3928 0.6819 0.015413
320.00 C 20260819 -1.00 -1.00 31 57 0.3983 0.6407 0.015906
322.50 C 20260819 -1.00 -1.00 36 36 0.3923 0.6003 0.016566
325.00 C 20260819 -1.00 -1.00 53 61 0.3895 0.5583 0.017118
327.50 C 20260819 -1.00 -1.00 65 4 0.3966 0.5161 0.017164
330.00 C 20260819 -1.00 -1.00 867 872 0.3923 0.4742 0.017108
332.50 C 20260819 -1.00 -1.00 47 14 0.3934 0.4326 0.016823
335.00 C 20260819 -1.00 -1.00 54 40 0.3985 0.3926 0.016379
337.50 C 20260819 -1.00 -1.00 91 6 0.4022 0.3560 0.015719
340.00 C 20260819 -1.00 -1.00 69 42 0.4005 0.3197 0.015012
342.50 C 20260819 -1.00 -1.00 121 5 0.4046 0.2864 0.014156
345.00 C 20260819 -1.00 -1.00 149 105 0.4109 0.2553 0.013288
347.50 C 20260819 -1.00 -1.00 28 33 0.4133 0.2279 0.012376
350.00 C 20260819 -1.00 -1.00 67 205 0.4143 0.2024 0.011431
352.50 C 20260819 -1.00 -1.00 9 14 0.4175 0.1784 0.010491
355.00 C 20260819 -1.00 -1.00 37 96 0.4265 0.1590 0.009594
357.50 C 20260819 -1.00 -1.00 9 3 0.4326 0.1404 0.008761
360.00 C 20260819 -1.00 -1.00 33 28 0.4343 0.1249 0.007969
362.50 C 20260819 -1.00 -1.00 10 0 0.4383 0.1107 0.007214
365.00 C 20260819 -1.00 -1.00 4 9 0.4440 0.0978 0.006509
367.50 C 20260819 -1.00 -1.00 15 4 0.4526 0.0871 0.005885
370.00 C 20260819 -1.00 -1.00 54 103 0.4639 0.0784 0.005347
372.50 C 20260819 -1.00 -1.00 8 12 0.4688 0.0703 0.004854
375.00 C 20260819 -1.00 -1.00 19 11 0.4734 0.0634 0.004407
377.50 C 20260819 -1.00 -1.00 11 1 0.4773 0.0564 0.003968
380.00 C 20260819 -1.00 -1.00 9 73 0.4848 0.0509 0.003598
382.50 C 20260819 -1.00 -1.00 12 3 0.4945 0.0466 0.003285
385.00 C 20260819 -1.00 -1.00 6 27 0.5056 0.0430 0.003018
387.50 C 20260819 -1.00 -1.00 6 11 0.5145 0.0386 0.002735
390.00 C 20260819 -1.00 -1.00 13 19 0.5269 0.0359 0.002530
392.50 C 20260819 -1.00 -1.00 2 12 0.5329 0.0330 0.002326
395.00 C 20260819 -1.00 -1.00 1 12 0.5399 0.0307 0.002156
397.50 C 20260819 -1.00 -1.00 1 1 0.5453 0.0282 0.001980
400.00 C 20260819 -1.00 -1.00 59 35 0.5580 0.0273 0.001879
405.00 C 20260819 -1.00 -1.00 1 40 0.5701 0.0229 0.001578
410.00 C 20260819 -1.00 -1.00 1 2 0.5906 0.0205 0.001387
415.00 C 20260819 -1.00 -1.00 3 0 0.6109 0.0182 0.001218
240.00 P 20260819 -1.00 -1.00 3 1 0.7146 -0.0067 0.000434
245.00 P 20260819 -1.00 -1.00 1 0 0.6769 -0.0074 0.000501
250.00 P 20260819 -1.00 -1.00 4 10 0.6444 -0.0084 0.000594
255.00 P 20260819 -1.00 -1.00 -1 0 0.6232 -0.0104 0.000749
260.00 P 20260819 -1.00 -1.00 1 1 0.5859 -0.0124 0.000914
265.00 P 20260819 -1.00 -1.00 1 1 0.5494 -0.0145 0.001116
270.00 P 20260819 -1.00 -1.00 2 3 0.5173 -0.0176 0.001400
272.50 P 20260819 -1.00 -1.00 -1 0 0.5033 -0.0197 0.001581
275.00 P 20260819 -1.00 -1.00 4 5 0.4932 -0.0224 0.001815
277.50 P 20260819 -1.00 -1.00 1 0 0.4795 -0.0247 0.002034
280.00 P 20260819 -1.00 -1.00 2 2 0.4676 -0.0277 0.002307
282.50 P 20260819 -1.00 -1.00 8 8 0.4503 -0.0313 0.002627
285.00 P 20260819 -1.00 -1.00 6 21 0.4395 -0.0374 0.003099
287.50 P 20260819 -1.00 -1.00 1 5 0.4288 -0.0438 0.003614
290.00 P 20260819 -1.00 -1.00 22 22 0.4227 -0.0521 0.004239
292.50 P 20260819 -1.00 -1.00 4 8 0.4196 -0.0617 0.004941
295.00 P 20260819 -1.00 -1.00 3 23 0.4093 -0.0744 0.005772
297.50 P 20260819 -1.00 -1.00 15 5 0.4023 -0.0892 0.006721
300.00 P 20260819 -1.00 -1.00 24 194 0.3983 -0.1060 0.007759
302.50 P 20260819 -1.00 -1.00 7 15 0.3985 -0.1269 0.008876
305.00 P 20260819 -1.00 -1.00 24 148 0.3905 -0.1502 0.010054
307.50 P 20260819 -1.00 -1.00 13 6 0.3886 -0.1779 0.011289
310.00 P 20260819 -1.00 -1.00 36 55 0.3906 -0.2078 0.012509
312.50 P 20260819 -1.00 -1.00 24 5 0.3879 -0.2420 0.013610
315.00 P 20260819 -1.00 -1.00 12 56 0.3832 -0.2775 0.014738
317.50 P 20260819 -1.00 -1.00 26 20 0.3858 -0.3165 0.015688
320.00 P 20260819 -1.00 -1.00 72 50 0.3866 -0.3571 0.016421
322.50 P 20260819 -1.00 -1.00 45 35 0.3850 -0.3997 0.016939
325.00 P 20260819 -1.00 -1.00 37 13 0.3866 -0.4429 0.017328
327.50 P 20260819 -1.00 -1.00 8 3 0.3913 -0.4859 0.017487
330.00 P 20260819 -1.00 -1.00 18 5 0.3924 -0.5278 0.017203
332.50 P 20260819 -1.00 -1.00 16 2 0.3872 -0.5712 0.017195
335.00 P 20260819 -1.00 -1.00 12 1 0.3829 -0.6156 0.017147
337.50 P 20260819 -1.00 -1.00 -1 0 0.3923 -0.6508 0.016154
340.00 P 20260819 -1.00 -1.00 39 3 0.3929 -0.6870 0.015354
342.50 P 20260819 -1.00 -1.00 2 0 0.3969 -0.7213 0.014479
345.00 P 20260819 -1.00 -1.00 2 1 0.4089 -0.7497 0.013475
347.50 P 20260819 -1.00 -1.00 -1 0 0.4160 -0.7743 0.012486
350.00 P 20260819 -1.00 -1.00 1 1 0.4151 -0.8011 0.011576
352.50 P 20260819 -1.00 -1.00 -1 0 0.4126 -0.8294 0.010666
355.00 P 20260819 -1.00 -1.00 4 0 0.4187 -0.8515 0.009744
357.50 P 20260819 -1.00 -1.00 -1 0 0.4183 -0.8721 0.008864
360.00 P 20260819 -1.00 -1.00 -1 0 0.4147 -0.8917 0.007980
362.50 P 20260819 -1.00 -1.00 -1 0 0.4767 -0.8740 0.007640
365.00 P 20260819 -1.00 -1.00 1 1 0.4525 -0.9026 0.006778
367.50 P 20260819 -1.00 -1.00 -1 0 0.5074 -0.8879 0.006596
370.00 P 20260819 -1.00 -1.00 1 1 0.4804 -0.9173 0.005737
372.50 P 20260819 -1.00 -1.00 -1 0 0.4963 -0.9228 0.005322
375.00 P 20260819 -1.00 -1.00 -1 0 0.5490 -0.9078 0.005337
377.50 P 20260819 -1.00 -1.00 -1 0 0.5146 -0.9355 0.004537
380.00 P 20260819 -1.00 -1.00 -1 0 0.5757 -0.9196 0.004655
382.50 P 20260819 -1.00 -1.00 -1 0 0.6003 -0.9195 0.004460
385.00 P 20260819 -1.00 -1.00 -1 0 0.5384 -0.9504 0.003586
387.50 P 20260819 -1.00 -1.00 -1 0 0.6736 -0.9083 0.004295
390.00 P 20260819 -1.00 -1.00 -1 0 0.5720 -0.9529 0.003239
392.50 P 20260819 -1.00 -1.00 -1 0 0.5846 -0.9555 0.003051
395.00 P 20260819 -1.00 -1.00 -1 0 0.7276 -0.9158 0.003756
397.50 P 20260819 -1.00 -1.00 -1 0 0.6095 -0.9604 0.002714
400.00 P 20260819 -1.00 -1.00 -1 0 0.6174 -0.9643 0.002515
405.00 P 20260819 -1.00 -1.00 -1 0 0.6454 -0.9672 0.002272
410.00 P 20260819 -1.00 -1.00 -1 0 0.6710 -0.9699 0.002061
415.00 P 20260819 -1.00 -1.00 -1 0 0.7727 -0.9503 0.002425
240.00 C 20260821 -1.00 -1.00 1 439 0.7579 0.9852 0.000761
245.00 C 20260821 -1.00 -1.00 218 75 0.0013 1.0000 -0.000000
250.00 C 20260821 -1.00 -1.00 3 326 -1.0000 -1.0000 -1.000000
255.00 C 20260821 -1.00 -1.00 2 88 0.6193 0.9833 0.001031
260.00 C 20260821 -1.00 -1.00 4 286 0.4905 0.9932 0.000595
265.00 C 20260821 -1.00 -1.00 29 522 0.5142 0.9847 0.001155
270.00 C 20260821 -1.00 -1.00 33 673 0.4975 0.9792 0.001556
275.00 C 20260821 -1.00 -1.00 2 136 0.4385 0.9814 0.001605
280.00 C 20260821 -1.00 -1.00 9 468 0.4401 0.9700 0.002408
285.00 C 20260821 -1.00 -1.00 1 101 0.4455 0.9495 0.003631
287.50 C 20260821 -1.00 -1.00 148 13 0.4578 0.9347 0.004358
290.00 C 20260821 -1.00 -1.00 554 148 0.4419 0.9268 0.004894
292.50 C 20260821 -1.00 -1.00 138 38 0.4332 0.9150 0.005577
295.00 C 20260821 -1.00 -1.00 19 168 0.4200 0.9048 0.006269
297.50 C 20260821 -1.00 -1.00 16 111 0.4280 0.8846 0.007160
300.00 C 20260821 -1.00 -1.00 177 2193 0.4196 0.8676 0.008003
302.50 C 20260821 -1.00 -1.00 8 377 0.4044 0.8514 0.008927
305.00 C 20260821 -1.00 -1.00 117 1153 0.4124 0.8214 0.009880
307.50 C 20260821 -1.00 -1.00 43 383 0.4157 0.7946 0.010801
310.00 C 20260821 -1.00 -1.00 230 2187 0.4050 0.7695 0.011780
312.50 C 20260821 -1.00 -1.00 97 588 0.4049 0.7362 0.012579
315.00 C 20260821 -1.00 -1.00 343 2693 0.4036 0.7033 0.013406
317.50 C 20260821 -1.00 -1.00 335 559 0.4115 0.6675 0.013990
320.00 C 20260821 -1.00 -1.00 1220 3448 0.4075 0.6314 0.014492
322.50 C 20260821 -1.00 -1.00 724 684 0.4058 0.5940 0.014906
325.00 C 20260821 -1.00 -1.00 2496 3995 0.4050 0.5563 0.015288
327.50 C 20260821 -1.00 -1.00 1464 494 0.4085 0.5185 0.015448
330.00 C 20260821 -1.00 -1.00 5144 4705 0.4064 0.4810 0.015342
332.50 C 20260821 -1.00 -1.00 1173 375 0.4062 0.4436 0.015161
335.00 C 20260821 -1.00 -1.00 1996 1509 0.4099 0.4073 0.014846
340.00 C 20260821 -1.00 -1.00 3792 5454 0.4128 0.3402 0.013887
345.00 C 20260821 -1.00 -1.00 1889 2565 0.4191 0.2798 0.012549
350.00 C 20260821 -1.00 -1.00 7523 11912 0.4264 0.2282 0.011123
355.00 C 20260821 -1.00 -1.00 623 1491 0.4305 0.1840 0.009611
357.50 C 20260821 -1.00 -1.00 221 608 0.4365 0.1650 0.008882
360.00 C 20260821 -1.00 -1.00 3881 5848 0.4453 0.1484 0.008199
362.50 C 20260821 -1.00 -1.00 344 1841 0.4467 0.1334 0.007554
365.00 C 20260821 -1.00 -1.00 772 1137 0.4490 0.1199 0.006929
367.50 C 20260821 -1.00 -1.00 205 629 0.4537 0.1079 0.006341
370.00 C 20260821 -1.00 -1.00 1022 4181 0.4595 0.0969 0.005791
372.50 C 20260821 -1.00 -1.00 84 779 0.4682 0.0878 0.005306
375.00 C 20260821 -1.00 -1.00 873 3466 0.4776 0.0795 0.004864
377.50 C 20260821 -1.00 -1.00 170 1190 0.4834 0.0725 0.004473
380.00 C 20260821 -1.00 -1.00 960 5706 0.4868 0.0660 0.004105
382.50 C 20260821 -1.00 -1.00 155 1193 0.4923 0.0604 0.003772
385.00 C 20260821 -1.00 -1.00 966 4138 0.4978 0.0550 0.003453
387.50 C 20260821 -1.00 -1.00 27 335 0.5052 0.0504 0.003175
390.00 C 20260821 -1.00 -1.00 668 6705 0.5146 0.0468 0.002939
392.50 C 20260821 -1.00 -1.00 68 193 0.5239 0.0433 0.002719
395.00 C 20260821 -1.00 -1.00 118 5052 0.5332 0.0400 0.002512
397.50 C 20260821 -1.00 -1.00 29 219 0.5438 0.0372 0.002338
400.00 C 20260821 -1.00 -1.00 2140 20493 0.5530 0.0349 0.002184
402.50 C 20260821 -1.00 -1.00 34 288 0.5579 0.0326 0.002037
405.00 C 20260821 -1.00 -1.00 332 4020 0.5627 0.0303 0.001895
410.00 C 20260821 -1.00 -1.00 1320 6388 0.5776 0.0270 0.001668
415.00 C 20260821 -1.00 -1.00 93 3675 0.5923 0.0239 0.001462
240.00 P 20260821 -1.00 -1.00 33 1441 0.6714 -0.0072 0.000459
245.00 P 20260821 -1.00 -1.00 102 876 0.6406 -0.0082 0.000541
250.00 P 20260821 -1.00 -1.00 283 4454 0.6146 -0.0095 0.000649
255.00 P 20260821 -1.00 -1.00 139 592 0.5815 -0.0110 0.000776
260.00 P 20260821 -1.00 -1.00 724 3198 0.5487 -0.0133 0.000958
265.00 P 20260821 -1.00 -1.00 860 1528 0.5201 -0.0164 0.001209
270.00 P 20260821 -1.00 -1.00 2049 4382 0.4938 -0.0201 0.001526
275.00 P 20260821 -1.00 -1.00 261 1832 0.4765 -0.0258 0.001976
280.00 P 20260821 -1.00 -1.00 416 5092 0.4524 -0.0344 0.002613
285.00 P 20260821 -1.00 -1.00 630 1792 0.4346 -0.0470 0.003505
287.50 P 20260821 -1.00 -1.00 87 296 0.4313 -0.0554 0.004063
290.00 P 20260821 -1.00 -1.00 1283 4844 0.4257 -0.0650 0.004676
292.50 P 20260821 -1.00 -1.00 405 761 0.4170 -0.0771 0.005393
295.00 P 20260821 -1.00 -1.00 449 2409 0.4117 -0.0914 0.006202
297.50 P 20260821 -1.00 -1.00 158 374 0.4107 -0.1079 0.007080
300.00 P 20260821 -1.00 -1.00 1479 9539 0.4098 -0.1267 0.007992
302.50 P 20260821 -1.00 -1.00 1781 1816 0.4035 -0.1485 0.008955
305.00 P 20260821 -1.00 -1.00 446 2739 0.4012 -0.1732 0.009958
307.50 P 20260821 -1.00 -1.00 256 947 0.4024 -0.1997 0.010957
310.00 P 20260821 -1.00 -1.00 954 4839 0.4032 -0.2302 0.011855
312.50 P 20260821 -1.00 -1.00 1720 626 0.3986 -0.2617 0.012756
315.00 P 20260821 -1.00 -1.00 678 2897 0.3986 -0.2957 0.013581
317.50 P 20260821 -1.00 -1.00 328 450 0.4043 -0.3315 0.014255
320.00 P 20260821 -1.00 -1.00 2684 6613 0.4001 -0.3681 0.014811
322.50 P 20260821 -1.00 -1.00 287 447 0.3985 -0.4063 0.015240
325.00 P 20260821 -1.00 -1.00 2131 2685 0.4008 -0.4450 0.015529
327.50 P 20260821 -1.00 -1.00 952 153 0.4059 -0.4835 0.015631
330.00 P 20260821 -1.00 -1.00 1314 6053 0.4020 -0.5216 0.015602
332.50 P 20260821 -1.00 -1.00 240 154 0.4019 -0.5596 0.015424
335.00 P 20260821 -1.00 -1.00 343 1469 0.4046 -0.5969 0.015148
340.00 P 20260821 -1.00 -1.00 477 5541 0.4128 -0.6629 0.014005
345.00 P 20260821 -1.00 -1.00 49 2256 0.4157 -0.7257 0.012754
350.00 P 20260821 -1.00 -1.00 259 8243 0.4209 -0.7789 0.011313
355.00 P 20260821 -1.00 -1.00 26 2158 0.4216 -0.8266 0.009791
357.50 P 20260821 -1.00 -1.00 5 70 0.4371 -0.8396 0.009041
360.00 P 20260821 -1.00 -1.00 105 6486 0.4360 -0.8623 0.008326
362.50 P 20260821 -1.00 -1.00 4 90 0.4348 -0.8783 0.007657
365.00 P 20260821 -1.00 -1.00 45 1229 0.4292 -0.8973 0.006932
367.50 P 20260821 -1.00 -1.00 1 285 0.4444 -0.9035 0.006417
370.00 P 20260821 -1.00 -1.00 163 4719 0.4529 -0.9133 0.005884
372.50 P 20260821 -1.00 -1.00 3 434 0.4545 -0.9273 0.005287
375.00 P 20260821 -1.00 -1.00 43 2440 0.4551 -0.9369 0.004797
377.50 P 20260821 -1.00 -1.00 1 266 0.4786 -0.9358 0.004589
380.00 P 20260821 -1.00 -1.00 36 6368 0.4572 -0.9533 0.003936
382.50 P 20260821 -1.00 -1.00 10 89 0.4653 -0.9582 0.003607
385.00 P 20260821 -1.00 -1.00 54 1118 0.4850 -0.9576 0.003466
387.50 P 20260821 -1.00 -1.00 1 43 0.5045 -0.9571 0.003337
390.00 P 20260821 -1.00 -1.00 15 6356 0.4958 -0.9687 0.002810
392.50 P 20260821 -1.00 -1.00 1 61 0.5112 -0.9695 0.002671
395.00 P 20260821 -1.00 -1.00 54 2537 0.4878 -0.9809 0.002248
397.50 P 20260821 -1.00 -1.00 21 204 0.5415 -0.9709 0.002430
400.00 P 20260821 -1.00 -1.00 115 10073 0.5558 -0.9716 0.002326
402.50 P 20260821 -1.00 -1.00 2 24 0.5528 -0.9759 0.002153
405.00 P 20260821 -1.00 -1.00 5 1033 0.4926 -0.9958 0.000994
410.00 P 20260821 -1.00 -1.00 21 2828 0.5835 -0.9792 0.001866
415.00 P 20260821 -1.00 -1.00 2 94 -1.0000 -1.0000 -1.000000
195.00 C 20260807 -1.00 -1.00 1 1 9.0851 0.9907 0.000323
197.50 C 20260807 -1.00 -1.00 2 0 10.0641 0.9810 0.000540
200.00 C 20260807 -1.00 -1.00 31 133 8.7425 0.9897 0.000368
202.50 C 20260807 -1.00 -1.00 7 5 8.2309 0.9916 0.000328
205.00 C 20260807 -1.00 -1.00 1 4 7.7088 0.9930 0.000295
207.50 C 20260807 -1.00 -1.00 2 1 7.6992 0.9920 0.000334
210.00 C 20260807 -1.00 -1.00 35 36 7.7949 0.9902 0.000396
212.50 C 20260807 -1.00 -1.00 2 1 7.1805 0.9925 0.000337
215.00 C 20260807 -1.00 -1.00 2 1 7.4091 0.9897 0.000432
217.50 C 20260807 -1.00 -1.00 1 1 5.3908 0.9989 0.000076
220.00 C 20260807 -1.00 -1.00 38 36 7.0324 0.9892 0.000474
222.50 C 20260807 -1.00 -1.00 1 0 6.3425 0.9928 0.000369
225.00 C 20260807 -1.00 -1.00 1 0 6.3411 0.9915 0.000426
227.50 C 20260807 -1.00 -1.00 -1 0 6.1790 0.9913 0.000447
230.00 C 20260807 -1.00 -1.00 13 10 6.0186 0.9911 0.000470
232.50 C 20260807 -1.00 -1.00 1 2 5.8601 0.9909 0.000495
235.00 C 20260807 -1.00 -1.00 11 15 5.9521 0.9875 0.000636
237.50 C 20260807 -1.00 -1.00 12 6 5.9137 0.9851 0.000741
195.00 P 20260807 -1.00 -1.00 54 51 6.9761 -0.0013 0.000073
197.50 P 20260807 -1.00 -1.00 9 24 6.9080 -0.0016 0.000087
200.00 P 20260807 -1.00 -1.00 2 2047 6.4633 -0.0009 0.000056
202.50 P 20260807 -1.00 -1.00 75 195 6.5869 -0.0017 0.000095
205.00 P 20260807 -1.00 -1.00 325 1403 6.4293 -0.0017 0.000100
207.50 P 20260807 -1.00 -1.00 375 1105 6.2737 -0.0018 0.000104
210.00 P 20260807 -1.00 -1.00 6 1468 5.8438 -0.0010 0.000067
212.50 P 20260807 -1.00 -1.00 447 696 5.9680 -0.0019 0.000115
215.00 P 20260807 -1.00 -1.00 38 1152 5.8179 -0.0019 0.000120
217.50 P 20260807 -1.00 -1.00 1 409 5.5791 -0.0017 0.000111
220.00 P 20260807 -1.00 -1.00 60 724 5.5229 -0.0020 0.000133
222.50 P 20260807 -1.00 -1.00 69 324 5.3780 -0.0021 0.000140
225.00 P 20260807 -1.00 -1.00 81 686 5.2346 -0.0021 0.000147
227.50 P 20260807 -1.00 -1.00 22 194 5.0929 -0.0022 0.000155
230.00 P 20260807 -1.00 -1.00 34 650 4.7771 -0.0016 0.000123
232.50 P 20260807 -1.00 -1.00 5 214 4.9015 -0.0026 0.000192
235.00 P 20260807 -1.00 -1.00 1550 1899 6.6867 -0.0222 0.000932
237.50 P 20260807 -1.00 -1.00 143 168 4.2821 -0.0013 0.000119
195.00 C 20260810 -1.00 -1.00 -1 0 2.2265 0.9955 0.000189
200.00 C 20260810 -1.00 -1.00 -1 0 2.2174 0.9936 0.000260
205.00 C 20260810 -1.00 -1.00 -1 0 2.2998 0.9895 0.000392
210.00 C 20260810 -1.00 -1.00 -1 0 2.0137 0.9931 0.000307
215.00 C 20260810 -1.00 -1.00 -1 0 1.9155 0.9929 0.000334
220.00 C 20260810 -1.00 -1.00 -1 0 1.8197 0.9926 0.000365
225.00 C 20260810 -1.00 -1.00 -1 0 1.8906 0.9867 0.000583
230.00 C 20260810 -1.00 -1.00 20 3 1.7702 0.9870 0.000612
235.00 C 20260810 -1.00 -1.00 12 4 1.5449 0.9916 0.000483
195.00 P 20260810 -1.00 -1.00 1 83 2.4652 -0.0083 0.000300
200.00 P 20260810 -1.00 -1.00 8 84 1.7902 -0.0009 0.000056
205.00 P 20260810 -1.00 -1.00 122 59 1.9109 -0.0029 0.000149
210.00 P 20260810 -1.00 -1.00 278 232 1.7980 -0.0028 0.000154
215.00 P 20260810 -1.00 -1.00 2 100 1.6120 -0.0019 0.000120
220.00 P 20260810 -1.00 -1.00 12 28 1.5553 -0.0023 0.000148
225.00 P 20260810 -1.00 -1.00 2 24 1.4505 -0.0021 0.000147
230.00 P 20260810 -1.00 -1.00 2 23 1.3725 -0.0022 0.000163
235.00 P 20260810 -1.00 -1.00 6 53 1.2962 -0.0024 0.000182
195.00 C 20260812 -1.00 -1.00 -1 0 1.8071 0.9943 0.000227
200.00 C 20260812 -1.00 -1.00 -1 0 1.7227 0.9941 0.000244
205.00 C 20260812 -1.00 -1.00 -1 0 1.6403 0.9940 0.000264
210.00 C 20260812 -1.00 -1.00 -1 0 1.7276 0.9888 0.000433
215.00 C 20260812 -1.00 -1.00 -1 0 1.5180 0.9926 0.000343
220.00 C 20260812 -1.00 -1.00 1 1 1.4769 0.9914 0.000406
225.00 C 20260812 -1.00 -1.00 -1 0 1.3658 0.9921 0.000407
230.00 C 20260812 -1.00 -1.00 -1 0 1.2923 0.9918 0.000445
235.00 C 20260812 -1.00 -1.00 -1 0 1.2204 0.9914 0.000488
195.00 P 20260812 -1.00 -1.00 2 43 1.5417 -0.0016 0.000083
200.00 P 20260812 -1.00 -1.00 1 19 1.4709 -0.0017 0.000091
205.00 P 20260812 -1.00 -1.00 36 45 1.4018 -0.0017 0.000099
210.00 P 20260812 -1.00 -1.00 92 43 1.3345 -0.0018 0.000109
215.00 P 20260812 -1.00 -1.00 2 161 1.2687 -0.0019 0.000120
220.00 P 20260812 -1.00 -1.00 1 19 1.3052 -0.0036 0.000208
225.00 P 20260812 -1.00 -1.00 1 13 1.2352 -0.0037 0.000230
230.00 P 20260812 -1.00 -1.00 5 16 1.1598 -0.0037 0.000241
235.00 P 20260812 -1.00 -1.00 2 18 1.0930 -0.0039 0.000268
195.00 C 20260814 -1.00 -1.00 -1 0 1.5852 0.9932 0.000259
197.50 C 20260814 -1.00 -1.00 -1 0 1.5481 0.9931 0.000269
200.00 C 20260814 -1.00 -1.00 22 296 1.6689 0.9874 0.000422
202.50 C 20260814 -1.00 -1.00 -1 0 1.4433 0.9937 0.000264
205.00 C 20260814 -1.00 -1.00 -1 0 1.4396 0.9928 0.000301
207.50 C 20260814 -1.00 -1.00 -1 0 1.5258 0.9881 0.000440
210.00 C 20260814 -1.00 -1.00 35 3 1.4614 0.9894 0.000419
212.50 C 20260814 -1.00 -1.00 -1 0 1.3662 0.9916 0.000365
215.00 C 20260814 -1.00 -1.00 -1 0 1.4277 0.9866 0.000519
217.50 C 20260814 -1.00 -1.00 -1 0 1.3254 0.9904 0.000424
220.00 C 20260814 -1.00 -1.00 37 5 1.3030 0.9894 0.000469
222.50 C 20260814 -1.00 -1.00 -1 0 1.2319 0.9910 0.000430
225.00 C 20260814 -1.00 -1.00 -1 0 1.2200 0.9899 0.000481
227.50 C 20260814 -1.00 -1.00 -1 0 1.1857 0.9897 0.000502
230.00 C 20260814 -1.00 -1.00 2 12 1.1517 0.9895 0.000525
232.50 C 20260814 -1.00 -1.00 -1 0 1.1181 0.9893 0.000550
235.00 C 20260814 -1.00 -1.00 6 6 1.1737 0.9824 0.000802
237.50 C 20260814 -1.00 -1.00 -1 0 1.0647 0.9878 0.000643
195.00 P 20260814 -1.00 -1.00 -1 0 1.3123 -0.0016 0.000083
197.50 P 20260814 -1.00 -1.00 1 1 1.2820 -0.0016 0.000087
200.00 P 20260814 -1.00 -1.00 207 689 1.2166 -0.0012 0.000068
202.50 P 20260814 -1.00 -1.00 3 3 1.3104 -0.0028 0.000143
205.00 P 20260814 -1.00 -1.00 29 40 1.2807 -0.0029 0.000149
207.50 P 20260814 -1.00 -1.00 1 6 1.1645 -0.0018 0.000104
210.00 P 20260814 -1.00 -1.00 2 346 1.1533 -0.0021 0.000121
212.50 P 20260814 -1.00 -1.00 1 1 1.1078 -0.0019 0.000114
215.00 P 20260814 -1.00 -1.00 70 70 1.0971 -0.0022 0.000134
217.50 P 20260814 -1.00 -1.00 1 69 1.1350 -0.0032 0.000188
220.00 P 20260814 -1.00 -1.00 220 578 1.0423 -0.0023 0.000147
222.50 P 20260814 -1.00 -1.00 6 118 1.0810 -0.0036 0.000218
225.00 P 20260814 -1.00 -1.00 55 1452 1.0575 -0.0040 0.000241
227.50 P 20260814 -1.00 -1.00 1 67 1.0161 -0.0036 0.000229
230.00 P 20260814 -1.00 -1.00 5 156 0.9872 -0.0037 0.000241
232.50 P 20260814 -1.00 -1.00 51 12 0.9586 -0.0038 0.000254
235.00 P 20260814 -1.00 -1.00 538 141 0.9304 -0.0039 0.000268
237.50 P 20260814 -1.00 -1.00 6 9 0.9024 -0.0040 0.000283
195.00 C 20260817 -1.00 -1.00 -1 0 1.4070 0.9913 0.000309
200.00 C 20260817 -1.00 -1.00 1 1 1.5041 0.9823 0.000531
205.00 C 20260817 -1.00 -1.00 -1 0 1.3793 0.9846 0.000510
210.00 C 20260817 -1.00 -1.00 -1 0 1.4388 0.9774 0.000689
215.00 C 20260817 -1.00 -1.00 -1 0 1.3732 0.9765 0.000748
220.00 C 20260817 -1.00 -1.00 -1 0 1.2662 0.9780 0.000764
225.00 C 20260817 -1.00 -1.00 -1 0 1.2581 0.9720 0.000936
230.00 C 20260817 -1.00 -1.00 -1 0 1.0475 0.9830 0.000734
235.00 C 20260817 -1.00 -1.00 -1 0 0.9256 0.9879 0.000619
195.00 P 20260817 -1.00 -1.00 268 52 1.1041 -0.0016 0.000083
200.00 P 20260817 -1.00 -1.00 1 84 1.1524 -0.0031 0.000151
205.00 P 20260817 -1.00 -1.00 35 0 1.1134 -0.0039 0.000188
210.00 P 20260817 -1.00 -1.00 -1 0 1.2304 -0.0107 0.000420
215.00 P 20260817 -1.00 -1.00 -1 0 1.2060 -0.0137 0.000527
220.00 P 20260817 -1.00 -1.00 228 47 0.9709 -0.0052 0.000277
225.00 P 20260817 -1.00 -1.00 13 16 0.9051 -0.0047 0.000275
230.00 P 20260817 -1.00 -1.00 22 28 0.8813 -0.0062 0.000361
235.00 P 20260817 -1.00 -1.00 2 8 0.8330 -0.0066 0.000401
195.00 C 20260819 -1.00 -1.00 -1 0 1.6037 0.9734 0.000642
200.00 C 20260819 -1.00 -1.00 -1 0 1.4338 0.9794 0.000583
205.00 C 20260819 -1.00 -1.00 -1 0 1.4685 0.9708 0.000756
210.00 C 20260819 -1.00 -1.00 -1 0 1.3956 0.9701 0.000812
215.00 C 20260819 -1.00 -1.00 -1 0 1.2887 0.9730 0.000811
220.00 C 20260819 -1.00 -1.00 -1 0 1.2146 0.9731 0.000860
225.00 C 20260819 -1.00 -1.00 -1 0 1.2073 0.9656 0.001053
230.00 C 20260819 -1.00 -1.00 -1 0 1.1111 0.9682 0.001074
235.00 C 20260819 -1.00 -1.00 -1 0 1.0513 0.9667 0.001178
195.00 P 20260819 -1.00 -1.00 -1 0 1.3532 -0.0125 0.000398
200.00 P 20260819 -1.00 -1.00 -1 0 -1.0000 -1.0000 -1.000000
205.00 P 20260819 -1.00 -1.00 -1 0 1.2473 -0.0145 0.000489
210.00 P 20260819 -1.00 -1.00 -1 0 1.1902 -0.0151 0.000533
215.00 P 20260819 -1.00 -1.00 649 50 0.9260 -0.0045 0.000235
220.00 P 20260819 -1.00 -1.00 43 50 0.9027 -0.0058 0.000303
225.00 P 20260819 -1.00 -1.00 272 36 0.8423 -0.0054 0.000306
230.00 P 20260819 -1.00 -1.00 30 27 0.8252 -0.0072 0.000400
235.00 P 20260819 -1.00 -1.00 1 6 0.7624 -0.0066 0.000400
195.00 C 20260821 -1.00 -1.00 1 35 0.0013 1.0000 -0.000000
200.00 C 20260821 -1.00 -1.00 4 210 1.1857 0.9878 0.000412
205.00 C 20260821 -1.00 -1.00 1 56 0.9660 0.9952 0.000220
210.00 C 20260821 -1.00 -1.00 1 77 0.0013 1.0000 0.000000
215.00 C 20260821 -1.00 -1.00 1 35 0.0013 1.0000 -0.000000
220.00 C 20260821 -1.00 -1.00 1 558 0.0013 1.0000 0.000000
225.00 C 20260821 -1.00 -1.00 3 64 0.8509 0.9912 0.000438
230.00 C 20260821 -1.00 -1.00 2 110 0.0013 1.0000 0.000000
235.00 C 20260821 -1.00 -1.00 202 73 0.0013 1.0000 -0.000000
195.00 P 20260821 -1.00 -1.00 43 642 1.0257 -0.0030 0.000139
200.00 P 20260821 -1.00 -1.00 256 5483 0.9778 -0.0031 0.000151
205.00 P 20260821 -1.00 -1.00 16 3753 0.9402 -0.0037 0.000180
210.00 P 20260821 -1.00 -1.00 3 456 0.8855 -0.0034 0.000181
215.00 P 20260821 -1.00 -1.00 1 946 0.8589 -0.0045 0.000235
220.00 P 20260821 -1.00 -1.00 9 1320 0.8196 -0.0049 0.000268
225.00 P 20260821 -1.00 -1.00 12 806 0.7857 -0.0057 0.000316
230.00 P 20260821 -1.00 -1.00 353 2933 0.7439 -0.0060 0.000349
235.00 P 20260821 -1.00 -1.00 27 448 0.7030 -0.0063 0.000388
420.00 C 20260807 -1.00 -1.00 2 4046 3.3291 0.0018 0.000198
425.00 C 20260807 -1.00 -1.00 8 2639 3.5410 0.0022 0.000225
430.00 C 20260807 -1.00 -1.00 11 2186 3.7505 0.0026 0.000245
435.00 C 20260807 -1.00 -1.00 2 1044 3.9576 0.0029 0.000259
440.00 C 20260807 -1.00 -1.00 3 4549 3.9722 0.0020 0.000183
445.00 C 20260807 -1.00 -1.00 7 488 4.2387 0.0027 0.000228
450.00 C 20260807 -1.00 -1.00 7 2646 4.1888 0.0015 0.000133
455.00 C 20260807 -1.00 -1.00 4 559 4.3265 0.0014 0.000125
420.00 P 20260807 -1.00 -1.00 3 3 3.1687 -0.9991 0.000133
425.00 P 20260807 -1.00 -1.00 7 0 -1.0000 -1.0000 -1.000000
430.00 P 20260807 -1.00 -1.00 2 0 -1.0000 -1.0000 -1.000000
435.00 P 20260807 -1.00 -1.00 2 1 -1.0000 -1.0000 -1.000000
440.00 P 20260807 -1.00 -1.00 1 0 -1.0000 -1.0000 -1.000000
445.00 P 20260807 -1.00 -1.00 4 0 3.8177 -0.9992 0.000095
450.00 P 20260807 -1.00 -1.00 8 3 -1.0000 -1.0000 -1.000000
455.00 P 20260807 -1.00 -1.00 51 0 -1.0000 -1.0000 -1.000000
420.00 C 20260810 -1.00 -1.00 12 163 0.9746 0.0032 0.000322
425.00 C 20260810 -1.00 -1.00 9 240 1.0152 0.0031 0.000299
430.00 C 20260810 -1.00 -1.00 1 59 1.0025 0.0017 0.000171
435.00 C 20260810 -1.00 -1.00 7 149 1.0949 0.0029 0.000259
440.00 C 20260810 -1.00 -1.00 670 782 1.1341 0.0028 0.000243
445.00 C 20260810 -1.00 -1.00 1 14 1.1728 0.0027 0.000229
450.00 C 20260810 -1.00 -1.00 17 653 1.1594 0.0015 0.000133
455.00 C 20260810 -1.00 -1.00 10 23 1.1976 0.0014 0.000126
420.00 P 20260810 -1.00 -1.00 -1 0 1.0026 -0.9983 0.000366
425.00 P 20260810 -1.00 -1.00 4 0 1.0439 -0.9984 0.000341
430.00 P 20260810 -1.00 -1.00 -1 0 1.1650 -0.9952 0.000535
435.00 P 20260810 -1.00 -1.00 -1 0 1.1250 -0.9985 0.000299
440.00 P 20260810 -1.00 -1.00 -1 0 -1.0000 -1.0000 -1.000000
445.00 P 20260810 -1.00 -1.00 -1 0 -1.0000 -1.0000 -1.000000
450.00 P 20260810 -1.00 -1.00 -1 0 1.4865 -0.9888 0.000719
455.00 P 20260810 -1.00 -1.00 -1 0 1.3838 -0.9958 0.000398
420.00 C 20260812 -1.00 -1.00 4 36 0.8080 0.0046 0.000420
425.00 C 20260812 -1.00 -1.00 8 10 0.7981 0.0031 0.000299
430.00 C 20260812 -1.00 -1.00 12 20 0.8435 0.0034 0.000309
435.00 C 20260812 -1.00 -1.00 1 6 0.8472 0.0025 0.000229
440.00 C 20260812 -1.00 -1.00 5 60 0.8781 0.0024 0.000214
445.00 C 20260812 -1.00 -1.00 2 28 0.8951 0.0019 0.000172
450.00 C 20260812 -1.00 -1.00 68 965 0.9254 0.0019 0.000162
455.00 C 20260812 -1.00 -1.00 2 3 0.9822 0.0026 0.000204
420.00 P 20260812 -1.00 -1.00 -1 0 -1.0000 -1.0000 -1.000000
425.00 P 20260812 -1.00 -1.00 -1 0 0.8622 -0.9980 0.000422
430.00 P 20260812 -1.00 -1.00 -1 0 1.0063 -0.9902 0.000857
435.00 P 20260812 -1.00 -1.00 -1 0 0.9329 -0.9981 0.000366
440.00 P 20260812 -1.00 -1.00 -1 0 1.0132 -0.9948 0.000566
445.00 P 20260812 -1.00 -1.00 -1 0 -1.0000 -1.0000 -1.000000
450.00 P 20260812 -1.00 -1.00 -1 0 1.0308 -0.9982 0.000307
455.00 P 20260812 -1.00 -1.00 -1 0 -1.0000 -1.0000 -1.000000
420.00 C 20260814 -1.00 -1.00 33 1944 0.7123 0.0065 0.000553
425.00 C 20260814 -1.00 -1.00 68 892 0.7344 0.0056 0.000467
430.00 C 20260814 -1.00 -1.00 59 891 0.7647 0.0054 0.000436
435.00 C 20260814 -1.00 -1.00 8 577 0.7786 0.0045 0.000365
440.00 C 20260814 -1.00 -1.00 31 385 0.8047 0.0043 0.000343
445.00 C 20260814 -1.00 -1.00 22 726 0.8304 0.0042 0.000323
450.00 C 20260814 -1.00 -1.00 103 2683 0.8673 0.0044 0.000325
455.00 C 20260814 -1.00 -1.00 131 199 0.8468 0.0030 0.000227
420.00 P 20260814 -1.00 -1.00 1 1 -1.0000 -1.0000 -1.000000
425.00 P 20260814 -1.00 -1.00 12 0 -1.0000 -1.0000 -1.000000
430.00 P 20260814 -1.00 -1.00 1 1 -1.0000 -1.0000 -1.000000
435.00 P 20260814 -1.00 -1.00 4 0 -1.0000 -1.0000 -1.000000
440.00 P 20260814 -1.00 -1.00 4 0 0.9130 -0.9920 0.000763
445.00 P 20260814 -1.00 -1.00 3 0 -1.0000 -1.0000 -1.000000
450.00 P 20260814 -1.00 -1.00 5 0 0.9984 -0.9906 0.000765
455.00 P 20260814 -1.00 -1.00 6 0 -1.0000 -1.0000 -1.000000
420.00 C 20260817 -1.00 -1.00 10 92 0.6202 0.0088 0.000692
425.00 C 20260817 -1.00 -1.00 6 7 0.6459 0.0085 0.000643
430.00 C 20260817 -1.00 -1.00 18 21 0.6677 0.0078 0.000582
435.00 C 20260817 -1.00 -1.00 3 2 0.6857 0.0069 0.000508
440.00 C 20260817 -1.00 -1.00 2 33 0.7034 0.0061 0.000442
445.00 C 20260817 -1.00 -1.00 35 0 0.7245 0.0056 0.000399
450.00 C 20260817 -1.00 -1.00 2 2 0.7698 0.0073 0.000471
455.00 C 20260817 -1.00 -1.00 -1 0 0.7729 0.0053 0.000358
420.00 P 20260817 -1.00 -1.00 -1 0 0.7564 -0.9769 0.001598
425.00 P 20260817 -1.00 -1.00 -1 0 0.8032 -0.9748 0.001588
430.00 P 20260817 -1.00 -1.00 -1 0 0.7966 -0.9813 0.001314
435.00 P 20260817 -1.00 -1.00 -1 0 0.8251 -0.9819 0.001240
440.00 P 20260817 -1.00 -1.00 -1 0 0.8715 -0.9795 0.001255
445.00 P 20260817 -1.00 -1.00 -1 0 0.9167 -0.9774 0.001267
450.00 P 20260817 -1.00 -1.00 -1 0 0.9181 -0.9818 0.001092
455.00 P 20260817 -1.00 -1.00 -1 0 0.9629 -0.9797 0.001114
420.00 C 20260819 -1.00 -1.00 -1 0 0.6322 0.0164 0.001081
425.00 C 20260819 -1.00 -1.00 -1 0 0.6534 0.0147 0.000960
430.00 C 20260819 -1.00 -1.00 1 8 0.6657 0.0132 0.000851
435.00 C 20260819 -1.00 -1.00 10 0 0.6819 0.0122 0.000775
440.00 C 20260819 -1.00 -1.00 11 11 0.6947 0.0110 0.000691
445.00 C 20260819 -1.00 -1.00 1 10 0.7073 0.0098 0.000614
450.00 C 20260819 -1.00 -1.00 11 10 0.7230 0.0090 0.000555
455.00 C 20260819 -1.00 -1.00 16 16 0.7416 0.0085 0.000514
420.00 P 20260819 -1.00 -1.00 -1 0 0.7175 -0.9732 0.001756
425.00 P 20260819 -1.00 -1.00 -1 0 0.7443 -0.9740 0.001648
430.00 P 20260819 -1.00 -1.00 -1 0 0.8533 -0.9576 0.001957
435.00 P 20260819 -1.00 -1.00 -1 0 0.8281 -0.9706 0.001596
440.00 P 20260819 -1.00 -1.00 -1 0 0.8307 -0.9748 0.001424
445.00 P 20260819 -1.00 -1.00 -1 0 0.8321 -0.9793 0.001247
450.00 P 20260819 -1.00 -1.00 -1 0 0.8574 -0.9798 0.001188
455.00 P 20260819 -1.00 -1.00 -1 0 0.8656 -0.9831 0.001074
420.00 C 20260821 -1.00 -1.00 755 17310 0.6094 0.0215 0.001297
425.00 C 20260821 -1.00 -1.00 76 2373 0.6263 0.0192 0.001148
430.00 C 20260821 -1.00 -1.00 666 7123 0.6443 0.0173 0.001025
435.00 C 20260821 -1.00 -1.00 47 2370 0.6646 0.0160 0.000933
440.00 C 20260821 -1.00 -1.00 120 6870 0.6824 0.0145 0.000842
445.00 C 20260821 -1.00 -1.00 38 1989 0.6910 0.0131 0.000757
450.00 C 20260821 -1.00 -1.00 633 12915 0.7024 0.0120 0.000686
455.00 C 20260821 -1.00 -1.00 25 2325 0.7166 0.0112 0.000631
420.00 P 20260821 -1.00 -1.00 2 1192 -1.0000 -1.0000 -1.000000
425.00 P 20260821 -1.00 -1.00 2 106 0.6090 -0.9930 0.001012
430.00 P 20260821 -1.00 -1.00 7 350 -1.0000 -1.0000 -1.000000
435.00 P 20260821 -1.00 -1.00 100 59 -1.0000 -1.0000 -1.000000
440.00 P 20260821 -1.00 -1.00 658 326 -1.0000 -1.0000 -1.000000
445.00 P 20260821 -1.00 -1.00 1 4 -1.0000 -1.0000 -1.000000
450.00 P 20260821 -1.00 -1.00 1631 216 -1.0000 -1.0000 -1.000000
455.00 P 20260821 -1.00 -1.00 11 4 -1.0000 -1.0000 -1.000000
