1786711311584 77011019 979.91 0.02 sell
1786711312012 77011021 979.92 0.02 buy
1786711312017 77011022 979.94 0.01 buy
1786711314214 77011025 979.92 0.7 buy
1786711314214 77011026 979.94 0.02 buy
1786711314214 77011027 979.96 0.02 buy
1786711314214 77011028 979.97 0.02 buy
1786711314214 77011030 980 3.85 buy
1786711314216 77011031 980.04 0.03 buy
1786711318095 77011036 980.11 6.34 sell
1786711324185 77011037 980.11 0.02 sell
1786711328719 77011038 980.12 1.09 buy
1786711330106 77011039 980.12 0.02 buy
1786711330106 77011040 980.12 0.02 buy
1786711339213 77011042 980.11 0.03 sell
1786711341594 77011052 980.11 1.94 sell
1786711341594 77011053 980.1 0.02 sell
1786711341604 77011055 980.06 0.04 sell
1786711341609 77011057 980.01 0.04 sell
1786711341655 77011058 979.81 0.06 sell
1786711345299 77011066 979.68 1.36 buy
1786711345301 77011067 979.71 0.02 buy
1786711345302 77011068 979.72 0.02 buy
1786711345321 77011069 979.73 0.01 buy
1786711345322 77011070 979.75 0.02 buy
1786711345413 77011071 979.75 0.01 sell
1786711350764 77011072 979.79 0.03 sell
1786711350768 77011073 979.74 0.02 sell
1786711356023 77011085 979.68 2.27 buy
1786711356023 77011087 979.7 0.03 buy
1786711357006 77011088 979.73 0.01 buy
1786711357008 77011090 979.81 0.04 buy
1786711358941 77011098 979.95 12.9 sell
1786711358941 77011105 979.94 7.25 sell
1786711358941 77011110 979.93 1.24 sell
1786711358941 77011111 979.92 3.79 sell
1786711358941 77011112 979.91 0.02 sell
1786711358941 77011115 979.9 0.06 sell
1786711358941 77011119 979.89 2.99 sell
1786711358941 77011121 979.88 3.93 sell
1786711358941 77011122 979.87 3.91 sell
1786711358941 77011127 979.86 3.85 sell
1786711358941 77011130 979.83 11.09 sell
1786711362999 77011131 979.85 0.02 buy
1786711362999 77011132 979.86 0.02 buy
1786711364415 77011133 979.87 0.01 buy
1786711364455 77011134 979.89 0.01 buy
1786711364455 77011135 979.9 0.02 buy
1786711364474 77011136 979.89 0.17 buy
1786711364475 77011138 979.93 0.04 buy
1786711364475 77011139 979.94 0.02 buy
1786711365172 77011144 979.98 4.09 buy
1786711368349 77011146 979.98 0.03 sell
1786711368351 77011147 979.95 0.02 sell
1786711369412 77011148 979.86 0.02 buy
1786711375718 77011154 979.89 3.43 sell
1786711375718 77011156 979.88 3.12 sell
1786711375718 77011158 979.86 3.49 sell
1786711375718 77011160 979.85 1.75 sell
1786711375718 77011161 979.84 1.62 sell
1786711375718 77011162 979.8 0.02 sell
1786711375718 77011165 979.79 1.52 sell
1786711375718 77011167 979.78 1.52 sell
1786711375718 77011169 979.77 1.66 sell
1786711375718 77011170 979.76 0.02 sell
1786711375718 77011172 979.75 5.47 sell
1786711375718 77011175 979.74 11.97 sell
1786711375718 77011177 979.73 0.87 sell
1786711375718 77011180 979.72 0.43 sell
1786711375718 77011183 979.71 14.13 sell
1786711375723 77011184 979.75 0.3 buy
1786711376856 77011186 979.84 0.03 buy
1786711377004 77011187 979.87 0.01 buy
1786711377004 77011188 979.88 0.02 buy
1786711379507 77011191 979.97 0.05 buy
1786711379507 77011196 979.99 0.1 buy
1786711379507 77011197 980 1.01 buy
1786711379507 77011198 980 6.25 buy
1786711379507 77011199 980 10.25 buy
1786711379507 77011201 980 2.51 buy
1786711379508 77011204 980.02 0.06 buy
1786711380417 77011205 980.12 8.16 buy
1786711380417 77011206 980.12 2.13 buy
1786711380417 77011207 980.12 7.79 buy
1786711380417 77011212 980.12 1.49 buy
1786711380426 77011213 980.2 0.01 buy
1786711380426 77011214 980.21 0.13 buy
1786711380426 77011215 980.21 0.02 buy
1786711380428 77011216 980.29 0.01 buy
1786711380428 77011218 980.3 1.13 buy
1786711380631 77011220 980.31 0.03 buy
1786711380631 77011221 980.33 0.01 buy
1786711380631 77011222 980.34 0.01 buy
1786711380631 77011223 980.36 0.01 buy
1786711380986 77011229 980.39 3.81 sell
1786711380986 77011230 980.38 1.19 sell
1786711384306 77011231 980.39 0.02 sell
1786711388936 77011237 980.39 0.09 sell
1786711388938 77011238 980.35 0.02 sell
1786711388938 77011240 980.34 0.04 sell
1786711388940 77011241 980.29 0.02 sell
1786711388944 77011242 980.27 0.02 sell
1786711388944 77011243 980.26 0.01 sell
1786711388946 77011244 980.26 0.01 sell
1786711388950 77011245 980.22 0.02 sell
1786711390562 77011246 980.09 0.01 buy
1786711391156 77011247 980.21 0.01 buy
1786711396428 77011250 980.36 0.44 sell
1786711396428 77011251 980.35 0.02 sell
1786711396428 77011253 980.33 0.06 sell
1786711396428 77011254 980.32 0.03 sell
1786711397264 77011256 980.32 0.05 sell
1786711397264 77011257 980.31 0.47 sell
1786711401100 77011260 980.32 0.03 buy
1786711401103 77011261 980.34 0.02 buy
1786711403564 77011262 980.39 0.1 sell
1786711410057 77011266 980.4 0.06 buy
1786711410410 77011270 980.4 0.31 buy
1786711410691 77011273 980.39 0.08 sell
1786711415722 77011279 980.4 2.27 buy
1786711416138 77011283 980.39 0.13 sell
1786711416140 77011284 980.33 0.02 sell
1786711416140 77011286 980.31 0.04 sell
1786711416143 77011287 980.28 0.02 sell
1786711416517 77011288 980.06 0.02 sell
