1786711308434 8595711 342.28 0.87 sell
1786711308434 8595713 342.27 0.04 sell
1786711308435 8595715 342.26 0.03 sell
1786711308435 8595720 342.25 0.06 sell
1786711324186 8595721 342.25 0.03 buy
1786711348762 8595725 342.25 0.24 buy
1786711359169 8595726 342.3 0.02 buy
1786711364987 8595729 342.29 2.26 sell
1786711364987 8595730 342.28 0.56 sell
1786711364987 8595731 342.27 2.22 sell
1786711364987 8595733 342.26 4.37 sell
1786711364987 8595734 342.25 0.59 sell
1786711377984 8595737 342.28 3.69 sell
1786711377984 8595738 342.27 0.05 sell
1786711378598 8595739 342.24 0.01 sell
1786711378598 8595741 342.22 0.03 sell
1786711378598 8595742 342.21 0.01 sell
1786711378598 8595747 342.2 1.13 sell
1786711378598 8595749 342.19 0.62 sell
1786711378598 8595752 342.18 2.46 sell
1786711378605 8595754 342.17 5.47 sell
1786711378605 8595758 342.16 0.64 sell
1786711378605 8595759 342.15 0.01 sell
1786711378605 8595760 342.14 70.16 sell
1786711378609 8595763 342.13 0.08 sell
1786711378610 8595765 342.12 0.09 sell
1786711378610 8595781 342.11 1.11 sell
1786711378610 8595784 342.11 0.03 sell
1786711378611 8595786 342.1 0.03 sell
1786711378617 8595788 342.09 0.02 sell
1786711379986 8595789 342.07 0.02 sell
1786711379986 8595790 342.06 0.93 sell
1786711379986 8595792 342.05 0.03 sell
1786711379986 8595795 342.04 0.63 sell
1786711379986 8595798 342.03 0.39 sell
1786711383514 8595799 342.05 0.03 buy
1786711385260 8595800 342.04 0.01 sell
1786711385260 8595801 342.02 0.03 sell
1786711385261 8595804 342.01 5.51 sell
1786711385265 8595811 342 0.08 sell
1786711385268 8595829 342 1.19 sell
1786711385270 8595830 341.98 0.01 sell
1786711385270 8595834 341.97 0.18 sell
1786711385270 8595837 341.96 0.16 sell
1786711385270 8595844 341.95 0.14 sell
1786711385270 8595846 341.94 0.02 sell
1786711385270 8595851 341.93 1.95 sell
1786711385270 8595854 341.92 22.48 sell
1786711385270 8595856 341.91 75.06 sell
1786711385273 8595860 341.89 0.33 sell
1786711385273 8595863 341.87 0.64 sell
1786711385273 8595864 341.86 4.79 sell
1786711390531 8595865 341.96 1.02 buy
1786711400807 8595866 341.97 0.93 buy
1786711403991 8595871 342.04 0.98 buy
1786711403991 8595872 342.05 0.23 buy
1786711403991 8595874 342.06 2.37 buy
1786711403991 8595875 342.07 0.02 buy
1786711403991 8595884 342.08 10.14 buy
1786711403991 8595887 342.09 25.25 buy
1786711403991 8595890 342.1 80.68 buy
1786711403991 8595891 342.11 14.03 buy
1786711403991 8595892 342.12 3.24 buy
1786711403991 8595896 342.13 12.73 buy
1786711408903 8595897 342.09 1.38 sell
1786711408904 8595898 342.04 2.77 sell
1786711408909 8595899 341.97 0.2 sell
1786711408910 8595900 341.97 0.1 sell
1786711408910 8595901 341.97 0.2 sell
1786711408910 8595902 341.97 0.1 sell
1786711408910 8595903 341.97 0.2 sell
1786711408910 8595904 341.95 0.02 sell
1786711408910 8595906 341.92 0.08 sell
1786711408910 8595907 341.92 0.21 sell
1786711408911 8595908 341.92 0.1 sell
1786711408911 8595909 341.92 0.2 sell
1786711408911 8595910 341.92 0.2 sell
1786711408911 8595912 341.92 0.1 sell
1786711408911 8595913 341.92 0.1 sell
1786711408911 8595914 341.92 0.2 sell
1786711408911 8595915 341.92 0.1 sell
1786711408912 8595916 341.92 0.1 sell
1786711415447 8595917 341.99 0.01 sell
