# opt_chain TSM | epoch 1785428761 | 2026-07-30 12:26:01 | spot 403.14 | exps 20260731 20260807 20260814 20260821
# fuente polygon_snapshot_v3 | greeks polygon_directo | iv polygon_directo | oi polygon_directo | vol day.volume(-1 si no cotizo) | bid/ask NO_ENTITLED(-1) | spot_src ibkr_bridge spot_edad_s 61 | band 0.4050 vencimientos 4 exp_hasta 2026-08-21
# strike right exp bid ask vol oi iv delta gamma
295.00 C 20260731 -1.00 -1.00 6 13 2.4173 0.9881 0.000530
300.00 C 20260731 -1.00 -1.00 10 46 2.2974 0.9875 0.000579
305.00 C 20260731 -1.00 -1.00 3 13 2.1019 0.9900 0.000528
310.00 C 20260731 -1.00 -1.00 16 23 2.0867 0.9853 0.000733
315.00 C 20260731 -1.00 -1.00 16 34 1.9724 0.9845 0.000809
320.00 C 20260731 -1.00 -1.00 1 757 1.8599 0.9837 0.000897
322.50 C 20260731 -1.00 -1.00 -1 0 1.8044 0.9833 0.000947
325.00 C 20260731 -1.00 -1.00 2 90 1.7493 0.9828 0.001000
327.50 C 20260731 -1.00 -1.00 -1 0 1.6946 0.9823 0.001058
330.00 C 20260731 -1.00 -1.00 1 85 1.6403 0.9818 0.001122
332.50 C 20260731 -1.00 -1.00 -1 0 1.5864 0.9812 0.001190
335.00 C 20260731 -1.00 -1.00 1 22 1.5552 0.9793 0.001321
337.50 C 20260731 -1.00 -1.00 -1 0 1.4577 0.9814 0.001285
340.00 C 20260731 -1.00 -1.00 1 45 0.8693 0.9996 0.000056
342.50 C 20260731 -1.00 -1.00 -1 0 -1.0000 -1.0000 -1.000000
345.00 C 20260731 -1.00 -1.00 10 77 1.3450 0.9764 0.001718
347.50 C 20260731 -1.00 -1.00 -1 0 1.2716 0.9771 0.001772
350.00 C 20260731 -1.00 -1.00 205 611 1.0670 0.9890 0.001134
352.50 C 20260731 -1.00 -1.00 8 3 1.2131 0.9720 0.002218
355.00 C 20260731 -1.00 -1.00 2 25 1.1578 0.9709 0.002399
357.50 C 20260731 -1.00 -1.00 22 26 1.0899 0.9714 0.002520
360.00 C 20260731 -1.00 -1.00 10 92 0.9767 0.9757 0.002425
362.50 C 20260731 -1.00 -1.00 3 27 0.9275 0.9745 0.002663
365.00 C 20260731 -1.00 -1.00 17 151 0.9104 0.9691 0.003199
367.50 C 20260731 -1.00 -1.00 196 213 0.8975 0.9593 0.004024
370.00 C 20260731 -1.00 -1.00 21 285 0.8741 0.9511 0.004802
372.50 C 20260731 -1.00 -1.00 47 16 0.8191 0.9482 0.005379
375.00 C 20260731 -1.00 -1.00 10 108 0.7225 0.9537 0.005556
377.50 C 20260731 -1.00 -1.00 41 127 0.6684 0.9503 0.006357
380.00 C 20260731 -1.00 -1.00 100 1815 0.7751 0.8999 0.009418
382.50 C 20260731 -1.00 -1.00 17 132 0.6822 0.9012 0.010587
385.00 C 20260731 -1.00 -1.00 53 676 0.6319 0.8888 0.012525
387.50 C 20260731 -1.00 -1.00 74 332 0.6205 0.8578 0.015169
390.00 C 20260731 -1.00 -1.00 260 3282 0.6184 0.8138 0.018061
392.50 C 20260731 -1.00 -1.00 952 1263 0.6349 0.7605 0.020539
395.00 C 20260731 -1.00 -1.00 226 462 0.6264 0.7059 0.022937
397.50 C 20260731 -1.00 -1.00 1021 1238 0.6086 0.6516 0.025762
400.00 C 20260731 -1.00 -1.00 3904 3927 0.5944 0.5859 0.027336
402.50 C 20260731 -1.00 -1.00 359 694 0.5881 0.5169 0.028640
405.00 C 20260731 -1.00 -1.00 682 4515 0.5752 0.4460 0.028669
407.50 C 20260731 -1.00 -1.00 393 1344 0.5523 0.3694 0.028884
410.00 C 20260731 -1.00 -1.00 916 4084 0.5652 0.3086 0.025973
412.50 C 20260731 -1.00 -1.00 738 303 0.5633 0.2449 0.023506
415.00 C 20260731 -1.00 -1.00 1157 1507 0.5534 0.1903 0.020429
417.50 C 20260731 -1.00 -1.00 505 697 0.5576 0.1437 0.017079
420.00 C 20260731 -1.00 -1.00 1165 3866 0.5481 0.1052 0.013795
422.50 C 20260731 -1.00 -1.00 740 1317 0.5560 0.0763 0.010796
425.00 C 20260731 -1.00 -1.00 616 1779 0.5332 0.0480 0.007739
427.50 C 20260731 -1.00 -1.00 54 2277 0.5567 0.0370 0.006036
430.00 C 20260731 -1.00 -1.00 370 2267 0.5721 0.0281 0.004686
432.50 C 20260731 -1.00 -1.00 61 2823 0.6006 0.0244 0.003939
435.00 C 20260731 -1.00 -1.00 161 1779 0.6134 0.0183 0.003006
437.50 C 20260731 -1.00 -1.00 27 169 0.5696 0.0075 0.001495
440.00 C 20260731 -1.00 -1.00 756 2182 0.6134 0.0080 0.001459
442.50 C 20260731 -1.00 -1.00 31 246 0.6569 0.0083 0.001420
445.00 C 20260731 -1.00 -1.00 20 513 0.6423 0.0041 0.000781
447.50 C 20260731 -1.00 -1.00 3 158 0.7343 0.0083 0.001265
450.00 C 20260731 -1.00 -1.00 282 1764 0.6784 0.0030 0.000543
452.50 C 20260731 -1.00 -1.00 12 1887 0.7573 0.0043 0.000699
455.00 C 20260731 -1.00 -1.00 13 561 0.7627 0.0035 0.000563
457.50 C 20260731 -1.00 -1.00 29 70 0.8167 0.0040 0.000605
460.00 C 20260731 -1.00 -1.00 41 3876 0.7978 0.0025 0.000402
462.50 C 20260731 -1.00 -1.00 2 99 0.9265 0.0061 0.000765
465.00 C 20260731 -1.00 -1.00 111 262 0.9506 0.0054 0.000668
467.50 C 20260731 -1.00 -1.00 3 65 0.9920 0.0058 0.000679
470.00 C 20260731 -1.00 -1.00 17 1597 0.9385 0.0029 0.000381
472.50 C 20260731 -1.00 -1.00 2 108 1.0151 0.0039 0.000472
475.00 C 20260731 -1.00 -1.00 9 841 1.0804 0.0048 0.000536
477.50 C 20260731 -1.00 -1.00 2 240 1.0481 0.0032 0.000377
480.00 C 20260731 -1.00 -1.00 64 652 1.1616 0.0055 0.000559
482.50 C 20260731 -1.00 -1.00 1 49 1.2449 0.0079 0.000716
485.00 C 20260731 -1.00 -1.00 13 948 1.0852 0.0019 0.000229
487.50 C 20260731 -1.00 -1.00 10 54 1.2308 0.0043 0.000425
490.00 C 20260731 -1.00 -1.00 20 379 1.1409 0.0018 0.000209
492.50 C 20260731 -1.00 -1.00 61 90 1.3694 0.0073 0.000603
495.00 C 20260731 -1.00 -1.00 4 536 1.1960 0.0018 0.000192
497.50 C 20260731 -1.00 -1.00 8 246 1.4052 0.0059 0.000490
500.00 C 20260731 -1.00 -1.00 93 2598 1.2506 0.0017 0.000177
505.00 C 20260731 -1.00 -1.00 10 1309 1.5383 0.0073 0.000539
510.00 C 20260731 -1.00 -1.00 5 377 1.5729 0.0061 0.000449
295.00 P 20260731 -1.00 -1.00 208 1594 1.8240 -0.0015 0.000107
300.00 P 20260731 -1.00 -1.00 14 1407 1.7312 -0.0016 0.000118
305.00 P 20260731 -1.00 -1.00 8 2946 1.7298 -0.0026 0.000193
310.00 P 20260731 -1.00 -1.00 38 785 1.5203 -0.0013 0.000119
315.00 P 20260731 -1.00 -1.00 29 849 1.5501 -0.0029 0.000238
320.00 P 20260731 -1.00 -1.00 84 2111 1.4625 -0.0031 0.000266
322.50 P 20260731 -1.00 -1.00 6 220 1.4483 -0.0036 0.000306
325.00 P 20260731 -1.00 -1.00 7 1093 1.4329 -0.0048 0.000396
327.50 P 20260731 -1.00 -1.00 4 1370 1.3540 -0.0038 0.000345
330.00 P 20260731 -1.00 -1.00 11 3108 1.2625 -0.0031 0.000307
332.50 P 20260731 -1.00 -1.00 2 363 1.2917 -0.0052 0.000478
335.00 P 20260731 -1.00 -1.00 22 1048 1.2349 -0.0050 0.000481
337.50 P 20260731 -1.00 -1.00 13 587 1.1786 -0.0048 0.000482
340.00 P 20260731 -1.00 -1.00 199 867 1.1433 -0.0054 0.000552
342.50 P 20260731 -1.00 -1.00 14 199 1.0877 -0.0051 0.000556
345.00 P 20260731 -1.00 -1.00 159 1571 1.0837 -0.0072 0.000755
347.50 P 20260731 -1.00 -1.00 8 771 1.0594 -0.0084 0.000889
350.00 P 20260731 -1.00 -1.00 252 7016 0.9640 -0.0063 0.000753
352.50 P 20260731 -1.00 -1.00 44 579 0.9707 -0.0091 0.001047
355.00 P 20260731 -1.00 -1.00 241 2676 0.9572 -0.0110 0.001263
357.50 P 20260731 -1.00 -1.00 255 399 0.8833 -0.0100 0.001251
360.00 P 20260731 -1.00 -1.00 270 2091 0.8569 -0.0115 0.001470
362.50 P 20260731 -1.00 -1.00 203 572 0.8170 -0.0132 0.001722
365.00 P 20260731 -1.00 -1.00 229 1315 0.7859 -0.0162 0.002117
367.50 P 20260731 -1.00 -1.00 263 1048 0.7550 -0.0194 0.002571
370.00 P 20260731 -1.00 -1.00 528 2599 0.7371 -0.0245 0.003234
372.50 P 20260731 -1.00 -1.00 100 1555 0.7441 -0.0363 0.004435
375.00 P 20260731 -1.00 -1.00 417 3723 0.7004 -0.0413 0.005219
377.50 P 20260731 -1.00 -1.00 432 921 0.6801 -0.0523 0.006534
380.00 P 20260731 -1.00 -1.00 641 5409 0.6706 -0.0672 0.008160
382.50 P 20260731 -1.00 -1.00 203 720 0.6493 -0.0879 0.010199
385.00 P 20260731 -1.00 -1.00 311 3515 0.6377 -0.1130 0.012575
387.50 P 20260731 -1.00 -1.00 126 611 0.6299 -0.1461 0.015200
390.00 P 20260731 -1.00 -1.00 373 3279 0.6151 -0.1850 0.018088
392.50 P 20260731 -1.00 -1.00 99 243 0.6123 -0.2313 0.020976
395.00 P 20260731 -1.00 -1.00 276 2343 0.5961 -0.2854 0.023753
397.50 P 20260731 -1.00 -1.00 117 1517 0.6090 -0.3486 0.025758
400.00 P 20260731 -1.00 -1.00 777 4752 0.5738 -0.4117 0.028291
402.50 P 20260731 -1.00 -1.00 133 171 0.5781 -0.4832 0.029151
405.00 P 20260731 -1.00 -1.00 138 1357 0.5599 -0.5561 0.029446
407.50 P 20260731 -1.00 -1.00 57 856 0.5605 -0.6288 0.028513
410.00 P 20260731 -1.00 -1.00 97 885 0.5407 -0.7003 0.026821
412.50 P 20260731 -1.00 -1.00 6 323 0.5354 -0.7679 0.024162
415.00 P 20260731 -1.00 -1.00 92 407 0.5536 -0.8101 0.020456
417.50 P 20260731 -1.00 -1.00 11 280 0.5388 -0.8661 0.016993
420.00 P 20260731 -1.00 -1.00 315 3792 0.5204 -0.9078 0.013292
422.50 P 20260731 -1.00 -1.00 2 12 0.5100 -0.9406 0.009799
425.00 P 20260731 -1.00 -1.00 29 144 0.4651 -0.9742 0.005623
427.50 P 20260731 -1.00 -1.00 10 3 0.5058 -0.9761 0.004832
430.00 P 20260731 -1.00 -1.00 12 44 -1.0000 -1.0000 -1.000000
432.50 P 20260731 -1.00 -1.00 5 12 -1.0000 -1.0000 -1.000000
435.00 P 20260731 -1.00 -1.00 1 6 0.6265 -0.9803 0.003300
437.50 P 20260731 -1.00 -1.00 10 3 -1.0000 -1.0000 -1.000000
440.00 P 20260731 -1.00 -1.00 20 51 -1.0000 -1.0000 -1.000000
442.50 P 20260731 -1.00 -1.00 6 0 -1.0000 -1.0000 -1.000000
445.00 P 20260731 -1.00 -1.00 4 19 -1.0000 -1.0000 -1.000000
447.50 P 20260731 -1.00 -1.00 1 0 -1.0000 -1.0000 -1.000000
450.00 P 20260731 -1.00 -1.00 17 1111 -1.0000 -1.0000 -1.000000
452.50 P 20260731 -1.00 -1.00 10 0 -1.0000 -1.0000 -1.000000
455.00 P 20260731 -1.00 -1.00 2 1 -1.0000 -1.0000 -1.000000
457.50 P 20260731 -1.00 -1.00 4 0 0.8446 -0.9954 0.000786
460.00 P 20260731 -1.00 -1.00 13 1 1.0138 -0.9870 0.001445
462.50 P 20260731 -1.00 -1.00 -1 0 1.1484 -0.9770 0.002003
465.00 P 20260731 -1.00 -1.00 12 20 -1.0000 -1.0000 -1.000000
467.50 P 20260731 -1.00 -1.00 1 0 -1.0000 -1.0000 -1.000000
470.00 P 20260731 -1.00 -1.00 80 0 -1.0000 -1.0000 -1.000000
472.50 P 20260731 -1.00 -1.00 -1 0 -1.0000 -1.0000 -1.000000
475.00 P 20260731 -1.00 -1.00 1 0 1.0710 -0.9963 0.000518
477.50 P 20260731 -1.00 -1.00 -1 0 1.1550 -0.9936 0.000703
480.00 P 20260731 -1.00 -1.00 1 0 1.3668 -0.9840 0.001248
482.50 P 20260731 -1.00 -1.00 -1 0 -1.0000 -1.0000 -1.000000
485.00 P 20260731 -1.00 -1.00 16 0 1.1845 -0.9966 0.000432
487.50 P 20260731 -1.00 -1.00 -1 0 -1.0000 -1.0000 -1.000000
490.00 P 20260731 -1.00 -1.00 1 0 -1.0000 -1.0000 -1.000000
492.50 P 20260731 -1.00 -1.00 -1 0 -1.0000 -1.0000 -1.000000
495.00 P 20260731 -1.00 -1.00 2 0 -1.0000 -1.0000 -1.000000
497.50 P 20260731 -1.00 -1.00 -1 0 -1.0000 -1.0000 -1.000000
500.00 P 20260731 -1.00 -1.00 4 0 -1.0000 -1.0000 -1.000000
505.00 P 20260731 -1.00 -1.00 2 0 -1.0000 -1.0000 -1.000000
510.00 P 20260731 -1.00 -1.00 2 0 -1.0000 -1.0000 -1.000000
295.00 C 20260807 -1.00 -1.00 -1 0 0.9840 0.9859 0.000589
300.00 C 20260807 -1.00 -1.00 10 1 0.9632 0.9828 0.000715
305.00 C 20260807 -1.00 -1.00 -1 0 0.8959 0.9839 0.000725
307.50 C 20260807 -1.00 -1.00 -1 0 0.8906 0.9818 0.000814
310.00 C 20260807 -1.00 -1.00 10 10 0.9411 0.9746 0.001040
312.50 C 20260807 -1.00 -1.00 -1 0 0.8710 0.9783 0.000975
315.00 C 20260807 -1.00 -1.00 1 1 0.7922 0.9836 0.000834
317.50 C 20260807 -1.00 -1.00 -1 0 0.8334 0.9764 0.001099
320.00 C 20260807 -1.00 -1.00 1 764 0.8592 0.9689 0.001339
322.50 C 20260807 -1.00 -1.00 -1 0 0.7690 0.9772 0.001152
325.00 C 20260807 -1.00 -1.00 1 36 0.7191 0.9798 0.001103
327.50 C 20260807 -1.00 -1.00 -1 0 0.7509 0.9730 0.001374
330.00 C 20260807 -1.00 -1.00 1 3 0.7799 0.9612 0.001764
332.50 C 20260807 -1.00 -1.00 -1 0 0.7012 0.9716 0.001531
335.00 C 20260807 -1.00 -1.00 3 150 0.6854 0.9687 0.001688
337.50 C 20260807 -1.00 -1.00 -1 0 0.6743 0.9647 0.001890
340.00 C 20260807 -1.00 -1.00 6 8 0.6500 0.9636 0.002008
342.50 C 20260807 -1.00 -1.00 -1 0 0.6832 0.9494 0.002512
345.00 C 20260807 -1.00 -1.00 15 16 0.6502 0.9497 0.002625
347.50 C 20260807 -1.00 -1.00 -1 0 0.6726 0.9379 0.003039
350.00 C 20260807 -1.00 -1.00 16 494 0.6703 0.9272 0.003410
352.50 C 20260807 -1.00 -1.00 30 30 0.6579 0.9197 0.003733
355.00 C 20260807 -1.00 -1.00 2 8 0.6331 0.9160 0.004013
357.50 C 20260807 -1.00 -1.00 1 1 0.6160 0.9094 0.004365
360.00 C 20260807 -1.00 -1.00 4 10 0.6040 0.9009 0.004771
362.50 C 20260807 -1.00 -1.00 -1 0 0.6292 0.8808 0.005301
365.00 C 20260807 -1.00 -1.00 5 119 0.6103 0.8718 0.005734
367.50 C 20260807 -1.00 -1.00 -1 0 0.6034 0.8561 0.006226
370.00 C 20260807 -1.00 -1.00 3 71 0.5851 0.8445 0.006747
372.50 C 20260807 -1.00 -1.00 62 61 0.5832 0.8260 0.007289
375.00 C 20260807 -1.00 -1.00 210 252 0.5813 0.8073 0.007837
377.50 C 20260807 -1.00 -1.00 82 193 0.5697 0.7916 0.008446
380.00 C 20260807 -1.00 -1.00 113 1875 0.5551 0.7737 0.009069
382.50 C 20260807 -1.00 -1.00 11 551 0.5410 0.7527 0.009699
385.00 C 20260807 -1.00 -1.00 15 154 0.5343 0.7281 0.010285
387.50 C 20260807 -1.00 -1.00 94 1537 0.5483 0.6971 0.010592
390.00 C 20260807 -1.00 -1.00 47 811 0.5393 0.6728 0.011227
392.50 C 20260807 -1.00 -1.00 38 569 0.5323 0.6453 0.011703
395.00 C 20260807 -1.00 -1.00 111 764 0.5269 0.6155 0.012043
397.50 C 20260807 -1.00 -1.00 95 1309 0.5258 0.5846 0.012298
400.00 C 20260807 -1.00 -1.00 696 2693 0.5246 0.5535 0.012554
402.50 C 20260807 -1.00 -1.00 641 360 0.5349 0.5225 0.012538
405.00 C 20260807 -1.00 -1.00 347 984 0.5196 0.4912 0.012815
407.50 C 20260807 -1.00 -1.00 29 139 0.5108 0.4588 0.012888
410.00 C 20260807 -1.00 -1.00 1100 475 0.5124 0.4275 0.012705
412.50 C 20260807 -1.00 -1.00 18 204 0.5129 0.3961 0.012548
415.00 C 20260807 -1.00 -1.00 733 325 0.5177 0.3671 0.012233
417.50 C 20260807 -1.00 -1.00 41 74 0.5109 0.3378 0.011906
420.00 C 20260807 -1.00 -1.00 1428 640 0.5052 0.3082 0.011537
422.50 C 20260807 -1.00 -1.00 22 184 0.5089 0.2822 0.011017
425.00 C 20260807 -1.00 -1.00 291 455 0.5125 0.2566 0.010511
427.50 C 20260807 -1.00 -1.00 47 149 0.5089 0.2311 0.010011
430.00 C 20260807 -1.00 -1.00 304 498 0.5048 0.2084 0.009427
432.50 C 20260807 -1.00 -1.00 45 47 0.5064 0.1883 0.008811
435.00 C 20260807 -1.00 -1.00 100 229 0.5074 0.1680 0.008202
437.50 C 20260807 -1.00 -1.00 74 38 0.5087 0.1479 0.007599
440.00 C 20260807 -1.00 -1.00 568 2179 0.5068 0.1315 0.007016
442.50 C 20260807 -1.00 -1.00 27 107 0.5035 0.1162 0.006424
445.00 C 20260807 -1.00 -1.00 45 288 0.5045 0.1029 0.005857
447.50 C 20260807 -1.00 -1.00 53 5 0.5078 0.0908 0.005318
450.00 C 20260807 -1.00 -1.00 465 529 0.5110 0.0788 0.004794
452.50 C 20260807 -1.00 -1.00 34 12 0.5151 0.0704 0.004365
455.00 C 20260807 -1.00 -1.00 51 181 0.5129 0.0619 0.003934
457.50 C 20260807 -1.00 -1.00 4 4 0.5123 0.0539 0.003514
460.00 C 20260807 -1.00 -1.00 573 625 0.5138 0.0467 0.003122
462.50 C 20260807 -1.00 -1.00 2 1 0.5198 0.0412 0.002802
465.00 C 20260807 -1.00 -1.00 37 512 0.5295 0.0374 0.002552
467.50 C 20260807 -1.00 -1.00 4 7 0.5364 0.0333 0.002307
470.00 C 20260807 -1.00 -1.00 116 646 0.5171 0.0256 0.001896
472.50 C 20260807 -1.00 -1.00 2 1 0.5126 0.0208 0.001597
475.00 C 20260807 -1.00 -1.00 7 125 0.5197 0.0186 0.001436
480.00 C 20260807 -1.00 -1.00 21 594 0.5354 0.0148 0.001156
485.00 C 20260807 -1.00 -1.00 1 335 0.5437 0.0119 0.000938
490.00 C 20260807 -1.00 -1.00 3 146 0.5616 0.0107 0.000826
495.00 C 20260807 -1.00 -1.00 4 82 0.5526 0.0068 0.000558
500.00 C 20260807 -1.00 -1.00 4 376 0.5603 0.0047 0.000402
505.00 C 20260807 -1.00 -1.00 2 144 0.6142 0.0077 0.000559
510.00 C 20260807 -1.00 -1.00 1 33 0.5847 0.0036 0.000303
295.00 P 20260807 -1.00 -1.00 2 543 0.8891 -0.0076 0.000386
300.00 P 20260807 -1.00 -1.00 69 414 0.8427 -0.0077 0.000415
305.00 P 20260807 -1.00 -1.00 8 189 0.8058 -0.0084 0.000465
307.50 P 20260807 -1.00 -1.00 6 0 0.8181 -0.0104 0.000558
310.00 P 20260807 -1.00 -1.00 26 1218 0.7972 -0.0108 0.000594
312.50 P 20260807 -1.00 -1.00 -1 0 0.7728 -0.0109 0.000615
315.00 P 20260807 -1.00 -1.00 5 1144 0.7541 -0.0116 0.000666
317.50 P 20260807 -1.00 -1.00 11 0 0.7375 -0.0127 0.000730
320.00 P 20260807 -1.00 -1.00 33 323 0.7301 -0.0149 0.000844
322.50 P 20260807 -1.00 -1.00 4 45 0.7209 -0.0169 0.000955
325.00 P 20260807 -1.00 -1.00 20 1076 0.7100 -0.0188 0.001062
327.50 P 20260807 -1.00 -1.00 1 79 0.6992 -0.0207 0.001175
330.00 P 20260807 -1.00 -1.00 60 602 0.6957 -0.0236 0.001326
332.50 P 20260807 -1.00 -1.00 4 39 0.6904 -0.0263 0.001473
335.00 P 20260807 -1.00 -1.00 216 235 0.6806 -0.0299 0.001654
337.50 P 20260807 -1.00 -1.00 8 57 0.6627 -0.0324 0.001806
340.00 P 20260807 -1.00 -1.00 218 1335 0.6521 -0.0367 0.002026
342.50 P 20260807 -1.00 -1.00 6 31 0.6610 -0.0456 0.002388
345.00 P 20260807 -1.00 -1.00 41 462 0.6363 -0.0469 0.002542
347.50 P 20260807 -1.00 -1.00 13 8 0.6268 -0.0519 0.002807
350.00 P 20260807 -1.00 -1.00 337 1014 0.6261 -0.0589 0.003133
352.50 P 20260807 -1.00 -1.00 9 49 0.6138 -0.0648 0.003442
355.00 P 20260807 -1.00 -1.00 88 2386 0.6014 -0.0728 0.003812
357.50 P 20260807 -1.00 -1.00 2 116 0.5926 -0.0823 0.004233
360.00 P 20260807 -1.00 -1.00 102 1011 0.5854 -0.0927 0.004685
362.50 P 20260807 -1.00 -1.00 13 57 0.5787 -0.1035 0.005159
365.00 P 20260807 -1.00 -1.00 64 398 0.5799 -0.1170 0.005674
367.50 P 20260807 -1.00 -1.00 48 28 0.5720 -0.1305 0.006195
370.00 P 20260807 -1.00 -1.00 889 1915 0.5609 -0.1453 0.006754
372.50 P 20260807 -1.00 -1.00 423 32 0.5546 -0.1629 0.007345
375.00 P 20260807 -1.00 -1.00 483 379 0.5455 -0.1796 0.007970
377.50 P 20260807 -1.00 -1.00 185 231 0.5472 -0.2008 0.008577
380.00 P 20260807 -1.00 -1.00 191 875 0.5453 -0.2224 0.009172
382.50 P 20260807 -1.00 -1.00 451 42 0.5350 -0.2451 0.009779
385.00 P 20260807 -1.00 -1.00 627 796 0.5272 -0.2696 0.010393
387.50 P 20260807 -1.00 -1.00 122 76 0.5255 -0.2966 0.010944
390.00 P 20260807 -1.00 -1.00 227 523 0.5263 -0.3243 0.011461
392.50 P 20260807 -1.00 -1.00 436 797 0.5231 -0.3529 0.011916
395.00 P 20260807 -1.00 -1.00 90 228 0.5146 -0.3828 0.012338
397.50 P 20260807 -1.00 -1.00 29 62 0.5115 -0.4143 0.012653
400.00 P 20260807 -1.00 -1.00 1577 1036 0.5125 -0.4463 0.012870
402.50 P 20260807 -1.00 -1.00 107 46 0.5509 -0.4776 0.012198
405.00 P 20260807 -1.00 -1.00 42 154 0.5106 -0.5101 0.013066
407.50 P 20260807 -1.00 -1.00 11 34 0.5009 -0.5432 0.013168
410.00 P 20260807 -1.00 -1.00 11 507 0.5015 -0.5754 0.013003
412.50 P 20260807 -1.00 -1.00 11 89 0.5031 -0.6072 0.012817
415.00 P 20260807 -1.00 -1.00 8 131 0.5004 -0.6388 0.012608
417.50 P 20260807 -1.00 -1.00 12 30 0.4960 -0.6684 0.012213
420.00 P 20260807 -1.00 -1.00 515 428 0.4905 -0.6991 0.011821
422.50 P 20260807 -1.00 -1.00 9 51 0.4977 -0.7242 0.011222
425.00 P 20260807 -1.00 -1.00 7 222 0.4930 -0.7550 0.010798
427.50 P 20260807 -1.00 -1.00 1 16 0.4953 -0.7764 0.010155
430.00 P 20260807 -1.00 -1.00 4 877 0.4958 -0.7976 0.009519
432.50 P 20260807 -1.00 -1.00 -1 0 0.5036 -0.8148 0.008870
435.00 P 20260807 -1.00 -1.00 4 124 0.4874 -0.8457 0.008245
437.50 P 20260807 -1.00 -1.00 3 3 0.5130 -0.8514 0.007668
440.00 P 20260807 -1.00 -1.00 3 554 0.4845 -0.8807 0.006968
442.50 P 20260807 -1.00 -1.00 -1 0 0.5145 -0.8807 0.006552
445.00 P 20260807 -1.00 -1.00 5 39 0.5065 -0.8984 0.005939
447.50 P 20260807 -1.00 -1.00 -1 0 0.5140 -0.9084 0.005450
450.00 P 20260807 -1.00 -1.00 3 672 0.6408 -0.8665 0.005692
452.50 P 20260807 -1.00 -1.00 3 0 0.5128 -0.9330 0.004414
455.00 P 20260807 -1.00 -1.00 15 45 0.5111 -0.9415 0.003986
457.50 P 20260807 -1.00 -1.00 -1 0 0.4894 -0.9581 0.003286
460.00 P 20260807 -1.00 -1.00 1 115 0.5067 -0.9593 0.003102
462.50 P 20260807 -1.00 -1.00 -1 0 0.5158 -0.9636 0.002818
465.00 P 20260807 -1.00 -1.00 1 1 0.5329 -0.9646 0.002672
467.50 P 20260807 -1.00 -1.00 1 0 0.5182 -0.9739 0.002240
470.00 P 20260807 -1.00 -1.00 20 2 0.5409 -0.9728 0.002198
472.50 P 20260807 -1.00 -1.00 -1 0 0.7599 -0.9117 0.003567
475.00 P 20260807 -1.00 -1.00 2 0 0.5289 -0.9832 0.001620
480.00 P 20260807 -1.00 -1.00 4 0 0.7556 -0.9339 0.002916
485.00 P 20260807 -1.00 -1.00 1 0 0.6034 -0.9809 0.001511
490.00 P 20260807 -1.00 -1.00 3 0 0.6317 -0.9816 0.001397
495.00 P 20260807 -1.00 -1.00 2 0 0.5758 -0.9952 0.000724
500.00 P 20260807 -1.00 -1.00 1 0 0.6874 -0.9829 0.001211
505.00 P 20260807 -1.00 -1.00 2 0 0.7149 -0.9834 0.001133
510.00 P 20260807 -1.00 -1.00 2 0 -1.0000 -1.0000 -1.000000
295.00 C 20260814 -1.00 -1.00 4 2 0.8544 0.9708 0.000937
297.50 C 20260814 -1.00 -1.00 -1 0 0.7795 0.9774 0.000825
300.00 C 20260814 -1.00 -1.00 5 16 0.8197 0.9684 0.001039
302.50 C 20260814 -1.00 -1.00 -1 0 0.7748 0.9724 0.000989
305.00 C 20260814 -1.00 -1.00 1 2 0.7475 0.9733 0.001000
307.50 C 20260814 -1.00 -1.00 -1 0 0.7516 0.9679 0.001150
310.00 C 20260814 -1.00 -1.00 2 4 0.7590 0.9619 0.001310
312.50 C 20260814 -1.00 -1.00 -1 0 0.7048 0.9680 0.001224
315.00 C 20260814 -1.00 -1.00 -1 0 0.7328 0.9576 0.001484
317.50 C 20260814 -1.00 -1.00 -1 0 0.7164 0.9560 0.001566
320.00 C 20260814 -1.00 -1.00 1 0 0.7104 0.9523 0.001690
322.50 C 20260814 -1.00 -1.00 -1 0 0.6673 0.9560 0.001680
325.00 C 20260814 -1.00 -1.00 -1 0 0.6716 0.9500 0.001860
327.50 C 20260814 -1.00 -1.00 -1 0 0.6524 0.9488 0.001955
330.00 C 20260814 -1.00 -1.00 2 1 0.6467 0.9447 0.002107
332.50 C 20260814 -1.00 -1.00 -1 0 0.6584 0.9348 0.002353
335.00 C 20260814 -1.00 -1.00 15 20 0.6484 0.9293 0.002534
337.50 C 20260814 -1.00 -1.00 -1 0 0.6251 0.9280 0.002664
340.00 C 20260814 -1.00 -1.00 10 2 0.6285 0.9177 0.002925
342.50 C 20260814 -1.00 -1.00 -1 0 0.6188 0.9117 0.003137
345.00 C 20260814 -1.00 -1.00 1 4 0.6109 0.9048 0.003366
347.50 C 20260814 -1.00 -1.00 -1 0 0.5900 0.9019 0.003567
350.00 C 20260814 -1.00 -1.00 6 19 0.6010 0.8890 0.003866
352.50 C 20260814 -1.00 -1.00 -1 0 0.5963 0.8806 0.004128
355.00 C 20260814 -1.00 -1.00 20 259 0.5856 0.8709 0.004406
357.50 C 20260814 -1.00 -1.00 -1 0 0.5751 0.8609 0.004702
360.00 C 20260814 -1.00 -1.00 19 19 0.5683 0.8490 0.005015
362.50 C 20260814 -1.00 -1.00 -1 0 0.5603 0.8373 0.005342
365.00 C 20260814 -1.00 -1.00 4 34 0.5621 0.8217 0.005664
367.50 C 20260814 -1.00 -1.00 -1 0 0.5518 0.8104 0.006022
370.00 C 20260814 -1.00 -1.00 13 52 0.5609 0.7924 0.006318
372.50 C 20260814 -1.00 -1.00 -1 0 0.5460 0.7796 0.006691
375.00 C 20260814 -1.00 -1.00 2 110 0.5378 0.7630 0.007030
377.50 C 20260814 -1.00 -1.00 -1 0 0.5233 0.7480 0.007444
380.00 C 20260814 -1.00 -1.00 43 125 0.5170 0.7296 0.007806
382.50 C 20260814 -1.00 -1.00 5 18 0.5271 0.7060 0.007999
385.00 C 20260814 -1.00 -1.00 30 657 0.5290 0.6852 0.008270
387.50 C 20260814 -1.00 -1.00 17 69 0.5278 0.6649 0.008562
390.00 C 20260814 -1.00 -1.00 86 285 0.5163 0.6443 0.008875
392.50 C 20260814 -1.00 -1.00 42 20 0.5065 0.6225 0.009178
395.00 C 20260814 -1.00 -1.00 44 109 0.5069 0.5986 0.009315
397.50 C 20260814 -1.00 -1.00 47 32 0.5057 0.5750 0.009479
400.00 C 20260814 -1.00 -1.00 55 245 0.5115 0.5510 0.009514
402.50 C 20260814 -1.00 -1.00 7 14 0.5103 0.5274 0.009677
405.00 C 20260814 -1.00 -1.00 67 266 0.5056 0.5038 0.009723
407.50 C 20260814 -1.00 -1.00 16 3 0.5011 0.4798 0.009737
410.00 C 20260814 -1.00 -1.00 40 371 0.4989 0.4557 0.009706
412.50 C 20260814 -1.00 -1.00 14 10 0.5035 0.4329 0.009547
415.00 C 20260814 -1.00 -1.00 100 219 0.4983 0.4080 0.009569
417.50 C 20260814 -1.00 -1.00 1 9 0.5044 0.3860 0.009387
420.00 C 20260814 -1.00 -1.00 468 450 0.5019 0.3639 0.009234
422.50 C 20260814 -1.00 -1.00 15 5 0.4958 0.3413 0.009070
425.00 C 20260814 -1.00 -1.00 59 102 0.4973 0.3213 0.008796
427.50 C 20260814 -1.00 -1.00 1 41 0.4963 0.3003 0.008554
430.00 C 20260814 -1.00 -1.00 84 890 0.4944 0.2787 0.008319
432.50 C 20260814 -1.00 -1.00 15 0 0.5002 0.2611 0.008008
435.00 C 20260814 -1.00 -1.00 72 205 0.5012 0.2429 0.007723
437.50 C 20260814 -1.00 -1.00 9 0 0.4990 0.2265 0.007406
440.00 C 20260814 -1.00 -1.00 74 336 0.4947 0.2088 0.007089
442.50 C 20260814 -1.00 -1.00 1 0 0.4947 0.1932 0.006752
445.00 C 20260814 -1.00 -1.00 14 131 0.4936 0.1770 0.006415
447.50 C 20260814 -1.00 -1.00 1 0 0.4947 0.1620 0.006077
450.00 C 20260814 -1.00 -1.00 48 454 0.4986 0.1489 0.005749
452.50 C 20260814 -1.00 -1.00 -1 0 0.4941 0.1357 0.005421
455.00 C 20260814 -1.00 -1.00 19 143 0.4918 0.1243 0.005093
457.50 C 20260814 -1.00 -1.00 1 0 0.4932 0.1148 0.004781
460.00 C 20260814 -1.00 -1.00 33 193 0.4915 0.1036 0.004450
462.50 C 20260814 -1.00 -1.00 2 0 0.4936 0.0944 0.004148
465.00 C 20260814 -1.00 -1.00 41 102 0.4960 0.0855 0.003853
467.50 C 20260814 -1.00 -1.00 9 0 0.4987 0.0769 0.003567
470.00 C 20260814 -1.00 -1.00 17 435 0.4965 0.0701 0.003317
475.00 C 20260814 -1.00 -1.00 4 130 0.4913 0.0564 0.002801
480.00 C 20260814 -1.00 -1.00 106 299 0.4979 0.0473 0.002401
485.00 C 20260814 -1.00 -1.00 1 126 0.5119 0.0415 0.002111
490.00 C 20260814 -1.00 -1.00 1 112 0.5213 0.0347 0.001810
495.00 C 20260814 -1.00 -1.00 2 64 0.5047 0.0256 0.001426
500.00 C 20260814 -1.00 -1.00 23 203 0.5102 0.0213 0.001206
505.00 C 20260814 -1.00 -1.00 10 220 0.5168 0.0174 0.001005
510.00 C 20260814 -1.00 -1.00 2 62 0.5263 0.0143 0.000845
295.00 P 20260814 -1.00 -1.00 104 20 0.7160 -0.0126 0.000552
297.50 P 20260814 -1.00 -1.00 -1 0 0.7167 -0.0152 0.000645
300.00 P 20260814 -1.00 -1.00 1 139 0.7132 -0.0172 0.000723
302.50 P 20260814 -1.00 -1.00 -1 0 0.6945 -0.0175 0.000751
305.00 P 20260814 -1.00 -1.00 6 196 0.6842 -0.0188 0.000812
307.50 P 20260814 -1.00 -1.00 1 0 0.6698 -0.0196 0.000860
310.00 P 20260814 -1.00 -1.00 6 156 0.6735 -0.0226 0.000974
312.50 P 20260814 -1.00 -1.00 1 0 0.6648 -0.0242 0.001048
315.00 P 20260814 -1.00 -1.00 6 33 0.6616 -0.0269 0.001154
317.50 P 20260814 -1.00 -1.00 -1 0 0.6501 -0.0294 0.001257
320.00 P 20260814 -1.00 -1.00 10 213 0.6509 -0.0348 0.001434
322.50 P 20260814 -1.00 -1.00 1 0 0.6349 -0.0364 0.001523
325.00 P 20260814 -1.00 -1.00 4 3019 0.6331 -0.0413 0.001695
327.50 P 20260814 -1.00 -1.00 2 0 0.6173 -0.0431 0.001800
330.00 P 20260814 -1.00 -1.00 22 531 0.6122 -0.0474 0.001966
332.50 P 20260814 -1.00 -1.00 -1 0 0.6092 -0.0522 0.002147
335.00 P 20260814 -1.00 -1.00 8 100 0.6108 -0.0581 0.002348
337.50 P 20260814 -1.00 -1.00 -1 0 0.5985 -0.0623 0.002522
340.00 P 20260814 -1.00 -1.00 36 244 0.5898 -0.0687 0.002743
342.50 P 20260814 -1.00 -1.00 -1 0 0.5828 -0.0758 0.002983
345.00 P 20260814 -1.00 -1.00 12 119 0.5735 -0.0823 0.003223
347.50 P 20260814 -1.00 -1.00 1 0 0.5695 -0.0909 0.003498
350.00 P 20260814 -1.00 -1.00 29 381 0.5633 -0.0988 0.003773
352.50 P 20260814 -1.00 -1.00 -1 0 0.5643 -0.1092 0.004076
355.00 P 20260814 -1.00 -1.00 8 269 0.5639 -0.1193 0.004379
357.50 P 20260814 -1.00 -1.00 -1 0 0.5561 -0.1307 0.004693
360.00 P 20260814 -1.00 -1.00 60 482 0.5412 -0.1394 0.005018
362.50 P 20260814 -1.00 -1.00 -1 0 0.5396 -0.1541 0.005368
365.00 P 20260814 -1.00 -1.00 30 214 0.5307 -0.1661 0.005732
367.50 P 20260814 -1.00 -1.00 10 0 0.5316 -0.1821 0.006092
370.00 P 20260814 -1.00 -1.00 30 323 0.5241 -0.1952 0.006483
372.50 P 20260814 -1.00 -1.00 3 0 0.5299 -0.2138 0.006815
375.00 P 20260814 -1.00 -1.00 29 257 0.5210 -0.2305 0.007179
377.50 P 20260814 -1.00 -1.00 15 0 0.5176 -0.2499 0.007512
380.00 P 20260814 -1.00 -1.00 55 860 0.5106 -0.2683 0.007890
382.50 P 20260814 -1.00 -1.00 16 11 0.5054 -0.2877 0.008264
385.00 P 20260814 -1.00 -1.00 78 183 0.5075 -0.3095 0.008558
387.50 P 20260814 -1.00 -1.00 19 7 0.5122 -0.3317 0.008813
390.00 P 20260814 -1.00 -1.00 24 364 0.5039 -0.3535 0.009103
392.50 P 20260814 -1.00 -1.00 18 109 0.4982 -0.3765 0.009350
395.00 P 20260814 -1.00 -1.00 7 143 0.4979 -0.4007 0.009503
397.50 P 20260814 -1.00 -1.00 3 2 0.4969 -0.4248 0.009672
400.00 P 20260814 -1.00 -1.00 69 639 0.4966 -0.4491 0.009828
402.50 P 20260814 -1.00 -1.00 3 5 0.5008 -0.4734 0.009896
405.00 P 20260814 -1.00 -1.00 11 242 0.4968 -0.4976 0.009928
407.50 P 20260814 -1.00 -1.00 2 13 0.4916 -0.5222 0.009957
410.00 P 20260814 -1.00 -1.00 31 116 0.4880 -0.5470 0.009954
412.50 P 20260814 -1.00 -1.00 12 0 0.4890 -0.5712 0.009861
415.00 P 20260814 -1.00 -1.00 17 192 0.4967 -0.5935 0.009642
417.50 P 20260814 -1.00 -1.00 1 5 0.4944 -0.6183 0.009613
420.00 P 20260814 -1.00 -1.00 2 645 0.4971 -0.6389 0.009348
422.50 P 20260814 -1.00 -1.00 -1 1 0.4876 -0.6631 0.009231
425.00 P 20260814 -1.00 -1.00 1 87 0.4816 -0.6868 0.009051
427.50 P 20260814 -1.00 -1.00 1 3 0.5197 -0.6910 0.008333
430.00 P 20260814 -1.00 -1.00 4 3993 0.4805 -0.7302 0.008529
432.50 P 20260814 -1.00 -1.00 -1 0 0.4861 -0.7485 0.008203
435.00 P 20260814 -1.00 -1.00 2 35 0.4946 -0.7620 0.007820
437.50 P 20260814 -1.00 -1.00 -1 0 0.4772 -0.7866 0.007569
440.00 P 20260814 -1.00 -1.00 4 74 0.4696 -0.8072 0.007231
442.50 P 20260814 -1.00 -1.00 -1 0 0.5437 -0.7842 0.006672
445.00 P 20260814 -1.00 -1.00 4 36 0.4793 -0.8343 0.006489
447.50 P 20260814 -1.00 -1.00 -1 0 0.4768 -0.8524 0.006127
450.00 P 20260814 -1.00 -1.00 3 107 0.5541 -0.8213 0.005845
452.50 P 20260814 -1.00 -1.00 -1 0 0.4829 -0.8727 0.005460
455.00 P 20260814 -1.00 -1.00 1 42 0.4914 -0.8790 0.005168
457.50 P 20260814 -1.00 -1.00 -1 0 0.4707 -0.9009 0.004719
460.00 P 20260814 -1.00 -1.00 1 43 0.5019 -0.8945 0.004602
462.50 P 20260814 -1.00 -1.00 -1 0 0.4939 -0.9092 0.004238
465.00 P 20260814 -1.00 -1.00 2 2 0.4853 -0.9249 0.003833
467.50 P 20260814 -1.00 -1.00 1 0 0.4841 -0.9327 0.003562
470.00 P 20260814 -1.00 -1.00 20 5 0.4796 -0.9407 0.003282
475.00 P 20260814 -1.00 -1.00 2 0 0.5831 -0.9102 0.003542
480.00 P 20260814 -1.00 -1.00 3 0 0.4756 -0.9678 0.002239
485.00 P 20260814 -1.00 -1.00 1 0 0.4776 -0.9751 0.001887
490.00 P 20260814 -1.00 -1.00 2 0 -1.0000 -1.0000 -1.000000
495.00 P 20260814 -1.00 -1.00 10 0 0.4998 -0.9819 0.001513
500.00 P 20260814 -1.00 -1.00 62 0 -1.0000 -1.0000 -1.000000
505.00 P 20260814 -1.00 -1.00 10 0 0.5473 -0.9814 0.001374
510.00 P 20260814 -1.00 -1.00 10 0 0.5674 -0.9820 0.001294
300.00 C 20260821 -1.00 -1.00 2 415 0.7297 0.9584 0.001210
310.00 C 20260821 -1.00 -1.00 1 256 0.6893 0.9495 0.001513
320.00 C 20260821 -1.00 -1.00 3 439 0.6530 0.9369 0.001911
330.00 C 20260821 -1.00 -1.00 21 699 0.6112 0.9199 0.002437
335.00 C 20260821 -1.00 -1.00 2 1 0.5971 0.9085 0.002764
340.00 C 20260821 -1.00 -1.00 14 1213 0.5865 0.8956 0.003123
345.00 C 20260821 -1.00 -1.00 24 18 0.5757 0.8819 0.003508
350.00 C 20260821 -1.00 -1.00 2 979 0.5522 0.8672 0.003932
355.00 C 20260821 -1.00 -1.00 1 111 0.5515 0.8422 0.004402
360.00 C 20260821 -1.00 -1.00 8 1100 0.5316 0.8240 0.004918
365.00 C 20260821 -1.00 -1.00 1 22 0.5432 0.7942 0.005377
370.00 C 20260821 -1.00 -1.00 3 810 0.5258 0.7679 0.005888
375.00 C 20260821 -1.00 -1.00 7 32 0.5140 0.7377 0.006401
377.50 C 20260821 -1.00 -1.00 2 25 0.5131 0.7207 0.006627
380.00 C 20260821 -1.00 -1.00 36 978 0.5107 0.7040 0.006869
382.50 C 20260821 -1.00 -1.00 11 63 0.5165 0.6852 0.007026
385.00 C 20260821 -1.00 -1.00 5 149 0.5119 0.6685 0.007278
387.50 C 20260821 -1.00 -1.00 5 90 0.5047 0.6504 0.007476
390.00 C 20260821 -1.00 -1.00 26 2983 0.5035 0.6308 0.007597
392.50 C 20260821 -1.00 -1.00 3 137 0.5017 0.6112 0.007729
395.00 C 20260821 -1.00 -1.00 233 307 0.5011 0.5914 0.007842
397.50 C 20260821 -1.00 -1.00 36 46 0.5044 0.5713 0.007897
400.00 C 20260821 -1.00 -1.00 220 17214 0.4993 0.5515 0.008081
402.50 C 20260821 -1.00 -1.00 141 74 0.5013 0.5316 0.008154
405.00 C 20260821 -1.00 -1.00 51 1197 0.4966 0.5116 0.008205
407.50 C 20260821 -1.00 -1.00 25 340 0.4958 0.4918 0.008172
410.00 C 20260821 -1.00 -1.00 692 8590 0.4920 0.4718 0.008188
412.50 C 20260821 -1.00 -1.00 10 100 0.4900 0.4515 0.008174
415.00 C 20260821 -1.00 -1.00 8258 243 0.4898 0.4314 0.008128
417.50 C 20260821 -1.00 -1.00 13 105 0.4916 0.4119 0.008054
420.00 C 20260821 -1.00 -1.00 1058 13159 0.4927 0.3923 0.007989
422.50 C 20260821 -1.00 -1.00 4 409 0.4954 0.3747 0.007842
425.00 C 20260821 -1.00 -1.00 95 11499 0.4901 0.3558 0.007737
427.50 C 20260821 -1.00 -1.00 28 162 0.4898 0.3385 0.007566
430.00 C 20260821 -1.00 -1.00 507 3831 0.4853 0.3193 0.007441
435.00 C 20260821 -1.00 -1.00 1288 6346 0.4874 0.2856 0.007066
440.00 C 20260821 -1.00 -1.00 387 6926 0.4910 0.2530 0.006687
445.00 C 20260821 -1.00 -1.00 461 677 0.4852 0.2239 0.006255
450.00 C 20260821 -1.00 -1.00 290 17389 0.4822 0.1961 0.005788
455.00 C 20260821 -1.00 -1.00 110 176 0.4828 0.1701 0.005311
460.00 C 20260821 -1.00 -1.00 156 4586 0.4868 0.1472 0.004846
465.00 C 20260821 -1.00 -1.00 833 4101 0.4823 0.1280 0.004390
470.00 C 20260821 -1.00 -1.00 176 2586 0.4800 0.1095 0.003928
475.00 C 20260821 -1.00 -1.00 6 11879 0.4756 0.0896 0.003439
480.00 C 20260821 -1.00 -1.00 3659 15480 0.4890 0.0803 0.003108
490.00 C 20260821 -1.00 -1.00 267 3684 0.4849 0.0583 0.002413
500.00 C 20260821 -1.00 -1.00 813 4072 0.4915 0.0417 0.001829
510.00 C 20260821 -1.00 -1.00 2845 12098 0.4942 0.0300 0.001386
300.00 P 20260821 -1.00 -1.00 10 7702 0.6545 -0.0254 0.000922
310.00 P 20260821 -1.00 -1.00 33 2739 0.6162 -0.0345 0.001245
320.00 P 20260821 -1.00 -1.00 74 8226 0.5876 -0.0467 0.001677
330.00 P 20260821 -1.00 -1.00 82 5289 0.5673 -0.0641 0.002248
335.00 P 20260821 -1.00 -1.00 16 169 0.5581 -0.0777 0.002626
340.00 P 20260821 -1.00 -1.00 136 4806 0.5447 -0.0901 0.003011
345.00 P 20260821 -1.00 -1.00 11 145 0.5365 -0.1048 0.003443
350.00 P 20260821 -1.00 -1.00 173 17235 0.5302 -0.1224 0.003910
355.00 P 20260821 -1.00 -1.00 109 277 0.5138 -0.1415 0.004417
360.00 P 20260821 -1.00 -1.00 357 10831 0.5099 -0.1669 0.004963
365.00 P 20260821 -1.00 -1.00 70 384 0.5090 -0.1938 0.005513
370.00 P 20260821 -1.00 -1.00 149 10605 0.5077 -0.2247 0.006021
375.00 P 20260821 -1.00 -1.00 93 290 0.4994 -0.2569 0.006537
377.50 P 20260821 -1.00 -1.00 82 181 0.4942 -0.2731 0.006817
380.00 P 20260821 -1.00 -1.00 244 17538 0.4951 -0.2913 0.007043
382.50 P 20260821 -1.00 -1.00 73 271 0.4989 -0.3103 0.007236
385.00 P 20260821 -1.00 -1.00 132 271 0.5016 -0.3289 0.007435
387.50 P 20260821 -1.00 -1.00 122 152 0.4908 -0.3466 0.007697
390.00 P 20260821 -1.00 -1.00 50 6382 0.4898 -0.3668 0.007823
392.50 P 20260821 -1.00 -1.00 7 299 0.4926 -0.3876 0.007889
395.00 P 20260821 -1.00 -1.00 30 85 0.4864 -0.4073 0.008098
397.50 P 20260821 -1.00 -1.00 8 82 0.4873 -0.4279 0.008196
400.00 P 20260821 -1.00 -1.00 123 16063 0.4907 -0.4485 0.008252
402.50 P 20260821 -1.00 -1.00 1 100 0.4895 -0.4691 0.008385
405.00 P 20260821 -1.00 -1.00 15 239 0.4945 -0.4890 0.008276
407.50 P 20260821 -1.00 -1.00 1 254 0.4849 -0.5100 0.008392
410.00 P 20260821 -1.00 -1.00 24 4845 0.4755 -0.5318 0.008508
412.50 P 20260821 -1.00 -1.00 9 82 0.4824 -0.5511 0.008341
415.00 P 20260821 -1.00 -1.00 8 112 0.4736 -0.5737 0.008444
417.50 P 20260821 -1.00 -1.00 2 102 0.4823 -0.5920 0.008251
420.00 P 20260821 -1.00 -1.00 28 4484 0.4778 -0.6141 0.008279
422.50 P 20260821 -1.00 -1.00 30 84 0.4831 -0.6309 0.008053
425.00 P 20260821 -1.00 -1.00 2 73 0.4843 -0.6479 0.007860
427.50 P 20260821 -1.00 -1.00 2 1 0.4827 -0.6661 0.007704
430.00 P 20260821 -1.00 -1.00 16 1594 0.4691 -0.6900 0.007683
435.00 P 20260821 -1.00 -1.00 1 46 0.4756 -0.7228 0.007244
440.00 P 20260821 -1.00 -1.00 44 7202 0.4711 -0.7591 0.006877
445.00 P 20260821 -1.00 -1.00 1 27 0.4593 -0.7929 0.006426
450.00 P 20260821 -1.00 -1.00 7 2388 0.4536 -0.8248 0.005912
455.00 P 20260821 -1.00 -1.00 2 10 0.4701 -0.8418 0.005392
460.00 P 20260821 -1.00 -1.00 32 1710 0.4679 -0.8657 0.004897
465.00 P 20260821 -1.00 -1.00 1 5 0.4576 -0.8897 0.004381
470.00 P 20260821 -1.00 -1.00 11 709 0.4563 -0.9094 0.003873
475.00 P 20260821 -1.00 -1.00 1 6 0.4692 -0.9199 0.003497
480.00 P 20260821 -1.00 -1.00 1 92 0.4625 -0.9365 0.003047
490.00 P 20260821 -1.00 -1.00 2 42 0.4459 -0.9664 0.002136
500.00 P 20260821 -1.00 -1.00 3 0 0.4408 -0.9826 0.001550
510.00 P 20260821 -1.00 -1.00 2 0 0.4917 -0.9788 0.001516
240.00 C 20260731 -1.00 -1.00 4 22 3.5834 0.9946 0.000177
245.00 C 20260731 -1.00 -1.00 2 19 3.1474 0.9974 0.000105
250.00 C 20260731 -1.00 -1.00 2 35 3.1404 0.9965 0.000138
255.00 C 20260731 -1.00 -1.00 2 16 3.2540 0.9933 0.000237
260.00 C 20260731 -1.00 -1.00 1 57 3.0107 0.9946 0.000211
265.00 C 20260731 -1.00 -1.00 2 17 3.0062 0.9928 0.000274
270.00 C 20260731 -1.00 -1.00 1 18 2.8858 0.9925 0.000295
275.00 C 20260731 -1.00 -1.00 1 43 2.7678 0.9922 0.000318
280.00 C 20260731 -1.00 -1.00 176 477 2.6518 0.9919 0.000344
285.00 C 20260731 -1.00 -1.00 19 25 2.5944 0.9907 0.000400
290.00 C 20260731 -1.00 -1.00 1 29 2.4821 0.9903 0.000435
240.00 P 20260731 -1.00 -1.00 18 1607 3.5591 -0.0051 0.000170
245.00 P 20260731 -1.00 -1.00 3 473 3.1864 -0.0028 0.000111
250.00 P 20260731 -1.00 -1.00 4 1688 3.2284 -0.0046 0.000172
255.00 P 20260731 -1.00 -1.00 33 268 2.7614 -0.0019 0.000089
260.00 P 20260731 -1.00 -1.00 13 575 3.0645 -0.0061 0.000232
265.00 P 20260731 -1.00 -1.00 2 319 2.8621 -0.0052 0.000215
270.00 P 20260731 -1.00 -1.00 2 5788 2.7098 -0.0049 0.000214
275.00 P 20260731 -1.00 -1.00 3 1154 2.6294 -0.0057 0.000251
280.00 P 20260731 -1.00 -1.00 4 388 2.2382 -0.0023 0.000133
285.00 P 20260731 -1.00 -1.00 3 939 2.1393 -0.0024 0.000145
290.00 P 20260731 -1.00 -1.00 9 531 2.0421 -0.0025 0.000158
240.00 C 20260807 -1.00 -1.00 -1 0 1.5450 0.9914 0.000244
245.00 C 20260807 -1.00 -1.00 -1 0 1.3414 0.9951 0.000165
250.00 C 20260807 -1.00 -1.00 -1 0 1.4795 0.9887 0.000324
255.00 C 20260807 -1.00 -1.00 171 171 1.2572 0.9942 0.000205
260.00 C 20260807 -1.00 -1.00 -1 0 1.3845 0.9868 0.000394
265.00 C 20260807 -1.00 -1.00 -1 0 -1.0000 -1.0000 -1.000000
270.00 C 20260807 -1.00 -1.00 3 3 1.0243 0.9967 0.000147
275.00 C 20260807 -1.00 -1.00 5 172 1.0756 0.9930 0.000288
280.00 C 20260807 -1.00 -1.00 1 422 1.1175 0.9887 0.000428
285.00 C 20260807 -1.00 -1.00 -1 0 1.1045 0.9853 0.000543
290.00 C 20260807 -1.00 -1.00 -1 0 -1.0000 -1.0000 -1.000000
240.00 P 20260807 -1.00 -1.00 1 784 1.2749 -0.0022 0.000089
245.00 P 20260807 -1.00 -1.00 32 417 1.2285 -0.0023 0.000095
250.00 P 20260807 -1.00 -1.00 4 556 1.1566 -0.0020 0.000089
255.00 P 20260807 -1.00 -1.00 2 423 1.1876 -0.0032 0.000134
260.00 P 20260807 -1.00 -1.00 2 310 1.1442 -0.0035 0.000150
265.00 P 20260807 -1.00 -1.00 1 158 1.1158 -0.0043 0.000186
270.00 P 20260807 -1.00 -1.00 2 439 1.0508 -0.0038 0.000175
275.00 P 20260807 -1.00 -1.00 3 327 0.9915 -0.0033 0.000167
280.00 P 20260807 -1.00 -1.00 17 489 0.9790 -0.0049 0.000237
285.00 P 20260807 -1.00 -1.00 13 392 0.9441 -0.0055 0.000274
290.00 P 20260807 -1.00 -1.00 3 250 0.8963 -0.0056 0.000290
240.00 C 20260814 -1.00 -1.00 2 2 1.1857 0.9886 0.000293
245.00 C 20260814 -1.00 -1.00 10 10 1.1554 0.9873 0.000331
250.00 C 20260814 -1.00 -1.00 24 25 1.1640 0.9835 0.000418
255.00 C 20260814 -1.00 -1.00 24 27 -1.0000 -1.0000 -1.000000
260.00 C 20260814 -1.00 -1.00 28 28 1.0831 0.9820 0.000484
265.00 C 20260814 -1.00 -1.00 2 22 -1.0000 -1.0000 -1.000000
270.00 C 20260814 -1.00 -1.00 10 13 1.0127 0.9799 0.000573
275.00 C 20260814 -1.00 -1.00 4 5 0.9639 0.9799 0.000603
280.00 C 20260814 -1.00 -1.00 4 4 0.9522 0.9769 0.000692
285.00 C 20260814 -1.00 -1.00 4 5 0.9259 0.9750 0.000765
290.00 C 20260814 -1.00 -1.00 5 5 -1.0000 -1.0000 -1.000000
292.50 C 20260814 -1.00 -1.00 -1 0 -1.0000 -1.0000 -1.000000
240.00 P 20260814 -1.00 -1.00 40 122 1.0007 -0.0034 0.000125
245.00 P 20260814 -1.00 -1.00 4 183 0.9665 -0.0037 0.000139
250.00 P 20260814 -1.00 -1.00 2409 157 1.0083 -0.0070 0.000235
255.00 P 20260814 -1.00 -1.00 6 380 0.9003 -0.0043 0.000170
260.00 P 20260814 -1.00 -1.00 29 617 0.9139 -0.0067 0.000248
265.00 P 20260814 -1.00 -1.00 3 208 0.8471 -0.0055 0.000225
270.00 P 20260814 -1.00 -1.00 11 582 0.8368 -0.0069 0.000279
275.00 P 20260814 -1.00 -1.00 3 575 0.8233 -0.0082 0.000332
280.00 P 20260814 -1.00 -1.00 7 565 0.7830 -0.0082 0.000349
285.00 P 20260814 -1.00 -1.00 5 122 0.7837 -0.0111 0.000452
290.00 P 20260814 -1.00 -1.00 2 78 0.7390 -0.0106 0.000461
292.50 P 20260814 -1.00 -1.00 -1 0 0.7325 -0.0122 0.000523
240.00 C 20260821 -1.00 -1.00 2 136 1.0338 0.9846 0.000360
250.00 C 20260821 -1.00 -1.00 2 149 1.0196 0.9793 0.000481
260.00 C 20260821 -1.00 -1.00 6 130 0.8624 0.9850 0.000423
270.00 C 20260821 -1.00 -1.00 1 197 0.8877 0.9756 0.000643
280.00 C 20260821 -1.00 -1.00 1 149 0.7702 0.9786 0.000654
290.00 C 20260821 -1.00 -1.00 10 143 0.7451 0.9714 0.000870
240.00 P 20260821 -1.00 -1.00 2 2250 0.8782 -0.0057 0.000183
250.00 P 20260821 -1.00 -1.00 1 4389 0.8481 -0.0076 0.000247
260.00 P 20260821 -1.00 -1.00 3 3078 0.8167 -0.0100 0.000329
270.00 P 20260821 -1.00 -1.00 32 3418 0.7466 -0.0102 0.000368
280.00 P 20260821 -1.00 -1.00 29 3534 0.7153 -0.0149 0.000525
290.00 P 20260821 -1.00 -1.00 81 2821 0.6934 -0.0209 0.000730
515.00 C 20260731 -1.00 -1.00 15 144 1.5709 0.0042 0.000328
520.00 C 20260731 -1.00 -1.00 1 535 1.5314 0.0027 0.000218
530.00 C 20260731 -1.00 -1.00 2 333 1.7893 0.0048 0.000324
540.00 C 20260731 -1.00 -1.00 8 297 1.9275 0.0054 0.000332
550.00 C 20260731 -1.00 -1.00 2 425 2.0470 0.0054 0.000314
560.00 C 20260731 -1.00 -1.00 1 999 2.1563 0.0052 0.000287
515.00 P 20260731 -1.00 -1.00 1 0 -1.0000 -1.0000 -1.000000
520.00 P 20260731 -1.00 -1.00 100 0 -1.0000 -1.0000 -1.000000
530.00 P 20260731 -1.00 -1.00 130 0 -1.0000 -1.0000 -1.000000
540.00 P 20260731 -1.00 -1.00 7 0 1.8940 -0.9958 0.000299
550.00 P 20260731 -1.00 -1.00 35 0 1.9933 -0.9960 0.000273
560.00 P 20260731 -1.00 -1.00 2 0 1.9684 -0.9978 0.000178
515.00 C 20260807 -1.00 -1.00 7 176 0.6448 0.0056 0.000405
520.00 C 20260807 -1.00 -1.00 1 242 0.6682 0.0054 0.000381
530.00 C 20260807 -1.00 -1.00 5 169 0.6757 0.0036 0.000257
540.00 C 20260807 -1.00 -1.00 2 84 0.7069 0.0030 0.000213
550.00 C 20260807 -1.00 -1.00 12 871 0.8390 0.0075 0.000400
560.00 C 20260807 -1.00 -1.00 36 144 0.8021 0.0034 0.000205
515.00 P 20260807 -1.00 -1.00 -1 0 -1.0000 -1.0000 -1.000000
520.00 P 20260807 -1.00 -1.00 1 0 0.7952 -0.9848 0.000949
530.00 P 20260807 -1.00 -1.00 -1 0 0.7693 -0.9934 0.000590
540.00 P 20260807 -1.00 -1.00 12 0 0.8755 -0.9890 0.000705
550.00 P 20260807 -1.00 -1.00 -1 0 0.9390 -0.9881 0.000681
560.00 P 20260807 -1.00 -1.00 12 0 0.9829 -0.9886 0.000631
515.00 C 20260814 -1.00 -1.00 7 52 0.5273 0.0121 0.000722
520.00 C 20260814 -1.00 -1.00 12 74 0.5372 0.0109 0.000648
530.00 C 20260814 -1.00 -1.00 1 62 0.5566 0.0088 0.000513
540.00 C 20260814 -1.00 -1.00 1 43 0.5709 0.0063 0.000371
550.00 C 20260814 -1.00 -1.00 7 22 0.5683 0.0038 0.000239
560.00 C 20260814 -1.00 -1.00 8 51 0.5966 0.0036 0.000219
515.00 P 20260814 -1.00 -1.00 48 0 0.5805 -0.9840 0.001180
520.00 P 20260814 -1.00 -1.00 68 0 0.5680 -0.9923 0.000816
530.00 P 20260814 -1.00 -1.00 64 0 0.6646 -0.9797 0.001133
540.00 P 20260814 -1.00 -1.00 -1 0 0.6965 -0.9818 0.001013
550.00 P 20260814 -1.00 -1.00 2 0 0.7339 -0.9826 0.000932
560.00 P 20260814 -1.00 -1.00 -1 0 -1.0000 -1.0000 -1.000000
520.00 C 20260821 -1.00 -1.00 4 3898 0.4908 0.0198 0.000975
530.00 C 20260821 -1.00 -1.00 32 1236 0.5075 0.0149 0.000749
540.00 C 20260821 -1.00 -1.00 5 1605 0.5130 0.0115 0.000588
550.00 C 20260821 -1.00 -1.00 31 778 0.5206 0.0087 0.000450
560.00 C 20260821 -1.00 -1.00 14 15789 0.5395 0.0074 0.000377
520.00 P 20260821 -1.00 -1.00 1 0 -1.0000 -1.0000 -1.000000
530.00 P 20260821 -1.00 -1.00 2 0 0.5517 -0.9822 0.001206
540.00 P 20260821 -1.00 -1.00 2 0 -1.0000 -1.0000 -1.000000
550.00 P 20260821 -1.00 -1.00 20 0 -1.0000 -1.0000 -1.000000
560.00 P 20260821 -1.00 -1.00 1 0 0.6392 -0.9855 0.000892
