# opt_chain DRAM | epoch 1785428774 | 2026-07-30 12:26:14 | spot 51.36 | exps 20260731 20260807 20260814 20260821
# fuente polygon_snapshot_v3 | greeks polygon_directo | iv polygon_directo | oi polygon_directo | vol day.volume(-1 si no cotizo) | bid/ask NO_ENTITLED(-1) | spot_src ibkr_bridge spot_edad_s 74 | band 0.6000 vencimientos 4 exp_hasta 2026-08-21
# strike right exp bid ask vol oi iv delta gamma
31.00 C 20260731 -1.00 -1.00 3 8 -1.0000 -1.0000 -1.000000
32.00 C 20260731 -1.00 -1.00 10 10 -1.0000 -1.0000 -1.000000
33.00 C 20260731 -1.00 -1.00 2 23 -1.0000 -1.0000 -1.000000
34.00 C 20260731 -1.00 -1.00 8 16 -1.0000 -1.0000 -1.000000
34.50 C 20260731 -1.00 -1.00 8 7 -1.0000 -1.0000 -1.000000
35.00 C 20260731 -1.00 -1.00 2 10 -1.0000 -1.0000 -1.000000
35.50 C 20260731 -1.00 -1.00 1 5 -1.0000 -1.0000 -1.000000
36.00 C 20260731 -1.00 -1.00 10 10 -1.0000 -1.0000 -1.000000
36.50 C 20260731 -1.00 -1.00 11 11 -1.0000 -1.0000 -1.000000
37.00 C 20260731 -1.00 -1.00 1 3 -1.0000 -1.0000 -1.000000
37.50 C 20260731 -1.00 -1.00 2 2 -1.0000 -1.0000 -1.000000
38.00 C 20260731 -1.00 -1.00 2 2 -1.0000 -1.0000 -1.000000
38.50 C 20260731 -1.00 -1.00 14 15 -1.0000 -1.0000 -1.000000
39.00 C 20260731 -1.00 -1.00 14 16 2.2565 0.9816 0.006501
39.50 C 20260731 -1.00 -1.00 6 7 -1.0000 -1.0000 -1.000000
40.00 C 20260731 -1.00 -1.00 103 148 -1.0000 -1.0000 -1.000000
40.50 C 20260731 -1.00 -1.00 20 6 1.8052 0.9879 0.005701
41.00 C 20260731 -1.00 -1.00 20 123 2.0465 0.9710 0.010640
41.50 C 20260731 -1.00 -1.00 -1 0 2.1247 0.9565 0.014164
42.00 C 20260731 -1.00 -1.00 1 14 0.0004 1.0000 -0.000000
42.50 C 20260731 -1.00 -1.00 31 2 1.4630 0.9855 0.008175
43.00 C 20260731 -1.00 -1.00 42 181 1.3799 0.9847 0.009046
43.50 C 20260731 -1.00 -1.00 52 48 1.8822 0.9347 0.022316
44.00 C 20260731 -1.00 -1.00 13 18 1.9216 0.9141 0.026683
44.50 C 20260731 -1.00 -1.00 15 26 1.5463 0.9417 0.024898
45.00 C 20260731 -1.00 -1.00 155 363 1.5551 0.9234 0.030304
45.50 C 20260731 -1.00 -1.00 74 229 1.4976 0.9115 0.034999
46.00 C 20260731 -1.00 -1.00 162 411 1.2456 0.9298 0.035548
46.50 C 20260731 -1.00 -1.00 151 663 1.3846 0.8849 0.046388
47.00 C 20260731 -1.00 -1.00 271 1438 1.2807 0.8765 0.053043
47.50 C 20260731 -1.00 -1.00 604 464 1.4481 0.8150 0.060616
48.00 C 20260731 -1.00 -1.00 2544 12525 1.4518 0.7835 0.067397
48.50 C 20260731 -1.00 -1.00 527 419 1.4242 0.7475 0.073744
49.00 C 20260731 -1.00 -1.00 5751 6087 1.3583 0.7146 0.082131
49.50 C 20260731 -1.00 -1.00 1430 988 1.3218 0.6757 0.090231
50.00 C 20260731 -1.00 -1.00 24158 29798 1.3542 0.6264 0.092253
50.50 C 20260731 -1.00 -1.00 16660 475 1.3611 0.5782 0.094446
51.00 C 20260731 -1.00 -1.00 3141 3512 1.3597 0.5306 0.097183
51.50 C 20260731 -1.00 -1.00 1047 260 1.3450 0.4829 0.097824
52.00 C 20260731 -1.00 -1.00 10481 3215 1.3296 0.4342 0.097201
52.50 C 20260731 -1.00 -1.00 1892 2723 1.3348 0.3867 0.095121
53.00 C 20260731 -1.00 -1.00 1394 1696 1.3222 0.3416 0.091657
53.50 C 20260731 -1.00 -1.00 409 585 1.3126 0.2983 0.086682
54.00 C 20260731 -1.00 -1.00 17119 4140 1.3261 0.2589 0.080719
54.50 C 20260731 -1.00 -1.00 226 529 1.3234 0.2229 0.074466
55.00 C 20260731 -1.00 -1.00 6865 20809 1.3180 0.1903 0.067517
55.50 C 20260731 -1.00 -1.00 471 612 1.3245 0.1602 0.060497
56.00 C 20260731 -1.00 -1.00 1170 3441 1.2891 0.1271 0.053259
56.50 C 20260731 -1.00 -1.00 586 285 1.2837 0.1049 0.046237
57.00 C 20260731 -1.00 -1.00 429 8490 1.3307 0.0931 0.040897
57.50 C 20260731 -1.00 -1.00 65 678 1.4034 0.0871 0.037024
58.00 C 20260731 -1.00 -1.00 1016 2076 1.3557 0.0645 0.030521
58.50 C 20260731 -1.00 -1.00 70 584 1.3788 0.0561 0.026718
59.00 C 20260731 -1.00 -1.00 2734 1707 1.4016 0.0479 0.023153
59.50 C 20260731 -1.00 -1.00 45 770 1.4390 0.0421 0.020372
60.00 C 20260731 -1.00 -1.00 3842 20660 1.3777 0.0280 0.015216
60.50 C 20260731 -1.00 -1.00 74 2168 1.4638 0.0292 0.014868
61.00 C 20260731 -1.00 -1.00 82 1809 1.4326 0.0215 0.011633
61.50 C 20260731 -1.00 -1.00 22 632 1.5178 0.0230 0.011656
62.00 C 20260731 -1.00 -1.00 214 2774 1.5156 0.0178 0.009408
62.50 C 20260731 -1.00 -1.00 12 498 1.6285 0.0217 0.010304
63.00 C 20260731 -1.00 -1.00 125 27280 1.5462 0.0123 0.006731
63.50 C 20260731 -1.00 -1.00 6 180 1.6803 0.0164 0.007905
64.00 C 20260731 -1.00 -1.00 95 3119 1.6408 0.0116 0.006028
64.50 C 20260731 -1.00 -1.00 6 264 1.6875 0.0113 0.005722
65.00 C 20260731 -1.00 -1.00 340 25443 1.6680 0.0087 0.004581
65.50 C 20260731 -1.00 -1.00 11 299 1.7143 0.0085 0.004360
66.00 C 20260731 -1.00 -1.00 459 1360 1.7603 0.0083 0.004158
66.50 C 20260731 -1.00 -1.00 28 151 2.1383 0.0228 0.008186
67.00 C 20260731 -1.00 -1.00 16 952 1.8511 0.0080 0.003799
67.50 C 20260731 -1.00 -1.00 1 133 2.1291 0.0154 0.005943
68.00 C 20260731 -1.00 -1.00 75 4825 1.9406 0.0076 0.003492
68.50 C 20260731 -1.00 -1.00 36 207 2.0491 0.0095 0.004010
69.00 C 20260731 -1.00 -1.00 5 5179 2.0928 0.0093 0.003859
69.50 C 20260731 -1.00 -1.00 67 138 2.2639 0.0127 0.004723
70.00 C 20260731 -1.00 -1.00 179 11535 2.1158 0.0071 0.002998
70.50 C 20260731 -1.00 -1.00 2 54 2.3489 0.0123 0.004411
71.00 C 20260731 -1.00 -1.00 32 2254 2.2015 0.0068 0.002797
71.50 C 20260731 -1.00 -1.00 4 138 2.4327 0.0119 0.004135
31.00 P 20260731 -1.00 -1.00 4 88 3.7450 -0.0084 0.001998
32.00 P 20260731 -1.00 -1.00 81 212 3.2552 -0.0057 0.001609
33.00 P 20260731 -1.00 -1.00 333 633 3.0605 -0.0060 0.001807
34.00 P 20260731 -1.00 -1.00 397 8502 3.7133 -0.0236 0.004954
34.50 P 20260731 -1.00 -1.00 10 147 3.6965 -0.0280 0.005700
35.00 P 20260731 -1.00 -1.00 128 3158 2.7789 -0.0082 0.002627
35.50 P 20260731 -1.00 -1.00 5 100 3.5358 -0.0329 0.006762
36.00 P 20260731 -1.00 -1.00 21 402 2.5106 -0.0073 0.002623
36.50 P 20260731 -1.00 -1.00 24 139 3.4556 -0.0410 0.008309
37.00 P 20260731 -1.00 -1.00 114 346 2.4255 -0.0094 0.003404
37.50 P 20260731 -1.00 -1.00 115 278 2.5009 -0.0152 0.004976
38.00 P 20260731 -1.00 -1.00 82 11333 2.0826 -0.0067 0.002917
38.50 P 20260731 -1.00 -1.00 112 203 2.0868 -0.0088 0.003721
39.00 P 20260731 -1.00 -1.00 90 588 1.9199 -0.0073 0.003396
39.50 P 20260731 -1.00 -1.00 85 259 1.8401 -0.0076 0.003677
40.00 P 20260731 -1.00 -1.00 733 12914 1.8952 -0.0117 0.005288
40.50 P 20260731 -1.00 -1.00 126 538 1.7676 -0.0103 0.005102
41.00 P 20260731 -1.00 -1.00 483 9695 1.7566 -0.0147 0.006893
41.50 P 20260731 -1.00 -1.00 182 768 1.7063 -0.0174 0.008168
42.00 P 20260731 -1.00 -1.00 1859 5605 1.6919 -0.0220 0.010144
42.50 P 20260731 -1.00 -1.00 407 864 1.6777 -0.0268 0.012183
43.00 P 20260731 -1.00 -1.00 1027 4688 1.6581 -0.0351 0.015233
43.50 P 20260731 -1.00 -1.00 184 620 1.6156 -0.0420 0.018087
44.00 P 20260731 -1.00 -1.00 910 1532 1.6081 -0.0525 0.021874
44.50 P 20260731 -1.00 -1.00 279 695 1.6050 -0.0645 0.025970
45.00 P 20260731 -1.00 -1.00 2074 7698 1.5569 -0.0769 0.030347
45.50 P 20260731 -1.00 -1.00 268 604 1.5289 -0.0928 0.035536
46.00 P 20260731 -1.00 -1.00 954 2684 1.5208 -0.1117 0.041263
46.50 P 20260731 -1.00 -1.00 426 1074 1.5041 -0.1331 0.047233
47.00 P 20260731 -1.00 -1.00 2567 2346 1.4703 -0.1577 0.053720
47.50 P 20260731 -1.00 -1.00 424 530 1.4560 -0.1862 0.060549
48.00 P 20260731 -1.00 -1.00 1939 3650 1.4578 -0.2175 0.067267
48.50 P 20260731 -1.00 -1.00 691 1029 1.4205 -0.2521 0.073885
49.00 P 20260731 -1.00 -1.00 1017 15969 1.3980 -0.2901 0.080485
49.50 P 20260731 -1.00 -1.00 504 674 1.3949 -0.3310 0.086494
50.00 P 20260731 -1.00 -1.00 2591 11018 1.3761 -0.3752 0.090889
50.50 P 20260731 -1.00 -1.00 400 926 1.3581 -0.4218 0.094682
51.00 P 20260731 -1.00 -1.00 633 783 1.3609 -0.4695 0.097136
51.50 P 20260731 -1.00 -1.00 101 268 1.3419 -0.5174 0.098080
52.00 P 20260731 -1.00 -1.00 251 2353 1.3266 -0.5662 0.097453
52.50 P 20260731 -1.00 -1.00 31 2337 1.3765 -0.6090 0.092446
53.00 P 20260731 -1.00 -1.00 119 1959 1.3602 -0.6538 0.089724
53.50 P 20260731 -1.00 -1.00 33 487 1.3229 -0.7002 0.086269
54.00 P 20260731 -1.00 -1.00 182 1116 1.3364 -0.7394 0.080406
54.50 P 20260731 -1.00 -1.00 87 525 1.4080 -0.7636 0.072885
55.00 P 20260731 -1.00 -1.00 439 19173 1.3311 -0.8074 0.067476
55.50 P 20260731 -1.00 -1.00 22 322 1.4024 -0.8237 0.060624
56.00 P 20260731 -1.00 -1.00 164 799 1.2990 -0.8715 0.053458
56.50 P 20260731 -1.00 -1.00 39 388 1.3375 -0.8856 0.047534
57.00 P 20260731 -1.00 -1.00 111 1574 1.5941 -0.8640 0.045430
57.50 P 20260731 -1.00 -1.00 22 3163 1.5003 -0.8959 0.039494
58.00 P 20260731 -1.00 -1.00 60 607 1.3114 -0.9418 0.029232
58.50 P 20260731 -1.00 -1.00 21 1197 1.2290 -0.9667 0.020332
59.00 P 20260731 -1.00 -1.00 6 190 1.5954 -0.9292 0.028233
59.50 P 20260731 -1.00 -1.00 3 47 1.8606 -0.9042 0.029968
60.00 P 20260731 -1.00 -1.00 329 3582 1.5058 -0.9598 0.019007
60.50 P 20260731 -1.00 -1.00 7 64 2.2700 -0.8786 0.029166
61.00 P 20260731 -1.00 -1.00 33 431 1.6372 -0.9625 0.016615
61.50 P 20260731 -1.00 -1.00 1 3 2.4200 -0.8847 0.026318
62.00 P 20260731 -1.00 -1.00 16 318 1.4820 -0.9855 0.008471
62.50 P 20260731 -1.00 -1.00 8 59 2.2646 -0.9245 0.020889
63.00 P 20260731 -1.00 -1.00 23 356 1.8840 -0.9665 0.013208
63.50 P 20260731 -1.00 -1.00 77 91 2.4593 -0.9226 0.019613
64.00 P 20260731 -1.00 -1.00 6 14 2.8674 -0.8886 0.021637
64.50 P 20260731 -1.00 -1.00 1 0 3.0620 -0.8795 0.021449
65.00 P 20260731 -1.00 -1.00 8097 8741 -1.0000 -1.0000 -1.000000
65.50 P 20260731 -1.00 -1.00 30 65 -1.0000 -1.0000 -1.000000
66.00 P 20260731 -1.00 -1.00 5 26 2.8279 -0.9251 0.016541
66.50 P 20260731 -1.00 -1.00 2 1 2.8159 -0.9311 0.015509
67.00 P 20260731 -1.00 -1.00 8 8 2.7340 -0.9421 0.013863
67.50 P 20260731 -1.00 -1.00 1 1 3.3126 -0.9048 0.016776
68.00 P 20260731 -1.00 -1.00 1 1 -1.0000 -1.0000 -1.000000
68.50 P 20260731 -1.00 -1.00 2 0 3.5272 -0.9006 0.016240
69.00 P 20260731 -1.00 -1.00 1 10 3.5935 -0.9019 0.015793
69.50 P 20260731 -1.00 -1.00 3 1 3.7389 -0.8966 0.015738
70.00 P 20260731 -1.00 -1.00 4 25 2.2348 -0.9899 0.004083
70.50 P 20260731 -1.00 -1.00 2 2 3.9082 -0.8961 0.015114
71.00 P 20260731 -1.00 -1.00 1 1 3.3222 -0.9399 0.011728
71.50 P 20260731 -1.00 -1.00 2 1 3.9571 -0.9047 0.014076
31.00 C 20260807 -1.00 -1.00 2 0 -1.0000 -1.0000 -1.000000
31.50 C 20260807 -1.00 -1.00 -1 0 -1.0000 -1.0000 -1.000000
32.00 C 20260807 -1.00 -1.00 10 10 -1.0000 -1.0000 -1.000000
32.50 C 20260807 -1.00 -1.00 2 0 -1.0000 -1.0000 -1.000000
33.00 C 20260807 -1.00 -1.00 -1 0 -1.0000 -1.0000 -1.000000
33.50 C 20260807 -1.00 -1.00 -1 0 1.3396 0.9869 0.003250
34.00 C 20260807 -1.00 -1.00 -1 0 -1.0000 -1.0000 -1.000000
34.50 C 20260807 -1.00 -1.00 -1 0 -1.0000 -1.0000 -1.000000
35.00 C 20260807 -1.00 -1.00 60 0 1.2107 0.9859 0.003833
35.50 C 20260807 -1.00 -1.00 -1 0 -1.0000 -1.0000 -1.000000
36.00 C 20260807 -1.00 -1.00 -1 0 -1.0000 -1.0000 -1.000000
36.50 C 20260807 -1.00 -1.00 -1 0 -1.0000 -1.0000 -1.000000
37.00 C 20260807 -1.00 -1.00 -1 0 -1.0000 -1.0000 -1.000000
37.50 C 20260807 -1.00 -1.00 1 11 -1.0000 -1.0000 -1.000000
38.00 C 20260807 -1.00 -1.00 1 1 1.0981 0.9720 0.007652
38.50 C 20260807 -1.00 -1.00 1 0 -1.0000 -1.0000 -1.000000
39.00 C 20260807 -1.00 -1.00 1 1 -1.0000 -1.0000 -1.000000
39.50 C 20260807 -1.00 -1.00 -1 0 0.0010 1.0000 -0.000000
40.00 C 20260807 -1.00 -1.00 12 29 1.2795 0.9156 0.015738
40.50 C 20260807 -1.00 -1.00 3 1 1.0310 0.9457 0.014045
41.00 C 20260807 -1.00 -1.00 15 10 1.2023 0.9062 0.018176
41.50 C 20260807 -1.00 -1.00 22 4 1.1335 0.9059 0.019327
42.00 C 20260807 -1.00 -1.00 7 21 1.2575 0.8740 0.021579
42.50 C 20260807 -1.00 -1.00 2 1 1.1002 0.8884 0.022800
43.00 C 20260807 -1.00 -1.00 8 28 1.1868 0.8564 0.024873
43.50 C 20260807 -1.00 -1.00 4 0 1.1319 0.8505 0.026779
44.00 C 20260807 -1.00 -1.00 2 16 1.1177 0.8367 0.028768
44.50 C 20260807 -1.00 -1.00 7 15 1.1697 0.8122 0.030307
45.00 C 20260807 -1.00 -1.00 162 112 1.1291 0.8022 0.032576
45.50 C 20260807 -1.00 -1.00 4 34 1.1424 0.7807 0.034020
46.00 C 20260807 -1.00 -1.00 47 105 1.1281 0.7624 0.035828
46.50 C 20260807 -1.00 -1.00 58 145 1.0844 0.7481 0.038398
47.00 C 20260807 -1.00 -1.00 67 575 1.1198 0.7221 0.039158
47.50 C 20260807 -1.00 -1.00 71 645 1.0473 0.7096 0.042863
48.00 C 20260807 -1.00 -1.00 419 807 1.1213 0.6803 0.042271
48.50 C 20260807 -1.00 -1.00 136 426 1.1234 0.6574 0.043072
49.00 C 20260807 -1.00 -1.00 207 386 1.0713 0.6376 0.045847
49.50 C 20260807 -1.00 -1.00 69 51 1.0950 0.6124 0.045673
50.00 C 20260807 -1.00 -1.00 1265 11816 1.0768 0.5892 0.047214
50.50 C 20260807 -1.00 -1.00 200 312 1.0919 0.5651 0.047349
51.00 C 20260807 -1.00 -1.00 442 1183 1.0987 0.5416 0.047829
51.50 C 20260807 -1.00 -1.00 138 231 1.1050 0.5188 0.047585
52.00 C 20260807 -1.00 -1.00 425 829 1.0866 0.4948 0.048113
52.50 C 20260807 -1.00 -1.00 25 689 1.1007 0.4728 0.047230
53.00 C 20260807 -1.00 -1.00 3970 1142 1.0792 0.4477 0.047864
53.50 C 20260807 -1.00 -1.00 44 53 1.0740 0.4236 0.047798
54.00 C 20260807 -1.00 -1.00 642 754 1.1008 0.4043 0.046413
54.50 C 20260807 -1.00 -1.00 47 127 1.0238 0.3703 0.048639
55.00 C 20260807 -1.00 -1.00 8913 6937 1.0830 0.3600 0.045361
55.50 C 20260807 -1.00 -1.00 284 775 1.0715 0.3380 0.044574
56.00 C 20260807 -1.00 -1.00 3707 336 1.0691 0.3175 0.043480
56.50 C 20260807 -1.00 -1.00 81 807 1.0720 0.2981 0.042237
57.00 C 20260807 -1.00 -1.00 332 506 1.0785 0.2798 0.040926
57.50 C 20260807 -1.00 -1.00 138 372 1.1096 0.2681 0.039137
58.00 C 20260807 -1.00 -1.00 823 579 1.0920 0.2471 0.038157
58.50 C 20260807 -1.00 -1.00 66 379 1.0807 0.2299 0.036790
59.00 C 20260807 -1.00 -1.00 773 896 1.0696 0.2123 0.035352
59.50 C 20260807 -1.00 -1.00 24 146 1.0450 0.1906 0.033874
60.00 C 20260807 -1.00 -1.00 6457 5533 1.0747 0.1839 0.032251
60.50 C 20260807 -1.00 -1.00 67 188 1.0548 0.1631 0.030655
61.00 C 20260807 -1.00 -1.00 1325 206 1.0798 0.1559 0.029211
61.50 C 20260807 -1.00 -1.00 55 44 1.0925 0.1476 0.027837
62.00 C 20260807 -1.00 -1.00 355 956 1.0849 0.1364 0.026393
62.50 C 20260807 -1.00 -1.00 10 212 1.0675 0.1227 0.024778
63.00 C 20260807 -1.00 -1.00 203 508 1.0864 0.1178 0.023609
63.50 C 20260807 -1.00 -1.00 13 792 1.0888 0.1089 0.022250
64.00 C 20260807 -1.00 -1.00 264 325 1.0879 0.0991 0.020841
64.50 C 20260807 -1.00 -1.00 16 1159 1.0838 0.0885 0.019352
65.00 C 20260807 -1.00 -1.00 665 1367 1.0991 0.0833 0.018325
65.50 C 20260807 -1.00 -1.00 11 196 1.1198 0.0800 0.017506
66.00 C 20260807 -1.00 -1.00 44 2132 1.0929 0.0703 0.016089
66.50 C 20260807 -1.00 -1.00 407 127 1.0995 0.0662 0.015205
67.00 C 20260807 -1.00 -1.00 8 170 1.0895 0.0591 0.013983
67.50 C 20260807 -1.00 -1.00 1 132 1.0302 0.0418 0.011279
68.00 C 20260807 -1.00 -1.00 20 2607 1.1081 0.0520 0.012416
68.50 C 20260807 -1.00 -1.00 10 179 1.0763 0.0404 0.010527
69.00 C 20260807 -1.00 -1.00 8 319 1.1209 0.0441 0.010803
69.50 C 20260807 -1.00 -1.00 4 147 1.0442 0.0298 0.008400
70.00 C 20260807 -1.00 -1.00 176 3285 1.1443 0.0385 0.009572
70.50 C 20260807 -1.00 -1.00 145 149 1.1363 0.0347 0.008823
71.00 C 20260807 -1.00 -1.00 6 137 1.1230 0.0308 0.008036
71.50 C 20260807 -1.00 -1.00 1 129 1.1845 0.0348 0.008481
31.00 P 20260807 -1.00 -1.00 2 180 1.4532 -0.0074 0.001830
31.50 P 20260807 -1.00 -1.00 2 106 1.4123 -0.0076 0.001933
32.00 P 20260807 -1.00 -1.00 2 50 1.4796 -0.0125 0.002825
32.50 P 20260807 -1.00 -1.00 100 71 1.4191 -0.0120 0.002838
33.00 P 20260807 -1.00 -1.00 16 81 1.4396 -0.0159 0.003579
33.50 P 20260807 -1.00 -1.00 22 52 2.0432 -0.0621 0.007796
34.00 P 20260807 -1.00 -1.00 1 96 1.3377 -0.0160 0.003863
34.50 P 20260807 -1.00 -1.00 24 41 1.4209 -0.0235 0.005127
35.00 P 20260807 -1.00 -1.00 334 1673 1.3930 -0.0258 0.005637
35.50 P 20260807 -1.00 -1.00 5 220 1.3772 -0.0298 0.006382
36.00 P 20260807 -1.00 -1.00 85 184 1.3616 -0.0339 0.007158
36.50 P 20260807 -1.00 -1.00 34 24 1.3614 -0.0395 0.008132
37.00 P 20260807 -1.00 -1.00 21 509 1.3536 -0.0445 0.009035
37.50 P 20260807 -1.00 -1.00 99 1510 1.3235 -0.0474 0.009753
38.00 P 20260807 -1.00 -1.00 105 478 1.3594 -0.0572 0.011115
38.50 P 20260807 -1.00 -1.00 31 152 1.3087 -0.0591 0.011823
39.00 P 20260807 -1.00 -1.00 286 3789 1.2841 -0.0652 0.012924
39.50 P 20260807 -1.00 -1.00 10 98 1.2767 -0.0740 0.014279
40.00 P 20260807 -1.00 -1.00 3190 3005 1.2527 -0.0806 0.015510
40.50 P 20260807 -1.00 -1.00 665 176 1.2747 -0.0938 0.017159
41.00 P 20260807 -1.00 -1.00 145 576 1.2427 -0.0996 0.018451
41.50 P 20260807 -1.00 -1.00 58 50 1.2440 -0.1100 0.019975
42.00 P 20260807 -1.00 -1.00 350 423 1.2381 -0.1226 0.021554
42.50 P 20260807 -1.00 -1.00 90 203 1.2205 -0.1344 0.023176
43.00 P 20260807 -1.00 -1.00 273 336 1.1950 -0.1452 0.024886
43.50 P 20260807 -1.00 -1.00 35 130 1.1992 -0.1613 0.026609
44.00 P 20260807 -1.00 -1.00 209 1699 1.1848 -0.1745 0.028429
44.50 P 20260807 -1.00 -1.00 169 411 1.2260 -0.1958 0.029820
45.00 P 20260807 -1.00 -1.00 844 5001 1.1774 -0.2054 0.032002
45.50 P 20260807 -1.00 -1.00 76 193 1.1431 -0.2197 0.034041
46.00 P 20260807 -1.00 -1.00 270 1218 1.1588 -0.2424 0.035251
46.50 P 20260807 -1.00 -1.00 23 1130 1.1368 -0.2597 0.037227
47.00 P 20260807 -1.00 -1.00 944 6195 1.1288 -0.2792 0.038967
47.50 P 20260807 -1.00 -1.00 34 323 1.1580 -0.3029 0.039730
48.00 P 20260807 -1.00 -1.00 287 1369 1.1363 -0.3213 0.041867
48.50 P 20260807 -1.00 -1.00 20 200 1.1414 -0.3444 0.042475
49.00 P 20260807 -1.00 -1.00 104 278 1.1095 -0.3652 0.044388
49.50 P 20260807 -1.00 -1.00 29 1095 1.0880 -0.3876 0.046012
50.00 P 20260807 -1.00 -1.00 1794 2979 1.0949 -0.4116 0.046504
50.50 P 20260807 -1.00 -1.00 41 536 1.1084 -0.4352 0.046710
51.00 P 20260807 -1.00 -1.00 215 2183 1.0938 -0.4590 0.048117
51.50 P 20260807 -1.00 -1.00 6 102 1.0999 -0.4820 0.047872
52.00 P 20260807 -1.00 -1.00 79 324 1.0832 -0.5060 0.048330
52.50 P 20260807 -1.00 -1.00 38 3079 1.0991 -0.5278 0.047368
53.00 P 20260807 -1.00 -1.00 54 886 1.0826 -0.5526 0.047798
53.50 P 20260807 -1.00 -1.00 5 58 1.0822 -0.5759 0.047536
54.00 P 20260807 -1.00 -1.00 58 531 1.1058 -0.5956 0.046301
54.50 P 20260807 -1.00 -1.00 20 98 1.0981 -0.6187 0.046059
55.00 P 20260807 -1.00 -1.00 120 1972 1.0920 -0.6392 0.045156
55.50 P 20260807 -1.00 -1.00 17 50 1.1129 -0.6549 0.043427
56.00 P 20260807 -1.00 -1.00 76 502 1.0800 -0.6810 0.043274
56.50 P 20260807 -1.00 -1.00 5 49 1.1186 -0.6922 0.041160
57.00 P 20260807 -1.00 -1.00 85 166 1.0681 -0.7238 0.041287
57.50 P 20260807 -1.00 -1.00 14 175 1.1329 -0.7269 0.038770
58.00 P 20260807 -1.00 -1.00 76 484 1.0526 -0.7629 0.038786
58.50 P 20260807 -1.00 -1.00 38 67 1.1240 -0.7613 0.036434
59.00 P 20260807 -1.00 -1.00 51 1536 1.0581 -0.7919 0.035556
59.50 P 20260807 -1.00 -1.00 1 72 1.0721 -0.8031 0.033926
60.00 P 20260807 -1.00 -1.00 288 1731 1.0860 -0.8141 0.032375
60.50 P 20260807 -1.00 -1.00 11 29 1.2575 -0.7848 0.030478
61.00 P 20260807 -1.00 -1.00 110 84 1.0906 -0.8422 0.029411
61.50 P 20260807 -1.00 -1.00 1 246 1.2835 -0.8035 0.028269
62.00 P 20260807 -1.00 -1.00 94 208 1.1103 -0.8594 0.026722
62.50 P 20260807 -1.00 -1.00 1 142 1.3089 -0.8216 0.026227
63.00 P 20260807 -1.00 -1.00 51 221 1.0685 -0.8883 0.023509
63.50 P 20260807 -1.00 -1.00 1 2804 1.0973 -0.8906 0.022551
64.00 P 20260807 -1.00 -1.00 2 159 1.0430 -0.9151 0.020037
64.50 P 20260807 -1.00 -1.00 1305 903 1.4128 -0.8416 0.022785
65.00 P 20260807 -1.00 -1.00 134 561 1.0794 -0.9232 0.018099
65.50 P 20260807 -1.00 -1.00 2 59 1.1447 -0.9153 0.018207
66.00 P 20260807 -1.00 -1.00 2 127 1.1266 -0.9259 0.016820
66.50 P 20260807 -1.00 -1.00 3 115 1.3955 -0.8740 0.019522
67.00 P 20260807 -1.00 -1.00 10 74 1.4224 -0.8759 0.018944
67.50 P 20260807 -1.00 -1.00 5 52 1.4652 -0.8746 0.018520
68.00 P 20260807 -1.00 -1.00 2 102 1.1070 -0.9505 0.012582
68.50 P 20260807 -1.00 -1.00 1 53 1.4541 -0.8904 0.016976
69.00 P 20260807 -1.00 -1.00 2 121 1.4004 -0.9089 0.015582
69.50 P 20260807 -1.00 -1.00 20 51 1.3412 -0.9252 0.014137
70.00 P 20260807 -1.00 -1.00 7 57 1.2534 -0.9435 0.012198
70.50 P 20260807 -1.00 -1.00 1 47 1.5582 -0.8959 0.015293
71.00 P 20260807 -1.00 -1.00 5 32 1.5522 -0.9035 0.014602
71.50 P 20260807 -1.00 -1.00 1 31 1.2359 -0.9606 0.009573
31.00 C 20260814 -1.00 -1.00 2 2 -1.0000 -1.0000 -1.000000
31.50 C 20260814 -1.00 -1.00 -1 0 -1.0000 -1.0000 -1.000000
32.00 C 20260814 -1.00 -1.00 1 1 -1.0000 -1.0000 -1.000000
32.50 C 20260814 -1.00 -1.00 -1 0 -1.0000 -1.0000 -1.000000
33.00 C 20260814 -1.00 -1.00 2 2 -1.0000 -1.0000 -1.000000
33.50 C 20260814 -1.00 -1.00 -1 0 -1.0000 -1.0000 -1.000000
34.00 C 20260814 -1.00 -1.00 2 1 -1.0000 -1.0000 -1.000000
34.50 C 20260814 -1.00 -1.00 -1 0 -1.0000 -1.0000 -1.000000
35.00 C 20260814 -1.00 -1.00 12 8 0.0014 1.0000 -0.000000
35.50 C 20260814 -1.00 -1.00 -1 0 -1.0000 -1.0000 -1.000000
36.00 C 20260814 -1.00 -1.00 1 0 0.7648 0.9913 0.002958
36.50 C 20260814 -1.00 -1.00 -1 0 0.8578 0.9793 0.005564
37.00 C 20260814 -1.00 -1.00 1 1 0.8272 0.9788 0.005903
37.50 C 20260814 -1.00 -1.00 -1 0 0.8691 0.9684 0.007820
38.00 C 20260814 -1.00 -1.00 1 1 0.9190 0.9546 0.009976
38.50 C 20260814 -1.00 -1.00 -1 0 0.9134 0.9493 0.011037
39.00 C 20260814 -1.00 -1.00 1 1 0.9387 0.9369 0.012719
39.50 C 20260814 -1.00 -1.00 -1 0 0.9174 0.9314 0.013838
40.00 C 20260814 -1.00 -1.00 10 16 1.1283 0.8845 0.016733
40.50 C 20260814 -1.00 -1.00 -1 0 0.9837 0.8990 0.017389
41.00 C 20260814 -1.00 -1.00 1 12 1.0620 0.8724 0.018946
41.50 C 20260814 -1.00 -1.00 -1 0 1.1411 0.8455 0.020016
42.00 C 20260814 -1.00 -1.00 1 2 0.9974 0.8589 0.021547
42.50 C 20260814 -1.00 -1.00 -1 0 0.9758 0.8494 0.022997
43.00 C 20260814 -1.00 -1.00 1 4 1.0340 0.8250 0.024082
43.50 C 20260814 -1.00 -1.00 -1 0 1.0717 0.8061 0.025028
44.00 C 20260814 -1.00 -1.00 1 12 1.0772 0.7895 0.025967
44.50 C 20260814 -1.00 -1.00 -1 0 1.0204 0.7828 0.027856
45.00 C 20260814 -1.00 -1.00 13 597 1.0831 0.7564 0.027817
45.50 C 20260814 -1.00 -1.00 -1 0 1.0565 0.7438 0.029294
46.00 C 20260814 -1.00 -1.00 25 50 1.0595 0.7270 0.030241
46.50 C 20260814 -1.00 -1.00 -1 0 1.0041 0.7168 0.032555
47.00 C 20260814 -1.00 -1.00 25 297 1.0655 0.6938 0.032107
47.50 C 20260814 -1.00 -1.00 -1 0 1.0395 0.6788 0.033599
48.00 C 20260814 -1.00 -1.00 80 147 1.0309 0.6611 0.034378
48.50 C 20260814 -1.00 -1.00 667 58 1.0350 0.6423 0.034765
49.00 C 20260814 -1.00 -1.00 385 372 1.0638 0.6228 0.034348
49.50 C 20260814 -1.00 -1.00 141 7 1.0367 0.6054 0.035734
50.00 C 20260814 -1.00 -1.00 950 1130 1.0529 0.5869 0.035692
50.50 C 20260814 -1.00 -1.00 109 16 1.0445 0.5687 0.036483
51.00 C 20260814 -1.00 -1.00 183 1093 1.0362 0.5501 0.037289
51.50 C 20260814 -1.00 -1.00 1009 14 0.9854 0.5296 0.039287
52.00 C 20260814 -1.00 -1.00 306 77 1.0264 0.5137 0.037582
52.50 C 20260814 -1.00 -1.00 174 30 1.0071 0.4940 0.038165
53.00 C 20260814 -1.00 -1.00 450 500 1.0118 0.4762 0.037854
53.50 C 20260814 -1.00 -1.00 7 74 0.9644 0.4519 0.039524
54.00 C 20260814 -1.00 -1.00 123 431 1.0212 0.4411 0.037255
54.50 C 20260814 -1.00 -1.00 9 31 1.0011 0.4198 0.037837
55.00 C 20260814 -1.00 -1.00 155 1242 1.0303 0.4066 0.036684
55.50 C 20260814 -1.00 -1.00 38 30 1.0332 0.3907 0.036213
56.00 C 20260814 -1.00 -1.00 155 161 1.0172 0.3726 0.036024
56.50 C 20260814 -1.00 -1.00 24 64 0.9947 0.3526 0.035970
57.00 C 20260814 -1.00 -1.00 40 267 0.9882 0.3354 0.035450
57.50 C 20260814 -1.00 -1.00 20 53 0.9987 0.3222 0.034501
58.00 C 20260814 -1.00 -1.00 168 269 1.0129 0.3103 0.033503
58.50 C 20260814 -1.00 -1.00 17 87 0.9935 0.2896 0.033246
59.00 C 20260814 -1.00 -1.00 51 132 1.0244 0.2828 0.031966
59.50 C 20260814 -1.00 -1.00 3 9 1.0153 0.2649 0.031483
60.00 C 20260814 -1.00 -1.00 1092 4360 1.0141 0.2530 0.030625
60.50 C 20260814 -1.00 -1.00 19 100 1.0268 0.2449 0.029614
61.00 C 20260814 -1.00 -1.00 45 117 1.0162 0.2309 0.028833
61.50 C 20260814 -1.00 -1.00 1010 242 0.9991 0.2147 0.028041
62.00 C 20260814 -1.00 -1.00 124 294 1.0247 0.2108 0.027030
62.50 C 20260814 -1.00 -1.00 31 163 1.0159 0.1969 0.026179
63.00 C 20260814 -1.00 -1.00 49 165 1.0380 0.1924 0.025285
63.50 C 20260814 -1.00 -1.00 15 53 0.9872 0.1645 0.024326
64.00 C 20260814 -1.00 -1.00 47 91 1.0237 0.1656 0.023553
64.50 C 20260814 -1.00 -1.00 4 27 1.0272 0.1564 0.022713
65.00 C 20260814 -1.00 -1.00 510 1953 1.0257 0.1488 0.021897
65.50 C 20260814 -1.00 -1.00 5 59 1.0052 0.1364 0.020925
66.00 C 20260814 -1.00 -1.00 43 192 1.0204 0.1331 0.020228
66.50 C 20260814 -1.00 -1.00 7 22 1.0214 0.1261 0.019419
67.00 C 20260814 -1.00 -1.00 19 72 0.9847 0.1084 0.018067
67.50 C 20260814 -1.00 -1.00 2 52 1.0256 0.1128 0.017844
68.00 C 20260814 -1.00 -1.00 51 343 1.0405 0.1098 0.017262
68.50 C 20260814 -1.00 -1.00 2 324 1.0507 0.1057 0.016639
69.00 C 20260814 -1.00 -1.00 1 414 1.0330 0.0934 0.015554
69.50 C 20260814 -1.00 -1.00 3 86 1.0454 0.0901 0.015003
70.00 C 20260814 -1.00 -1.00 343 2750 1.0647 0.0889 0.014608
70.50 C 20260814 -1.00 -1.00 6 75 0.9532 0.0610 0.012077
71.00 C 20260814 -1.00 -1.00 4 57 1.0718 0.0805 0.013477
71.50 C 20260814 -1.00 -1.00 2 43 1.0874 0.0795 0.013144
31.00 P 20260814 -1.00 -1.00 125 156 1.4383 -0.0313 0.004676
31.50 P 20260814 -1.00 -1.00 -1 0 1.4228 -0.0342 0.005092
32.00 P 20260814 -1.00 -1.00 6 6170 1.2870 -0.0261 0.004523
32.50 P 20260814 -1.00 -1.00 -1 0 1.4762 -0.0468 0.006420
33.00 P 20260814 -1.00 -1.00 10 862 1.2710 -0.0338 0.005638
33.50 P 20260814 -1.00 -1.00 -1 0 1.3161 -0.0426 0.006621
34.00 P 20260814 -1.00 -1.00 79 119 1.2788 -0.0438 0.006979
34.50 P 20260814 -1.00 -1.00 -1 0 1.2594 -0.0467 0.007487
35.00 P 20260814 -1.00 -1.00 207 543 1.2751 -0.0533 0.008265
35.50 P 20260814 -1.00 -1.00 -1 0 1.3200 -0.0672 0.009447
36.00 P 20260814 -1.00 -1.00 24 51 1.2299 -0.0621 0.009569
36.50 P 20260814 -1.00 -1.00 22 0 1.2127 -0.0675 0.010320
37.00 P 20260814 -1.00 -1.00 63 367 1.2119 -0.0754 0.011230
37.50 P 20260814 -1.00 -1.00 2 0 1.2079 -0.0828 0.012122
38.00 P 20260814 -1.00 -1.00 38 220 1.2039 -0.0903 0.013024
38.50 P 20260814 -1.00 -1.00 -1 0 1.2127 -0.0995 0.013981
39.00 P 20260814 -1.00 -1.00 6 285 1.2125 -0.1078 0.014906
39.50 P 20260814 -1.00 -1.00 2 0 1.1931 -0.1159 0.015846
40.00 P 20260814 -1.00 -1.00 77 1682 1.1594 -0.1216 0.016816
40.50 P 20260814 -1.00 -1.00 2 0 1.1426 -0.1306 0.017869
41.00 P 20260814 -1.00 -1.00 5 184 1.1648 -0.1464 0.018914
41.50 P 20260814 -1.00 -1.00 2 0 1.1462 -0.1554 0.020023
42.00 P 20260814 -1.00 -1.00 68 344 1.1479 -0.1678 0.021091
42.50 P 20260814 -1.00 -1.00 -1 0 1.2117 -0.1883 0.021727
43.00 P 20260814 -1.00 -1.00 34 577 1.1294 -0.1895 0.023394
43.50 P 20260814 -1.00 -1.00 4 0 1.1225 -0.2027 0.024463
44.00 P 20260814 -1.00 -1.00 360 463 1.0954 -0.2139 0.025749
44.50 P 20260814 -1.00 -1.00 2 0 1.1164 -0.2328 0.026371
45.00 P 20260814 -1.00 -1.00 798 5499 1.0837 -0.2440 0.027848
45.50 P 20260814 -1.00 -1.00 5 0 1.0779 -0.2593 0.028924
46.00 P 20260814 -1.00 -1.00 365 1177 1.0752 -0.2751 0.029958
46.50 P 20260814 -1.00 -1.00 19 0 1.1060 -0.2942 0.030263
47.00 P 20260814 -1.00 -1.00 115 554 1.0828 -0.3081 0.031745
47.50 P 20260814 -1.00 -1.00 15 0 1.0936 -0.3262 0.032084
48.00 P 20260814 -1.00 -1.00 36 952 1.0610 -0.3415 0.033509
48.50 P 20260814 -1.00 -1.00 16 10 1.0825 -0.3606 0.033350
49.00 P 20260814 -1.00 -1.00 27 282 1.0305 -0.3765 0.035492
49.50 P 20260814 -1.00 -1.00 3 23 1.0409 -0.3952 0.035662
50.00 P 20260814 -1.00 -1.00 174 58610 1.0388 -0.4136 0.036247
50.50 P 20260814 -1.00 -1.00 4 15 1.0550 -0.4318 0.036196
51.00 P 20260814 -1.00 -1.00 5 170 1.0467 -0.4502 0.036997
51.50 P 20260814 -1.00 -1.00 1 13 1.0985 -0.4655 0.035290
52.00 P 20260814 -1.00 -1.00 15 372 1.0187 -0.4877 0.037954
52.50 P 20260814 -1.00 -1.00 10 30 1.0175 -0.5059 0.037868
53.00 P 20260814 -1.00 -1.00 26 186 1.0224 -0.5235 0.037566
53.50 P 20260814 -1.00 -1.00 2 6 1.1042 -0.5319 0.034719
54.00 P 20260814 -1.00 -1.00 13 172 1.0318 -0.5583 0.036986
54.50 P 20260814 -1.00 -1.00 1 2 1.0776 -0.5692 0.035357
55.00 P 20260814 -1.00 -1.00 54 1077 1.0234 -0.5957 0.037041
55.50 P 20260814 -1.00 -1.00 2 6 1.0515 -0.6074 0.035800
56.00 P 20260814 -1.00 -1.00 22 149 1.0064 -0.6306 0.036443
56.50 P 20260814 -1.00 -1.00 8 170 1.0342 -0.6405 0.035043
57.00 P 20260814 -1.00 -1.00 25 196 1.0027 -0.6625 0.035211
57.50 P 20260814 -1.00 -1.00 3 152 1.1085 -0.6543 0.032133
58.00 P 20260814 -1.00 -1.00 9 143 1.0249 -0.6880 0.033377
58.50 P 20260814 -1.00 -1.00 11 31 1.0521 -0.6962 0.032187
59.00 P 20260814 -1.00 -1.00 3 1416 1.0209 -0.7197 0.032189
59.50 P 20260814 -1.00 -1.00 1 1 1.0734 -0.7198 0.030619
60.00 P 20260814 -1.00 -1.00 63 540 0.9922 -0.7542 0.031034
60.50 P 20260814 -1.00 -1.00 3 905 1.1580 -0.7247 0.028226
61.00 P 20260814 -1.00 -1.00 31 124 1.0194 -0.7700 0.028968
61.50 P 20260814 -1.00 -1.00 1 83 1.0288 -0.7787 0.028037
62.00 P 20260814 -1.00 -1.00 24 140 1.0544 -0.7827 0.027051
62.50 P 20260814 -1.00 -1.00 3 62 1.1208 -0.7755 0.025925
63.00 P 20260814 -1.00 -1.00 8 78 1.0235 -0.8141 0.025484
63.50 P 20260814 -1.00 -1.00 2 47 1.1546 -0.7867 0.024405
64.00 P 20260814 -1.00 -1.00 7 116 1.0658 -0.8228 0.023834
64.50 P 20260814 -1.00 -1.00 20 131 1.1716 -0.8016 0.023064
65.00 P 20260814 -1.00 -1.00 109 147 1.0747 -0.8414 0.022280
65.50 P 20260814 -1.00 -1.00 1 6 1.0972 -0.8438 0.021610
66.00 P 20260814 -1.00 -1.00 17 31 1.0335 -0.8661 0.020551
66.50 P 20260814 -1.00 -1.00 1 2 1.1884 -0.8353 0.020562
67.00 P 20260814 -1.00 -1.00 7 8 1.2364 -0.8303 0.020083
67.50 P 20260814 -1.00 -1.00 2 2 1.1878 -0.8495 0.019371
68.00 P 20260814 -1.00 -1.00 1 36 0.9694 -0.9149 0.016243
68.50 P 20260814 -1.00 -1.00 1 1 1.2380 -0.8507 0.018457
69.00 P 20260814 -1.00 -1.00 1 30 1.2335 -0.8575 0.017911
69.50 P 20260814 -1.00 -1.00 2 6 1.2291 -0.8643 0.017355
70.00 P 20260814 -1.00 -1.00 1 39 1.0597 -0.9157 0.014748
70.50 P 20260814 -1.00 -1.00 -1 0 1.2318 -0.8755 0.016310
71.00 P 20260814 -1.00 -1.00 2 24 1.2272 -0.8825 0.015735
71.50 P 20260814 -1.00 -1.00 5 5 1.2342 -0.8866 0.015269
31.00 C 20260821 -1.00 -1.00 10 10 1.0238 0.9835 0.003179
32.00 C 20260821 -1.00 -1.00 2 2 1.2265 0.9572 0.005918
33.00 C 20260821 -1.00 -1.00 -1 0 1.2392 0.9463 0.007053
34.00 C 20260821 -1.00 -1.00 1 1 0.5957 0.9982 0.000746
35.00 C 20260821 -1.00 -1.00 4 26 1.1363 0.9338 0.008986
36.00 C 20260821 -1.00 -1.00 2 3 1.0121 0.9395 0.009443
37.00 C 20260821 -1.00 -1.00 1 1 1.0394 0.9192 0.011453
38.00 C 20260821 -1.00 -1.00 -1 0 0.9997 0.9098 0.012978
39.00 C 20260821 -1.00 -1.00 -1 0 1.0876 0.8761 0.015000
40.00 C 20260821 -1.00 -1.00 14 1171 1.0815 0.8557 0.016701
41.00 C 20260821 -1.00 -1.00 1 11 1.0500 0.8392 0.018550
42.00 C 20260821 -1.00 -1.00 12 17 1.0939 0.8110 0.020009
43.00 C 20260821 -1.00 -1.00 5 11 1.0460 0.7919 0.021965
44.00 C 20260821 -1.00 -1.00 7 4 1.0180 0.7682 0.023866
45.00 C 20260821 -1.00 -1.00 86 372 1.0340 0.7379 0.025126
46.00 C 20260821 -1.00 -1.00 74 67 1.0434 0.7091 0.026439
46.50 C 20260821 -1.00 -1.00 45 1566 1.0268 0.6965 0.027538
47.00 C 20260821 -1.00 -1.00 233 891 1.0328 0.6809 0.027857
47.50 C 20260821 -1.00 -1.00 69 986 1.0195 0.6664 0.028591
48.00 C 20260821 -1.00 -1.00 768 1015 1.0064 0.6516 0.029345
48.50 C 20260821 -1.00 -1.00 72 945 1.0090 0.6357 0.029668
49.00 C 20260821 -1.00 -1.00 30 117 0.9909 0.6205 0.030603
49.50 C 20260821 -1.00 -1.00 161 105 0.9884 0.6045 0.031088
50.00 C 20260821 -1.00 -1.00 1928 5931 1.0115 0.5887 0.030781
50.50 C 20260821 -1.00 -1.00 167 28 0.9988 0.5727 0.031575
51.00 C 20260821 -1.00 -1.00 215 616 1.0115 0.5574 0.031572
51.50 C 20260821 -1.00 -1.00 2 44 0.9887 0.5409 0.032379
52.00 C 20260821 -1.00 -1.00 280 950 1.0119 0.5272 0.031562
52.50 C 20260821 -1.00 -1.00 64 234 1.0001 0.5112 0.031868
53.00 C 20260821 -1.00 -1.00 203 27092 0.9934 0.4953 0.032014
53.50 C 20260821 -1.00 -1.00 9 182 0.9671 0.4768 0.032801
54.00 C 20260821 -1.00 -1.00 95 5896 0.9998 0.4656 0.031677
54.50 C 20260821 -1.00 -1.00 27 124 0.9639 0.4449 0.032751
55.00 C 20260821 -1.00 -1.00 3898 16987 0.9915 0.4338 0.031797
55.50 C 20260821 -1.00 -1.00 8 218 0.9782 0.4160 0.032139
56.00 C 20260821 -1.00 -1.00 573 4143 0.9968 0.4044 0.031468
56.50 C 20260821 -1.00 -1.00 10 121 0.9491 0.3823 0.032275
57.00 C 20260821 -1.00 -1.00 641 3408 0.9965 0.3788 0.030596
57.50 C 20260821 -1.00 -1.00 9 222 0.9871 0.3640 0.030373
58.00 C 20260821 -1.00 -1.00 2149 3017 0.9854 0.3507 0.029962
58.50 C 20260821 -1.00 -1.00 23 10 0.9644 0.3324 0.029964
59.00 C 20260821 -1.00 -1.00 118 4341 0.9809 0.3236 0.029148
59.50 C 20260821 -1.00 -1.00 3 30 0.9792 0.3101 0.028723
60.00 C 20260821 -1.00 -1.00 2332 67569 0.9881 0.2997 0.028102
61.00 C 20260821 -1.00 -1.00 28 9237 1.0047 0.2790 0.026941
62.00 C 20260821 -1.00 -1.00 98 44826 0.9976 0.2565 0.025926
63.00 C 20260821 -1.00 -1.00 52 405 0.9644 0.2281 0.024937
64.00 C 20260821 -1.00 -1.00 70 5230 0.9852 0.2152 0.023565
65.00 C 20260821 -1.00 -1.00 6304 31904 0.9871 0.1968 0.022323
66.00 C 20260821 -1.00 -1.00 88 1481 0.9955 0.1808 0.021102
67.00 C 20260821 -1.00 -1.00 50 2830 0.9973 0.1627 0.019899
68.00 C 20260821 -1.00 -1.00 1970 16760 1.0000 0.1513 0.018782
69.00 C 20260821 -1.00 -1.00 32 1864 1.0043 0.1406 0.017692
70.00 C 20260821 -1.00 -1.00 2790 31748 1.0029 0.1283 0.016566
71.00 C 20260821 -1.00 -1.00 13 327 1.0299 0.1242 0.015761
31.00 P 20260821 -1.00 -1.00 444 1105 1.2387 -0.0357 0.005024
32.00 P 20260821 -1.00 -1.00 8 151 1.2276 -0.0429 0.005930
33.00 P 20260821 -1.00 -1.00 105 641 1.2209 -0.0511 0.006916
34.00 P 20260821 -1.00 -1.00 47 5306 1.1941 -0.0609 0.008027
35.00 P 20260821 -1.00 -1.00 282 3444 1.1626 -0.0702 0.009186
36.00 P 20260821 -1.00 -1.00 58 435 1.1511 -0.0828 0.010546
37.00 P 20260821 -1.00 -1.00 34 175 1.1587 -0.0980 0.012005
38.00 P 20260821 -1.00 -1.00 20 650 1.1428 -0.1132 0.013468
39.00 P 20260821 -1.00 -1.00 25 350 1.1157 -0.1291 0.015029
40.00 P 20260821 -1.00 -1.00 3470 22854 1.0944 -0.1466 0.016698
41.00 P 20260821 -1.00 -1.00 14 524 1.0958 -0.1681 0.018363
42.00 P 20260821 -1.00 -1.00 63 673 1.0901 -0.1887 0.020083
43.00 P 20260821 -1.00 -1.00 286 644 1.0594 -0.2106 0.021838
44.00 P 20260821 -1.00 -1.00 109 1730 1.0418 -0.2356 0.023547
45.00 P 20260821 -1.00 -1.00 685 27551 1.0345 -0.2625 0.025165
46.00 P 20260821 -1.00 -1.00 206 4187 1.0261 -0.2898 0.026847
46.50 P 20260821 -1.00 -1.00 12 502 1.0376 -0.3049 0.027367
47.00 P 20260821 -1.00 -1.00 626 1997 1.0263 -0.3192 0.028088
47.50 P 20260821 -1.00 -1.00 60 467 1.0395 -0.3354 0.028128
48.00 P 20260821 -1.00 -1.00 51 859 1.0213 -0.3498 0.029000
48.50 P 20260821 -1.00 -1.00 36 906 1.0136 -0.3651 0.029608
49.00 P 20260821 -1.00 -1.00 57 2241 1.0112 -0.3807 0.030075
49.50 P 20260821 -1.00 -1.00 12 263 1.0088 -0.3963 0.030545
50.00 P 20260821 -1.00 -1.00 433 37456 1.0115 -0.4120 0.030863
50.50 P 20260821 -1.00 -1.00 121 66 1.0193 -0.4275 0.031024
51.00 P 20260821 -1.00 -1.00 109 1208 1.0117 -0.4435 0.031664
51.50 P 20260821 -1.00 -1.00 201 17 1.0087 -0.4590 0.031820
52.00 P 20260821 -1.00 -1.00 228 1448 1.0021 -0.4745 0.031970
52.50 P 20260821 -1.00 -1.00 1 24 1.0104 -0.4889 0.031642
53.00 P 20260821 -1.00 -1.00 12 653 0.9989 -0.5052 0.031945
53.50 P 20260821 -1.00 -1.00 101 67 1.0318 -0.5165 0.030875
54.00 P 20260821 -1.00 -1.00 133 1434 1.0055 -0.5348 0.031612
54.50 P 20260821 -1.00 -1.00 7 23 0.9844 -0.5532 0.032215
55.00 P 20260821 -1.00 -1.00 78 13879 0.9974 -0.5664 0.031743
55.50 P 20260821 -1.00 -1.00 4 216 1.0586 -0.5709 0.029909
56.00 P 20260821 -1.00 -1.00 6 415 1.0179 -0.5931 0.031007
56.50 P 20260821 -1.00 -1.00 6 16 1.0254 -0.6046 0.030445
57.00 P 20260821 -1.00 -1.00 5 709 1.0040 -0.6212 0.030547
57.50 P 20260821 -1.00 -1.00 4 130 1.0099 -0.6327 0.029982
58.00 P 20260821 -1.00 -1.00 11 523 0.9889 -0.6502 0.030032
58.50 P 20260821 -1.00 -1.00 1 16 1.0753 -0.6430 0.027809
59.00 P 20260821 -1.00 -1.00 8 416 0.9846 -0.6772 0.029237
59.50 P 20260821 -1.00 -1.00 7 7 1.0490 -0.6731 0.027563
60.00 P 20260821 -1.00 -1.00 80 51128 0.9750 -0.7062 0.028528
61.00 P 20260821 -1.00 -1.00 4 189 0.9968 -0.7256 0.027252
62.00 P 20260821 -1.00 -1.00 17 213 0.9963 -0.7461 0.026119
63.00 P 20260821 -1.00 -1.00 4 183 1.0647 -0.7465 0.024373
64.00 P 20260821 -1.00 -1.00 13 944 1.0247 -0.7754 0.023583
65.00 P 20260821 -1.00 -1.00 32 1675 1.0051 -0.8000 0.022516
66.00 P 20260821 -1.00 -1.00 6 112 1.0718 -0.7969 0.021279
67.00 P 20260821 -1.00 -1.00 10 80 0.9787 -0.8452 0.020085
68.00 P 20260821 -1.00 -1.00 8 202 1.0109 -0.8491 0.019072
69.00 P 20260821 -1.00 -1.00 3 91 1.1947 -0.8086 0.018475
70.00 P 20260821 -1.00 -1.00 9 13841 0.9867 -0.8801 0.016673
71.00 P 20260821 -1.00 -1.00 1 40 1.0566 -0.8718 0.016258
30.00 C 20260731 -1.00 -1.00 51 5 -1.0000 -1.0000 -1.000000
30.00 P 20260731 -1.00 -1.00 8 6097 4.2208 -0.0120 0.002399
30.00 C 20260807 -1.00 -1.00 8 29 -1.0000 -1.0000 -1.000000
30.50 C 20260807 -1.00 -1.00 -1 0 -1.0000 -1.0000 -1.000000
30.00 P 20260807 -1.00 -1.00 7 1027 1.5359 -0.0070 0.001648
30.50 P 20260807 -1.00 -1.00 13 37 1.6159 -0.0115 0.002410
29.50 C 20260814 -1.00 -1.00 -1 0 -1.0000 -1.0000 -1.000000
30.00 C 20260814 -1.00 -1.00 1 7 1.4239 0.9783 0.003533
30.50 C 20260814 -1.00 -1.00 -1 0 -1.0000 -1.0000 -1.000000
29.50 P 20260814 -1.00 -1.00 -1 0 -1.0000 -1.0000 -1.000000
30.00 P 20260814 -1.00 -1.00 5 57491 1.4136 -0.0212 0.003489
30.50 P 20260814 -1.00 -1.00 -1 0 -1.0000 -1.0000 -1.000000
30.00 C 20260821 -1.00 -1.00 4 93 -1.0000 -1.0000 -1.000000
30.00 P 20260821 -1.00 -1.00 204 14889 1.2544 -0.0292 0.004196
72.00 C 20260731 -1.00 -1.00 2 2546 2.2891 0.0066 0.002616
72.50 C 20260731 -1.00 -1.00 3 537 2.7317 0.0185 0.005397
73.00 C 20260731 -1.00 -1.00 12 26456 2.4347 0.0081 0.002945
73.50 C 20260731 -1.00 -1.00 5 31 2.6622 0.0127 0.004005
74.00 C 20260731 -1.00 -1.00 110 780 2.8716 0.0178 0.004969
74.50 C 20260731 -1.00 -1.00 1 33 2.5571 0.0078 0.002701
75.00 C 20260731 -1.00 -1.00 28 6487 2.5358 0.0061 0.002194
75.50 C 20260731 -1.00 -1.00 2 22 3.3248 0.0304 0.006742
76.00 C 20260731 -1.00 -1.00 1 387 2.6159 0.0059 0.002081
76.50 C 20260731 -1.00 -1.00 3 103 3.2295 0.0225 0.005352
77.00 C 20260731 -1.00 -1.00 12 256 3.1433 0.0166 0.004287
77.50 C 20260731 -1.00 -1.00 10 153 3.9347 0.0479 0.008261
78.00 C 20260731 -1.00 -1.00 9 2032 3.2315 0.0162 0.004100
80.00 C 20260731 -1.00 -1.00 31 11351 2.9261 0.0054 0.001725
72.00 P 20260731 -1.00 -1.00 1 5 3.2316 -0.9549 0.009660
72.50 P 20260731 -1.00 -1.00 4 0 4.0492 -0.9100 0.013257
73.00 P 20260731 -1.00 -1.00 12 0 3.8771 -0.9240 0.012148
73.50 P 20260731 -1.00 -1.00 12 0 3.9289 -0.9249 0.011876
74.00 P 20260731 -1.00 -1.00 11 2 3.8469 -0.9327 0.011081
74.50 P 20260731 -1.00 -1.00 14 0 3.9649 -0.9299 0.011114
75.00 P 20260731 -1.00 -1.00 3 2 2.6537 -0.9913 0.003018
75.50 P 20260731 -1.00 -1.00 3 4 4.3311 -0.9183 0.011524
76.00 P 20260731 -1.00 -1.00 5 0 4.2487 -0.9254 0.010905
76.50 P 20260731 -1.00 -1.00 12 0 4.1012 -0.9361 0.009960
77.00 P 20260731 -1.00 -1.00 6 0 4.2821 -0.9300 0.010267
77.50 P 20260731 -1.00 -1.00 8 0 4.3966 -0.9274 0.010293
78.00 P 20260731 -1.00 -1.00 2 4 -1.0000 -1.0000 -1.000000
80.00 P 20260731 -1.00 -1.00 1 3 -1.0000 -1.0000 -1.000000
72.00 C 20260807 -1.00 -1.00 3 7086 1.0981 0.0227 0.006327
72.50 C 20260807 -1.00 -1.00 2 4743 1.1062 0.0211 0.005912
73.00 C 20260807 -1.00 -1.00 606 858 1.1038 0.0183 0.005260
73.50 C 20260807 -1.00 -1.00 8 24 1.3359 0.0417 0.008712
74.00 C 20260807 -1.00 -1.00 3 50 1.2772 0.0326 0.007416
74.50 C 20260807 -1.00 -1.00 1 57 1.5726 0.0701 0.011107
75.00 C 20260807 -1.00 -1.00 17 2461 1.1877 0.0186 0.004953
76.00 C 20260807 -1.00 -1.00 5 141 1.2133 0.0170 0.004503
76.50 C 20260807 -1.00 -1.00 3 8 1.2312 0.0168 0.004398
77.00 C 20260807 -1.00 -1.00 7 56 1.3107 0.0233 0.005410
77.50 C 20260807 -1.00 -1.00 3 28 1.5271 0.0424 0.007724
78.00 C 20260807 -1.00 -1.00 76 149 1.1732 0.0100 0.002912
80.00 C 20260807 -1.00 -1.00 29 1906 1.1863 0.0068 0.002067
72.00 P 20260807 -1.00 -1.00 1 99 1.6206 -0.9026 0.014077
72.50 P 20260807 -1.00 -1.00 25 3 1.6457 -0.9036 0.013764
73.00 P 20260807 -1.00 -1.00 10 19 1.5204 -0.9278 0.012088
73.50 P 20260807 -1.00 -1.00 27 25 1.6640 -0.9118 0.012857
74.00 P 20260807 -1.00 -1.00 1 26 1.6686 -0.9159 0.012412
74.50 P 20260807 -1.00 -1.00 25 7 1.7129 -0.9136 0.012331
75.00 P 20260807 -1.00 -1.00 27 4 1.4697 -0.9501 0.009457
76.00 P 20260807 -1.00 -1.00 2 0 1.3092 -0.9751 0.006377
76.50 P 20260807 -1.00 -1.00 3 0 1.7162 -0.9261 0.010866
77.00 P 20260807 -1.00 -1.00 6 0 1.8145 -0.9175 0.011208
77.50 P 20260807 -1.00 -1.00 -1 0 1.8600 -0.9153 0.011161
78.00 P 20260807 -1.00 -1.00 10 0 1.8532 -0.9189 0.010816
80.00 P 20260807 -1.00 -1.00 4 0 1.7748 -0.9401 0.008923
72.00 C 20260814 -1.00 -1.00 6 100 1.0297 0.0643 0.011666
73.00 C 20260814 -1.00 -1.00 2 126 1.1154 0.0732 0.011967
74.00 C 20260814 -1.00 -1.00 1 20 0.8550 0.0203 0.005455
75.00 C 20260814 -1.00 -1.00 29 644 1.0490 0.0447 0.008617
80.00 C 20260814 -1.00 -1.00 6 5551 1.0702 0.0258 0.005325
72.00 P 20260814 -1.00 -1.00 2 5 0.9470 -0.9583 0.010075
73.00 P 20260814 -1.00 -1.00 1 9 1.2563 -0.8989 0.013919
74.00 P 20260814 -1.00 -1.00 -1 0 1.3499 -0.8869 0.013924
75.00 P 20260814 -1.00 -1.00 50 21 1.0413 -0.9613 0.008716
80.00 P 20260814 -1.00 -1.00 30 2 -1.0000 -1.0000 -1.000000
72.00 C 20260821 -1.00 -1.00 68 988 1.0182 0.1087 0.014525
73.00 C 20260821 -1.00 -1.00 7 477 1.0166 0.0966 0.013421
74.00 C 20260821 -1.00 -1.00 221 373 0.9797 0.0785 0.011942
75.00 C 20260821 -1.00 -1.00 487 14291 1.0331 0.0826 0.011806
76.00 C 20260821 -1.00 -1.00 205 3131 1.0035 0.0701 0.010616
77.00 C 20260821 -1.00 -1.00 8 1642 1.0215 0.0674 0.010101
78.00 C 20260821 -1.00 -1.00 4 342 1.0111 0.0586 0.009130
79.00 C 20260821 -1.00 -1.00 1 170 1.0815 0.0676 0.009553
80.00 C 20260821 -1.00 -1.00 1564 28707 1.0400 0.0524 0.008132
81.00 C 20260821 -1.00 -1.00 2 433 1.0389 0.0458 0.007357
72.00 P 20260821 -1.00 -1.00 109 173 1.1745 -0.8524 0.016075
73.00 P 20260821 -1.00 -1.00 1 31 1.1758 -0.8621 0.015314
74.00 P 20260821 -1.00 -1.00 2 67 1.1864 -0.8693 0.014622
75.00 P 20260821 -1.00 -1.00 2 345 1.1115 -0.9005 0.013115
76.00 P 20260821 -1.00 -1.00 3 60 1.2352 -0.8762 0.013537
77.00 P 20260821 -1.00 -1.00 1 316 1.1982 -0.8957 0.012508
78.00 P 20260821 -1.00 -1.00 1 63 1.2360 -0.8948 0.012187
79.00 P 20260821 -1.00 -1.00 4 17 1.0791 -0.9376 0.009832
80.00 P 20260821 -1.00 -1.00 1 237 1.0536 -0.9498 0.008707
81.00 P 20260821 -1.00 -1.00 37 12 1.0603 -0.9547 0.008135
