# opt_chain GOOGL | epoch 1785853876 | 2026-08-04 10:31:16 | spot 376.86 | exps 20260805 20260807 20260810 20260812 20260814 20260817 20260819 20260821
# fuente polygon_snapshot_v3 | greeks polygon_directo | iv polygon_directo | oi polygon_directo | vol day.volume(-1 si no cotizo) | bid/ask NO_ENTITLED(-1) | spot_src ibkr_bridge spot_edad_s 315 | band 0.2700 vencimientos 8 exp_hasta 2026-08-21
# strike right exp bid ask vol oi iv delta gamma
310.00 C 20260805 -1.00 -1.00 1 22 1.5449 0.9829 0.001172
312.50 C 20260805 -1.00 -1.00 -1 0 1.5357 0.9795 0.001378
315.00 C 20260805 -1.00 -1.00 6 89 1.4803 0.9788 0.001472
317.50 C 20260805 -1.00 -1.00 6 16 1.4714 0.9753 0.001699
320.00 C 20260805 -1.00 -1.00 54 131 1.4577 0.9718 0.001932
322.50 C 20260805 -1.00 -1.00 6 128 1.3961 0.9707 0.002073
325.00 C 20260805 -1.00 -1.00 16 372 1.2862 0.9740 0.002037
327.50 C 20260805 -1.00 -1.00 1 141 1.2516 0.9714 0.002274
330.00 C 20260805 -1.00 -1.00 20 95 1.1350 0.9752 0.002209
332.50 C 20260805 -1.00 -1.00 7 201 1.1205 0.9706 0.002595
335.00 C 20260805 -1.00 -1.00 1 271 1.0725 0.9675 0.002929
337.50 C 20260805 -1.00 -1.00 2 195 1.0137 0.9659 0.003216
340.00 C 20260805 -1.00 -1.00 25 220 0.9443 0.9661 0.003438
342.50 C 20260805 -1.00 -1.00 99 211 0.9417 0.9544 0.004370
345.00 C 20260805 -1.00 -1.00 53 192 0.8510 0.9578 0.004538
347.50 C 20260805 -1.00 -1.00 58 177 -1.0000 -1.0000 -1.000000
350.00 C 20260805 -1.00 -1.00 64 357 0.4246 0.9982 0.000559
352.50 C 20260805 -1.00 -1.00 5 250 0.7584 0.9309 0.007623
355.00 C 20260805 -1.00 -1.00 6 531 0.4773 0.9811 0.004126
357.50 C 20260805 -1.00 -1.00 4 128 0.3765 0.9904 0.002923
360.00 C 20260805 -1.00 -1.00 26 700 0.4172 0.9671 0.007610
362.50 C 20260805 -1.00 -1.00 19 182 0.4807 0.9106 0.014464
365.00 C 20260805 -1.00 -1.00 42 642 0.4545 0.8815 0.018985
367.50 C 20260805 -1.00 -1.00 56 405 0.4322 0.8356 0.024732
370.00 C 20260805 -1.00 -1.00 754 484 0.3816 0.7935 0.032558
372.50 C 20260805 -1.00 -1.00 7304 646 0.3884 0.6982 0.038869
375.00 C 20260805 -1.00 -1.00 9168 3071 0.3847 0.5963 0.043579
377.50 C 20260805 -1.00 -1.00 5482 1701 0.3907 0.4863 0.044546
380.00 C 20260805 -1.00 -1.00 7273 1026 0.3964 0.3797 0.041931
382.50 C 20260805 -1.00 -1.00 1997 1053 0.3958 0.2839 0.037010
385.00 C 20260805 -1.00 -1.00 3674 1149 0.4037 0.2054 0.030544
387.50 C 20260805 -1.00 -1.00 698 0 0.4175 0.1454 0.023822
390.00 C 20260805 -1.00 -1.00 1236 1620 0.4268 0.1027 0.018046
392.50 C 20260805 -1.00 -1.00 835 0 0.4462 0.0709 0.013277
395.00 C 20260805 -1.00 -1.00 261 415 0.4574 0.0509 0.009813
397.50 C 20260805 -1.00 -1.00 230 0 0.4673 0.0318 0.006647
400.00 C 20260805 -1.00 -1.00 840 3017 0.5014 0.0277 0.005479
402.50 C 20260805 -1.00 -1.00 5 0 0.5272 0.0226 0.004348
405.00 C 20260805 -1.00 -1.00 1257 124 0.5368 0.0145 0.002950
407.50 C 20260805 -1.00 -1.00 11 0 0.5656 0.0120 0.002383
410.00 C 20260805 -1.00 -1.00 198 68 0.5738 0.0088 0.001763
412.50 C 20260805 -1.00 -1.00 18 0 0.5913 0.0065 0.001319
415.00 C 20260805 -1.00 -1.00 53 102 0.6364 0.0071 0.001308
417.50 C 20260805 -1.00 -1.00 3 0 0.6535 0.0051 0.000961
420.00 C 20260805 -1.00 -1.00 1 20 0.7535 0.0100 0.001506
422.50 C 20260805 -1.00 -1.00 -1 0 0.7242 0.0047 0.000805
425.00 C 20260805 -1.00 -1.00 1 93 0.9094 0.0163 0.001917
427.50 C 20260805 -1.00 -1.00 1 0 0.8489 0.0082 0.001125
430.00 C 20260805 -1.00 -1.00 44 108 0.8834 0.0079 0.001046
432.50 C 20260805 -1.00 -1.00 -1 0 -1.0000 -1.0000 -1.000000
435.00 C 20260805 -1.00 -1.00 5 54 0.9699 0.0085 0.001014
440.00 C 20260805 -1.00 -1.00 2 35 1.1367 0.0131 0.001281
310.00 P 20260805 -1.00 -1.00 59 543 1.2529 -0.0042 0.000421
312.50 P 20260805 -1.00 -1.00 21 174 1.1939 -0.0039 0.000416
315.00 P 20260805 -1.00 -1.00 307 500 1.1316 -0.0036 0.000406
317.50 P 20260805 -1.00 -1.00 11 22 1.0880 -0.0037 0.000437
320.00 P 20260805 -1.00 -1.00 38 415 0.9585 -0.0022 0.000300
322.50 P 20260805 -1.00 -1.00 64 123 1.1674 -0.0122 0.001168
325.00 P 20260805 -1.00 -1.00 10 199 1.0649 -0.0097 0.001051
327.50 P 20260805 -1.00 -1.00 1 149 0.9024 -0.0044 0.000607
330.00 P 20260805 -1.00 -1.00 5 132 0.8990 -0.0069 0.000916
332.50 P 20260805 -1.00 -1.00 2 212 0.8117 -0.0048 0.000732
335.00 P 20260805 -1.00 -1.00 20 238 0.7424 -0.0036 0.000630
337.50 P 20260805 -1.00 -1.00 3 148 0.7223 -0.0053 0.000902
340.00 P 20260805 -1.00 -1.00 1 423 0.6886 -0.0064 0.001113
342.50 P 20260805 -1.00 -1.00 12 101 0.6343 -0.0060 0.001141
345.00 P 20260805 -1.00 -1.00 21 325 0.5908 -0.0064 0.001298
347.50 P 20260805 -1.00 -1.00 602 2116 0.5477 -0.0069 0.001492
350.00 P 20260805 -1.00 -1.00 52 2335 0.5253 -0.0094 0.002057
352.50 P 20260805 -1.00 -1.00 46 162 0.4994 -0.0121 0.002719
355.00 P 20260805 -1.00 -1.00 96 329 0.4645 -0.0162 0.003712
357.50 P 20260805 -1.00 -1.00 2887 257 0.4517 -0.0256 0.005699
360.00 P 20260805 -1.00 -1.00 1128 1166 0.4328 -0.0393 0.008426
362.50 P 20260805 -1.00 -1.00 446 522 0.4153 -0.0588 0.012250
365.00 P 20260805 -1.00 -1.00 1038 1605 0.4089 -0.0965 0.018013
367.50 P 20260805 -1.00 -1.00 550 388 0.4044 -0.1476 0.024721
370.00 P 20260805 -1.00 -1.00 1183 942 0.4616 -0.2480 0.029794
372.50 P 20260805 -1.00 -1.00 879 237 0.4730 -0.3323 0.033558
375.00 P 20260805 -1.00 -1.00 319 198 0.3952 -0.4064 0.042522
377.50 P 20260805 -1.00 -1.00 2626 21 0.3956 -0.5139 0.044057
380.00 P 20260805 -1.00 -1.00 28 17 0.4023 -0.6190 0.041419
382.50 P 20260805 -1.00 -1.00 2 2 0.4097 -0.7098 0.036230
385.00 P 20260805 -1.00 -1.00 34 31 0.4206 -0.7864 0.030248
387.50 P 20260805 -1.00 -1.00 -1 0 0.6472 -0.7484 0.021527
390.00 P 20260805 -1.00 -1.00 5 5 -1.0000 -1.0000 -1.000000
392.50 P 20260805 -1.00 -1.00 -1 0 0.3111 -0.9852 0.006225
395.00 P 20260805 -1.00 -1.00 21 21 -1.0000 -1.0000 -1.000000
397.50 P 20260805 -1.00 -1.00 -1 0 -1.0000 -1.0000 -1.000000
400.00 P 20260805 -1.00 -1.00 -1 0 0.5040 -0.9733 0.005625
402.50 P 20260805 -1.00 -1.00 -1 0 0.9616 -0.8619 0.010084
405.00 P 20260805 -1.00 -1.00 -1 0 -1.0000 -1.0000 -1.000000
407.50 P 20260805 -1.00 -1.00 -1 0 1.0614 -0.8767 0.008357
410.00 P 20260805 -1.00 -1.00 -1 0 -1.0000 -1.0000 -1.000000
412.50 P 20260805 -1.00 -1.00 -1 0 -1.0000 -1.0000 -1.000000
415.00 P 20260805 -1.00 -1.00 -1 0 -1.0000 -1.0000 -1.000000
417.50 P 20260805 -1.00 -1.00 -1 0 -1.0000 -1.0000 -1.000000
420.00 P 20260805 -1.00 -1.00 -1 0 -1.0000 -1.0000 -1.000000
422.50 P 20260805 -1.00 -1.00 -1 0 1.3880 -0.9013 0.005412
425.00 P 20260805 -1.00 -1.00 -1 0 1.4756 -0.8981 0.005206
427.50 P 20260805 -1.00 -1.00 -1 0 -1.0000 -1.0000 -1.000000
430.00 P 20260805 -1.00 -1.00 -1 0 0.8679 -0.9943 0.000975
432.50 P 20260805 -1.00 -1.00 -1 0 -1.0000 -1.0000 -1.000000
435.00 P 20260805 -1.00 -1.00 -1 0 -1.0000 -1.0000 -1.000000
440.00 P 20260805 -1.00 -1.00 -1 0 -1.0000 -1.0000 -1.000000
310.00 C 20260807 -1.00 -1.00 1 133 1.1915 0.9620 0.001907
312.50 C 20260807 -1.00 -1.00 3 22 -1.0000 -1.0000 -1.000000
315.00 C 20260807 -1.00 -1.00 3 145 1.1018 0.9605 0.002126
317.50 C 20260807 -1.00 -1.00 26 24 1.0391 0.9625 0.002165
320.00 C 20260807 -1.00 -1.00 1 446 1.0209 0.9578 0.002423
322.50 C 20260807 -1.00 -1.00 4 99 0.9736 0.9574 0.002559
325.00 C 20260807 -1.00 -1.00 2 437 -1.0000 -1.0000 -1.000000
327.50 C 20260807 -1.00 -1.00 2 262 0.8583 0.9605 0.002730
330.00 C 20260807 -1.00 -1.00 11 818 0.6082 0.9906 0.001144
332.50 C 20260807 -1.00 -1.00 79 251 0.8458 0.9452 0.003639
335.00 C 20260807 -1.00 -1.00 6 720 0.7498 0.9538 0.003558
337.50 C 20260807 -1.00 -1.00 6 427 0.6759 0.9596 0.003530
340.00 C 20260807 -1.00 -1.00 18 2906 0.6311 0.9594 0.003798
342.50 C 20260807 -1.00 -1.00 14 1466 0.6508 0.9433 0.004866
345.00 C 20260807 -1.00 -1.00 69 841 0.5711 0.9509 0.004911
347.50 C 20260807 -1.00 -1.00 21 3685 0.6267 0.9178 0.006686
350.00 C 20260807 -1.00 -1.00 26 3209 0.5962 0.9082 0.007625
352.50 C 20260807 -1.00 -1.00 22 1835 0.5618 0.8992 0.008692
355.00 C 20260807 -1.00 -1.00 99 2646 0.5317 0.8875 0.010002
357.50 C 20260807 -1.00 -1.00 11 4628 -1.0000 -1.0000 -1.000000
360.00 C 20260807 -1.00 -1.00 68 5511 0.4120 0.8849 0.013139
362.50 C 20260807 -1.00 -1.00 45 1704 0.3845 0.8639 0.015850
365.00 C 20260807 -1.00 -1.00 28 2805 0.4048 0.8050 0.018945
367.50 C 20260807 -1.00 -1.00 82 3633 0.3983 0.7573 0.021891
370.00 C 20260807 -1.00 -1.00 722 2443 0.3204 0.7371 0.028241
372.50 C 20260807 -1.00 -1.00 404 0 0.3943 0.6358 0.026646
375.00 C 20260807 -1.00 -1.00 1663 5861 0.3835 0.5682 0.028449
377.50 C 20260807 -1.00 -1.00 612 0 0.3905 0.4975 0.028659
380.00 C 20260807 -1.00 -1.00 5350 5601 0.3894 0.4278 0.027945
382.50 C 20260807 -1.00 -1.00 196 0 0.3932 0.3604 0.026778
385.00 C 20260807 -1.00 -1.00 2786 2747 0.3874 0.2973 0.024761
387.50 C 20260807 -1.00 -1.00 106 0 0.3941 0.2407 0.022207
390.00 C 20260807 -1.00 -1.00 1034 3190 0.3931 0.1936 0.019328
392.50 C 20260807 -1.00 -1.00 81 0 0.3992 0.1521 0.016419
395.00 C 20260807 -1.00 -1.00 159 1791 0.4032 0.1198 0.013752
397.50 C 20260807 -1.00 -1.00 13 0 0.4107 0.0947 0.011330
400.00 C 20260807 -1.00 -1.00 587 5024 0.4205 0.0721 0.009149
402.50 C 20260807 -1.00 -1.00 1 0 0.4069 0.0497 0.006941
405.00 C 20260807 -1.00 -1.00 9 2768 0.4300 0.0434 0.005892
407.50 C 20260807 -1.00 -1.00 2 0 0.4365 0.0316 0.004532
410.00 C 20260807 -1.00 -1.00 44 1344 0.4578 0.0288 0.003977
412.50 C 20260807 -1.00 -1.00 2 0 0.4535 0.0203 0.002959
415.00 C 20260807 -1.00 -1.00 5 2240 0.4745 0.0181 0.002568
417.50 C 20260807 -1.00 -1.00 5 0 0.4904 0.0149 0.002117
420.00 C 20260807 -1.00 -1.00 7 1810 0.4822 0.0100 0.001509
422.50 C 20260807 -1.00 -1.00 2 0 0.5164 0.0108 0.001518
425.00 C 20260807 -1.00 -1.00 12 201 0.5446 0.0110 0.001460
427.50 C 20260807 -1.00 -1.00 22 0 0.5377 0.0076 0.001062
430.00 C 20260807 -1.00 -1.00 20 3781 0.5656 0.0079 0.001048
432.50 C 20260807 -1.00 -1.00 2 0 0.5934 0.0082 0.001032
435.00 C 20260807 -1.00 -1.00 2 86 0.5979 0.0063 0.000808
437.50 C 20260807 -1.00 -1.00 -1 0 0.6370 0.0077 0.000908
440.00 C 20260807 -1.00 -1.00 2 386 0.6197 0.0042 0.000556
442.50 C 20260807 -1.00 -1.00 2 0 0.6388 0.0041 0.000524
310.00 P 20260807 -1.00 -1.00 3 965 0.7965 -0.0038 0.000387
312.50 P 20260807 -1.00 -1.00 1 168 0.7796 -0.0048 0.000486
315.00 P 20260807 -1.00 -1.00 5 1791 0.7263 -0.0036 0.000405
317.50 P 20260807 -1.00 -1.00 18 148 0.6978 -0.0037 0.000437
320.00 P 20260807 -1.00 -1.00 14 1376 0.6746 -0.0044 0.000519
322.50 P 20260807 -1.00 -1.00 26 1758 0.6516 -0.0051 0.000612
325.00 P 20260807 -1.00 -1.00 138 2655 0.6151 -0.0047 0.000612
327.50 P 20260807 -1.00 -1.00 14 585 0.5925 -0.0055 0.000726
330.00 P 20260807 -1.00 -1.00 118 2311 0.5633 -0.0058 0.000796
332.50 P 20260807 -1.00 -1.00 150 285 0.5979 -0.0116 0.001406
335.00 P 20260807 -1.00 -1.00 84 1209 0.5394 -0.0095 0.001297
337.50 P 20260807 -1.00 -1.00 4 218 0.5472 -0.0155 0.001951
340.00 P 20260807 -1.00 -1.00 86 1466 0.5006 -0.0135 0.001905
342.50 P 20260807 -1.00 -1.00 50 931 0.5030 -0.0213 0.002787
345.00 P 20260807 -1.00 -1.00 371 1396 0.4741 -0.0232 0.003188
347.50 P 20260807 -1.00 -1.00 10 1884 0.4596 -0.0281 0.003912
350.00 P 20260807 -1.00 -1.00 473 1879 0.4451 -0.0379 0.005097
352.50 P 20260807 -1.00 -1.00 151 709 0.4318 -0.0494 0.006519
355.00 P 20260807 -1.00 -1.00 83 799 0.4257 -0.0640 0.008245
357.50 P 20260807 -1.00 -1.00 96 338 0.4124 -0.0855 0.010467
360.00 P 20260807 -1.00 -1.00 326 2485 0.4106 -0.1146 0.013137
362.50 P 20260807 -1.00 -1.00 921 266 0.4013 -0.1475 0.015959
365.00 P 20260807 -1.00 -1.00 1336 438 0.3971 -0.1911 0.019060
367.50 P 20260807 -1.00 -1.00 158 258 0.3952 -0.2413 0.022025
370.00 P 20260807 -1.00 -1.00 359 519 0.3903 -0.2999 0.024750
372.50 P 20260807 -1.00 -1.00 94 0 0.3881 -0.3628 0.027094
375.00 P 20260807 -1.00 -1.00 119 1285 0.3808 -0.4320 0.028698
377.50 P 20260807 -1.00 -1.00 16 0 0.3860 -0.5035 0.029059
380.00 P 20260807 -1.00 -1.00 11 129 0.3797 -0.5754 0.028709
382.50 P 20260807 -1.00 -1.00 1 0 0.3916 -0.6413 0.026938
385.00 P 20260807 -1.00 -1.00 14 17 0.3894 -0.7030 0.024761
387.50 P 20260807 -1.00 -1.00 -1 0 0.3967 -0.7592 0.022226
390.00 P 20260807 -1.00 -1.00 3 27 0.3981 -0.8050 0.019379
392.50 P 20260807 -1.00 -1.00 -1 0 0.4456 -0.8194 0.016488
395.00 P 20260807 -1.00 -1.00 15 15 0.3388 -0.9254 0.012153
397.50 P 20260807 -1.00 -1.00 -1 0 0.3622 -0.9373 0.010005
400.00 P 20260807 -1.00 -1.00 1 13 0.3734 -0.9511 0.008034
402.50 P 20260807 -1.00 -1.00 -1 0 0.4443 -0.9376 0.008026
405.00 P 20260807 -1.00 -1.00 2 2 0.4487 -0.9515 0.006555
407.50 P 20260807 -1.00 -1.00 -1 0 0.4204 -0.9757 0.004343
410.00 P 20260807 -1.00 -1.00 1 1 0.4010 -0.9901 0.002654
412.50 P 20260807 -1.00 -1.00 -1 0 0.4439 -0.9858 0.002848
415.00 P 20260807 -1.00 -1.00 2 0 -1.0000 -1.0000 -1.000000
417.50 P 20260807 -1.00 -1.00 -1 0 -1.0000 -1.0000 -1.000000
420.00 P 20260807 -1.00 -1.00 -1 0 -1.0000 -1.0000 -1.000000
422.50 P 20260807 -1.00 -1.00 -1 0 -1.0000 -1.0000 -1.000000
425.00 P 20260807 -1.00 -1.00 -1 0 0.5722 -0.9887 0.001834
427.50 P 20260807 -1.00 -1.00 -1 0 -1.0000 -1.0000 -1.000000
430.00 P 20260807 -1.00 -1.00 2 0 -1.0000 -1.0000 -1.000000
432.50 P 20260807 -1.00 -1.00 -1 0 -1.0000 -1.0000 -1.000000
435.00 P 20260807 -1.00 -1.00 -1 0 -1.0000 -1.0000 -1.000000
437.50 P 20260807 -1.00 -1.00 -1 0 -1.0000 -1.0000 -1.000000
440.00 P 20260807 -1.00 -1.00 -1 0 -1.0000 -1.0000 -1.000000
442.50 P 20260807 -1.00 -1.00 -1 0 -1.0000 -1.0000 -1.000000
310.00 C 20260810 -1.00 -1.00 2 1 0.7929 0.9748 0.001501
312.50 C 20260810 -1.00 -1.00 -1 0 0.7662 0.9741 0.001594
315.00 C 20260810 -1.00 -1.00 1 13 0.7179 0.9758 0.001599
317.50 C 20260810 -1.00 -1.00 1 1 0.7026 0.9737 0.001760
320.00 C 20260810 -1.00 -1.00 6 31 0.6765 0.9728 0.001881
322.50 C 20260810 -1.00 -1.00 1 7 -1.0000 -1.0000 -1.000000
325.00 C 20260810 -1.00 -1.00 1 147 0.6198 0.9709 0.002166
327.50 C 20260810 -1.00 -1.00 1 3 0.5965 0.9684 0.002401
330.00 C 20260810 -1.00 -1.00 13 319 -1.0000 -1.0000 -1.000000
332.50 C 20260810 -1.00 -1.00 7 28 0.5665 0.9581 0.003161
335.00 C 20260810 -1.00 -1.00 53 48 0.5227 0.9610 0.003235
337.50 C 20260810 -1.00 -1.00 10 27 0.4897 0.9609 0.003460
340.00 C 20260810 -1.00 -1.00 201 66 0.4832 0.9520 0.004144
342.50 C 20260810 -1.00 -1.00 200 33 0.4663 0.9462 0.004731
345.00 C 20260810 -1.00 -1.00 127 148 0.4717 0.9306 0.005727
347.50 C 20260810 -1.00 -1.00 120 41 -1.0000 -1.0000 -1.000000
350.00 C 20260810 -1.00 -1.00 3 66 -1.0000 -1.0000 -1.000000
352.50 C 20260810 -1.00 -1.00 44 151 0.4020 0.9038 0.008541
355.00 C 20260810 -1.00 -1.00 52 70 0.3921 0.8861 0.009982
357.50 C 20260810 -1.00 -1.00 8 20 0.3849 0.8620 0.011614
360.00 C 20260810 -1.00 -1.00 1 158 0.3742 0.8338 0.013435
362.50 C 20260810 -1.00 -1.00 25 27 0.3966 0.7866 0.015014
365.00 C 20260810 -1.00 -1.00 23 56 0.3399 0.7781 0.017934
367.50 C 20260810 -1.00 -1.00 103 29 0.3449 0.7241 0.019563
370.00 C 20260810 -1.00 -1.00 175 245 0.3219 0.6834 0.022483
372.50 C 20260810 -1.00 -1.00 16 0 0.3225 0.6252 0.023866
375.00 C 20260810 -1.00 -1.00 676 331 0.3223 0.5637 0.024733
377.50 C 20260810 -1.00 -1.00 57 0 0.3250 0.5023 0.025105
380.00 C 20260810 -1.00 -1.00 121 217 0.3231 0.4410 0.024673
382.50 C 20260810 -1.00 -1.00 208 0 0.3261 0.3811 0.023875
385.00 C 20260810 -1.00 -1.00 38 99 0.2996 0.3113 0.023827
387.50 C 20260810 -1.00 -1.00 16 0 0.3325 0.2780 0.020405
390.00 C 20260810 -1.00 -1.00 30 551 0.3306 0.2282 0.018650
392.50 C 20260810 -1.00 -1.00 4 0 0.3263 0.1851 0.016488
395.00 C 20260810 -1.00 -1.00 3 48 0.3355 0.1530 0.014292
397.50 C 20260810 -1.00 -1.00 -1 0 0.3161 0.1091 0.011897
400.00 C 20260810 -1.00 -1.00 83 101 0.3375 0.0981 0.010301
402.50 C 20260810 -1.00 -1.00 -1 0 0.3317 0.0696 0.008202
405.00 C 20260810 -1.00 -1.00 3 26 0.3679 0.0720 0.007608
407.50 C 20260810 -1.00 -1.00 -1 0 0.3540 0.0516 0.005983
410.00 C 20260810 -1.00 -1.00 16 11 0.3753 0.0485 0.005370
412.50 C 20260810 -1.00 -1.00 -1 0 0.3974 0.0462 0.004879
415.00 C 20260810 -1.00 -1.00 6 35 0.3850 0.0303 0.003596
417.50 C 20260810 -1.00 -1.00 -1 0 0.4420 0.0427 0.004124
420.00 C 20260810 -1.00 -1.00 3 2 0.4628 0.0407 0.003793
422.50 C 20260810 -1.00 -1.00 -1 0 0.4843 0.0392 0.003522
425.00 C 20260810 -1.00 -1.00 1 1 0.5057 0.0378 0.003285
427.50 C 20260810 -1.00 -1.00 -1 0 0.5451 0.0433 0.003381
430.00 C 20260810 -1.00 -1.00 1 1 0.5481 0.0355 0.002888
432.50 C 20260810 -1.00 -1.00 -1 0 0.5691 0.0344 0.002721
435.00 C 20260810 -1.00 -1.00 1 4 0.5884 0.0335 0.002571
437.50 C 20260810 -1.00 -1.00 -1 0 0.6296 0.0388 0.002693
440.00 C 20260810 -1.00 -1.00 5 5 0.5487 0.0172 0.001548
442.50 C 20260810 -1.00 -1.00 -1 0 -1.0000 -1.0000 -1.000000
310.00 P 20260810 -1.00 -1.00 12 116 0.6478 -0.0088 0.000737
312.50 P 20260810 -1.00 -1.00 4 11 0.6046 -0.0076 0.000692
315.00 P 20260810 -1.00 -1.00 1 46 0.5873 -0.0083 0.000770
317.50 P 20260810 -1.00 -1.00 2 196 0.5752 -0.0094 0.000883
320.00 P 20260810 -1.00 -1.00 2 57 0.5378 -0.0085 0.000862
322.50 P 20260810 -1.00 -1.00 9 17 0.5398 -0.0110 0.001083
325.00 P 20260810 -1.00 -1.00 1 61 0.5346 -0.0150 0.001418
327.50 P 20260810 -1.00 -1.00 8 21 0.5016 -0.0140 0.001427
330.00 P 20260810 -1.00 -1.00 17 106 0.4463 -0.0096 0.001158
332.50 P 20260810 -1.00 -1.00 27 38 0.4556 -0.0158 0.001739
335.00 P 20260810 -1.00 -1.00 2 30 0.4466 -0.0199 0.002155
337.50 P 20260810 -1.00 -1.00 5 2 0.4144 -0.0190 0.002233
340.00 P 20260810 -1.00 -1.00 8 65 0.3804 -0.0174 0.002259
342.50 P 20260810 -1.00 -1.00 3 3 0.3782 -0.0238 0.002988
345.00 P 20260810 -1.00 -1.00 7 28 0.3843 -0.0359 0.004124
347.50 P 20260810 -1.00 -1.00 15 20 0.3662 -0.0420 0.004903
350.00 P 20260810 -1.00 -1.00 8 88 0.3441 -0.0468 0.005704
352.50 P 20260810 -1.00 -1.00 8 98 0.3678 -0.0765 0.007886
355.00 P 20260810 -1.00 -1.00 7 25 0.3457 -0.0877 0.009272
357.50 P 20260810 -1.00 -1.00 6 92 0.3409 -0.1109 0.011251
360.00 P 20260810 -1.00 -1.00 197 170 0.3387 -0.1415 0.013421
362.50 P 20260810 -1.00 -1.00 37 29 0.3330 -0.1771 0.015754
365.00 P 20260810 -1.00 -1.00 22 45 0.3376 -0.2203 0.018026
367.50 P 20260810 -1.00 -1.00 28 73 0.3324 -0.2689 0.020076
370.00 P 20260810 -1.00 -1.00 33 120 0.3216 -0.3165 0.022543
372.50 P 20260810 -1.00 -1.00 35 0 0.3427 -0.3814 0.022598
375.00 P 20260810 -1.00 -1.00 17 21 0.3221 -0.4366 0.024825
377.50 P 20260810 -1.00 -1.00 1 0 0.3324 -0.4981 0.024650
380.00 P 20260810 -1.00 -1.00 2 40 0.3216 -0.5602 0.024901
382.50 P 20260810 -1.00 -1.00 -1 0 0.3547 -0.6088 0.022163
385.00 P 20260810 -1.00 -1.00 3 0 0.3324 -0.6717 0.022214
387.50 P 20260810 -1.00 -1.00 -1 0 0.3365 -0.7211 0.020407
390.00 P 20260810 -1.00 -1.00 24 14 0.3297 -0.7748 0.018846
392.50 P 20260810 -1.00 -1.00 -1 0 0.3200 -0.8229 0.016742
395.00 P 20260810 -1.00 -1.00 -1 0 0.2956 -0.8818 0.014180
397.50 P 20260810 -1.00 -1.00 -1 0 0.2859 -0.9211 0.011261
400.00 P 20260810 -1.00 -1.00 2 0 0.2823 -0.9469 0.008775
402.50 P 20260810 -1.00 -1.00 -1 0 0.2947 -0.9572 0.007302
405.00 P 20260810 -1.00 -1.00 -1 0 0.2931 -0.9754 0.005354
407.50 P 20260810 -1.00 -1.00 -1 0 0.2883 -0.9868 0.003842
410.00 P 20260810 -1.00 -1.00 -1 0 -1.0000 -1.0000 -1.000000
412.50 P 20260810 -1.00 -1.00 -1 0 -1.0000 -1.0000 -1.000000
415.00 P 20260810 -1.00 -1.00 -1 0 -1.0000 -1.0000 -1.000000
417.50 P 20260810 -1.00 -1.00 -1 0 -1.0000 -1.0000 -1.000000
420.00 P 20260810 -1.00 -1.00 -1 0 -1.0000 -1.0000 -1.000000
422.50 P 20260810 -1.00 -1.00 -1 0 0.4376 -0.9793 0.002887
425.00 P 20260810 -1.00 -1.00 -1 0 -1.0000 -1.0000 -1.000000
427.50 P 20260810 -1.00 -1.00 -1 0 0.4746 -0.9807 0.002502
430.00 P 20260810 -1.00 -1.00 -1 0 -1.0000 -1.0000 -1.000000
432.50 P 20260810 -1.00 -1.00 -1 0 0.4365 -0.9975 0.000905
435.00 P 20260810 -1.00 -1.00 -1 0 -1.0000 -1.0000 -1.000000
437.50 P 20260810 -1.00 -1.00 -1 0 -1.0000 -1.0000 -1.000000
440.00 P 20260810 -1.00 -1.00 -1 0 -1.0000 -1.0000 -1.000000
442.50 P 20260810 -1.00 -1.00 -1 0 -1.0000 -1.0000 -1.000000
310.00 C 20260812 -1.00 -1.00 8 2 0.6900 0.9752 0.001485
312.50 C 20260812 -1.00 -1.00 -1 0 0.6665 0.9745 0.001577
315.00 C 20260812 -1.00 -1.00 10 4 0.6051 0.9789 0.001461
317.50 C 20260812 -1.00 -1.00 68 12 0.6106 0.9742 0.001737
320.00 C 20260812 -1.00 -1.00 2 5 0.5783 0.9747 0.001798
322.50 C 20260812 -1.00 -1.00 68 12 0.5647 0.9725 0.001987
325.00 C 20260812 -1.00 -1.00 53 53 0.5442 0.9701 0.002196
327.50 C 20260812 -1.00 -1.00 62 22 0.5332 0.9647 0.002552
330.00 C 20260812 -1.00 -1.00 5 107 0.5224 0.9591 0.002935
332.50 C 20260812 -1.00 -1.00 74 79 0.4837 0.9619 0.002994
335.00 C 20260812 -1.00 -1.00 83 75 0.4824 0.9526 0.003586
337.50 C 20260812 -1.00 -1.00 80 15 0.4719 0.9461 0.004086
340.00 C 20260812 -1.00 -1.00 106 63 0.4691 0.9367 0.004713
342.50 C 20260812 -1.00 -1.00 91 17 0.4491 0.9294 0.005307
345.00 C 20260812 -1.00 -1.00 34 30 0.3633 0.9517 0.004838
347.50 C 20260812 -1.00 -1.00 32 30 0.4150 0.9103 0.006849
350.00 C 20260812 -1.00 -1.00 12 154 0.3746 0.9122 0.007461
352.50 C 20260812 -1.00 -1.00 7 1773 0.4189 0.8676 0.009076
355.00 C 20260812 -1.00 -1.00 2 107 0.4022 0.8493 0.010240
357.50 C 20260812 -1.00 -1.00 1 75 0.3874 0.8284 0.011563
360.00 C 20260812 -1.00 -1.00 123 182 0.3864 0.7986 0.012922
362.50 C 20260812 -1.00 -1.00 55 309 0.3901 0.7617 0.014069
365.00 C 20260812 -1.00 -1.00 6 82 0.3566 0.7395 0.016053
367.50 C 20260812 -1.00 -1.00 18 88 0.3556 0.6972 0.017360
370.00 C 20260812 -1.00 -1.00 8 72 0.3620 0.6514 0.018253
372.50 C 20260812 -1.00 -1.00 2 0 0.3526 0.6057 0.019258
375.00 C 20260812 -1.00 -1.00 29 111 0.3534 0.5565 0.019777
377.50 C 20260812 -1.00 -1.00 3 0 0.3447 0.5072 0.020680
380.00 C 20260812 -1.00 -1.00 16 325 0.3329 0.4549 0.021005
382.50 C 20260812 -1.00 -1.00 5 0 0.3387 0.4051 0.020262
385.00 C 20260812 -1.00 -1.00 239 34 0.3263 0.3507 0.020202
387.50 C 20260812 -1.00 -1.00 -1 0 0.3251 0.3039 0.018947
390.00 C 20260812 -1.00 -1.00 27 50 0.3408 0.2690 0.017135
392.50 C 20260812 -1.00 -1.00 11 0 0.3405 0.2287 0.015810
395.00 C 20260812 -1.00 -1.00 2 58 0.3252 0.1833 0.014348
397.50 C 20260812 -1.00 -1.00 1 0 0.3424 0.1630 0.012692
400.00 C 20260812 -1.00 -1.00 28 8 0.3499 0.1380 0.011232
402.50 C 20260812 -1.00 -1.00 2 0 0.3231 0.0972 0.009332
405.00 C 20260812 -1.00 -1.00 3 163 0.3090 0.0663 0.007361
407.50 C 20260812 -1.00 -1.00 -1 0 0.3532 0.0755 0.007162
410.00 C 20260812 -1.00 -1.00 1 1 0.3487 0.0601 0.006007
412.50 C 20260812 -1.00 -1.00 -1 0 0.3687 0.0577 0.005494
415.00 C 20260812 -1.00 -1.00 107 52 0.4738 0.0980 0.006403
417.50 C 20260812 -1.00 -1.00 -1 0 0.4092 0.0541 0.004692
420.00 C 20260812 -1.00 -1.00 -1 0 0.4265 0.0513 0.004315
422.50 C 20260812 -1.00 -1.00 -1 0 0.4469 0.0501 0.004042
425.00 C 20260812 -1.00 -1.00 2 1 0.4418 0.0382 0.003309
427.50 C 20260812 -1.00 -1.00 -1 0 0.4603 0.0370 0.003097
430.00 C 20260812 -1.00 -1.00 -1 0 0.5008 0.0448 0.003299
432.50 C 20260812 -1.00 -1.00 -1 0 0.5128 0.0411 0.003012
435.00 C 20260812 -1.00 -1.00 -1 0 0.5373 0.0423 0.002940
437.50 C 20260812 -1.00 -1.00 -1 0 0.5491 0.0389 0.002697
440.00 C 20260812 -1.00 -1.00 -1 0 0.5734 0.0401 0.002646
442.50 C 20260812 -1.00 -1.00 -1 0 0.5850 0.0370 0.002438
310.00 P 20260812 -1.00 -1.00 1 3 0.7324 -0.0324 0.001739
312.50 P 20260812 -1.00 -1.00 4 3 0.7083 -0.0339 0.001863
315.00 P 20260812 -1.00 -1.00 1 4 0.6826 -0.0350 0.001984
317.50 P 20260812 -1.00 -1.00 5 58 0.7449 -0.0545 0.002625
320.00 P 20260812 -1.00 -1.00 1 7 0.6147 -0.0332 0.002115
322.50 P 20260812 -1.00 -1.00 3 3 0.7127 -0.0629 0.003082
325.00 P 20260812 -1.00 -1.00 15 18 0.5816 -0.0404 0.002614
327.50 P 20260812 -1.00 -1.00 1 9 0.5587 -0.0426 0.002838
330.00 P 20260812 -1.00 -1.00 9 44 0.6238 -0.0696 0.003783
332.50 P 20260812 -1.00 -1.00 6 56 0.6095 -0.0776 0.004190
335.00 P 20260812 -1.00 -1.00 15 14 0.5533 -0.0701 0.004292
337.50 P 20260812 -1.00 -1.00 7 51 0.4478 -0.0461 0.003781
340.00 P 20260812 -1.00 -1.00 704 385 0.4332 -0.0516 0.004298
342.50 P 20260812 -1.00 -1.00 4 2 0.4394 -0.0655 0.005159
345.00 P 20260812 -1.00 -1.00 7 18 0.4067 -0.0661 0.005607
347.50 P 20260812 -1.00 -1.00 3 8 0.3958 -0.0795 0.006572
350.00 P 20260812 -1.00 -1.00 19 60 0.3614 -0.0800 0.007229
352.50 P 20260812 -1.00 -1.00 152 95 0.4071 -0.1250 0.009039
355.00 P 20260812 -1.00 -1.00 197 142 0.3723 -0.1312 0.010174
357.50 P 20260812 -1.00 -1.00 104 98 0.3873 -0.1718 0.011589
360.00 P 20260812 -1.00 -1.00 5 16 0.3474 -0.1794 0.013299
362.50 P 20260812 -1.00 -1.00 10 0 0.3585 -0.2196 0.014782
365.00 P 20260812 -1.00 -1.00 2 4 0.3678 -0.2671 0.015782
367.50 P 20260812 -1.00 -1.00 15 14 0.3638 -0.3069 0.017124
370.00 P 20260812 -1.00 -1.00 7 54 0.3393 -0.3410 0.019430
372.50 P 20260812 -1.00 -1.00 -1 0 0.3393 -0.3920 0.020051
375.00 P 20260812 -1.00 -1.00 5 5 0.3413 -0.4434 0.020547
377.50 P 20260812 -1.00 -1.00 -1 0 0.3367 -0.4947 0.021260
380.00 P 20260812 -1.00 -1.00 2 13 0.3272 -0.5480 0.021470
382.50 P 20260812 -1.00 -1.00 -1 0 0.3156 -0.6055 0.021822
385.00 P 20260812 -1.00 -1.00 -1 0 0.3219 -0.6539 0.020557
387.50 P 20260812 -1.00 -1.00 11 0 0.3887 -0.6653 0.016717
390.00 P 20260812 -1.00 -1.00 -1 0 0.3126 -0.7558 0.018246
392.50 P 20260812 -1.00 -1.00 -1 0 0.3078 -0.7981 0.016524
395.00 P 20260812 -1.00 -1.00 -1 0 0.3040 -0.8396 0.014642
397.50 P 20260812 -1.00 -1.00 -1 0 0.2975 -0.8782 0.012664
400.00 P 20260812 -1.00 -1.00 -1 0 0.2917 -0.9098 0.010589
402.50 P 20260812 -1.00 -1.00 -1 0 0.3048 -0.9244 0.009085
405.00 P 20260812 -1.00 -1.00 -1 0 0.3090 -0.9406 0.007641
407.50 P 20260812 -1.00 -1.00 -1 0 0.3064 -0.9573 0.006258
410.00 P 20260812 -1.00 -1.00 -1 0 0.5233 -0.8483 0.008130
412.50 P 20260812 -1.00 -1.00 -1 0 0.4012 -0.9329 0.006247
415.00 P 20260812 -1.00 -1.00 -1 0 0.5435 -0.8719 0.006997
417.50 P 20260812 -1.00 -1.00 -1 0 0.3087 -0.9962 0.001702
420.00 P 20260812 -1.00 -1.00 -1 0 -1.0000 -1.0000 -1.000000
422.50 P 20260812 -1.00 -1.00 -1 0 -1.0000 -1.0000 -1.000000
425.00 P 20260812 -1.00 -1.00 -1 0 -1.0000 -1.0000 -1.000000
427.50 P 20260812 -1.00 -1.00 -1 0 -1.0000 -1.0000 -1.000000
430.00 P 20260812 -1.00 -1.00 -1 0 -1.0000 -1.0000 -1.000000
432.50 P 20260812 -1.00 -1.00 -1 0 0.7026 -0.8928 0.004725
435.00 P 20260812 -1.00 -1.00 -1 0 -1.0000 -1.0000 -1.000000
437.50 P 20260812 -1.00 -1.00 -1 0 -1.0000 -1.0000 -1.000000
440.00 P 20260812 -1.00 -1.00 -1 0 -1.0000 -1.0000 -1.000000
442.50 P 20260812 -1.00 -1.00 -1 0 -1.0000 -1.0000 -1.000000
310.00 C 20260814 -1.00 -1.00 10 56 0.6616 0.9668 0.001757
312.50 C 20260814 -1.00 -1.00 1 48 -1.0000 -1.0000 -1.000000
315.00 C 20260814 -1.00 -1.00 17 61 0.5419 0.9793 0.001441
317.50 C 20260814 -1.00 -1.00 -1 0 0.5994 0.9616 0.002184
320.00 C 20260814 -1.00 -1.00 1 260 0.5506 0.9674 0.002086
322.50 C 20260814 -1.00 -1.00 83 82 -1.0000 -1.0000 -1.000000
325.00 C 20260814 -1.00 -1.00 137 147 0.6019 0.9396 0.003186
327.50 C 20260814 -1.00 -1.00 80 28 0.5370 0.9477 0.003149
330.00 C 20260814 -1.00 -1.00 1 257 0.5144 0.9458 0.003392
332.50 C 20260814 -1.00 -1.00 15 89 0.5003 0.9413 0.003733
335.00 C 20260814 -1.00 -1.00 88 332 0.5028 0.9277 0.004331
337.50 C 20260814 -1.00 -1.00 50 110 0.4701 0.9280 0.004621
340.00 C 20260814 -1.00 -1.00 16 566 0.4376 0.9284 0.004946
342.50 C 20260814 -1.00 -1.00 49 227 0.4458 0.9082 0.005833
345.00 C 20260814 -1.00 -1.00 6 579 0.4065 0.9107 0.006262
347.50 C 20260814 -1.00 -1.00 15 80 0.4583 0.8680 0.007435
350.00 C 20260814 -1.00 -1.00 12 808 0.4131 0.8706 0.008152
352.50 C 20260814 -1.00 -1.00 2 133 0.4073 0.8483 0.009121
355.00 C 20260814 -1.00 -1.00 7 504 0.3845 0.8353 0.010193
357.50 C 20260814 -1.00 -1.00 7 197 0.3758 0.8125 0.011371
360.00 C 20260814 -1.00 -1.00 29 879 0.3879 0.7770 0.012325
362.50 C 20260814 -1.00 -1.00 7 148 0.3034 0.7937 0.015044
365.00 C 20260814 -1.00 -1.00 130 1551 0.3660 0.7159 0.014673
370.00 C 20260814 -1.00 -1.00 133 899 0.3629 0.6393 0.016471
372.50 C 20260814 -1.00 -1.00 52 0 0.3203 0.6061 0.019046
375.00 C 20260814 -1.00 -1.00 105 778 0.3541 0.5542 0.017770
377.50 C 20260814 -1.00 -1.00 16 0 0.3491 0.5101 0.018352
380.00 C 20260814 -1.00 -1.00 473 2016 0.3226 0.4610 0.019516
382.50 C 20260814 -1.00 -1.00 12 0 0.3505 0.4218 0.017712
385.00 C 20260814 -1.00 -1.00 197 971 0.3595 0.3813 0.017016
387.50 C 20260814 -1.00 -1.00 3 0 0.3555 0.3408 0.016421
390.00 C 20260814 -1.00 -1.00 620 539 0.3563 0.3033 0.015524
392.50 C 20260814 -1.00 -1.00 12 0 0.3560 0.2653 0.014663
395.00 C 20260814 -1.00 -1.00 516 568 0.3576 0.2322 0.013656
397.50 C 20260814 -1.00 -1.00 29 0 0.3520 0.1996 0.012567
400.00 C 20260814 -1.00 -1.00 504 2352 0.3530 0.1712 0.011397
402.50 C 20260814 -1.00 -1.00 28 0 0.3451 0.1375 0.010196
405.00 C 20260814 -1.00 -1.00 43 646 0.3560 0.1249 0.009170
407.50 C 20260814 -1.00 -1.00 2 0 0.3480 0.1001 0.007955
410.00 C 20260814 -1.00 -1.00 5 135 0.3521 0.0837 0.006928
412.50 C 20260814 -1.00 -1.00 -1 0 0.3679 0.0767 0.006251
415.00 C 20260814 -1.00 -1.00 6 1211 0.3673 0.0648 0.005456
417.50 C 20260814 -1.00 -1.00 -1 0 0.3772 0.0590 0.004910
420.00 C 20260814 -1.00 -1.00 16 324 0.3579 0.0384 0.003684
422.50 C 20260814 -1.00 -1.00 -1 0 0.3706 0.0347 0.003297
425.00 C 20260814 -1.00 -1.00 73 90 0.3864 0.0335 0.003074
427.50 C 20260814 -1.00 -1.00 -1 0 0.3797 0.0266 0.002547
430.00 C 20260814 -1.00 -1.00 303 547 0.3884 0.0241 0.002285
432.50 C 20260814 -1.00 -1.00 -1 0 0.4013 0.0229 0.002119
435.00 C 20260814 -1.00 -1.00 9 61 0.3946 0.0161 0.001602
437.50 C 20260814 -1.00 -1.00 -1 0 0.4268 0.0208 0.001836
440.00 C 20260814 -1.00 -1.00 37 123 0.4169 0.0135 0.001320
442.50 C 20260814 -1.00 -1.00 -1 0 0.4520 0.0190 0.001603
310.00 P 20260814 -1.00 -1.00 1 1194 0.5213 -0.0098 0.000795
312.50 P 20260814 -1.00 -1.00 68 26 0.5284 -0.0143 0.001079
315.00 P 20260814 -1.00 -1.00 21 548 0.4929 -0.0119 0.000991
317.50 P 20260814 -1.00 -1.00 70 38 0.5093 -0.0192 0.001440
320.00 P 20260814 -1.00 -1.00 23 561 0.4742 -0.0170 0.001391
322.50 P 20260814 -1.00 -1.00 1 122 0.4786 -0.0223 0.001748
325.00 P 20260814 -1.00 -1.00 13 417 0.4473 -0.0208 0.001763
327.50 P 20260814 -1.00 -1.00 22 126 0.4612 -0.0289 0.002275
330.00 P 20260814 -1.00 -1.00 12 749 0.4401 -0.0304 0.002480
332.50 P 20260814 -1.00 -1.00 7 64 0.4201 -0.0324 0.002731
335.00 P 20260814 -1.00 -1.00 16 337 0.4236 -0.0436 0.003433
337.50 P 20260814 -1.00 -1.00 1 87 0.4004 -0.0451 0.003733
340.00 P 20260814 -1.00 -1.00 21 725 0.3949 -0.0534 0.004365
342.50 P 20260814 -1.00 -1.00 5 58 0.3929 -0.0640 0.005102
345.00 P 20260814 -1.00 -1.00 9 571 0.3821 -0.0759 0.005916
347.50 P 20260814 -1.00 -1.00 34 184 0.3751 -0.0906 0.006870
350.00 P 20260814 -1.00 -1.00 54 506 0.3730 -0.1084 0.007934
352.50 P 20260814 -1.00 -1.00 121 246 0.3698 -0.1273 0.009038
355.00 P 20260814 -1.00 -1.00 24 360 0.3612 -0.1502 0.010238
357.50 P 20260814 -1.00 -1.00 64 56 0.3573 -0.1771 0.011522
360.00 P 20260814 -1.00 -1.00 947 821 0.3579 -0.2069 0.012804
362.50 P 20260814 -1.00 -1.00 140 137 0.3499 -0.2378 0.014103
365.00 P 20260814 -1.00 -1.00 55 182 0.3468 -0.2753 0.015274
370.00 P 20260814 -1.00 -1.00 114 319 0.3431 -0.3554 0.017423
372.50 P 20260814 -1.00 -1.00 28 0 0.3369 -0.3994 0.018235
375.00 P 20260814 -1.00 -1.00 21 221 0.3436 -0.4463 0.018388
377.50 P 20260814 -1.00 -1.00 3 0 0.3443 -0.4920 0.018698
380.00 P 20260814 -1.00 -1.00 11 10 0.3357 -0.5386 0.018878
382.50 P 20260814 -1.00 -1.00 -1 0 0.3370 -0.5846 0.018515
385.00 P 20260814 -1.00 -1.00 5 18 0.3418 -0.6289 0.017973
387.50 P 20260814 -1.00 -1.00 -1 0 0.3385 -0.6704 0.017177
390.00 P 20260814 -1.00 -1.00 1 2 0.3438 -0.7072 0.016055
392.50 P 20260814 -1.00 -1.00 -1 0 0.3399 -0.7500 0.015244
395.00 P 20260814 -1.00 -1.00 20 20 0.3302 -0.7899 0.014205
397.50 P 20260814 -1.00 -1.00 -1 0 0.3268 -0.8244 0.012912
400.00 P 20260814 -1.00 -1.00 2 2 0.3316 -0.8520 0.011576
402.50 P 20260814 -1.00 -1.00 -1 0 0.3467 -0.8666 0.010389
405.00 P 20260814 -1.00 -1.00 76 76 0.3219 -0.9054 0.008908
407.50 P 20260814 -1.00 -1.00 -1 0 0.3290 -0.9212 0.007792
410.00 P 20260814 -1.00 -1.00 10 2 0.3320 -0.9369 0.006713
412.50 P 20260814 -1.00 -1.00 -1 0 0.3258 -0.9531 0.005675
415.00 P 20260814 -1.00 -1.00 -1 0 0.3118 -0.9757 0.004246
417.50 P 20260814 -1.00 -1.00 -1 0 -1.0000 -1.0000 -1.000000
420.00 P 20260814 -1.00 -1.00 8 72 -1.0000 -1.0000 -1.000000
422.50 P 20260814 -1.00 -1.00 -1 0 -1.0000 -1.0000 -1.000000
425.00 P 20260814 -1.00 -1.00 -1 0 0.3619 -0.9824 0.002929
427.50 P 20260814 -1.00 -1.00 -1 0 0.4355 -0.9589 0.003728
430.00 P 20260814 -1.00 -1.00 2 0 -1.0000 -1.0000 -1.000000
432.50 P 20260814 -1.00 -1.00 -1 0 -1.0000 -1.0000 -1.000000
435.00 P 20260814 -1.00 -1.00 -1 0 -1.0000 -1.0000 -1.000000
437.50 P 20260814 -1.00 -1.00 -1 0 -1.0000 -1.0000 -1.000000
440.00 P 20260814 -1.00 -1.00 -1 0 -1.0000 -1.0000 -1.000000
442.50 P 20260814 -1.00 -1.00 -1 0 -1.0000 -1.0000 -1.000000
310.00 C 20260817 -1.00 -1.00 -1 0 0.5533 0.9743 0.001511
315.00 C 20260817 -1.00 -1.00 6 1 0.5338 0.9671 0.001904
320.00 C 20260817 -1.00 -1.00 8 0 0.5076 0.9605 0.002323
325.00 C 20260817 -1.00 -1.00 24 3 0.4820 0.9531 0.002819
330.00 C 20260817 -1.00 -1.00 22 2 0.4530 0.9461 0.003376
335.00 C 20260817 -1.00 -1.00 -1 0 0.4365 0.9314 0.004233
337.50 C 20260817 -1.00 -1.00 -1 0 0.4225 0.9239 0.004709
340.00 C 20260817 -1.00 -1.00 3 2 0.4106 0.9149 0.005262
342.50 C 20260817 -1.00 -1.00 -1 0 0.3926 0.9087 0.005807
345.00 C 20260817 -1.00 -1.00 143 143 0.3936 0.8923 0.006588
347.50 C 20260817 -1.00 -1.00 -1 0 0.3927 0.8759 0.007363
350.00 C 20260817 -1.00 -1.00 14 13 0.3875 0.8554 0.008193
352.50 C 20260817 -1.00 -1.00 -1 0 0.2333 0.9424 0.006928
355.00 C 20260817 -1.00 -1.00 4 3 0.3690 0.8173 0.010028
357.50 C 20260817 -1.00 -1.00 -1 0 0.3668 0.7932 0.010995
360.00 C 20260817 -1.00 -1.00 10 5 0.3576 0.7679 0.011988
362.50 C 20260817 -1.00 -1.00 -1 0 0.3515 0.7373 0.012939
365.00 C 20260817 -1.00 -1.00 12 8 0.3547 0.7016 0.013685
367.50 C 20260817 -1.00 -1.00 -1 0 0.3610 0.6655 0.014306
370.00 C 20260817 -1.00 -1.00 12 22 0.3417 0.6334 0.015459
375.00 C 20260817 -1.00 -1.00 18 56 0.3480 0.5526 0.015951
380.00 C 20260817 -1.00 -1.00 1 32 0.3437 0.4734 0.016204
385.00 C 20260817 -1.00 -1.00 22 20 0.3397 0.3925 0.015943
390.00 C 20260817 -1.00 -1.00 4 83 0.3313 0.3155 0.014969
395.00 C 20260817 -1.00 -1.00 6 6 0.3395 0.2502 0.013235
400.00 C 20260817 -1.00 -1.00 37 42 0.3277 0.1865 0.011394
405.00 C 20260817 -1.00 -1.00 18 241 0.3342 0.1396 0.009373
410.00 C 20260817 -1.00 -1.00 25 25 0.3235 0.0954 0.007283
415.00 C 20260817 -1.00 -1.00 5 5 0.3465 0.0780 0.005912
420.00 C 20260817 -1.00 -1.00 1 1 0.3404 0.0535 0.004426
425.00 C 20260817 -1.00 -1.00 -1 0 0.4381 0.0822 0.004849
430.00 C 20260817 -1.00 -1.00 -1 0 0.3845 0.0392 0.003071
435.00 C 20260817 -1.00 -1.00 -1 0 0.4135 0.0370 0.002734
440.00 C 20260817 -1.00 -1.00 250 0 0.4808 0.0519 0.003057
310.00 P 20260817 -1.00 -1.00 1 1 0.5638 -0.0277 0.001586
315.00 P 20260817 -1.00 -1.00 2 2 0.6184 -0.0542 0.002494
320.00 P 20260817 -1.00 -1.00 1 1 0.5894 -0.0611 0.002889
325.00 P 20260817 -1.00 -1.00 7 12 0.4254 -0.0274 0.002089
330.00 P 20260817 -1.00 -1.00 -1 0 0.4142 -0.0407 0.002925
335.00 P 20260817 -1.00 -1.00 3 11 0.3915 -0.0505 0.003700
337.50 P 20260817 -1.00 -1.00 -1 0 0.4430 -0.0863 0.004939
340.00 P 20260817 -1.00 -1.00 11 13 0.3828 -0.0698 0.004894
342.50 P 20260817 -1.00 -1.00 -1 0 0.3993 -0.0948 0.005889
345.00 P 20260817 -1.00 -1.00 8 2 0.3489 -0.0834 0.006112
347.50 P 20260817 -1.00 -1.00 -1 0 0.3834 -0.1191 0.007340
350.00 P 20260817 -1.00 -1.00 10 137 0.3560 -0.1232 0.008104
352.50 P 20260817 -1.00 -1.00 -1 0 0.3730 -0.1603 0.009109
355.00 P 20260817 -1.00 -1.00 38 23 0.3371 -0.1631 0.010194
357.50 P 20260817 -1.00 -1.00 -1 0 0.3641 -0.2058 0.011060
360.00 P 20260817 -1.00 -1.00 37 16 0.3436 -0.2239 0.012302
362.50 P 20260817 -1.00 -1.00 -1 0 0.3425 -0.2584 0.013206
365.00 P 20260817 -1.00 -1.00 13 9 0.3375 -0.2912 0.014240
367.50 P 20260817 -1.00 -1.00 1 0 0.3398 -0.3280 0.015077
370.00 P 20260817 -1.00 -1.00 68 23 0.3435 -0.3685 0.015455
375.00 P 20260817 -1.00 -1.00 5 59 0.3350 -0.4479 0.016655
380.00 P 20260817 -1.00 -1.00 5 5 0.3123 -0.5342 0.017934
385.00 P 20260817 -1.00 -1.00 -1 0 0.3239 -0.6170 0.016832
390.00 P 20260817 -1.00 -1.00 -1 0 0.3189 -0.6957 0.015557
395.00 P 20260817 -1.00 -1.00 -1 0 0.3156 -0.7710 0.013888
400.00 P 20260817 -1.00 -1.00 60 60 0.3094 -0.8352 0.011697
405.00 P 20260817 -1.00 -1.00 58 58 0.3053 -0.8878 0.009396
410.00 P 20260817 -1.00 -1.00 -1 0 0.3378 -0.9008 0.007778
415.00 P 20260817 -1.00 -1.00 -1 0 0.3013 -0.9582 0.005272
420.00 P 20260817 -1.00 -1.00 -1 0 0.2816 -0.9906 0.002865
425.00 P 20260817 -1.00 -1.00 -1 0 -1.0000 -1.0000 -1.000000
430.00 P 20260817 -1.00 -1.00 -1 0 -1.0000 -1.0000 -1.000000
435.00 P 20260817 -1.00 -1.00 -1 0 -1.0000 -1.0000 -1.000000
440.00 P 20260817 -1.00 -1.00 -1 0 -1.0000 -1.0000 -1.000000
310.00 C 20260819 -1.00 -1.00 -1 0 0.5221 0.9735 0.001539
315.00 C 20260819 -1.00 -1.00 -1 0 0.5043 0.9653 0.001964
320.00 C 20260819 -1.00 -1.00 -1 0 0.4622 0.9643 0.002190
325.00 C 20260819 -1.00 -1.00 -1 0 0.4488 0.9535 0.002802
330.00 C 20260819 -1.00 -1.00 -1 0 0.4287 0.9443 0.003423
335.00 C 20260819 -1.00 -1.00 -1 0 0.4226 0.9234 0.004412
340.00 C 20260819 -1.00 -1.00 -1 0 0.3924 0.9102 0.005350
345.00 C 20260819 -1.00 -1.00 -1 0 0.3883 0.8823 0.006689
350.00 C 20260819 -1.00 -1.00 -1 0 0.3143 0.8882 0.007928
355.00 C 20260819 -1.00 -1.00 -1 0 0.3659 0.8055 0.009854
360.00 C 20260819 -1.00 -1.00 -1 0 0.3559 0.7549 0.011524
365.00 C 20260819 -1.00 -1.00 -1 0 0.3493 0.6943 0.013135
370.00 C 20260819 -1.00 -1.00 1 0 0.3115 0.6369 0.015776
375.00 C 20260819 -1.00 -1.00 2 0 0.3365 0.5528 0.015389
380.00 C 20260819 -1.00 -1.00 1 0 0.3106 0.4729 0.016716
385.00 C 20260819 -1.00 -1.00 -1 0 0.3369 0.4016 0.015047
390.00 C 20260819 -1.00 -1.00 1 0 0.3464 0.3374 0.013769
395.00 C 20260819 -1.00 -1.00 2 0 0.3462 0.2734 0.012558
400.00 C 20260819 -1.00 -1.00 69 0 0.3477 0.2193 0.011100
405.00 C 20260819 -1.00 -1.00 -1 0 0.3558 0.1774 0.009495
410.00 C 20260819 -1.00 -1.00 -1 0 0.3551 0.1346 0.007995
415.00 C 20260819 -1.00 -1.00 -1 0 0.3746 0.1164 0.006784
420.00 C 20260819 -1.00 -1.00 -1 0 0.3931 0.0996 0.005765
425.00 C 20260819 -1.00 -1.00 -1 0 0.4197 0.0899 0.005021
430.00 C 20260819 -1.00 -1.00 -1 0 0.3629 0.0418 0.003188
435.00 C 20260819 -1.00 -1.00 -1 0 0.3877 0.0382 0.002789
440.00 C 20260819 -1.00 -1.00 250 0 0.4532 0.0541 0.003129
310.00 P 20260819 -1.00 -1.00 -1 0 0.5103 -0.0246 0.001475
315.00 P 20260819 -1.00 -1.00 -1 0 0.4810 -0.0272 0.001710
320.00 P 20260819 -1.00 -1.00 -1 0 0.4061 -0.0205 0.001574
325.00 P 20260819 -1.00 -1.00 -1 0 0.3999 -0.0286 0.002137
330.00 P 20260819 -1.00 -1.00 -1 0 0.3868 -0.0407 0.002921
335.00 P 20260819 -1.00 -1.00 -1 0 0.3767 -0.0547 0.003842
340.00 P 20260819 -1.00 -1.00 -1 0 0.3658 -0.0748 0.005024
345.00 P 20260819 -1.00 -1.00 -1 0 0.3330 -0.0879 0.006215
350.00 P 20260819 -1.00 -1.00 -1 0 0.3392 -0.1283 0.008127
355.00 P 20260819 -1.00 -1.00 -1 0 0.3227 -0.1684 0.010148
360.00 P 20260819 -1.00 -1.00 -1 0 0.3283 -0.2286 0.012125
365.00 P 20260819 -1.00 -1.00 -1 0 0.3270 -0.2966 0.013847
370.00 P 20260819 -1.00 -1.00 -1 0 0.3336 -0.3718 0.014877
375.00 P 20260819 -1.00 -1.00 -1 0 0.3290 -0.4484 0.015837
380.00 P 20260819 -1.00 -1.00 -1 0 0.3264 -0.5270 0.016039
385.00 P 20260819 -1.00 -1.00 -1 0 0.3300 -0.6041 0.015495
390.00 P 20260819 -1.00 -1.00 -1 0 0.3217 -0.6798 0.014724
395.00 P 20260819 -1.00 -1.00 -1 0 0.3299 -0.7431 0.013132
400.00 P 20260819 -1.00 -1.00 -1 0 0.3308 -0.7980 0.011458
405.00 P 20260819 -1.00 -1.00 -1 0 0.3279 -0.8531 0.009715
410.00 P 20260819 -1.00 -1.00 -1 0 0.3303 -0.8893 0.008032
415.00 P 20260819 -1.00 -1.00 -1 0 0.3181 -0.9352 0.006125
420.00 P 20260819 -1.00 -1.00 -1 0 0.3333 -0.9473 0.005106
425.00 P 20260819 -1.00 -1.00 -1 0 0.3129 -0.9803 0.003309
430.00 P 20260819 -1.00 -1.00 -1 0 0.3368 -0.9816 0.002896
435.00 P 20260819 -1.00 -1.00 -1 0 -1.0000 -1.0000 -1.000000
440.00 P 20260819 -1.00 -1.00 -1 0 -1.0000 -1.0000 -1.000000
310.00 C 20260821 -1.00 -1.00 230 903 0.5412 0.9587 0.001981
312.50 C 20260821 -1.00 -1.00 3 11 0.5292 0.9557 0.002147
315.00 C 20260821 -1.00 -1.00 11 1298 0.4839 0.9624 0.002053
317.50 C 20260821 -1.00 -1.00 1 73 0.5088 0.9485 0.002540
320.00 C 20260821 -1.00 -1.00 13 6386 0.4607 0.9558 0.002465
322.50 C 20260821 -1.00 -1.00 2 299 0.4658 0.9471 0.002836
325.00 C 20260821 -1.00 -1.00 3 1245 0.4544 0.9434 0.003083
327.50 C 20260821 -1.00 -1.00 29 1300 0.4728 0.9248 0.003656
330.00 C 20260821 -1.00 -1.00 206 2975 0.4373 0.9295 0.003776
332.50 C 20260821 -1.00 -1.00 17 517 0.4247 0.9229 0.004147
335.00 C 20260821 -1.00 -1.00 11 3327 0.4252 0.9096 0.004670
337.50 C 20260821 -1.00 -1.00 61 654 0.4277 0.8955 0.005200
340.00 C 20260821 -1.00 -1.00 312 4666 0.4060 0.8920 0.005623
342.50 C 20260821 -1.00 -1.00 32 675 0.4099 0.8749 0.006209
345.00 C 20260821 -1.00 -1.00 10 3377 0.3867 0.8692 0.006761
347.50 C 20260821 -1.00 -1.00 21 2926 0.3772 0.8540 0.007427
350.00 C 20260821 -1.00 -1.00 129 14514 0.3713 0.8358 0.008143
352.50 C 20260821 -1.00 -1.00 12 442 0.3873 0.8054 0.008766
355.00 C 20260821 -1.00 -1.00 36 3395 0.3646 0.7951 0.009654
357.50 C 20260821 -1.00 -1.00 12 793 0.3695 0.7651 0.010226
360.00 C 20260821 -1.00 -1.00 181 13617 0.3586 0.7421 0.011029
362.50 C 20260821 -1.00 -1.00 61 417 0.3576 0.7129 0.011678
365.00 C 20260821 -1.00 -1.00 84 4029 0.3495 0.6864 0.012525
367.50 C 20260821 -1.00 -1.00 6 623 0.3516 0.6540 0.012996
370.00 C 20260821 -1.00 -1.00 597 10686 0.3441 0.6217 0.013562
375.00 C 20260821 -1.00 -1.00 477 5175 0.3464 0.5516 0.014081
380.00 C 20260821 -1.00 -1.00 736 12883 0.3425 0.4819 0.014301
385.00 C 20260821 -1.00 -1.00 684 6949 0.3449 0.4129 0.013886
390.00 C 20260821 -1.00 -1.00 2380 11918 0.3431 0.3471 0.013248
395.00 C 20260821 -1.00 -1.00 551 4691 0.3425 0.2860 0.012173
400.00 C 20260821 -1.00 -1.00 3611 25160 0.3462 0.2329 0.010907
405.00 C 20260821 -1.00 -1.00 47 1605 0.3416 0.1836 0.009501
410.00 C 20260821 -1.00 -1.00 183 6076 0.3512 0.1461 0.008093
415.00 C 20260821 -1.00 -1.00 132 15176 0.3471 0.1132 0.006744
420.00 C 20260821 -1.00 -1.00 2130 6781 0.3525 0.0873 0.005512
425.00 C 20260821 -1.00 -1.00 6 1189 0.3560 0.0671 0.004475
430.00 C 20260821 -1.00 -1.00 14 3237 0.3567 0.0507 0.003546
435.00 C 20260821 -1.00 -1.00 28 505 0.3563 0.0343 0.002624
440.00 C 20260821 -1.00 -1.00 292 3760 0.3716 0.0306 0.002275
310.00 P 20260821 -1.00 -1.00 24 10587 0.4589 -0.0207 0.001322
312.50 P 20260821 -1.00 -1.00 58 154 0.4733 -0.0272 0.001635
315.00 P 20260821 -1.00 -1.00 28 7378 0.4453 -0.0255 0.001643
317.50 P 20260821 -1.00 -1.00 39 106 0.4472 -0.0325 0.001982
320.00 P 20260821 -1.00 -1.00 91 14914 0.4263 -0.0324 0.002077
322.50 P 20260821 -1.00 -1.00 1 431 0.4196 -0.0376 0.002375
325.00 P 20260821 -1.00 -1.00 53 5022 0.4076 -0.0410 0.002625
327.50 P 20260821 -1.00 -1.00 37 1259 0.4082 -0.0492 0.003050
330.00 P 20260821 -1.00 -1.00 98 7592 0.3958 -0.0528 0.003342
332.50 P 20260821 -1.00 -1.00 4 1130 0.3937 -0.0604 0.003769
335.00 P 20260821 -1.00 -1.00 68 4570 0.3908 -0.0727 0.004329
337.50 P 20260821 -1.00 -1.00 3 351 0.3762 -0.0787 0.004768
340.00 P 20260821 -1.00 -1.00 51 6880 0.3758 -0.0932 0.005418
342.50 P 20260821 -1.00 -1.00 96 217 0.3669 -0.1032 0.006011
345.00 P 20260821 -1.00 -1.00 161 3637 0.3677 -0.1186 0.006704
347.50 P 20260821 -1.00 -1.00 113 4203 0.3671 -0.1397 0.007439
350.00 P 20260821 -1.00 -1.00 365 9295 0.3564 -0.1552 0.008193
352.50 P 20260821 -1.00 -1.00 44 620 0.3540 -0.1767 0.008990
355.00 P 20260821 -1.00 -1.00 101 1962 0.3514 -0.1984 0.009811
357.50 P 20260821 -1.00 -1.00 23 121 0.3493 -0.2233 0.010599
360.00 P 20260821 -1.00 -1.00 425 12142 0.3450 -0.2512 0.011350
362.50 P 20260821 -1.00 -1.00 53 44 0.3551 -0.2868 0.011789
365.00 P 20260821 -1.00 -1.00 12 934 0.3435 -0.3122 0.012754
367.50 P 20260821 -1.00 -1.00 13 369 0.3446 -0.3449 0.013311
370.00 P 20260821 -1.00 -1.00 25 2983 0.3380 -0.3782 0.013871
375.00 P 20260821 -1.00 -1.00 282 1899 0.3405 -0.4498 0.014418
380.00 P 20260821 -1.00 -1.00 41 2668 0.3348 -0.5217 0.014736
385.00 P 20260821 -1.00 -1.00 5 207 0.3684 -0.5821 0.013143
390.00 P 20260821 -1.00 -1.00 158 2713 0.3374 -0.6595 0.013570
395.00 P 20260821 -1.00 -1.00 107 223 0.3290 -0.7281 0.012689
400.00 P 20260821 -1.00 -1.00 86 245 0.3804 -0.7500 0.010598
405.00 P 20260821 -1.00 -1.00 1 19 0.3328 -0.8301 0.009748
410.00 P 20260821 -1.00 -1.00 32 144 0.3301 -0.8752 0.008238
415.00 P 20260821 -1.00 -1.00 95 0 0.3154 -0.9213 0.006541
420.00 P 20260821 -1.00 -1.00 8 8 0.2979 -0.9596 0.004834
425.00 P 20260821 -1.00 -1.00 1494 2 0.3168 -0.9677 0.004072
430.00 P 20260821 -1.00 -1.00 657 0 0.4744 -0.8914 0.005092
435.00 P 20260821 -1.00 -1.00 149 0 -1.0000 -1.0000 -1.000000
440.00 P 20260821 -1.00 -1.00 3057 0 -1.0000 -1.0000 -1.000000
277.50 C 20260805 -1.00 -1.00 1 1 2.5488 0.9796 0.000830
280.00 C 20260805 -1.00 -1.00 66 21 -1.0000 -1.0000 -1.000000
282.50 C 20260805 -1.00 -1.00 2 1 2.1793 0.9878 0.000625
285.00 C 20260805 -1.00 -1.00 10 8 2.2396 0.9825 0.000824
287.50 C 20260805 -1.00 -1.00 2 1 2.2269 0.9802 0.000925
290.00 C 20260805 -1.00 -1.00 4 4 2.0941 0.9826 0.000878
292.50 C 20260805 -1.00 -1.00 52 17 2.2018 0.9755 0.001133
295.00 C 20260805 -1.00 -1.00 74 8 1.9034 0.9849 0.000852
297.50 C 20260805 -1.00 -1.00 24 9 1.8687 0.9834 0.000946
300.00 C 20260805 -1.00 -1.00 10 20 2.1541 0.9638 0.001583
302.50 C 20260805 -1.00 -1.00 -1 0 1.9581 0.9727 0.001398
305.00 C 20260805 -1.00 -1.00 1 2 1.7427 0.9794 0.001221
307.50 C 20260805 -1.00 -1.00 1 1 1.6392 0.9813 0.001194
277.50 P 20260805 -1.00 -1.00 3 12 2.2822 -0.0108 0.000540
280.00 P 20260805 -1.00 -1.00 12 8 2.2205 -0.0111 0.000567
282.50 P 20260805 -1.00 -1.00 7 7 2.1643 -0.0116 0.000602
285.00 P 20260805 -1.00 -1.00 5 18 2.0292 -0.0095 0.000541
287.50 P 20260805 -1.00 -1.00 5 15 1.8291 -0.0064 0.000420
290.00 P 20260805 -1.00 -1.00 2 31 1.6868 -0.0042 0.000315
292.50 P 20260805 -1.00 -1.00 4 8 1.6352 -0.0043 0.000333
295.00 P 20260805 -1.00 -1.00 7 2639 1.7953 -0.0100 0.000645
297.50 P 20260805 -1.00 -1.00 12 13 1.5886 -0.0063 0.000473
300.00 P 20260805 -1.00 -1.00 32 208 1.7794 -0.0155 0.000937
302.50 P 20260805 -1.00 -1.00 2 8 1.3803 -0.0034 0.000319
305.00 P 20260805 -1.00 -1.00 40 137 1.5038 -0.0089 0.000687
307.50 P 20260805 -1.00 -1.00 26 36 1.3125 -0.0044 0.000424
280.00 C 20260807 -1.00 -1.00 1 49 1.6970 0.9739 0.000995
285.00 C 20260807 -1.00 -1.00 1 106 1.5904 0.9741 0.001055
290.00 C 20260807 -1.00 -1.00 17 46 1.5089 0.9721 0.001180
295.00 C 20260807 -1.00 -1.00 2 41 1.4134 0.9715 0.001281
297.50 C 20260807 -1.00 -1.00 10 10 1.3337 0.9743 0.001250
300.00 C 20260807 -1.00 -1.00 4 87 1.3348 0.9690 0.001446
302.50 C 20260807 -1.00 -1.00 2 2 1.2276 0.9748 0.001331
305.00 C 20260807 -1.00 -1.00 1 25 1.2424 0.9682 0.001587
307.50 C 20260807 -1.00 -1.00 2 15 1.2155 0.9653 0.001736
280.00 P 20260807 -1.00 -1.00 10 224 1.2832 -0.0062 0.000371
285.00 P 20260807 -1.00 -1.00 1 276 1.5049 -0.0214 0.000940
290.00 P 20260807 -1.00 -1.00 2 424 0.9524 -0.0014 0.000132
295.00 P 20260807 -1.00 -1.00 48 1265 0.8938 -0.0015 0.000149
297.50 P 20260807 -1.00 -1.00 4 56 1.0474 -0.0075 0.000541
300.00 P 20260807 -1.00 -1.00 50 695 0.8949 -0.0029 0.000271
302.50 P 20260807 -1.00 -1.00 4 68 0.9544 -0.0067 0.000533
305.00 P 20260807 -1.00 -1.00 207 1504 0.8943 -0.0054 0.000475
307.50 P 20260807 -1.00 -1.00 13 90 0.8628 -0.0056 0.000507
280.00 C 20260810 -1.00 -1.00 12 5 1.0935 0.9842 0.000719
285.00 C 20260810 -1.00 -1.00 86 10 1.0690 0.9808 0.000876
290.00 C 20260810 -1.00 -1.00 74 12 1.0675 0.9754 0.001093
292.50 C 20260810 -1.00 -1.00 192 21 0.9599 0.9814 0.000948
295.00 C 20260810 -1.00 -1.00 10 17 0.9092 0.9830 0.000922
297.50 C 20260810 -1.00 -1.00 128 14 0.8924 0.9815 0.001012
300.00 C 20260810 -1.00 -1.00 8 35 0.9092 0.9768 0.001218
302.50 C 20260810 -1.00 -1.00 2 15 0.9036 0.9741 0.001351
305.00 C 20260810 -1.00 -1.00 32 13 0.8761 0.9734 0.001427
307.50 C 20260810 -1.00 -1.00 -1 0 0.7939 0.9783 0.001313
280.00 P 20260810 -1.00 -1.00 2 1 0.9356 -0.0062 0.000370
285.00 P 20260810 -1.00 -1.00 2 9 1.0588 -0.0184 0.000851
290.00 P 20260810 -1.00 -1.00 6 8 0.8204 -0.0060 0.000413
292.50 P 20260810 -1.00 -1.00 1 3 0.8014 -0.0065 0.000452
295.00 P 20260810 -1.00 -1.00 3 2 0.9693 -0.0224 0.001108
297.50 P 20260810 -1.00 -1.00 1 3 0.7797 -0.0084 0.000587
300.00 P 20260810 -1.00 -1.00 1 53 0.6777 -0.0037 0.000325
302.50 P 20260810 -1.00 -1.00 1 3 0.7324 -0.0089 0.000661
305.00 P 20260810 -1.00 -1.00 13 130 0.6884 -0.0079 0.000629
307.50 P 20260810 -1.00 -1.00 12 13 0.6293 -0.0056 0.000506
280.00 C 20260812 -1.00 -1.00 30 6 1.0353 0.9775 0.000907
285.00 C 20260812 -1.00 -1.00 2 1 0.9032 0.9836 0.000787
290.00 C 20260812 -1.00 -1.00 2 1 0.9019 0.9781 0.001016
295.00 C 20260812 -1.00 -1.00 -1 0 0.8222 0.9800 0.001027
297.50 C 20260812 -1.00 -1.00 -1 0 0.7878 0.9806 0.001045
300.00 C 20260812 -1.00 -1.00 -1 0 0.7926 0.9769 0.001211
302.50 C 20260812 -1.00 -1.00 -1 0 0.7003 0.9844 0.000971
305.00 C 20260812 -1.00 -1.00 -1 0 0.7345 0.9768 0.001312
307.50 C 20260812 -1.00 -1.00 -1 0 0.7202 0.9751 0.001429
280.00 P 20260812 -1.00 -1.00 6 0 1.0170 -0.0210 0.000870
285.00 P 20260812 -1.00 -1.00 -1 0 0.9865 -0.0237 0.001000
290.00 P 20260812 -1.00 -1.00 -1 0 0.9129 -0.0228 0.001046
295.00 P 20260812 -1.00 -1.00 5 1 0.8889 -0.0266 0.001228
297.50 P 20260812 -1.00 -1.00 -1 0 0.8635 -0.0277 0.001303
300.00 P 20260812 -1.00 -1.00 5 102 0.8364 -0.0284 0.001375
302.50 P 20260812 -1.00 -1.00 307 153 0.8096 -0.0293 0.001452
305.00 P 20260812 -1.00 -1.00 2 2 0.7829 -0.0301 0.001536
307.50 P 20260812 -1.00 -1.00 6 4 0.7585 -0.0314 0.001639
280.00 C 20260814 -1.00 -1.00 3 28 0.9710 0.9739 0.000992
285.00 C 20260814 -1.00 -1.00 1 31 0.8746 0.9774 0.000969
290.00 C 20260814 -1.00 -1.00 18 46 0.8282 0.9764 0.001064
295.00 C 20260814 -1.00 -1.00 3 54 0.8248 0.9685 0.001351
297.50 C 20260814 -1.00 -1.00 54 8 0.7777 0.9720 0.001308
300.00 C 20260814 -1.00 -1.00 6 45 0.8142 0.9596 0.001674
302.50 C 20260814 -1.00 -1.00 66 7 -1.0000 -1.0000 -1.000000
305.00 C 20260814 -1.00 -1.00 1 49 0.7083 0.9689 0.001560
307.50 C 20260814 -1.00 -1.00 48 8 0.6841 0.9681 0.001650
280.00 P 20260814 -1.00 -1.00 4 235 0.7048 -0.0043 0.000282
285.00 P 20260814 -1.00 -1.00 4 129 0.6488 -0.0034 0.000249
290.00 P 20260814 -1.00 -1.00 3 498 0.6148 -0.0039 0.000296
295.00 P 20260814 -1.00 -1.00 3 2872 0.5897 -0.0051 0.000390
297.50 P 20260814 -1.00 -1.00 2 10 0.6125 -0.0084 0.000586
300.00 P 20260814 -1.00 -1.00 8 1298 0.5609 -0.0061 0.000480
302.50 P 20260814 -1.00 -1.00 1 33 0.5509 -0.0070 0.000552
305.00 P 20260814 -1.00 -1.00 1 195 0.5245 -0.0065 0.000544
307.50 P 20260814 -1.00 -1.00 15 71 0.5473 -0.0101 0.000781
280.00 C 20260817 -1.00 -1.00 2 0 0.7648 0.9833 0.000744
285.00 C 20260817 -1.00 -1.00 2 0 0.7231 0.9827 0.000812
290.00 C 20260817 -1.00 -1.00 -1 0 0.7058 0.9792 0.000981
295.00 C 20260817 -1.00 -1.00 -1 0 0.6810 0.9764 0.001138
300.00 C 20260817 -1.00 -1.00 2 1 0.6489 0.9744 0.001288
305.00 C 20260817 -1.00 -1.00 -1 0 0.6079 0.9731 0.001430
280.00 P 20260817 -1.00 -1.00 -1 0 -1.0000 -1.0000 -1.000000
285.00 P 20260817 -1.00 -1.00 -1 0 -1.0000 -1.0000 -1.000000
290.00 P 20260817 -1.00 -1.00 -1 0 -1.0000 -1.0000 -1.000000
295.00 P 20260817 -1.00 -1.00 -1 0 -1.0000 -1.0000 -1.000000
300.00 P 20260817 -1.00 -1.00 -1 0 -1.0000 -1.0000 -1.000000
305.00 P 20260817 -1.00 -1.00 1 1 0.4952 -0.0095 0.000716
295.00 C 20260819 -1.00 -1.00 -1 0 0.5982 0.9815 0.000973
300.00 C 20260819 -1.00 -1.00 -1 0 0.5683 0.9796 0.001114
305.00 C 20260819 -1.00 -1.00 -1 0 0.5389 0.9776 0.001279
295.00 P 20260819 -1.00 -1.00 -1 0 -1.0000 -1.0000 -1.000000
300.00 P 20260819 -1.00 -1.00 -1 0 -1.0000 -1.0000 -1.000000
305.00 P 20260819 -1.00 -1.00 -1 0 0.5441 -0.0231 0.001309
280.00 C 20260821 -1.00 -1.00 111 1186 0.7213 0.9775 0.000903
285.00 C 20260821 -1.00 -1.00 103 826 0.6907 0.9759 0.001005
290.00 C 20260821 -1.00 -1.00 180 642 0.6874 0.9679 0.001270
295.00 C 20260821 -1.00 -1.00 31 884 0.5554 0.9826 0.000930
297.50 C 20260821 -1.00 -1.00 146 36 0.6108 0.9699 0.001361
300.00 C 20260821 -1.00 -1.00 33 1567 0.0014 0.9999 0.000000
302.50 C 20260821 -1.00 -1.00 144 26 0.5993 0.9615 0.001688
305.00 C 20260821 -1.00 -1.00 8 693 0.4719 0.9839 0.001026
307.50 C 20260821 -1.00 -1.00 1 12 0.5510 0.9622 0.001810
280.00 P 20260821 -1.00 -1.00 29 4238 0.5655 -0.0059 0.000357
285.00 P 20260821 -1.00 -1.00 9 3244 0.5518 -0.0075 0.000456
290.00 P 20260821 -1.00 -1.00 41 3936 0.5350 -0.0090 0.000553
295.00 P 20260821 -1.00 -1.00 9 5305 0.5181 -0.0110 0.000684
297.50 P 20260821 -1.00 -1.00 51 77 0.5349 -0.0171 0.000959
300.00 P 20260821 -1.00 -1.00 207 5222 0.4980 -0.0140 0.000867
302.50 P 20260821 -1.00 -1.00 20 387 0.5025 -0.0181 0.001075
305.00 P 20260821 -1.00 -1.00 6 2289 0.4755 -0.0167 0.001057
307.50 P 20260821 -1.00 -1.00 22 619 0.4501 -0.0153 0.001039
445.00 C 20260805 -1.00 -1.00 6 47 0.9779 0.0029 0.000378
450.00 C 20260805 -1.00 -1.00 80 154 1.1520 0.0063 0.000651
445.00 P 20260805 -1.00 -1.00 -1 0 -1.0000 -1.0000 -1.000000
450.00 P 20260805 -1.00 -1.00 -1 0 -1.0000 -1.0000 -1.000000
445.00 C 20260807 -1.00 -1.00 32 826 0.6576 0.0040 0.000496
450.00 C 20260807 -1.00 -1.00 13 163 0.6952 0.0038 0.000447
455.00 C 20260807 -1.00 -1.00 5 20 0.7323 0.0036 0.000405
460.00 C 20260807 -1.00 -1.00 56 108 0.7691 0.0035 0.000369
465.00 C 20260807 -1.00 -1.00 10 67 0.7900 0.0028 0.000299
470.00 C 20260807 -1.00 -1.00 228 356 0.7954 0.0018 0.000192
475.00 C 20260807 -1.00 -1.00 1 111 1.1026 0.0150 0.000948
445.00 P 20260807 -1.00 -1.00 -1 0 -1.0000 -1.0000 -1.000000
450.00 P 20260807 -1.00 -1.00 -1 0 -1.0000 -1.0000 -1.000000
455.00 P 20260807 -1.00 -1.00 -1 0 -1.0000 -1.0000 -1.000000
460.00 P 20260807 -1.00 -1.00 -1 0 -1.0000 -1.0000 -1.000000
465.00 P 20260807 -1.00 -1.00 -1 0 -1.0000 -1.0000 -1.000000
470.00 P 20260807 -1.00 -1.00 -1 0 -1.0000 -1.0000 -1.000000
475.00 P 20260807 -1.00 -1.00 -1 0 -1.0000 -1.0000 -1.000000
445.00 C 20260810 -1.00 -1.00 8 6 0.5434 0.0108 0.001044
447.50 C 20260810 -1.00 -1.00 -1 0 -1.0000 -1.0000 -1.000000
450.00 C 20260810 -1.00 -1.00 3 3 0.5783 0.0106 0.000971
452.50 C 20260810 -1.00 -1.00 -1 0 -1.0000 -1.0000 -1.000000
445.00 P 20260810 -1.00 -1.00 -1 0 -1.0000 -1.0000 -1.000000
447.50 P 20260810 -1.00 -1.00 -1 0 0.5450 -0.9963 0.000876
450.00 P 20260810 -1.00 -1.00 -1 0 -1.0000 -1.0000 -1.000000
452.50 P 20260810 -1.00 -1.00 -1 0 0.6335 -0.9896 0.001259
445.00 C 20260812 -1.00 -1.00 -1 0 0.6092 0.0382 0.002401
447.50 C 20260812 -1.00 -1.00 -1 0 0.6100 0.0331 0.002143
450.00 C 20260812 -1.00 -1.00 -1 0 0.6444 0.0365 0.002196
445.00 P 20260812 -1.00 -1.00 -1 0 -1.0000 -1.0000 -1.000000
447.50 P 20260812 -1.00 -1.00 -1 0 -1.0000 -1.0000 -1.000000
450.00 P 20260812 -1.00 -1.00 -1 0 -1.0000 -1.0000 -1.000000
445.00 C 20260814 -1.00 -1.00 4 38 0.4646 0.0181 0.001501
447.50 C 20260814 -1.00 -1.00 -1 0 0.4770 0.0173 0.001409
450.00 C 20260814 -1.00 -1.00 6 76 0.4271 0.0072 0.000727
452.50 C 20260814 -1.00 -1.00 -1 0 0.5030 0.0162 0.001264
455.00 C 20260814 -1.00 -1.00 3 272 0.5152 0.0155 0.001192
457.50 C 20260814 -1.00 -1.00 -1 0 0.5287 0.0152 0.001142
460.00 C 20260814 -1.00 -1.00 2 20 0.5421 0.0149 0.001096
462.50 C 20260814 -1.00 -1.00 -1 0 0.5541 0.0143 0.001037
465.00 C 20260814 -1.00 -1.00 9 183 0.5645 0.0137 0.000983
467.50 C 20260814 -1.00 -1.00 -1 0 0.5792 0.0137 0.000961
470.00 C 20260814 -1.00 -1.00 1 17 0.5874 0.0132 0.000913
472.50 C 20260814 -1.00 -1.00 -1 0 0.5956 0.0127 0.000866
475.00 C 20260814 -1.00 -1.00 19 29 0.6100 0.0127 0.000851
445.00 P 20260814 -1.00 -1.00 -1 0 -1.0000 -1.0000 -1.000000
447.50 P 20260814 -1.00 -1.00 -1 0 -1.0000 -1.0000 -1.000000
450.00 P 20260814 -1.00 -1.00 -1 0 -1.0000 -1.0000 -1.000000
452.50 P 20260814 -1.00 -1.00 -1 0 -1.0000 -1.0000 -1.000000
455.00 P 20260814 -1.00 -1.00 -1 0 -1.0000 -1.0000 -1.000000
457.50 P 20260814 -1.00 -1.00 -1 0 -1.0000 -1.0000 -1.000000
460.00 P 20260814 -1.00 -1.00 -1 0 -1.0000 -1.0000 -1.000000
462.50 P 20260814 -1.00 -1.00 -1 0 -1.0000 -1.0000 -1.000000
465.00 P 20260814 -1.00 -1.00 -1 0 -1.0000 -1.0000 -1.000000
467.50 P 20260814 -1.00 -1.00 -1 0 -1.0000 -1.0000 -1.000000
470.00 P 20260814 -1.00 -1.00 -1 0 -1.0000 -1.0000 -1.000000
472.50 P 20260814 -1.00 -1.00 -1 0 -1.0000 -1.0000 -1.000000
475.00 P 20260814 -1.00 -1.00 -1 0 -1.0000 -1.0000 -1.000000
445.00 C 20260817 -1.00 -1.00 -1 0 -1.0000 -1.0000 -1.000000
450.00 C 20260817 -1.00 -1.00 -1 0 -1.0000 -1.0000 -1.000000
445.00 P 20260817 -1.00 -1.00 -1 0 -1.0000 -1.0000 -1.000000
450.00 P 20260817 -1.00 -1.00 -1 0 -1.0000 -1.0000 -1.000000
445.00 C 20260821 -1.00 -1.00 3 767 0.3740 0.0234 0.001787
450.00 C 20260821 -1.00 -1.00 193 23281 0.3838 0.0187 0.001440
455.00 C 20260821 -1.00 -1.00 104 523 0.4048 0.0179 0.001315
460.00 C 20260821 -1.00 -1.00 44 3192 0.4173 0.0146 0.001085
465.00 C 20260821 -1.00 -1.00 25 930 0.4441 0.0159 0.001089
470.00 C 20260821 -1.00 -1.00 378 4553 0.4707 0.0170 0.001087
475.00 C 20260821 -1.00 -1.00 2 675 0.4857 0.0150 0.000956
445.00 P 20260821 -1.00 -1.00 76 0 -1.0000 -1.0000 -1.000000
450.00 P 20260821 -1.00 -1.00 50 0 -1.0000 -1.0000 -1.000000
455.00 P 20260821 -1.00 -1.00 -1 0 -1.0000 -1.0000 -1.000000
460.00 P 20260821 -1.00 -1.00 3 0 -1.0000 -1.0000 -1.000000
465.00 P 20260821 -1.00 -1.00 -1 0 -1.0000 -1.0000 -1.000000
470.00 P 20260821 -1.00 -1.00 5 0 -1.0000 -1.0000 -1.000000
475.00 P 20260821 -1.00 -1.00 -1 0 -1.0000 -1.0000 -1.000000
