# opt_chain XLK | epoch 1785855784 | 2026-08-04 11:03:04 | spot 184.74 | exps 20260807 20260814 20260821
# fuente polygon_snapshot_v3 | greeks polygon_directo | iv polygon_directo | oi polygon_directo | vol day.volume(-1 si no cotizo) | bid/ask NO_ENTITLED(-1) | spot_src ibkr_bridge spot_edad_s 123 | band 0.4050 vencimientos 3 exp_hasta 2026-08-21
# strike right exp bid ask vol oi iv delta gamma
135.00 C 20260807 -1.00 -1.00 2 1 -1.0000 -1.0000 -1.000000
140.00 C 20260807 -1.00 -1.00 2 2 -1.0000 -1.0000 -1.000000
143.00 C 20260807 -1.00 -1.00 3 5 -1.0000 -1.0000 -1.000000
144.00 C 20260807 -1.00 -1.00 3 5 -1.0000 -1.0000 -1.000000
145.00 C 20260807 -1.00 -1.00 43 16 -1.0000 -1.0000 -1.000000
146.00 C 20260807 -1.00 -1.00 6 49 -1.0000 -1.0000 -1.000000
147.00 C 20260807 -1.00 -1.00 7 62 -1.0000 -1.0000 -1.000000
148.00 C 20260807 -1.00 -1.00 3 20 -1.0000 -1.0000 -1.000000
149.00 C 20260807 -1.00 -1.00 2 8 -1.0000 -1.0000 -1.000000
150.00 C 20260807 -1.00 -1.00 60 26 -1.0000 -1.0000 -1.000000
151.00 C 20260807 -1.00 -1.00 72 24 -1.0000 -1.0000 -1.000000
152.00 C 20260807 -1.00 -1.00 1 114 -1.0000 -1.0000 -1.000000
152.50 C 20260807 -1.00 -1.00 2 121 -1.0000 -1.0000 -1.000000
153.00 C 20260807 -1.00 -1.00 3 16 -1.0000 -1.0000 -1.000000
154.00 C 20260807 -1.00 -1.00 2 12 -1.0000 -1.0000 -1.000000
155.00 C 20260807 -1.00 -1.00 5 22 -1.0000 -1.0000 -1.000000
156.00 C 20260807 -1.00 -1.00 5 21 -1.0000 -1.0000 -1.000000
157.00 C 20260807 -1.00 -1.00 173 70 -1.0000 -1.0000 -1.000000
157.50 C 20260807 -1.00 -1.00 1 64 -1.0000 -1.0000 -1.000000
158.00 C 20260807 -1.00 -1.00 1 47 -1.0000 -1.0000 -1.000000
159.00 C 20260807 -1.00 -1.00 21 14 -1.0000 -1.0000 -1.000000
160.00 C 20260807 -1.00 -1.00 1 12 -1.0000 -1.0000 -1.000000
161.00 C 20260807 -1.00 -1.00 1 5 -1.0000 -1.0000 -1.000000
162.00 C 20260807 -1.00 -1.00 3 5 -1.0000 -1.0000 -1.000000
163.00 C 20260807 -1.00 -1.00 16 9 -1.0000 -1.0000 -1.000000
164.00 C 20260807 -1.00 -1.00 7 9 -1.0000 -1.0000 -1.000000
165.00 C 20260807 -1.00 -1.00 1 10 -1.0000 -1.0000 -1.000000
166.00 C 20260807 -1.00 -1.00 2 3 -1.0000 -1.0000 -1.000000
167.00 C 20260807 -1.00 -1.00 26 24 -1.0000 -1.0000 -1.000000
167.50 C 20260807 -1.00 -1.00 1 24 -1.0000 -1.0000 -1.000000
168.00 C 20260807 -1.00 -1.00 4 7 -1.0000 -1.0000 -1.000000
169.00 C 20260807 -1.00 -1.00 1 7 -1.0000 -1.0000 -1.000000
170.00 C 20260807 -1.00 -1.00 9 33 -1.0000 -1.0000 -1.000000
171.00 C 20260807 -1.00 -1.00 2 41 -1.0000 -1.0000 -1.000000
172.00 C 20260807 -1.00 -1.00 3 6 -1.0000 -1.0000 -1.000000
172.50 C 20260807 -1.00 -1.00 3 111 -1.0000 -1.0000 -1.000000
173.00 C 20260807 -1.00 -1.00 1 13 -1.0000 -1.0000 -1.000000
174.00 C 20260807 -1.00 -1.00 24 46 -1.0000 -1.0000 -1.000000
175.00 C 20260807 -1.00 -1.00 25 733 0.3646 0.9436 0.017682
176.00 C 20260807 -1.00 -1.00 30 118 0.4058 0.8983 0.024795
177.00 C 20260807 -1.00 -1.00 8 263 0.2264 0.9777 0.013170
177.50 C 20260807 -1.00 -1.00 4 24 0.0006 1.0000 -0.000000
178.00 C 20260807 -1.00 -1.00 21 93 0.3597 0.8676 0.034137
179.00 C 20260807 -1.00 -1.00 9 55 0.3469 0.8344 0.040616
180.00 C 20260807 -1.00 -1.00 63 452 0.3669 0.7803 0.046470
181.00 C 20260807 -1.00 -1.00 18 93 0.3022 0.7692 0.057771
182.00 C 20260807 -1.00 -1.00 14 202 0.3443 0.6833 0.059008
182.50 C 20260807 -1.00 -1.00 5 37 0.3594 0.6491 0.059422
183.00 C 20260807 -1.00 -1.00 8 64 0.3608 0.6177 0.060255
184.00 C 20260807 -1.00 -1.00 106 223 0.3541 0.5567 0.063467
185.00 C 20260807 -1.00 -1.00 51 739 0.3465 0.4933 0.066052
186.00 C 20260807 -1.00 -1.00 4 139 0.3308 0.4251 0.067279
187.00 C 20260807 -1.00 -1.00 13 131 0.3675 0.3735 0.059276
187.50 C 20260807 -1.00 -1.00 3 23 0.3358 0.3319 0.061633
188.00 C 20260807 -1.00 -1.00 6 206 0.3310 0.3002 0.059611
189.00 C 20260807 -1.00 -1.00 6 5 0.3413 0.2493 0.053252
190.00 C 20260807 -1.00 -1.00 12 233 0.3430 0.2041 0.046949
191.00 C 20260807 -1.00 -1.00 79 112 0.3645 0.1773 0.040373
192.00 C 20260807 -1.00 -1.00 4 50 0.3633 0.1365 0.034612
192.50 C 20260807 -1.00 -1.00 1 27 0.3770 0.1308 0.032256
193.00 C 20260807 -1.00 -1.00 3 32 0.3443 0.0968 0.028104
194.00 C 20260807 -1.00 -1.00 2 16 0.3516 0.0739 0.022764
195.00 C 20260807 -1.00 -1.00 6 88 0.3559 0.0587 0.018627
196.00 C 20260807 -1.00 -1.00 1 1 0.3735 0.0516 0.015940
197.00 C 20260807 -1.00 -1.00 2 13 0.4696 0.0787 0.017803
197.50 C 20260807 -1.00 -1.00 1 142 0.5028 0.0866 0.017766
198.00 C 20260807 -1.00 -1.00 32 2 0.4638 0.0618 0.014913
199.00 C 20260807 -1.00 -1.00 -1 0 0.4784 0.0552 0.013164
200.00 C 20260807 -1.00 -1.00 1 443 0.3644 0.0111 0.004532
202.50 C 20260807 -1.00 -1.00 1 2 0.5915 0.0560 0.010761
205.00 C 20260807 -1.00 -1.00 5 5 0.6058 0.0373 0.007620
207.50 C 20260807 -1.00 -1.00 2 5 0.6740 0.0369 0.006789
210.00 C 20260807 -1.00 -1.00 2 4 0.7851 0.0477 0.007122
215.00 C 20260807 -1.00 -1.00 2 2 0.7263 0.0143 0.002837
220.00 C 20260807 -1.00 -1.00 8 1 1.0261 0.0406 0.004807
225.00 C 20260807 -1.00 -1.00 -1 0 1.1350 0.0370 0.004048
230.00 C 20260807 -1.00 -1.00 -1 0 -1.0000 -1.0000 -1.000000
135.00 P 20260807 -1.00 -1.00 377 542 1.6972 -0.0212 0.001695
140.00 P 20260807 -1.00 -1.00 34 42 1.4946 -0.0213 0.001935
143.00 P 20260807 -1.00 -1.00 1 2 -1.0000 -1.0000 -1.000000
144.00 P 20260807 -1.00 -1.00 12 2 -1.0000 -1.0000 -1.000000
145.00 P 20260807 -1.00 -1.00 12 19 1.3866 -0.0271 0.002573
146.00 P 20260807 -1.00 -1.00 12 0 -1.0000 -1.0000 -1.000000
147.00 P 20260807 -1.00 -1.00 12 4 -1.0000 -1.0000 -1.000000
148.00 P 20260807 -1.00 -1.00 8 108 0.9800 -0.0074 0.001171
149.00 P 20260807 -1.00 -1.00 8 0 1.0848 -0.0163 0.002103
150.00 P 20260807 -1.00 -1.00 12 222 0.9565 -0.0092 0.001457
151.00 P 20260807 -1.00 -1.00 -1 0 1.0750 -0.0214 0.002686
152.00 P 20260807 -1.00 -1.00 3 3 1.1672 -0.0349 0.003724
152.50 P 20260807 -1.00 -1.00 12 4 1.1473 -0.0349 0.003792
153.00 P 20260807 -1.00 -1.00 1 1 1.1214 -0.0341 0.003809
154.00 P 20260807 -1.00 -1.00 1 3 1.0300 -0.0267 0.003429
155.00 P 20260807 -1.00 -1.00 13 316 0.9162 -0.0198 0.002947
156.00 P 20260807 -1.00 -1.00 2 21 0.9890 -0.0318 0.004089
157.00 P 20260807 -1.00 -1.00 21 71 0.9896 -0.0381 0.004718
157.50 P 20260807 -1.00 -1.00 24 34 0.7792 -0.0137 0.002528
158.00 P 20260807 -1.00 -1.00 50 97 0.7472 -0.0116 0.002294
159.00 P 20260807 -1.00 -1.00 19 44 0.8591 -0.0286 0.004349
160.00 P 20260807 -1.00 -1.00 118 834 0.6921 -0.0124 0.002616
161.00 P 20260807 -1.00 -1.00 3 48 0.7005 -0.0179 0.003530
162.00 P 20260807 -1.00 -1.00 2 86 0.6376 -0.0133 0.003013
163.00 P 20260807 -1.00 -1.00 2 465 0.6403 -0.0184 0.003957
164.00 P 20260807 -1.00 -1.00 2 158 0.6311 -0.0218 0.004658
165.00 P 20260807 -1.00 -1.00 67 652 0.5513 -0.0139 0.003621
166.00 P 20260807 -1.00 -1.00 6 112 0.5248 -0.0145 0.003944
167.00 P 20260807 -1.00 -1.00 7 215 0.5572 -0.0257 0.006107
167.50 P 20260807 -1.00 -1.00 1 157 0.5323 -0.0244 0.006085
168.00 P 20260807 -1.00 -1.00 7 145 0.5769 -0.0394 0.008314
169.00 P 20260807 -1.00 -1.00 3 596 0.5119 -0.0303 0.007630
170.00 P 20260807 -1.00 -1.00 19 552 0.4821 -0.0318 0.008420
171.00 P 20260807 -1.00 -1.00 3 1846 0.4843 -0.0449 0.010997
172.00 P 20260807 -1.00 -1.00 265 279 0.4750 -0.0542 0.013120
172.50 P 20260807 -1.00 -1.00 10 41 0.4834 -0.0629 0.014652
173.00 P 20260807 -1.00 -1.00 21 778 0.4514 -0.0593 0.014917
174.00 P 20260807 -1.00 -1.00 2 581 0.4638 -0.0843 0.018850
175.00 P 20260807 -1.00 -1.00 158 406 0.4413 -0.0957 0.021783
176.00 P 20260807 -1.00 -1.00 21 115 0.4520 -0.1232 0.025892
177.00 P 20260807 -1.00 -1.00 9 152 0.4251 -0.1392 0.029772
177.50 P 20260807 -1.00 -1.00 2 91 0.4159 -0.1515 0.032043
178.00 P 20260807 -1.00 -1.00 10 14 0.4078 -0.1649 0.034482
179.00 P 20260807 -1.00 -1.00 1 12 0.4037 -0.1998 0.039558
180.00 P 20260807 -1.00 -1.00 17 292 0.3884 -0.2332 0.045179
181.00 P 20260807 -1.00 -1.00 6 282 0.4122 -0.2942 0.047518
182.00 P 20260807 -1.00 -1.00 5 10 0.3897 -0.3346 0.053732
182.50 P 20260807 -1.00 -1.00 2 11 0.4270 -0.3724 0.050687
183.00 P 20260807 -1.00 -1.00 1 31 0.4002 -0.3929 0.054704
184.00 P 20260807 -1.00 -1.00 2 8 0.3749 -0.4462 0.060141
185.00 P 20260807 -1.00 -1.00 2 53 0.4587 -0.5019 0.050048
186.00 P 20260807 -1.00 -1.00 2 115 0.4866 -0.5464 0.046353
187.00 P 20260807 -1.00 -1.00 1 7 0.4225 -0.6088 0.052097
187.50 P 20260807 -1.00 -1.00 71 6 0.4239 -0.6348 0.051370
188.00 P 20260807 -1.00 -1.00 7 9 0.5065 -0.6317 0.043051
189.00 P 20260807 -1.00 -1.00 2 4 0.5093 -0.6692 0.040686
190.00 P 20260807 -1.00 -1.00 1 4 0.5230 -0.7016 0.037751
191.00 P 20260807 -1.00 -1.00 1 9 0.5486 -0.7272 0.034588
192.00 P 20260807 -1.00 -1.00 8 0 0.5660 -0.7542 0.032101
192.50 P 20260807 -1.00 -1.00 2 0 0.5008 -0.7966 0.032306
193.00 P 20260807 -1.00 -1.00 -1 0 0.5657 -0.7820 0.029880
194.00 P 20260807 -1.00 -1.00 -1 0 0.6019 -0.7926 0.027164
195.00 P 20260807 -1.00 -1.00 1 0 0.5346 -0.8501 0.025139
196.00 P 20260807 -1.00 -1.00 -1 0 0.6429 -0.8228 0.023034
197.00 P 20260807 -1.00 -1.00 4 0 0.6734 -0.8321 0.021281
197.50 P 20260807 -1.00 -1.00 6 0 0.6964 -0.8333 0.020492
198.00 P 20260807 -1.00 -1.00 4 0 0.7244 -0.8323 0.019763
199.00 P 20260807 -1.00 -1.00 4 0 0.7391 -0.8463 0.018410
200.00 P 20260807 -1.00 -1.00 4 0 0.7794 -0.8494 0.017255
202.50 P 20260807 -1.00 -1.00 4 0 0.8710 -0.8587 0.014893
205.00 P 20260807 -1.00 -1.00 4 0 0.9040 -0.8771 0.012886
207.50 P 20260807 -1.00 -1.00 12 0 0.9967 -0.8790 0.011537
210.00 P 20260807 -1.00 -1.00 8 0 1.0659 -0.8855 0.010346
215.00 P 20260807 -1.00 -1.00 -1 0 1.1648 -0.9044 0.008310
220.00 P 20260807 -1.00 -1.00 -1 0 1.2979 -0.9121 0.007037
225.00 P 20260807 -1.00 -1.00 -1 0 1.4280 -0.9182 0.006095
230.00 P 20260807 -1.00 -1.00 2 0 1.5841 -0.9176 0.005523
135.00 C 20260814 -1.00 -1.00 -1 0 -1.0000 -1.0000 -1.000000
140.00 C 20260814 -1.00 -1.00 -1 0 -1.0000 -1.0000 -1.000000
141.00 C 20260814 -1.00 -1.00 -1 0 -1.0000 -1.0000 -1.000000
142.00 C 20260814 -1.00 -1.00 -1 0 -1.0000 -1.0000 -1.000000
143.00 C 20260814 -1.00 -1.00 -1 0 -1.0000 -1.0000 -1.000000
144.00 C 20260814 -1.00 -1.00 -1 0 -1.0000 -1.0000 -1.000000
145.00 C 20260814 -1.00 -1.00 -1 0 -1.0000 -1.0000 -1.000000
146.00 C 20260814 -1.00 -1.00 -1 0 -1.0000 -1.0000 -1.000000
147.00 C 20260814 -1.00 -1.00 -1 0 -1.0000 -1.0000 -1.000000
148.00 C 20260814 -1.00 -1.00 -1 0 -1.0000 -1.0000 -1.000000
149.00 C 20260814 -1.00 -1.00 -1 0 -1.0000 -1.0000 -1.000000
150.00 C 20260814 -1.00 -1.00 1 26 -1.0000 -1.0000 -1.000000
151.00 C 20260814 -1.00 -1.00 -1 0 -1.0000 -1.0000 -1.000000
152.00 C 20260814 -1.00 -1.00 -1 0 -1.0000 -1.0000 -1.000000
152.50 C 20260814 -1.00 -1.00 -1 0 -1.0000 -1.0000 -1.000000
153.00 C 20260814 -1.00 -1.00 -1 0 -1.0000 -1.0000 -1.000000
154.00 C 20260814 -1.00 -1.00 -1 0 -1.0000 -1.0000 -1.000000
155.00 C 20260814 -1.00 -1.00 1 2 -1.0000 -1.0000 -1.000000
156.00 C 20260814 -1.00 -1.00 -1 0 -1.0000 -1.0000 -1.000000
157.00 C 20260814 -1.00 -1.00 -1 0 -1.0000 -1.0000 -1.000000
157.50 C 20260814 -1.00 -1.00 -1 0 -1.0000 -1.0000 -1.000000
158.00 C 20260814 -1.00 -1.00 2 1 -1.0000 -1.0000 -1.000000
159.00 C 20260814 -1.00 -1.00 2 1 -1.0000 -1.0000 -1.000000
160.00 C 20260814 -1.00 -1.00 2 3 -1.0000 -1.0000 -1.000000
161.00 C 20260814 -1.00 -1.00 -1 0 -1.0000 -1.0000 -1.000000
162.00 C 20260814 -1.00 -1.00 3 2 -1.0000 -1.0000 -1.000000
162.50 C 20260814 -1.00 -1.00 5 4 -1.0000 -1.0000 -1.000000
163.00 C 20260814 -1.00 -1.00 12 7 -1.0000 -1.0000 -1.000000
164.00 C 20260814 -1.00 -1.00 3 2 -1.0000 -1.0000 -1.000000
165.00 C 20260814 -1.00 -1.00 4 5 -1.0000 -1.0000 -1.000000
166.00 C 20260814 -1.00 -1.00 1 3 -1.0000 -1.0000 -1.000000
167.00 C 20260814 -1.00 -1.00 1 3 -1.0000 -1.0000 -1.000000
167.50 C 20260814 -1.00 -1.00 2 2 -1.0000 -1.0000 -1.000000
168.00 C 20260814 -1.00 -1.00 2 5 -1.0000 -1.0000 -1.000000
169.00 C 20260814 -1.00 -1.00 1 4 -1.0000 -1.0000 -1.000000
170.00 C 20260814 -1.00 -1.00 8 21 -1.0000 -1.0000 -1.000000
171.00 C 20260814 -1.00 -1.00 2 4 0.0010 0.9999 -0.000000
172.00 C 20260814 -1.00 -1.00 1 1 0.2917 0.9359 0.014022
172.50 C 20260814 -1.00 -1.00 2 4 0.3012 0.9189 0.016057
173.00 C 20260814 -1.00 -1.00 1 7 0.3057 0.9062 0.017637
174.00 C 20260814 -1.00 -1.00 1 23 0.2956 0.8941 0.020035
175.00 C 20260814 -1.00 -1.00 7 89 0.3136 0.8585 0.023180
176.00 C 20260814 -1.00 -1.00 1 11 0.2935 0.8470 0.026013
177.00 C 20260814 -1.00 -1.00 1 24 0.3207 0.7993 0.028516
177.50 C 20260814 -1.00 -1.00 5 41 0.3091 0.7929 0.030236
178.00 C 20260814 -1.00 -1.00 4 10 0.3058 0.7803 0.031748
179.00 C 20260814 -1.00 -1.00 8 20 0.3181 0.7360 0.033248
180.00 C 20260814 -1.00 -1.00 17 125 0.3089 0.7057 0.036157
181.00 C 20260814 -1.00 -1.00 2 75 0.2880 0.6790 0.040588
182.00 C 20260814 -1.00 -1.00 6 23 0.2890 0.6372 0.042335
182.50 C 20260814 -1.00 -1.00 1 372 0.3103 0.6088 0.040108
183.00 C 20260814 -1.00 -1.00 3 23 0.2987 0.5909 0.042104
184.00 C 20260814 -1.00 -1.00 2 37 0.3125 0.5471 0.041295
185.00 C 20260814 -1.00 -1.00 13 138 0.3393 0.5077 0.038558
186.00 C 20260814 -1.00 -1.00 13 295 0.3209 0.4674 0.040189
187.00 C 20260814 -1.00 -1.00 6 118 0.2845 0.4160 0.044477
187.50 C 20260814 -1.00 -1.00 2 7 0.3204 0.4080 0.039377
188.00 C 20260814 -1.00 -1.00 7 60 0.2845 0.3715 0.043739
189.00 C 20260814 -1.00 -1.00 1 16 0.2882 0.3347 0.041039
190.00 C 20260814 -1.00 -1.00 13 63 0.3186 0.3161 0.036143
191.00 C 20260814 -1.00 -1.00 2 6 0.2973 0.2654 0.035871
192.00 C 20260814 -1.00 -1.00 2 8 0.2747 0.2141 0.034438
192.50 C 20260814 -1.00 -1.00 1 15 0.2864 0.2087 0.032487
193.00 C 20260814 -1.00 -1.00 1 4 0.2852 0.1929 0.031020
194.00 C 20260814 -1.00 -1.00 1 16 0.2903 0.1683 0.028015
195.00 C 20260814 -1.00 -1.00 13 18 0.3204 0.1681 0.025372
196.00 C 20260814 -1.00 -1.00 1 5 0.2853 0.1167 0.022215
197.00 C 20260814 -1.00 -1.00 2 3 0.2929 0.1035 0.019787
197.50 C 20260814 -1.00 -1.00 20 24 0.2946 0.0954 0.018538
198.00 C 20260814 -1.00 -1.00 6 7 0.2802 0.0729 0.016165
199.00 C 20260814 -1.00 -1.00 1 12 0.2784 0.0602 0.013837
200.00 C 20260814 -1.00 -1.00 6 68 0.2255 0.0192 0.006616
202.50 C 20260814 -1.00 -1.00 20 21 0.4829 0.1377 0.014888
205.00 C 20260814 -1.00 -1.00 3 12 0.3515 0.0416 0.008142
207.50 C 20260814 -1.00 -1.00 1 2 0.4006 0.0458 0.007697
210.00 C 20260814 -1.00 -1.00 1 5 0.3751 0.0228 0.004605
215.00 C 20260814 -1.00 -1.00 -1 0 0.5116 0.0421 0.005647
220.00 C 20260814 -1.00 -1.00 1 1 0.5407 0.0296 0.004008
225.00 C 20260814 -1.00 -1.00 -1 0 0.6757 0.0463 0.004609
230.00 C 20260814 -1.00 -1.00 -1 0 -1.0000 -1.0000 -1.000000
135.00 P 20260814 -1.00 -1.00 1 6 0.9211 -0.0170 0.001464
140.00 P 20260814 -1.00 -1.00 39 45 0.7697 -0.0124 0.001337
141.00 P 20260814 -1.00 -1.00 -1 0 0.7664 -0.0144 0.001523
142.00 P 20260814 -1.00 -1.00 -1 0 -1.0000 -1.0000 -1.000000
143.00 P 20260814 -1.00 -1.00 -1 0 0.8322 -0.0259 0.002361
144.00 P 20260814 -1.00 -1.00 -1 0 0.8318 -0.0302 0.002656
145.00 P 20260814 -1.00 -1.00 1 35 0.7498 -0.0222 0.002274
146.00 P 20260814 -1.00 -1.00 -1 0 0.7179 -0.0210 0.002265
147.00 P 20260814 -1.00 -1.00 -1 0 0.7113 -0.0228 0.002457
148.00 P 20260814 -1.00 -1.00 1 1 0.7482 -0.0323 0.003115
149.00 P 20260814 -1.00 -1.00 -1 0 0.7356 -0.0346 0.003343
150.00 P 20260814 -1.00 -1.00 3 31 0.6279 -0.0203 0.002508
151.00 P 20260814 -1.00 -1.00 -1 0 0.6808 -0.0328 0.003463
152.00 P 20260814 -1.00 -1.00 4 4 0.6297 -0.0262 0.003148
152.50 P 20260814 -1.00 -1.00 1 1 0.5932 -0.0227 0.002932
153.00 P 20260814 -1.00 -1.00 1 1 0.6548 -0.0374 0.004001
154.00 P 20260814 -1.00 -1.00 -1 0 0.6376 -0.0388 0.004236
155.00 P 20260814 -1.00 -1.00 1 33 0.5716 -0.0274 0.003601
156.00 P 20260814 -1.00 -1.00 -1 0 0.6277 -0.0477 0.005100
157.00 P 20260814 -1.00 -1.00 5 5 0.5952 -0.0457 0.005191
157.50 P 20260814 -1.00 -1.00 1 1 0.5357 -0.0326 0.004393
158.00 P 20260814 -1.00 -1.00 1 1 0.5300 -0.0342 0.004605
159.00 P 20260814 -1.00 -1.00 10 10 0.4633 -0.0230 0.003797
160.00 P 20260814 -1.00 -1.00 7 77 0.4614 -0.0264 0.004315
161.00 P 20260814 -1.00 -1.00 3 3 0.4686 -0.0353 0.005346
162.00 P 20260814 -1.00 -1.00 -1 0 0.4986 -0.0519 0.006890
162.50 P 20260814 -1.00 -1.00 5 7 0.5152 -0.0598 0.007543
163.00 P 20260814 -1.00 -1.00 5 37 0.4994 -0.0590 0.007684
164.00 P 20260814 -1.00 -1.00 49 59 0.4442 -0.0496 0.007447
165.00 P 20260814 -1.00 -1.00 7 474 0.4675 -0.0662 0.008958
166.00 P 20260814 -1.00 -1.00 9 11 0.4636 -0.0769 0.010050
167.00 P 20260814 -1.00 -1.00 2 4 0.4422 -0.0794 0.010791
167.50 P 20260814 -1.00 -1.00 7 204 0.4427 -0.0863 0.011461
168.00 P 20260814 -1.00 -1.00 2 49 0.4626 -0.1018 0.012442
169.00 P 20260814 -1.00 -1.00 4 20 0.4471 -0.1080 0.013488
170.00 P 20260814 -1.00 -1.00 4 139 0.4019 -0.1008 0.014218
171.00 P 20260814 -1.00 -1.00 3 67 0.4318 -0.1311 0.016085
172.00 P 20260814 -1.00 -1.00 17 88 0.3983 -0.1310 0.017428
172.50 P 20260814 -1.00 -1.00 5 366 0.3814 -0.1306 0.018177
173.00 P 20260814 -1.00 -1.00 2 123 0.3829 -0.1430 0.019129
174.00 P 20260814 -1.00 -1.00 10 58 0.3734 -0.1596 0.021039
175.00 P 20260814 -1.00 -1.00 8 203 0.3695 -0.1805 0.023056
176.00 P 20260814 -1.00 -1.00 2 46 0.3695 -0.2039 0.025071
177.00 P 20260814 -1.00 -1.00 20 24 0.4039 -0.2498 0.025534
177.50 P 20260814 -1.00 -1.00 7 33 0.3867 -0.2552 0.026949
178.00 P 20260814 -1.00 -1.00 1 17 0.3916 -0.2720 0.027462
179.00 P 20260814 -1.00 -1.00 15 17 0.4050 -0.3058 0.028202
180.00 P 20260814 -1.00 -1.00 8 48 0.3482 -0.3135 0.033236
181.00 P 20260814 -1.00 -1.00 1 155 0.3953 -0.3620 0.030998
182.00 P 20260814 -1.00 -1.00 1 10 0.3912 -0.3934 0.031938
182.50 P 20260814 -1.00 -1.00 3 21 0.3581 -0.4037 0.035113
183.00 P 20260814 -1.00 -1.00 1 0 0.3576 -0.4214 0.035546
184.00 P 20260814 -1.00 -1.00 3 1 0.3507 -0.4567 0.037015
185.00 P 20260814 -1.00 -1.00 2 3 0.3548 -0.4931 0.037040
186.00 P 20260814 -1.00 -1.00 1 111 0.4031 -0.5223 0.032247
187.00 P 20260814 -1.00 -1.00 1 5 0.3603 -0.5633 0.035595
187.50 P 20260814 -1.00 -1.00 2 8 0.3612 -0.5806 0.035299
188.00 P 20260814 -1.00 -1.00 3 11 0.3640 -0.5973 0.034825
189.00 P 20260814 -1.00 -1.00 2 1 0.3713 -0.6293 0.033743
190.00 P 20260814 -1.00 -1.00 2 26 0.4066 -0.6445 0.030171
191.00 P 20260814 -1.00 -1.00 1 9 0.3916 -0.6785 0.029908
192.00 P 20260814 -1.00 -1.00 2 2 0.4084 -0.6977 0.027896
192.50 P 20260814 -1.00 -1.00 35 24 0.4122 -0.7092 0.027182
193.00 P 20260814 -1.00 -1.00 1 1 0.4115 -0.7230 0.026685
194.00 P 20260814 -1.00 -1.00 1 0 0.4212 -0.7438 0.025260
195.00 P 20260814 -1.00 -1.00 4 4 0.4220 -0.7669 0.024065
196.00 P 20260814 -1.00 -1.00 -1 0 0.4249 -0.7851 0.022685
197.00 P 20260814 -1.00 -1.00 -1 0 0.4306 -0.8014 0.021311
197.50 P 20260814 -1.00 -1.00 -1 0 0.4320 -0.8102 0.020661
198.00 P 20260814 -1.00 -1.00 -1 0 0.4392 -0.8154 0.019982
199.00 P 20260814 -1.00 -1.00 -1 0 0.4506 -0.8271 0.018737
200.00 P 20260814 -1.00 -1.00 14 0 0.4678 -0.8346 0.017591
202.50 P 20260814 -1.00 -1.00 -1 0 0.4919 -0.8614 0.015114
205.00 P 20260814 -1.00 -1.00 -1 0 0.5369 -0.8685 0.013275
207.50 P 20260814 -1.00 -1.00 -1 0 0.5857 -0.8726 0.011852
210.00 P 20260814 -1.00 -1.00 -1 0 0.5738 -0.9013 0.010123
215.00 P 20260814 -1.00 -1.00 -1 0 0.6946 -0.8934 0.008757
220.00 P 20260814 -1.00 -1.00 -1 0 0.7790 -0.8988 0.007515
225.00 P 20260814 -1.00 -1.00 -1 0 0.8531 -0.9057 0.006533
230.00 P 20260814 -1.00 -1.00 -1 0 0.9214 -0.9127 0.005743
135.00 C 20260821 -1.00 -1.00 1 8 -1.0000 -1.0000 -1.000000
136.00 C 20260821 -1.00 -1.00 2 14 -1.0000 -1.0000 -1.000000
137.00 C 20260821 -1.00 -1.00 1 5 -1.0000 -1.0000 -1.000000
138.00 C 20260821 -1.00 -1.00 5 21 -1.0000 -1.0000 -1.000000
139.00 C 20260821 -1.00 -1.00 2 200 -1.0000 -1.0000 -1.000000
140.00 C 20260821 -1.00 -1.00 1 112 -1.0000 -1.0000 -1.000000
141.00 C 20260821 -1.00 -1.00 1 14 -1.0000 -1.0000 -1.000000
142.00 C 20260821 -1.00 -1.00 1 27 -1.0000 -1.0000 -1.000000
143.00 C 20260821 -1.00 -1.00 42 68 -1.0000 -1.0000 -1.000000
144.00 C 20260821 -1.00 -1.00 1 49 -1.0000 -1.0000 -1.000000
145.00 C 20260821 -1.00 -1.00 8 19 -1.0000 -1.0000 -1.000000
146.00 C 20260821 -1.00 -1.00 2 12 -1.0000 -1.0000 -1.000000
147.00 C 20260821 -1.00 -1.00 2 13 -1.0000 -1.0000 -1.000000
148.00 C 20260821 -1.00 -1.00 10 9 -1.0000 -1.0000 -1.000000
149.00 C 20260821 -1.00 -1.00 1 6 -1.0000 -1.0000 -1.000000
150.00 C 20260821 -1.00 -1.00 5 137 -1.0000 -1.0000 -1.000000
151.00 C 20260821 -1.00 -1.00 1 63 -1.0000 -1.0000 -1.000000
152.00 C 20260821 -1.00 -1.00 5 75 -1.0000 -1.0000 -1.000000
153.00 C 20260821 -1.00 -1.00 1 190 -1.0000 -1.0000 -1.000000
154.00 C 20260821 -1.00 -1.00 1 95 -1.0000 -1.0000 -1.000000
155.00 C 20260821 -1.00 -1.00 4 91 -1.0000 -1.0000 -1.000000
156.00 C 20260821 -1.00 -1.00 1 27 -1.0000 -1.0000 -1.000000
157.00 C 20260821 -1.00 -1.00 1 20 -1.0000 -1.0000 -1.000000
158.00 C 20260821 -1.00 -1.00 1 35 -1.0000 -1.0000 -1.000000
159.00 C 20260821 -1.00 -1.00 1 380 -1.0000 -1.0000 -1.000000
160.00 C 20260821 -1.00 -1.00 304 719 -1.0000 -1.0000 -1.000000
163.00 C 20260821 -1.00 -1.00 1 1 -1.0000 -1.0000 -1.000000
164.00 C 20260821 -1.00 -1.00 1 1 0.0013 0.9998 0.000000
165.00 C 20260821 -1.00 -1.00 3 148 0.3299 0.9491 0.007895
166.00 C 20260821 -1.00 -1.00 -1 0 0.0013 0.9998 0.000000
167.00 C 20260821 -1.00 -1.00 1 2 0.3087 0.9423 0.009391
168.00 C 20260821 -1.00 -1.00 2 9 0.2618 0.9575 0.008543
169.00 C 20260821 -1.00 -1.00 1 11 0.2681 0.9444 0.010474
170.00 C 20260821 -1.00 -1.00 13 557 0.3504 0.8772 0.014671
171.00 C 20260821 -1.00 -1.00 1 20 0.2872 0.9015 0.015071
172.00 C 20260821 -1.00 -1.00 5 25 0.3157 0.8644 0.017297
172.50 C 20260821 -1.00 -1.00 -1 0 0.2865 0.8789 0.017805
173.00 C 20260821 -1.00 -1.00 6 7 0.2874 0.8666 0.018812
174.00 C 20260821 -1.00 -1.00 1 13 0.2889 0.8424 0.020792
175.00 C 20260821 -1.00 -1.00 32 2413 0.3415 0.7864 0.021635
176.00 C 20260821 -1.00 -1.00 2 172 0.3210 0.7745 0.023591
177.00 C 20260821 -1.00 -1.00 1 132 0.3137 0.7522 0.025238
177.50 C 20260821 -1.00 -1.00 11 32 0.2897 0.7544 0.027220
178.00 C 20260821 -1.00 -1.00 6 29 0.2861 0.7420 0.028232
179.00 C 20260821 -1.00 -1.00 3 75 0.2901 0.7096 0.029567
180.00 C 20260821 -1.00 -1.00 41 2150 0.3301 0.6634 0.028099
181.00 C 20260821 -1.00 -1.00 125 320 0.2880 0.6491 0.032523
182.00 C 20260821 -1.00 -1.00 12 1159 0.3146 0.6076 0.030570
182.50 C 20260821 -1.00 -1.00 3 30 0.2849 0.5988 0.033938
183.00 C 20260821 -1.00 -1.00 32 1212 0.3029 0.5782 0.032332
184.00 C 20260821 -1.00 -1.00 191 376 0.3150 0.5451 0.031729
185.00 C 20260821 -1.00 -1.00 19 1034 0.3153 0.5140 0.032066
186.00 C 20260821 -1.00 -1.00 3 648 0.2979 0.4804 0.033566
187.00 C 20260821 -1.00 -1.00 42 96 0.3102 0.4507 0.031915
188.00 C 20260821 -1.00 -1.00 1 226 0.3008 0.4158 0.032534
189.00 C 20260821 -1.00 -1.00 2 100 0.2858 0.3758 0.033765
190.00 C 20260821 -1.00 -1.00 135 2705 0.3244 0.3653 0.029339
191.00 C 20260821 -1.00 -1.00 3 154 0.2966 0.3230 0.030286
192.00 C 20260821 -1.00 -1.00 6 150 0.3013 0.2977 0.028740
193.00 C 20260821 -1.00 -1.00 397 460 0.3040 0.2715 0.027397
194.00 C 20260821 -1.00 -1.00 43 266 0.3145 0.2525 0.025714
195.00 C 20260821 -1.00 -1.00 61 1923 0.3072 0.2251 0.024557
196.00 C 20260821 -1.00 -1.00 3 619 0.3020 0.1998 0.023124
197.00 C 20260821 -1.00 -1.00 73 195 0.3094 0.1848 0.021508
198.00 C 20260821 -1.00 -1.00 1 145 0.2932 0.1478 0.019911
199.00 C 20260821 -1.00 -1.00 2 96 0.2840 0.1248 0.018122
200.00 C 20260821 -1.00 -1.00 7 868 0.3049 0.1263 0.017027
205.00 C 20260821 -1.00 -1.00 3 5222 0.3095 0.0666 0.010448
210.00 C 20260821 -1.00 -1.00 21 2709 0.3106 0.0310 0.005624
215.00 C 20260821 -1.00 -1.00 20 3478 0.3208 0.0153 0.002982
220.00 C 20260821 -1.00 -1.00 40 613 0.4207 0.0308 0.004120
225.00 C 20260821 -1.00 -1.00 2 642 0.4984 0.0371 0.004081
230.00 C 20260821 -1.00 -1.00 30 397 0.4708 0.0176 0.002285
135.00 P 20260821 -1.00 -1.00 2 460 0.6390 -0.0087 0.000922
136.00 P 20260821 -1.00 -1.00 2 18 0.7928 -0.0295 0.002109
137.00 P 20260821 -1.00 -1.00 1 70 0.6810 -0.0173 0.001555
138.00 P 20260821 -1.00 -1.00 2 13 0.6783 -0.0191 0.001701
139.00 P 20260821 -1.00 -1.00 2 233 0.7176 -0.0260 0.002117
140.00 P 20260821 -1.00 -1.00 1 1279 0.6613 -0.0213 0.001925
141.00 P 20260821 -1.00 -1.00 1 62 0.6615 -0.0235 0.002101
142.00 P 20260821 -1.00 -1.00 1 419 0.6532 -0.0246 0.002224
143.00 P 20260821 -1.00 -1.00 3 76 0.6364 -0.0248 0.002297
144.00 P 20260821 -1.00 -1.00 2 301 0.6268 -0.0261 0.002433
145.00 P 20260821 -1.00 -1.00 5 1085 0.5245 -0.0133 0.001613
146.00 P 20260821 -1.00 -1.00 1 353 0.6321 -0.0362 0.003119
147.00 P 20260821 -1.00 -1.00 2 256 0.5944 -0.0315 0.002971
148.00 P 20260821 -1.00 -1.00 2 2089 0.4735 -0.0121 0.001657
149.00 P 20260821 -1.00 -1.00 6 729 0.5446 -0.0276 0.002929
150.00 P 20260821 -1.00 -1.00 9 4257 0.4865 -0.0203 0.002499
151.00 P 20260821 -1.00 -1.00 4 950 0.5216 -0.0311 0.003351
152.00 P 20260821 -1.00 -1.00 37 104 0.4772 -0.0243 0.002999
153.00 P 20260821 -1.00 -1.00 5 504 0.5030 -0.0361 0.003913
154.00 P 20260821 -1.00 -1.00 2 534 0.4692 -0.0309 0.003708
155.00 P 20260821 -1.00 -1.00 23 1394 0.4561 -0.0322 0.003943
156.00 P 20260821 -1.00 -1.00 5 2521 0.4743 -0.0439 0.004872
157.00 P 20260821 -1.00 -1.00 196 902 0.4423 -0.0394 0.004776
158.00 P 20260821 -1.00 -1.00 7 545 0.4618 -0.0516 0.005731
159.00 P 20260821 -1.00 -1.00 3 384 0.4166 -0.0428 0.005429
160.00 P 20260821 -1.00 -1.00 90 3121 0.4133 -0.0480 0.006025
163.00 P 20260821 -1.00 -1.00 136 788 0.3928 -0.0607 0.007749
164.00 P 20260821 -1.00 -1.00 3 160 0.4066 -0.0797 0.009088
165.00 P 20260821 -1.00 -1.00 124 3673 0.3914 -0.0829 0.009726
166.00 P 20260821 -1.00 -1.00 587 653 0.4202 -0.1082 0.011125
167.00 P 20260821 -1.00 -1.00 229 285 0.4149 -0.1168 0.011978
168.00 P 20260821 -1.00 -1.00 6 221 0.3979 -0.1207 0.012821
169.00 P 20260821 -1.00 -1.00 26 130 0.4006 -0.1393 0.013889
170.00 P 20260821 -1.00 -1.00 57 2901 0.3709 -0.1376 0.014892
171.00 P 20260821 -1.00 -1.00 2 6 0.3817 -0.1622 0.016077
172.00 P 20260821 -1.00 -1.00 2 130 0.3736 -0.1753 0.017295
172.50 P 20260821 -1.00 -1.00 1 20 0.3772 -0.1862 0.017853
173.00 P 20260821 -1.00 -1.00 6 21 0.3754 -0.1942 0.018467
174.00 P 20260821 -1.00 -1.00 14 102 0.3751 -0.2120 0.019675
175.00 P 20260821 -1.00 -1.00 23 1077 0.3584 -0.2253 0.021177
176.00 P 20260821 -1.00 -1.00 3 630 0.3566 -0.2485 0.022295
177.00 P 20260821 -1.00 -1.00 2 67 0.3615 -0.2752 0.023141
177.50 P 20260821 -1.00 -1.00 12 30 0.3881 -0.2983 0.022480
178.00 P 20260821 -1.00 -1.00 3 356 0.3579 -0.2977 0.024357
179.00 P 20260821 -1.00 -1.00 1 179 0.3612 -0.3232 0.025239
180.00 P 20260821 -1.00 -1.00 20 3288 0.3425 -0.3427 0.027302
181.00 P 20260821 -1.00 -1.00 1 235 0.3611 -0.3764 0.026469
182.00 P 20260821 -1.00 -1.00 17 913 0.3429 -0.4003 0.028310
182.50 P 20260821 -1.00 -1.00 1 0 0.3466 -0.4152 0.028278
183.00 P 20260821 -1.00 -1.00 4 1079 0.3439 -0.4291 0.028754
184.00 P 20260821 -1.00 -1.00 2 311 0.3354 -0.4576 0.030025
185.00 P 20260821 -1.00 -1.00 2 907 0.3399 -0.4871 0.029940
186.00 P 20260821 -1.00 -1.00 1 787 0.3412 -0.5157 0.029560
187.00 P 20260821 -1.00 -1.00 10 60 0.3332 -0.5463 0.029997
188.00 P 20260821 -1.00 -1.00 4 38 0.3655 -0.5662 0.027155
189.00 P 20260821 -1.00 -1.00 3 60 0.3682 -0.5922 0.026748
190.00 P 20260821 -1.00 -1.00 6 2726 0.3378 -0.6320 0.028648
191.00 P 20260821 -1.00 -1.00 1 68 0.3684 -0.6430 0.025858
192.00 P 20260821 -1.00 -1.00 1 12 0.3638 -0.6685 0.025327
193.00 P 20260821 -1.00 -1.00 10 12 0.3732 -0.6867 0.024083
194.00 P 20260821 -1.00 -1.00 9 9 0.3791 -0.7061 0.023084
195.00 P 20260821 -1.00 -1.00 2 1099 0.3344 -0.7612 0.024116
196.00 P 20260821 -1.00 -1.00 -1 0 0.3903 -0.7434 0.021248
197.00 P 20260821 -1.00 -1.00 2 2 0.3909 -0.7629 0.020435
198.00 P 20260821 -1.00 -1.00 3 1 0.3908 -0.7795 0.019530
199.00 P 20260821 -1.00 -1.00 -1 0 0.3996 -0.7904 0.018503
200.00 P 20260821 -1.00 -1.00 2 0 0.4016 -0.8053 0.017618
205.00 P 20260821 -1.00 -1.00 4 0 0.4370 -0.8575 0.013605
210.00 P 20260821 -1.00 -1.00 1 0 0.4960 -0.8740 0.010925
215.00 P 20260821 -1.00 -1.00 65 0 0.5464 -0.8899 0.009002
220.00 P 20260821 -1.00 -1.00 1 0 0.6151 -0.8940 0.007755
225.00 P 20260821 -1.00 -1.00 1 0 0.6595 -0.9068 0.006636
230.00 P 20260821 -1.00 -1.00 1 0 0.7090 -0.9152 0.005802
110.00 C 20260807 -1.00 -1.00 23 11 -1.0000 -1.0000 -1.000000
115.00 C 20260807 -1.00 -1.00 12 3 -1.0000 -1.0000 -1.000000
120.00 C 20260807 -1.00 -1.00 9 3 -1.0000 -1.0000 -1.000000
125.00 C 20260807 -1.00 -1.00 3 2 -1.0000 -1.0000 -1.000000
130.00 C 20260807 -1.00 -1.00 -1 0 -1.0000 -1.0000 -1.000000
110.00 P 20260807 -1.00 -1.00 -1 0 2.5030 -0.0102 0.000610
115.00 P 20260807 -1.00 -1.00 19 19 2.3321 -0.0120 0.000751
120.00 P 20260807 -1.00 -1.00 2685 19502 1.7654 -0.0034 0.000327
125.00 P 20260807 -1.00 -1.00 1 253 1.9645 -0.0144 0.001045
130.00 P 20260807 -1.00 -1.00 1 160 1.7819 -0.0155 0.001223
110.00 C 20260814 -1.00 -1.00 -1 0 -1.0000 -1.0000 -1.000000
115.00 C 20260814 -1.00 -1.00 -1 0 -1.0000 -1.0000 -1.000000
120.00 C 20260814 -1.00 -1.00 -1 0 -1.0000 -1.0000 -1.000000
125.00 C 20260814 -1.00 -1.00 -1 0 -1.0000 -1.0000 -1.000000
130.00 C 20260814 -1.00 -1.00 -1 0 -1.0000 -1.0000 -1.000000
110.00 P 20260814 -1.00 -1.00 -1 0 1.4531 -0.0115 0.000665
115.00 P 20260814 -1.00 -1.00 -1 0 1.3552 -0.0134 0.000811
120.00 P 20260814 -1.00 -1.00 -1 0 1.3328 -0.0197 0.001156
125.00 P 20260814 -1.00 -1.00 28 173 1.1409 -0.0158 0.001111
130.00 P 20260814 -1.00 -1.00 266 133 1.0136 -0.0151 0.001204
110.00 C 20260821 -1.00 -1.00 6 7 -1.0000 -1.0000 -1.000000
115.00 C 20260821 -1.00 -1.00 4 223 -1.0000 -1.0000 -1.000000
120.00 C 20260821 -1.00 -1.00 1 61 -1.0000 -1.0000 -1.000000
125.00 C 20260821 -1.00 -1.00 1 27 -1.0000 -1.0000 -1.000000
130.00 C 20260821 -1.00 -1.00 2 17 -1.0000 -1.0000 -1.000000
131.00 C 20260821 -1.00 -1.00 2 16 -1.0000 -1.0000 -1.000000
132.00 C 20260821 -1.00 -1.00 2 1 -1.0000 -1.0000 -1.000000
133.00 C 20260821 -1.00 -1.00 5 5 -1.0000 -1.0000 -1.000000
134.00 C 20260821 -1.00 -1.00 3 0 -1.0000 -1.0000 -1.000000
110.00 P 20260821 -1.00 -1.00 2 225 1.2233 -0.0178 0.000890
115.00 P 20260821 -1.00 -1.00 367 394 0.8592 -0.0035 0.000301
120.00 P 20260821 -1.00 -1.00 1 100 0.8150 -0.0053 0.000456
125.00 P 20260821 -1.00 -1.00 1 496 1.0189 -0.0291 0.001620
130.00 P 20260821 -1.00 -1.00 2 684 0.7458 -0.0108 0.000955
131.00 P 20260821 -1.00 -1.00 1 16 0.7869 -0.0173 0.001345
132.00 P 20260821 -1.00 -1.00 2 130 0.7130 -0.0109 0.001003
133.00 P 20260821 -1.00 -1.00 4 28 0.8551 -0.0298 0.001974
134.00 P 20260821 -1.00 -1.00 6 35 0.8235 -0.0279 0.001943
235.00 C 20260807 -1.00 -1.00 -1 0 -1.0000 -1.0000 -1.000000
240.00 C 20260807 -1.00 -1.00 -1 0 1.2381 0.0139 0.001627
245.00 C 20260807 -1.00 -1.00 -1 0 -1.0000 -1.0000 -1.000000
235.00 P 20260807 -1.00 -1.00 2 0 1.6546 -0.9273 0.004801
240.00 P 20260807 -1.00 -1.00 2 0 1.7929 -0.9270 0.004439
245.00 P 20260807 -1.00 -1.00 2 0 1.8682 -0.9327 0.003980
235.00 C 20260814 -1.00 -1.00 -1 0 -1.0000 -1.0000 -1.000000
240.00 C 20260814 -1.00 -1.00 -1 0 -1.0000 -1.0000 -1.000000
245.00 C 20260814 -1.00 -1.00 -1 0 -1.0000 -1.0000 -1.000000
235.00 P 20260814 -1.00 -1.00 -1 0 0.9837 -0.9200 0.005085
240.00 P 20260814 -1.00 -1.00 -1 0 1.0318 -0.9263 0.004546
245.00 P 20260814 -1.00 -1.00 -1 0 1.1096 -0.9258 0.004236
235.00 C 20260821 -1.00 -1.00 2 13 0.5390 0.0230 0.002497
240.00 C 20260821 -1.00 -1.00 3 159 0.6247 0.0310 0.002783
245.00 C 20260821 -1.00 -1.00 4 8 0.6135 0.0196 0.001918
250.00 C 20260821 -1.00 -1.00 10 12 0.5957 0.0111 0.001206
255.00 C 20260821 -1.00 -1.00 -1 0 0.7074 0.0213 0.001781
235.00 P 20260821 -1.00 -1.00 -1 0 0.7604 -0.9211 0.005161
240.00 P 20260821 -1.00 -1.00 1 0 0.8194 -0.9223 0.004727
245.00 P 20260821 -1.00 -1.00 -1 0 0.8691 -0.9244 0.004351
250.00 P 20260821 -1.00 -1.00 -1 0 0.9018 -0.9297 0.003960
255.00 P 20260821 -1.00 -1.00 -1 0 0.9497 -0.9310 0.003695
