# opt_chain GLW | epoch 1785875108 | 2026-08-04 16:25:08 | spot 146.64 | exps 20260807 20260814 20260821
# fuente polygon_snapshot_v3 | greeks polygon_directo | iv polygon_directo | oi polygon_directo | vol day.volume(-1 si no cotizo) | bid/ask NO_ENTITLED(-1) | spot_src polygon_prev_close spot_edad_s 87906 | band 0.6000 vencimientos 3 exp_hasta 2026-08-21
# strike right exp bid ask vol oi iv delta gamma
130.00 C 20260807 -1.00 -1.00 28 236 -1.0000 -1.0000 -1.000000
131.00 C 20260807 -1.00 -1.00 2 12 -1.0000 -1.0000 -1.000000
132.00 C 20260807 -1.00 -1.00 1 351 -1.0000 -1.0000 -1.000000
133.00 C 20260807 -1.00 -1.00 1 90 -1.0000 -1.0000 -1.000000
134.00 C 20260807 -1.00 -1.00 6 277 -1.0000 -1.0000 -1.000000
135.00 C 20260807 -1.00 -1.00 43 498 -1.0000 -1.0000 -1.000000
136.00 C 20260807 -1.00 -1.00 2 23 -1.0000 -1.0000 -1.000000
137.00 C 20260807 -1.00 -1.00 7 48 -1.0000 -1.0000 -1.000000
138.00 C 20260807 -1.00 -1.00 20 765 0.8395 0.9787 0.004059
139.00 C 20260807 -1.00 -1.00 8 150 0.8415 0.9741 0.004821
140.00 C 20260807 -1.00 -1.00 138 807 -1.0000 -1.0000 -1.000000
141.00 C 20260807 -1.00 -1.00 21 79 0.8470 0.9580 0.007076
142.00 C 20260807 -1.00 -1.00 79 180 0.9146 0.9385 0.009041
143.00 C 20260807 -1.00 -1.00 29 90 0.8596 0.9388 0.009572
144.00 C 20260807 -1.00 -1.00 24 455 0.9613 0.9018 0.012119
145.00 C 20260807 -1.00 -1.00 507 1448 0.4986 0.9898 0.003624
146.00 C 20260807 -1.00 -1.00 62 178 0.8448 0.9002 0.013962
147.00 C 20260807 -1.00 -1.00 103 363 0.7922 0.8980 0.015137
148.00 C 20260807 -1.00 -1.00 118 203 0.7896 0.8831 0.016910
149.00 C 20260807 -1.00 -1.00 72 78 0.7696 0.8702 0.018696
150.00 C 20260807 -1.00 -1.00 741 1280 0.8117 0.8340 0.020660
152.50 C 20260807 -1.00 -1.00 236 293 0.8561 0.7645 0.024390
155.00 C 20260807 -1.00 -1.00 1052 1086 0.8830 0.6911 0.027039
157.50 C 20260807 -1.00 -1.00 386 330 0.9043 0.6175 0.028523
160.00 C 20260807 -1.00 -1.00 3116 1870 0.9920 0.5431 0.027187
162.50 C 20260807 -1.00 -1.00 612 434 0.9338 0.4730 0.028828
130.00 P 20260807 -1.00 -1.00 587 667 1.1882 -0.0221 0.002981
131.00 P 20260807 -1.00 -1.00 137 69 1.2736 -0.0348 0.004047
132.00 P 20260807 -1.00 -1.00 103 174 1.2187 -0.0340 0.004151
133.00 P 20260807 -1.00 -1.00 146 136 1.2982 -0.0493 0.005286
134.00 P 20260807 -1.00 -1.00 48 129 1.1680 -0.0399 0.004930
135.00 P 20260807 -1.00 -1.00 881 778 1.1177 -0.0397 0.005132
136.00 P 20260807 -1.00 -1.00 51 74 1.0893 -0.0425 0.005567
137.00 P 20260807 -1.00 -1.00 854 1055 1.1361 -0.0553 0.006653
138.00 P 20260807 -1.00 -1.00 332 170 1.0936 -0.0567 0.007058
139.00 P 20260807 -1.00 -1.00 65 131 1.1733 -0.0802 0.008527
140.00 P 20260807 -1.00 -1.00 534 722 1.0754 -0.0726 0.008657
141.00 P 20260807 -1.00 -1.00 183 200 1.0656 -0.0824 0.009577
142.00 P 20260807 -1.00 -1.00 162 73 1.0580 -0.0927 0.010541
143.00 P 20260807 -1.00 -1.00 122 62 1.0323 -0.0997 0.011432
144.00 P 20260807 -1.00 -1.00 83 85 1.0551 -0.1158 0.012588
145.00 P 20260807 -1.00 -1.00 1408 305 1.0470 -0.1285 0.013640
146.00 P 20260807 -1.00 -1.00 141 60 1.0421 -0.1450 0.014759
147.00 P 20260807 -1.00 -1.00 162 90 1.0413 -0.1625 0.015891
148.00 P 20260807 -1.00 -1.00 171 36 1.0418 -0.1803 0.017022
149.00 P 20260807 -1.00 -1.00 294 25 1.2194 -0.2292 0.016883
150.00 P 20260807 -1.00 -1.00 853 318 1.0464 -0.2172 0.019221
152.50 P 20260807 -1.00 -1.00 488 51 1.0204 -0.2696 0.021833
155.00 P 20260807 -1.00 -1.00 433 164 1.0213 -0.3278 0.024164
157.50 P 20260807 -1.00 -1.00 65 9 0.9241 -0.3844 0.027956
160.00 P 20260807 -1.00 -1.00 311 231 1.0432 -0.4573 0.025879
162.50 P 20260807 -1.00 -1.00 32 53 1.0351 -0.5210 0.026072
130.00 C 20260814 -1.00 -1.00 3 223 0.8205 0.9498 0.004719
131.00 C 20260814 -1.00 -1.00 10 9 0.8642 0.9359 0.005462
132.00 C 20260814 -1.00 -1.00 4 7 0.8315 0.9357 0.005687
133.00 C 20260814 -1.00 -1.00 2 7 0.8403 0.9250 0.006291
134.00 C 20260814 -1.00 -1.00 2 18 0.8489 0.9145 0.006871
135.00 C 20260814 -1.00 -1.00 6 78 0.8808 0.8994 0.007522
136.00 C 20260814 -1.00 -1.00 7 18 0.8892 0.8896 0.008025
137.00 C 20260814 -1.00 -1.00 5 45 0.8917 0.8800 0.008510
138.00 C 20260814 -1.00 -1.00 4 68 0.8839 0.8703 0.009004
139.00 C 20260814 -1.00 -1.00 1 53 0.8801 0.8595 0.009514
140.00 C 20260814 -1.00 -1.00 33 149 0.8762 0.8485 0.010032
141.00 C 20260814 -1.00 -1.00 11 27 0.8762 0.8366 0.010551
142.00 C 20260814 -1.00 -1.00 12 28 0.8120 0.8401 0.011220
143.00 C 20260814 -1.00 -1.00 11 22 0.8574 0.8167 0.011664
144.00 C 20260814 -1.00 -1.00 4 26 0.8799 0.8000 0.012090
145.00 C 20260814 -1.00 -1.00 56 98 0.8909 0.7841 0.012472
146.00 C 20260814 -1.00 -1.00 9 24 0.8832 0.7707 0.012944
147.00 C 20260814 -1.00 -1.00 33 137 0.8615 0.7602 0.013569
148.00 C 20260814 -1.00 -1.00 9 34 0.8737 0.7423 0.013868
149.00 C 20260814 -1.00 -1.00 11 15 0.8212 0.7368 0.014916
150.00 C 20260814 -1.00 -1.00 377 662 0.8587 0.7141 0.014897
152.50 C 20260814 -1.00 -1.00 76 52 0.8097 0.6817 0.016752
155.00 C 20260814 -1.00 -1.00 452 378 0.8249 0.6355 0.017170
157.50 C 20260814 -1.00 -1.00 56 55 0.8313 0.5901 0.017575
160.00 C 20260814 -1.00 -1.00 265 421 0.8304 0.5454 0.018122
162.50 C 20260814 -1.00 -1.00 62 51 0.8312 0.5013 0.018148
130.00 P 20260814 -1.00 -1.00 113 262 0.9890 -0.0835 0.005807
131.00 P 20260814 -1.00 -1.00 6 8 0.9288 -0.0788 0.005920
132.00 P 20260814 -1.00 -1.00 19 4 0.9197 -0.0847 0.006312
133.00 P 20260814 -1.00 -1.00 9 23 0.9565 -0.0996 0.006888
134.00 P 20260814 -1.00 -1.00 19 35 0.8878 -0.0938 0.007078
135.00 P 20260814 -1.00 -1.00 170 218 0.8999 -0.1043 0.007591
136.00 P 20260814 -1.00 -1.00 25 5 0.8807 -0.1086 0.008009
137.00 P 20260814 -1.00 -1.00 36 21 0.8891 -0.1192 0.008514
138.00 P 20260814 -1.00 -1.00 18 9 0.9184 -0.1384 0.009040
139.00 P 20260814 -1.00 -1.00 780 12 0.9092 -0.1477 0.009521
140.00 P 20260814 -1.00 -1.00 167 203 0.9039 -0.1580 0.010013
141.00 P 20260814 -1.00 -1.00 24 18 0.9016 -0.1691 0.010508
142.00 P 20260814 -1.00 -1.00 32 6 0.9002 -0.1804 0.011006
143.00 P 20260814 -1.00 -1.00 356 25 0.9775 -0.2065 0.011133
144.00 P 20260814 -1.00 -1.00 89 46 0.9129 -0.2062 0.011925
145.00 P 20260814 -1.00 -1.00 148 163 0.8989 -0.2178 0.012423
146.00 P 20260814 -1.00 -1.00 8 5 0.8885 -0.2304 0.012913
147.00 P 20260814 -1.00 -1.00 11 6 0.8486 -0.2371 0.013711
148.00 P 20260814 -1.00 -1.00 16 14 0.8820 -0.2593 0.013796
149.00 P 20260814 -1.00 -1.00 13 7 0.8914 -0.2760 0.014102
150.00 P 20260814 -1.00 -1.00 151 225 0.8840 -0.2899 0.014598
152.50 P 20260814 -1.00 -1.00 12 37 0.8377 -0.3221 0.016324
155.00 P 20260814 -1.00 -1.00 32 512 0.8348 -0.3656 0.017001
157.50 P 20260814 -1.00 -1.00 4 3 0.8341 -0.4102 0.017542
160.00 P 20260814 -1.00 -1.00 145 187 0.8926 -0.4540 0.016887
162.50 P 20260814 -1.00 -1.00 43 5 0.8952 -0.4950 0.016886
130.00 C 20260821 -1.00 -1.00 39 1122 0.8491 0.8970 0.006120
135.00 C 20260821 -1.00 -1.00 34 560 0.8019 0.8659 0.007781
137.00 C 20260821 -1.00 -1.00 5 44 0.8574 0.8325 0.008439
138.00 C 20260821 -1.00 -1.00 2 647 0.8596 0.8225 0.008765
139.00 C 20260821 -1.00 -1.00 28 170 0.8707 0.8108 0.009056
140.00 C 20260821 -1.00 -1.00 147 820 0.7878 0.8184 0.009714
141.00 C 20260821 -1.00 -1.00 8 599 0.8341 0.7987 0.009884
142.00 C 20260821 -1.00 -1.00 7 74 0.8632 0.7797 0.009965
143.00 C 20260821 -1.00 -1.00 2 586 0.8633 0.7677 0.010230
144.00 C 20260821 -1.00 -1.00 11 119 0.8457 0.7591 0.010637
145.00 C 20260821 -1.00 -1.00 130 451 0.8458 0.7469 0.010912
146.00 C 20260821 -1.00 -1.00 4 29 0.8569 0.7328 0.011085
147.00 C 20260821 -1.00 -1.00 12 59 0.8505 0.7217 0.011417
148.00 C 20260821 -1.00 -1.00 10 39 0.8571 0.7086 0.011621
149.00 C 20260821 -1.00 -1.00 17 38 0.8116 0.7027 0.012405
150.00 C 20260821 -1.00 -1.00 339 2353 0.8206 0.6888 0.012593
152.50 C 20260821 -1.00 -1.00 59 63 0.8096 0.6561 0.013225
155.00 C 20260821 -1.00 -1.00 457 765 0.8095 0.6207 0.013582
157.50 C 20260821 -1.00 -1.00 43 78 0.8094 0.5854 0.013940
160.00 C 20260821 -1.00 -1.00 2403 10534 0.8257 0.5504 0.014013
162.50 C 20260821 -1.00 -1.00 94 114 0.8014 0.5147 0.014492
130.00 P 20260821 -1.00 -1.00 260 2625 0.8850 -0.1094 0.006194
135.00 P 20260821 -1.00 -1.00 868 2888 0.8717 -0.1516 0.007773
137.00 P 20260821 -1.00 -1.00 23 356 0.8658 -0.1691 0.008432
138.00 P 20260821 -1.00 -1.00 36 23 0.8665 -0.1787 0.008757
139.00 P 20260821 -1.00 -1.00 365 152 0.8601 -0.1869 0.009107
140.00 P 20260821 -1.00 -1.00 256 6141 0.8713 -0.1985 0.009391
141.00 P 20260821 -1.00 -1.00 43 101 0.8309 -0.2006 0.009916
142.00 P 20260821 -1.00 -1.00 11 443 0.8754 -0.2228 0.009896
143.00 P 20260821 -1.00 -1.00 2 143 0.8911 -0.2377 0.010041
144.00 P 20260821 -1.00 -1.00 9 53 0.8492 -0.2415 0.010625
145.00 P 20260821 -1.00 -1.00 146 911 0.8473 -0.2533 0.010916
146.00 P 20260821 -1.00 -1.00 2 66 0.8454 -0.2652 0.011209
147.00 P 20260821 -1.00 -1.00 26 14 0.8457 -0.2775 0.011483
148.00 P 20260821 -1.00 -1.00 6 28 0.8177 -0.2855 0.012062
149.00 P 20260821 -1.00 -1.00 10 37 0.8657 -0.3045 0.011817
150.00 P 20260821 -1.00 -1.00 162 2983 0.8723 -0.3173 0.012009
152.50 P 20260821 -1.00 -1.00 19 37 0.8584 -0.3488 0.012535
155.00 P 20260821 -1.00 -1.00 96 3327 0.8563 -0.3821 0.012889
157.50 P 20260821 -1.00 -1.00 28 156 0.8616 -0.4157 0.013135
160.00 P 20260821 -1.00 -1.00 216 3157 0.8703 -0.4488 0.013323
162.50 P 20260821 -1.00 -1.00 33 90 0.8691 -0.4813 0.013394
121.00 C 20260807 -1.00 -1.00 1 35 -1.0000 -1.0000 -1.000000
122.00 C 20260807 -1.00 -1.00 8 25 -1.0000 -1.0000 -1.000000
123.00 C 20260807 -1.00 -1.00 28 34 -1.0000 -1.0000 -1.000000
124.00 C 20260807 -1.00 -1.00 4 22 -1.0000 -1.0000 -1.000000
125.00 C 20260807 -1.00 -1.00 26 286 -1.0000 -1.0000 -1.000000
126.00 C 20260807 -1.00 -1.00 2 24 -1.0000 -1.0000 -1.000000
127.00 C 20260807 -1.00 -1.00 5 252 -1.0000 -1.0000 -1.000000
128.00 C 20260807 -1.00 -1.00 4 28 -1.0000 -1.0000 -1.000000
129.00 C 20260807 -1.00 -1.00 1 26 1.1525 0.9837 0.002336
121.00 P 20260807 -1.00 -1.00 79 124 1.5122 -0.0171 0.001867
122.00 P 20260807 -1.00 -1.00 42 266 1.5574 -0.0221 0.002277
123.00 P 20260807 -1.00 -1.00 183 272 1.2583 -0.0083 0.001200
124.00 P 20260807 -1.00 -1.00 45 236 1.4291 -0.0202 0.002289
125.00 P 20260807 -1.00 -1.00 423 974 1.4516 -0.0242 0.002648
126.00 P 20260807 -1.00 -1.00 43 101 1.2433 -0.0136 0.001874
127.00 P 20260807 -1.00 -1.00 151 356 1.1700 -0.0111 0.001678
128.00 P 20260807 -1.00 -1.00 119 123 1.3632 -0.0283 0.003217
129.00 P 20260807 -1.00 -1.00 356 164 1.2975 -0.0264 0.003200
121.00 C 20260814 -1.00 -1.00 1 1 0.6818 0.9955 0.000686
122.00 C 20260814 -1.00 -1.00 -1 0 -1.0000 -1.0000 -1.000000
123.00 C 20260814 -1.00 -1.00 3 3 0.7797 0.9843 0.001854
124.00 C 20260814 -1.00 -1.00 -1 0 0.7370 0.9865 0.001719
125.00 C 20260814 -1.00 -1.00 1 73 0.9087 0.9601 0.003510
126.00 C 20260814 -1.00 -1.00 40 40 0.8115 0.9720 0.002960
127.00 C 20260814 -1.00 -1.00 4 4 0.8190 0.9655 0.003463
128.00 C 20260814 -1.00 -1.00 -1 0 0.8160 0.9609 0.003849
129.00 C 20260814 -1.00 -1.00 -1 0 0.8337 0.9527 0.004414
121.00 P 20260814 -1.00 -1.00 4 12 0.9600 -0.0293 0.002610
122.00 P 20260814 -1.00 -1.00 4 21 0.9526 -0.0327 0.002864
123.00 P 20260814 -1.00 -1.00 7 7 0.9917 -0.0428 0.003429
124.00 P 20260814 -1.00 -1.00 9 44 0.9779 -0.0453 0.003646
125.00 P 20260814 -1.00 -1.00 104 1293 0.9475 -0.0455 0.003775
126.00 P 20260814 -1.00 -1.00 5 10 1.0356 -0.0639 0.004553
127.00 P 20260814 -1.00 -1.00 5 24 0.9887 -0.0614 0.004639
128.00 P 20260814 -1.00 -1.00 3 26 0.8825 -0.0499 0.004384
129.00 P 20260814 -1.00 -1.00 17 27 0.9531 -0.0687 0.005214
125.00 C 20260821 -1.00 -1.00 14 1363 0.8562 0.9284 0.004575
125.00 P 20260821 -1.00 -1.00 324 2341 0.8847 -0.0775 0.004722
165.00 C 20260807 -1.00 -1.00 2791 762 0.9345 0.4028 0.028090
167.50 C 20260807 -1.00 -1.00 781 226 0.9352 0.3382 0.026479
170.00 C 20260807 -1.00 -1.00 1711 1282 0.9429 0.2797 0.024102
172.50 C 20260807 -1.00 -1.00 238 361 0.9548 0.2284 0.021535
165.00 P 20260807 -1.00 -1.00 78 337 1.0643 -0.5809 0.024838
167.50 P 20260807 -1.00 -1.00 2 10 1.0698 -0.6393 0.023880
170.00 P 20260807 -1.00 -1.00 23 108 1.0728 -0.6914 0.022145
172.50 P 20260807 -1.00 -1.00 4 8 1.1457 -0.7269 0.019679
165.00 C 20260814 -1.00 -1.00 344 443 0.8341 0.4580 0.017865
167.50 C 20260814 -1.00 -1.00 40 480 0.8439 0.4161 0.017449
170.00 C 20260814 -1.00 -1.00 998 425 0.8331 0.3725 0.017266
172.50 C 20260814 -1.00 -1.00 58 105 0.8514 0.3396 0.016185
165.00 P 20260814 -1.00 -1.00 19 165 0.8978 -0.5353 0.016658
167.50 P 20260814 -1.00 -1.00 2 3 0.9025 -0.5750 0.016395
170.00 P 20260814 -1.00 -1.00 7 163 0.9185 -0.6123 0.015953
172.50 P 20260814 -1.00 -1.00 3 4 0.9329 -0.6434 0.015135
165.00 C 20260821 -1.00 -1.00 251 1281 0.8187 0.4819 0.014076
167.50 C 20260821 -1.00 -1.00 31 261 0.8232 0.4486 0.013892
170.00 C 20260821 -1.00 -1.00 1995 1296 0.8205 0.4143 0.013826
172.50 C 20260821 -1.00 -1.00 48 501 0.8310 0.3843 0.013459
165.00 P 20260821 -1.00 -1.00 28 1154 0.8627 -0.5139 0.013402
167.50 P 20260821 -1.00 -1.00 1 36 0.8582 -0.5468 0.013379
170.00 P 20260821 -1.00 -1.00 28 1092 0.8678 -0.5775 0.013146
172.50 P 20260821 -1.00 -1.00 1 29 0.8783 -0.6074 0.012902
108.00 C 20260807 -1.00 -1.00 1 1 -1.0000 -1.0000 -1.000000
109.00 C 20260807 -1.00 -1.00 -1 0 -1.0000 -1.0000 -1.000000
110.00 C 20260807 -1.00 -1.00 5 61 -1.0000 -1.0000 -1.000000
111.00 C 20260807 -1.00 -1.00 14 3 -1.0000 -1.0000 -1.000000
112.00 C 20260807 -1.00 -1.00 9 22 -1.0000 -1.0000 -1.000000
113.00 C 20260807 -1.00 -1.00 33 16 -1.0000 -1.0000 -1.000000
114.00 C 20260807 -1.00 -1.00 34 77 -1.0000 -1.0000 -1.000000
115.00 C 20260807 -1.00 -1.00 3 74 -1.0000 -1.0000 -1.000000
116.00 C 20260807 -1.00 -1.00 1 11 -1.0000 -1.0000 -1.000000
117.00 C 20260807 -1.00 -1.00 3 26 -1.0000 -1.0000 -1.000000
118.00 C 20260807 -1.00 -1.00 3 50 -1.0000 -1.0000 -1.000000
119.00 C 20260807 -1.00 -1.00 3 76 -1.0000 -1.0000 -1.000000
120.00 C 20260807 -1.00 -1.00 7 210 -1.0000 -1.0000 -1.000000
108.00 P 20260807 -1.00 -1.00 4 41 1.7868 -0.0059 0.000621
109.00 P 20260807 -1.00 -1.00 82 45 1.6322 -0.0032 0.000395
110.00 P 20260807 -1.00 -1.00 158 1080 1.5987 -0.0032 0.000412
111.00 P 20260807 -1.00 -1.00 44 141 2.1097 -0.0216 0.001652
112.00 P 20260807 -1.00 -1.00 213 158 1.6204 -0.0059 0.000688
113.00 P 20260807 -1.00 -1.00 418 610 1.8678 -0.0161 0.001434
114.00 P 20260807 -1.00 -1.00 297 326 1.4178 -0.0029 0.000423
115.00 P 20260807 -1.00 -1.00 279 1249 1.4222 -0.0036 0.000507
116.00 P 20260807 -1.00 -1.00 76 102 1.6374 -0.0116 0.001240
117.00 P 20260807 -1.00 -1.00 69 65 1.4072 -0.0055 0.000744
118.00 P 20260807 -1.00 -1.00 248 124 1.3909 -0.0062 0.000838
119.00 P 20260807 -1.00 -1.00 357 289 1.6046 -0.0171 0.001763
120.00 P 20260807 -1.00 -1.00 342 1186 1.3407 -0.0071 0.000981
108.00 C 20260814 -1.00 -1.00 -1 0 -1.0000 -1.0000 -1.000000
109.00 C 20260814 -1.00 -1.00 -1 0 -1.0000 -1.0000 -1.000000
110.00 C 20260814 -1.00 -1.00 1 32 -1.0000 -1.0000 -1.000000
111.00 C 20260814 -1.00 -1.00 1 1 -1.0000 -1.0000 -1.000000
112.00 C 20260814 -1.00 -1.00 -1 0 -1.0000 -1.0000 -1.000000
113.00 C 20260814 -1.00 -1.00 2 1 -1.0000 -1.0000 -1.000000
114.00 C 20260814 -1.00 -1.00 -1 0 -1.0000 -1.0000 -1.000000
115.00 C 20260814 -1.00 -1.00 3 40 0.8078 0.9953 0.000594
116.00 C 20260814 -1.00 -1.00 -1 0 -1.0000 -1.0000 -1.000000
117.00 C 20260814 -1.00 -1.00 -1 0 -1.0000 -1.0000 -1.000000
118.00 C 20260814 -1.00 -1.00 -1 0 0.8451 0.9900 0.001161
119.00 C 20260814 -1.00 -1.00 -1 0 0.5931 0.9991 0.000150
120.00 C 20260814 -1.00 -1.00 6 53 0.5595 0.9993 0.000119
108.00 P 20260814 -1.00 -1.00 1 2 1.7039 -0.0592 0.002601
109.00 P 20260814 -1.00 -1.00 6 6 1.3034 -0.0266 0.001776
110.00 P 20260814 -1.00 -1.00 354 217 1.1382 -0.0170 0.001379
111.00 P 20260814 -1.00 -1.00 3 9 1.1458 -0.0195 0.001548
112.00 P 20260814 -1.00 -1.00 6 4 1.8137 -0.0874 0.003294
113.00 P 20260814 -1.00 -1.00 102 32 1.1387 -0.0231 0.001808
114.00 P 20260814 -1.00 -1.00 11 24 1.1367 -0.0253 0.001960
115.00 P 20260814 -1.00 -1.00 147 368 0.9964 -0.0168 0.001553
116.00 P 20260814 -1.00 -1.00 2 3 1.6823 -0.0938 0.003757
117.00 P 20260814 -1.00 -1.00 18 24 1.0791 -0.0295 0.002332
118.00 P 20260814 -1.00 -1.00 6 46 1.0797 -0.0337 0.002586
119.00 P 20260814 -1.00 -1.00 6 6 1.0159 -0.0290 0.002443
120.00 P 20260814 -1.00 -1.00 96 414 0.9825 -0.0284 0.002484
110.00 C 20260821 -1.00 -1.00 1 64 0.7068 0.9951 0.000526
115.00 C 20260821 -1.00 -1.00 2 752 0.8516 0.9745 0.002001
120.00 C 20260821 -1.00 -1.00 13 1511 0.7601 0.9706 0.002509
110.00 P 20260821 -1.00 -1.00 301 2114 0.9878 -0.0278 0.001867
115.00 P 20260821 -1.00 -1.00 154 1435 0.9212 -0.0362 0.002472
120.00 P 20260821 -1.00 -1.00 278 2512 0.9303 -0.0562 0.003551
175.00 C 20260807 -1.00 -1.00 1167 219 0.9487 0.1821 0.018740
177.50 C 20260807 -1.00 -1.00 109 73 0.9824 0.1482 0.016033
180.00 C 20260807 -1.00 -1.00 1017 997 0.9539 0.1109 0.013317
182.50 C 20260807 -1.00 -1.00 182 4 0.9797 0.0888 0.011048
185.00 C 20260807 -1.00 -1.00 496 407 0.9420 0.0595 0.008434
175.00 P 20260807 -1.00 -1.00 12 109 1.1681 -0.7661 0.017894
177.50 P 20260807 -1.00 -1.00 1 8 1.1304 -0.8111 0.016132
180.00 P 20260807 -1.00 -1.00 4 44 1.1769 -0.8361 0.014238
182.50 P 20260807 -1.00 -1.00 2 0 1.2319 -0.8561 0.012618
185.00 P 20260807 -1.00 -1.00 6 20 1.2681 -0.8715 0.011231
175.00 C 20260814 -1.00 -1.00 415 268 0.8513 0.3031 0.015404
180.00 C 20260814 -1.00 -1.00 446 440 0.8541 0.2367 0.013670
185.00 C 20260814 -1.00 -1.00 111 190 0.8605 0.1847 0.011614
175.00 P 20260814 -1.00 -1.00 5 92 0.9091 -0.6823 0.014765
180.00 P 20260814 -1.00 -1.00 2 238 0.9259 -0.7452 0.013283
185.00 P 20260814 -1.00 -1.00 5 118 0.8629 -0.8157 0.011670
175.00 C 20260821 -1.00 -1.00 531 1664 0.8139 0.3517 0.013206
177.50 C 20260821 -1.00 -1.00 23 68 0.8701 0.3378 0.012133
180.00 C 20260821 -1.00 -1.00 762 1967 0.8255 0.2974 0.012133
185.00 C 20260821 -1.00 -1.00 476 1903 0.8354 0.2480 0.011046
175.00 P 20260821 -1.00 -1.00 23 920 0.8750 -0.6349 0.012535
177.50 P 20260821 -1.00 -1.00 7 11 0.8737 -0.6622 0.012143
180.00 P 20260821 -1.00 -1.00 32 1627 0.8586 -0.6936 0.011875
185.00 P 20260821 -1.00 -1.00 7 638 0.8395 -0.7522 0.011084
90.00 C 20260807 -1.00 -1.00 1 1 -1.0000 -1.0000 -1.000000
93.00 C 20260807 -1.00 -1.00 4 0 -1.0000 -1.0000 -1.000000
94.00 C 20260807 -1.00 -1.00 7 2 -1.0000 -1.0000 -1.000000
95.00 C 20260807 -1.00 -1.00 7 5 -1.0000 -1.0000 -1.000000
96.00 C 20260807 -1.00 -1.00 2 2 -1.0000 -1.0000 -1.000000
97.00 C 20260807 -1.00 -1.00 2 4 -1.0000 -1.0000 -1.000000
98.00 C 20260807 -1.00 -1.00 24 2 -1.0000 -1.0000 -1.000000
99.00 C 20260807 -1.00 -1.00 26 5 -1.0000 -1.0000 -1.000000
100.00 C 20260807 -1.00 -1.00 12 5 -1.0000 -1.0000 -1.000000
101.00 C 20260807 -1.00 -1.00 14 0 -1.0000 -1.0000 -1.000000
102.00 C 20260807 -1.00 -1.00 14 0 -1.0000 -1.0000 -1.000000
103.00 C 20260807 -1.00 -1.00 8 71 -1.0000 -1.0000 -1.000000
104.00 C 20260807 -1.00 -1.00 7 1 -1.0000 -1.0000 -1.000000
105.00 C 20260807 -1.00 -1.00 15 2 -1.0000 -1.0000 -1.000000
106.00 C 20260807 -1.00 -1.00 8 0 -1.0000 -1.0000 -1.000000
107.00 C 20260807 -1.00 -1.00 1 1 -1.0000 -1.0000 -1.000000
90.00 P 20260807 -1.00 -1.00 2 51 2.4885 -0.0036 0.000286
93.00 P 20260807 -1.00 -1.00 1 1 -1.0000 -1.0000 -1.000000
94.00 P 20260807 -1.00 -1.00 1 1 -1.0000 -1.0000 -1.000000
95.00 P 20260807 -1.00 -1.00 12 301 2.0809 -0.0020 0.000202
96.00 P 20260807 -1.00 -1.00 3 2 -1.0000 -1.0000 -1.000000
97.00 P 20260807 -1.00 -1.00 11 136 2.1449 -0.0033 0.000311
98.00 P 20260807 -1.00 -1.00 1 19 2.1035 -0.0034 0.000322
99.00 P 20260807 -1.00 -1.00 11 11 2.5675 -0.0148 0.000974
100.00 P 20260807 -1.00 -1.00 31 578 2.5370 -0.0156 0.001031
101.00 P 20260807 -1.00 -1.00 2 186 1.8045 -0.0018 0.000206
102.00 P 20260807 -1.00 -1.00 3 70 1.8221 -0.0023 0.000261
103.00 P 20260807 -1.00 -1.00 18 20 2.4556 -0.0183 0.001225
104.00 P 20260807 -1.00 -1.00 11 71 1.9404 -0.0054 0.000532
105.00 P 20260807 -1.00 -1.00 142 251 1.8062 -0.0034 0.000379
106.00 P 20260807 -1.00 -1.00 37 24 1.7681 -0.0035 0.000393
107.00 P 20260807 -1.00 -1.00 19 70 1.9190 -0.0078 0.000747
88.00 C 20260814 -1.00 -1.00 -1 0 -1.0000 -1.0000 -1.000000
89.00 C 20260814 -1.00 -1.00 -1 0 -1.0000 -1.0000 -1.000000
90.00 C 20260814 -1.00 -1.00 2 32 -1.0000 -1.0000 -1.000000
91.00 C 20260814 -1.00 -1.00 -1 0 -1.0000 -1.0000 -1.000000
92.00 C 20260814 -1.00 -1.00 -1 0 -1.0000 -1.0000 -1.000000
93.00 C 20260814 -1.00 -1.00 -1 0 -1.0000 -1.0000 -1.000000
94.00 C 20260814 -1.00 -1.00 -1 0 -1.0000 -1.0000 -1.000000
95.00 C 20260814 -1.00 -1.00 1 1 -1.0000 -1.0000 -1.000000
96.00 C 20260814 -1.00 -1.00 -1 0 -1.0000 -1.0000 -1.000000
97.00 C 20260814 -1.00 -1.00 -1 0 -1.0000 -1.0000 -1.000000
98.00 C 20260814 -1.00 -1.00 -1 0 -1.0000 -1.0000 -1.000000
99.00 C 20260814 -1.00 -1.00 -1 0 -1.0000 -1.0000 -1.000000
100.00 C 20260814 -1.00 -1.00 6 43 -1.0000 -1.0000 -1.000000
101.00 C 20260814 -1.00 -1.00 -1 0 -1.0000 -1.0000 -1.000000
102.00 C 20260814 -1.00 -1.00 -1 0 -1.0000 -1.0000 -1.000000
103.00 C 20260814 -1.00 -1.00 -1 0 -1.0000 -1.0000 -1.000000
104.00 C 20260814 -1.00 -1.00 -1 0 -1.0000 -1.0000 -1.000000
105.00 C 20260814 -1.00 -1.00 1 1 -1.0000 -1.0000 -1.000000
106.00 C 20260814 -1.00 -1.00 -1 0 -1.0000 -1.0000 -1.000000
107.00 C 20260814 -1.00 -1.00 -1 0 -1.0000 -1.0000 -1.000000
88.00 P 20260814 -1.00 -1.00 -1 0 -1.0000 -1.0000 -1.000000
89.00 P 20260814 -1.00 -1.00 -1 0 -1.0000 -1.0000 -1.000000
90.00 P 20260814 -1.00 -1.00 15 371 1.5257 -0.0071 0.000481
91.00 P 20260814 -1.00 -1.00 -1 0 1.8102 -0.0192 0.000972
92.00 P 20260814 -1.00 -1.00 -1 0 1.8002 -0.0203 0.001025
93.00 P 20260814 -1.00 -1.00 1 1 1.7806 -0.0210 0.001068
94.00 P 20260814 -1.00 -1.00 -1 0 2.1520 -0.0446 0.001651
95.00 P 20260814 -1.00 -1.00 40 344 1.4480 -0.0091 0.000636
96.00 P 20260814 -1.00 -1.00 -1 0 1.6751 -0.0213 0.001151
97.00 P 20260814 -1.00 -1.00 -1 0 1.6567 -0.0220 0.001201
98.00 P 20260814 -1.00 -1.00 -1 0 1.6380 -0.0232 0.001265
99.00 P 20260814 -1.00 -1.00 9 1 1.6477 -0.0268 0.001408
100.00 P 20260814 -1.00 -1.00 508 344 1.2147 -0.0065 0.000555
101.00 P 20260814 -1.00 -1.00 -1 0 1.6738 -0.0345 0.001699
102.00 P 20260814 -1.00 -1.00 -1 0 1.8714 -0.0498 0.002087
103.00 P 20260814 -1.00 -1.00 -1 0 1.8499 -0.0520 0.002177
104.00 P 20260814 -1.00 -1.00 -1 0 1.7890 -0.0503 0.002201
105.00 P 20260814 -1.00 -1.00 138 279 1.2684 -0.0160 0.001173
106.00 P 20260814 -1.00 -1.00 -1 0 1.7723 -0.0573 0.002440
107.00 P 20260814 -1.00 -1.00 3 2 1.5424 -0.0420 0.002178
87.50 C 20260821 -1.00 -1.00 18 2 -1.0000 -1.0000 -1.000000
90.00 C 20260821 -1.00 -1.00 1 79 -1.0000 -1.0000 -1.000000
92.50 C 20260821 -1.00 -1.00 2 59 -1.0000 -1.0000 -1.000000
95.00 C 20260821 -1.00 -1.00 1 60 -1.0000 -1.0000 -1.000000
97.50 C 20260821 -1.00 -1.00 1 71 -1.0000 -1.0000 -1.000000
100.00 C 20260821 -1.00 -1.00 13 309 0.7164 0.9990 0.000084
105.00 C 20260821 -1.00 -1.00 8 90 0.8014 0.9948 0.000492
87.50 P 20260821 -1.00 -1.00 8 436 1.3591 -0.0126 0.000682
90.00 P 20260821 -1.00 -1.00 18 381 1.1391 -0.0060 0.000424
92.50 P 20260821 -1.00 -1.00 7 167 1.2240 -0.0123 0.000745
95.00 P 20260821 -1.00 -1.00 182 718 1.0519 -0.0068 0.000519
97.50 P 20260821 -1.00 -1.00 59 289 1.0402 -0.0083 0.000632
100.00 P 20260821 -1.00 -1.00 103 2811 1.1183 -0.0175 0.001111
105.00 P 20260821 -1.00 -1.00 62 1480 0.9839 -0.0166 0.001198
187.50 C 20260807 -1.00 -1.00 75 92 0.9802 0.0503 0.007066
190.00 C 20260807 -1.00 -1.00 105 450 0.9712 0.0331 0.005153
192.50 C 20260807 -1.00 -1.00 8 32 1.0527 0.0339 0.004849
195.00 C 20260807 -1.00 -1.00 56 106 1.1720 0.0415 0.005089
197.50 C 20260807 -1.00 -1.00 3 83 1.1712 0.0315 0.004075
200.00 C 20260807 -1.00 -1.00 409 434 1.0859 0.0157 0.002431
202.50 C 20260807 -1.00 -1.00 18 70 1.4499 0.0494 0.004708
205.00 C 20260807 -1.00 -1.00 1 81 0.9664 0.0034 0.000696
187.50 P 20260807 -1.00 -1.00 1 6 1.2423 -0.8986 0.009636
190.00 P 20260807 -1.00 -1.00 1 5 1.3565 -0.8964 0.008958
192.50 P 20260807 -1.00 -1.00 1 0 1.4084 -0.9059 0.008062
195.00 P 20260807 -1.00 -1.00 1 3 1.4682 -0.9130 0.007328
197.50 P 20260807 -1.00 -1.00 4 0 1.5271 -0.9196 0.006687
200.00 P 20260807 -1.00 -1.00 2 6 1.6008 -0.9224 0.006228
202.50 P 20260807 -1.00 -1.00 1 0 1.6337 -0.9281 0.005722
205.00 P 20260807 -1.00 -1.00 5 0 1.6806 -0.9319 0.005312
190.00 C 20260814 -1.00 -1.00 257 163 0.8827 0.1433 0.009707
195.00 C 20260814 -1.00 -1.00 239 240 0.8813 0.1089 0.007911
200.00 C 20260814 -1.00 -1.00 769 204 0.9008 0.0814 0.006329
205.00 C 20260814 -1.00 -1.00 48 120 0.9102 0.0636 0.005120
190.00 P 20260814 -1.00 -1.00 2 135 0.9461 -0.8382 0.009885
195.00 P 20260814 -1.00 -1.00 3 53 0.9224 -0.8806 0.008217
200.00 P 20260814 -1.00 -1.00 1 69 0.9775 -0.8965 0.007009
205.00 P 20260814 -1.00 -1.00 2 0 1.0261 -0.9122 0.005982
190.00 C 20260821 -1.00 -1.00 2128 1847 0.8400 0.2077 0.009821
195.00 C 20260821 -1.00 -1.00 347 1200 0.8425 0.1670 0.008622
200.00 C 20260821 -1.00 -1.00 965 4578 0.8500 0.1379 0.007507
205.00 C 20260821 -1.00 -1.00 41 142 0.8542 0.1128 0.006437
190.00 P 20260821 -1.00 -1.00 10 1521 0.8745 -0.7824 0.009807
195.00 P 20260821 -1.00 -1.00 5 663 0.8762 -0.8220 0.008717
200.00 P 20260821 -1.00 -1.00 203 1192 0.9081 -0.8479 0.007703
205.00 P 20260821 -1.00 -1.00 3 2 0.8902 -0.8782 0.006698
60.00 C 20260807 -1.00 -1.00 32 0 -1.0000 -1.0000 -1.000000
65.00 C 20260807 -1.00 -1.00 32 0 -1.0000 -1.0000 -1.000000
70.00 C 20260807 -1.00 -1.00 40 0 -1.0000 -1.0000 -1.000000
75.00 C 20260807 -1.00 -1.00 2 0 -1.0000 -1.0000 -1.000000
80.00 C 20260807 -1.00 -1.00 2 0 -1.0000 -1.0000 -1.000000
85.00 C 20260807 -1.00 -1.00 4 1 -1.0000 -1.0000 -1.000000
60.00 P 20260807 -1.00 -1.00 1 1 -1.0000 -1.0000 -1.000000
65.00 P 20260807 -1.00 -1.00 -1 0 -1.0000 -1.0000 -1.000000
70.00 P 20260807 -1.00 -1.00 -1 0 -1.0000 -1.0000 -1.000000
75.00 P 20260807 -1.00 -1.00 -1 0 -1.0000 -1.0000 -1.000000
80.00 P 20260807 -1.00 -1.00 5 23 3.1646 -0.0053 0.000319
85.00 P 20260807 -1.00 -1.00 10 279 2.4866 -0.0017 0.000144
60.00 C 20260814 -1.00 -1.00 -1 0 -1.0000 -1.0000 -1.000000
65.00 C 20260814 -1.00 -1.00 -1 0 -1.0000 -1.0000 -1.000000
70.00 C 20260814 -1.00 -1.00 -1 0 -1.0000 -1.0000 -1.000000
75.00 C 20260814 -1.00 -1.00 -1 0 -1.0000 -1.0000 -1.000000
80.00 C 20260814 -1.00 -1.00 -1 0 -1.0000 -1.0000 -1.000000
85.00 C 20260814 -1.00 -1.00 2 2 -1.0000 -1.0000 -1.000000
86.00 C 20260814 -1.00 -1.00 -1 0 -1.0000 -1.0000 -1.000000
87.00 C 20260814 -1.00 -1.00 -1 0 -1.0000 -1.0000 -1.000000
60.00 P 20260814 -1.00 -1.00 -1 0 -1.0000 -1.0000 -1.000000
65.00 P 20260814 -1.00 -1.00 -1 0 -1.0000 -1.0000 -1.000000
70.00 P 20260814 -1.00 -1.00 1 1 -1.0000 -1.0000 -1.000000
75.00 P 20260814 -1.00 -1.00 -1 0 -1.0000 -1.0000 -1.000000
80.00 P 20260814 -1.00 -1.00 1 32 1.9331 -0.0087 0.000456
85.00 P 20260814 -1.00 -1.00 26 46 1.7805 -0.0096 0.000540
86.00 P 20260814 -1.00 -1.00 -1 0 -1.0000 -1.0000 -1.000000
87.00 P 20260814 -1.00 -1.00 -1 0 -1.0000 -1.0000 -1.000000
60.00 C 20260821 -1.00 -1.00 1 48 -1.0000 -1.0000 -1.000000
65.00 C 20260821 -1.00 -1.00 1 45 -1.0000 -1.0000 -1.000000
70.00 C 20260821 -1.00 -1.00 13 82 -1.0000 -1.0000 -1.000000
75.00 C 20260821 -1.00 -1.00 1 8 -1.0000 -1.0000 -1.000000
77.50 C 20260821 -1.00 -1.00 1 22 -1.0000 -1.0000 -1.000000
80.00 C 20260821 -1.00 -1.00 6 33 -1.0000 -1.0000 -1.000000
82.50 C 20260821 -1.00 -1.00 6 32 -1.0000 -1.0000 -1.000000
85.00 C 20260821 -1.00 -1.00 2 48 -1.0000 -1.0000 -1.000000
60.00 P 20260821 -1.00 -1.00 6 57 1.8079 -0.0027 0.000133
65.00 P 20260821 -1.00 -1.00 4 99 1.9547 -0.0084 0.000336
70.00 P 20260821 -1.00 -1.00 9 220 1.5664 -0.0039 0.000208
75.00 P 20260821 -1.00 -1.00 3 44 1.6129 -0.0078 0.000385
77.50 P 20260821 -1.00 -1.00 14 27 1.3179 -0.0026 0.000178
80.00 P 20260821 -1.00 -1.00 1 71 1.3675 -0.0055 0.000329
82.50 P 20260821 -1.00 -1.00 3 307 1.5706 -0.0156 0.000715
85.00 P 20260821 -1.00 -1.00 17 311 1.1669 -0.0033 0.000243
207.50 C 20260807 -1.00 -1.00 4 17 1.9599 0.0936 0.005744
210.00 C 20260807 -1.00 -1.00 11 202 1.0503 0.0031 0.000596
212.50 C 20260807 -1.00 -1.00 2 15 1.8403 0.0607 0.004373
215.00 C 20260807 -1.00 -1.00 15 108 1.6290 0.0311 0.002890
217.50 C 20260807 -1.00 -1.00 2 46 1.7905 0.0385 0.003156
220.00 C 20260807 -1.00 -1.00 111 1137 1.3837 0.0081 0.001054
222.50 C 20260807 -1.00 -1.00 1 44 1.9789 0.0452 0.003221
225.00 C 20260807 -1.00 -1.00 5 74 2.4024 0.0788 0.004144
227.50 C 20260807 -1.00 -1.00 10 336 2.0352 0.0374 0.002719
230.00 C 20260807 -1.00 -1.00 2 97 1.6591 0.0114 0.001197
232.50 C 20260807 -1.00 -1.00 1 59 1.7134 0.0116 0.001179
207.50 P 20260807 -1.00 -1.00 1 0 1.7994 -0.9277 0.005207
210.00 P 20260807 -1.00 -1.00 5 0 1.8017 -0.9358 0.004720
212.50 P 20260807 -1.00 -1.00 2 0 1.8898 -0.9345 0.004572
215.00 P 20260807 -1.00 -1.00 5 0 1.9199 -0.9391 0.004242
217.50 P 20260807 -1.00 -1.00 1 0 2.0064 -0.9376 0.004134
220.00 P 20260807 -1.00 -1.00 1 1 2.0355 -0.9419 0.003849
222.50 P 20260807 -1.00 -1.00 1 0 2.0923 -0.9432 0.003679
225.00 P 20260807 -1.00 -1.00 2 0 2.1624 -0.9430 0.003568
227.50 P 20260807 -1.00 -1.00 2 0 2.2318 -0.9428 0.003466
230.00 P 20260807 -1.00 -1.00 1 0 2.2729 -0.9452 0.003290
232.50 P 20260807 -1.00 -1.00 2 0 2.3272 -0.9462 0.003167
210.00 C 20260814 -1.00 -1.00 2 322 0.7380 0.0159 0.002011
215.00 C 20260814 -1.00 -1.00 5 58 0.9746 0.0421 0.003450
220.00 C 20260814 -1.00 -1.00 48 268 1.0207 0.0366 0.002963
225.00 C 20260814 -1.00 -1.00 4 54 1.0501 0.0322 0.002568
230.00 C 20260814 -1.00 -1.00 8 73 1.2696 0.0561 0.003310
210.00 P 20260814 -1.00 -1.00 1 0 1.0657 -0.9252 0.005144
215.00 P 20260814 -1.00 -1.00 4 0 1.0916 -0.9359 0.004440
220.00 P 20260814 -1.00 -1.00 1 0 1.1562 -0.9388 0.004038
225.00 P 20260814 -1.00 -1.00 1 0 1.1800 -0.9485 0.003474
230.00 P 20260814 -1.00 -1.00 1 0 1.2105 -0.9565 0.003003
210.00 C 20260821 -1.00 -1.00 271 1175 0.8690 0.0916 0.005475
215.00 C 20260821 -1.00 -1.00 32 127 0.8827 0.0759 0.004690
220.00 C 20260821 -1.00 -1.00 358 3162 0.8838 0.0619 0.003959
225.00 C 20260821 -1.00 -1.00 4 20 0.9155 0.0554 0.003497
230.00 C 20260821 -1.00 -1.00 324 2287 0.9138 0.0413 0.002799
210.00 P 20260821 -1.00 -1.00 3 202 0.9081 -0.8978 0.005827
215.00 P 20260821 -1.00 -1.00 31 0 0.9608 -0.9048 0.005255
220.00 P 20260821 -1.00 -1.00 2 26 0.9300 -0.9307 0.004353
225.00 P 20260821 -1.00 -1.00 5 0 0.9847 -0.9322 0.004037
230.00 P 20260821 -1.00 -1.00 146 44 0.9776 -0.9467 0.003421
