# opt_chain WDC | epoch 1785861463 | 2026-08-04 12:37:43 | spot 553.06 | exps 20260807 20260814 20260821
# fuente polygon_snapshot_v3 | greeks polygon_directo | iv polygon_directo | oi polygon_directo | vol day.volume(-1 si no cotizo) | bid/ask NO_ENTITLED(-1) | spot_src ibkr_bridge spot_edad_s 222 | band 0.6000 vencimientos 3 exp_hasta 2026-08-21
# strike right exp bid ask vol oi iv delta gamma
332.50 C 20260807 -1.00 -1.00 -1 0 -1.0000 -1.0000 -1.000000
335.00 C 20260807 -1.00 -1.00 1 1 -1.0000 -1.0000 -1.000000
337.50 C 20260807 -1.00 -1.00 1 0 -1.0000 -1.0000 -1.000000
340.00 C 20260807 -1.00 -1.00 1 12 -1.0000 -1.0000 -1.000000
342.50 C 20260807 -1.00 -1.00 -1 0 -1.0000 -1.0000 -1.000000
345.00 C 20260807 -1.00 -1.00 3 3 -1.0000 -1.0000 -1.000000
347.50 C 20260807 -1.00 -1.00 -1 0 -1.0000 -1.0000 -1.000000
350.00 C 20260807 -1.00 -1.00 -1 1 -1.0000 -1.0000 -1.000000
352.50 C 20260807 -1.00 -1.00 1 0 -1.0000 -1.0000 -1.000000
355.00 C 20260807 -1.00 -1.00 4 4 -1.0000 -1.0000 -1.000000
357.50 C 20260807 -1.00 -1.00 -1 0 -1.0000 -1.0000 -1.000000
360.00 C 20260807 -1.00 -1.00 6 30 -1.0000 -1.0000 -1.000000
362.50 C 20260807 -1.00 -1.00 -1 0 -1.0000 -1.0000 -1.000000
365.00 C 20260807 -1.00 -1.00 -1 0 -1.0000 -1.0000 -1.000000
367.50 C 20260807 -1.00 -1.00 -1 0 -1.0000 -1.0000 -1.000000
370.00 C 20260807 -1.00 -1.00 25 44 -1.0000 -1.0000 -1.000000
372.50 C 20260807 -1.00 -1.00 57 22 -1.0000 -1.0000 -1.000000
375.00 C 20260807 -1.00 -1.00 82 34 -1.0000 -1.0000 -1.000000
377.50 C 20260807 -1.00 -1.00 50 6 -1.0000 -1.0000 -1.000000
380.00 C 20260807 -1.00 -1.00 36 6 -1.0000 -1.0000 -1.000000
382.50 C 20260807 -1.00 -1.00 14 1 -1.0000 -1.0000 -1.000000
385.00 C 20260807 -1.00 -1.00 18 7 -1.0000 -1.0000 -1.000000
387.50 C 20260807 -1.00 -1.00 50 14 -1.0000 -1.0000 -1.000000
390.00 C 20260807 -1.00 -1.00 2 15 -1.0000 -1.0000 -1.000000
392.50 C 20260807 -1.00 -1.00 6 1 -1.0000 -1.0000 -1.000000
395.00 C 20260807 -1.00 -1.00 16 5 -1.0000 -1.0000 -1.000000
397.50 C 20260807 -1.00 -1.00 12 2 -1.0000 -1.0000 -1.000000
400.00 C 20260807 -1.00 -1.00 42 54 -1.0000 -1.0000 -1.000000
402.50 C 20260807 -1.00 -1.00 112 13 -1.0000 -1.0000 -1.000000
405.00 C 20260807 -1.00 -1.00 80 25 -1.0000 -1.0000 -1.000000
407.50 C 20260807 -1.00 -1.00 2 3 -1.0000 -1.0000 -1.000000
410.00 C 20260807 -1.00 -1.00 24 18 -1.0000 -1.0000 -1.000000
412.50 C 20260807 -1.00 -1.00 48 15 -1.0000 -1.0000 -1.000000
415.00 C 20260807 -1.00 -1.00 27 10 1.2655 0.9928 0.000297
417.50 C 20260807 -1.00 -1.00 -1 0 -1.0000 -1.0000 -1.000000
420.00 C 20260807 -1.00 -1.00 6 7 0.9754 0.9990 0.000064
422.50 C 20260807 -1.00 -1.00 48 1 1.2926 0.9884 0.000449
425.00 C 20260807 -1.00 -1.00 58 23 1.2431 0.9898 0.000420
427.50 C 20260807 -1.00 -1.00 168 0 1.5423 0.9656 0.000942
430.00 C 20260807 -1.00 -1.00 160 33 1.4153 0.9745 0.000813
432.50 C 20260807 -1.00 -1.00 4 4 1.4019 0.9728 0.000864
435.00 C 20260807 -1.00 -1.00 30 7 1.5253 0.9565 0.001154
437.50 C 20260807 -1.00 -1.00 28 0 1.4371 0.9614 0.001110
440.00 C 20260807 -1.00 -1.00 1 16 1.4861 0.9529 0.001266
442.50 C 20260807 -1.00 -1.00 18 33 1.6259 0.9350 0.001502
445.00 C 20260807 -1.00 -1.00 18 20 1.4213 0.9516 0.001354
447.50 C 20260807 -1.00 -1.00 1 34 1.6172 0.9248 0.001680
450.00 C 20260807 -1.00 -1.00 5 73 1.7150 0.9079 0.001847
452.50 C 20260807 -1.00 -1.00 2 62 1.7884 0.8951 0.001963
455.00 C 20260807 -1.00 -1.00 3 42 1.7986 0.8890 0.002044
457.50 C 20260807 -1.00 -1.00 6 34 1.7818 0.8853 0.002118
460.00 C 20260807 -1.00 -1.00 55 143 1.7206 0.8857 0.002187
462.50 C 20260807 -1.00 -1.00 6 9 1.7576 0.8734 0.002282
465.00 C 20260807 -1.00 -1.00 7 18 1.7431 0.8676 0.002367
467.50 C 20260807 -1.00 -1.00 7 14 1.8171 0.8508 0.002451
470.00 C 20260807 -1.00 -1.00 14 30 1.8124 0.8439 0.002533
472.50 C 20260807 -1.00 -1.00 10 9 1.7959 0.8382 0.002618
475.00 C 20260807 -1.00 -1.00 1 14 1.8048 0.8297 0.002698
477.50 C 20260807 -1.00 -1.00 13 20 1.8099 0.8217 0.002778
480.00 C 20260807 -1.00 -1.00 1 101 1.8032 0.8148 0.002863
482.50 C 20260807 -1.00 -1.00 1 1 1.8121 0.8065 0.002939
485.00 C 20260807 -1.00 -1.00 3 31 1.8016 0.7999 0.003028
487.50 C 20260807 -1.00 -1.00 1 6 1.8053 0.7909 0.003098
490.00 C 20260807 -1.00 -1.00 2 32 1.8035 0.7816 0.003166
492.50 C 20260807 -1.00 -1.00 2 10 1.8105 0.7713 0.003224
495.00 C 20260807 -1.00 -1.00 4 34 1.8203 0.7609 0.003278
497.50 C 20260807 -1.00 -1.00 2 3 1.7763 0.7556 0.003397
500.00 C 20260807 -1.00 -1.00 14 132 1.7600 0.7474 0.003487
502.50 C 20260807 -1.00 -1.00 2 2 1.7511 0.7384 0.003568
505.00 C 20260807 -1.00 -1.00 46 35 1.7639 0.7275 0.003619
507.50 C 20260807 -1.00 -1.00 6 9 1.7666 0.7176 0.003684
510.00 C 20260807 -1.00 -1.00 12 72 1.7419 0.7096 0.003792
512.50 C 20260807 -1.00 -1.00 2 43 1.7375 0.7000 0.003870
515.00 C 20260807 -1.00 -1.00 2 48 1.7459 0.6896 0.003926
517.50 C 20260807 -1.00 -1.00 1 23 1.7571 0.6792 0.003975
520.00 C 20260807 -1.00 -1.00 12 99 1.7573 0.6687 0.004021
522.50 C 20260807 -1.00 -1.00 4 13 1.7473 0.6584 0.004075
525.00 C 20260807 -1.00 -1.00 24 99 1.7336 0.6481 0.004138
527.50 C 20260807 -1.00 -1.00 2 34 1.7336 0.6371 0.004171
530.00 C 20260807 -1.00 -1.00 73 246 1.7188 0.6266 0.004239
532.50 C 20260807 -1.00 -1.00 18 29 1.7151 0.6156 0.004282
535.00 C 20260807 -1.00 -1.00 44 90 1.7274 0.6042 0.004285
537.50 C 20260807 -1.00 -1.00 9 39 1.7128 0.5934 0.004355
540.00 C 20260807 -1.00 -1.00 57 155 1.6896 0.5826 0.004448
542.50 C 20260807 -1.00 -1.00 16 21 1.7275 0.5711 0.004385
545.00 C 20260807 -1.00 -1.00 107 139 1.7251 0.5601 0.004424
547.50 C 20260807 -1.00 -1.00 51 24 1.7299 0.5491 0.004445
550.00 C 20260807 -1.00 -1.00 466 392 1.7336 0.5381 0.004469
552.50 C 20260807 -1.00 -1.00 75 91 1.7321 0.5273 0.004480
555.00 C 20260807 -1.00 -1.00 41 99 1.7292 0.5165 0.004475
557.50 C 20260807 -1.00 -1.00 9 28 1.7240 0.5056 0.004476
560.00 C 20260807 -1.00 -1.00 318 247 1.7103 0.4943 0.004499
562.50 C 20260807 -1.00 -1.00 22 123 1.7027 0.4831 0.004506
565.00 C 20260807 -1.00 -1.00 16 144 1.6916 0.4716 0.004522
567.50 C 20260807 -1.00 -1.00 5 75 1.6864 0.4603 0.004522
570.00 C 20260807 -1.00 -1.00 75 190 1.6896 0.4496 0.004501
572.50 C 20260807 -1.00 -1.00 19 15 1.6881 0.4385 0.004492
575.00 C 20260807 -1.00 -1.00 47 344 1.6901 0.4277 0.004473
577.50 C 20260807 -1.00 -1.00 11 12 1.6885 0.4166 0.004464
580.00 C 20260807 -1.00 -1.00 29 171 1.6882 0.4056 0.004452
582.50 C 20260807 -1.00 -1.00 3 25 1.7007 0.3959 0.004408
585.00 C 20260807 -1.00 -1.00 7 89 1.6964 0.3848 0.004399
587.50 C 20260807 -1.00 -1.00 2 6 1.6918 0.3751 0.004358
590.00 C 20260807 -1.00 -1.00 315 180 1.6858 0.3651 0.004319
592.50 C 20260807 -1.00 -1.00 11 5 1.6746 0.3545 0.004289
595.00 C 20260807 -1.00 -1.00 6 166 1.6767 0.3454 0.004233
597.50 C 20260807 -1.00 -1.00 1 34 1.6616 0.3341 0.004209
600.00 C 20260807 -1.00 -1.00 119 504 1.6783 0.3268 0.004127
602.50 C 20260807 -1.00 -1.00 20 13 1.6764 0.3171 0.004079
605.00 C 20260807 -1.00 -1.00 30 70 1.6720 0.3071 0.004034
607.50 C 20260807 -1.00 -1.00 4 13 1.6714 0.2976 0.003983
610.00 C 20260807 -1.00 -1.00 11 215 1.6709 0.2881 0.003931
612.50 C 20260807 -1.00 -1.00 4 28 1.6769 0.2796 0.003871
615.00 C 20260807 -1.00 -1.00 18 53 1.6816 0.2710 0.003813
617.50 C 20260807 -1.00 -1.00 2 14 1.6889 0.2629 0.003752
620.00 C 20260807 -1.00 -1.00 46 400 1.6947 0.2546 0.003694
622.50 C 20260807 -1.00 -1.00 14 54 1.6795 0.2456 0.003640
625.00 C 20260807 -1.00 -1.00 411 354 1.6746 0.2379 0.003575
627.50 C 20260807 -1.00 -1.00 7 5 1.6748 0.2309 0.003506
630.00 C 20260807 -1.00 -1.00 25 214 1.6682 0.2229 0.003441
632.50 C 20260807 -1.00 -1.00 1 12 1.6650 0.2154 0.003373
635.00 C 20260807 -1.00 -1.00 17 79 1.6584 0.2072 0.003306
637.50 C 20260807 -1.00 -1.00 4 55 1.6586 0.2002 0.003236
640.00 C 20260807 -1.00 -1.00 19 168 1.6638 0.1940 0.003165
642.50 C 20260807 -1.00 -1.00 1 13 1.6523 0.1849 0.003096
645.00 C 20260807 -1.00 -1.00 5 153 1.6575 0.1788 0.003026
647.50 C 20260807 -1.00 -1.00 1 8 1.6677 0.1736 0.002956
650.00 C 20260807 -1.00 -1.00 122 499 1.6662 0.1663 0.002887
652.50 C 20260807 -1.00 -1.00 6 24 1.6779 0.1616 0.002820
655.00 C 20260807 -1.00 -1.00 8 100 1.5523 0.1353 0.002701
657.50 C 20260807 -1.00 -1.00 1 3 1.6731 0.1480 0.002684
660.00 C 20260807 -1.00 -1.00 21 234 1.6551 0.1409 0.002613
662.50 C 20260807 -1.00 -1.00 2 14 1.6693 0.1384 0.002554
665.00 C 20260807 -1.00 -1.00 2 196 1.6391 0.1293 0.002471
667.50 C 20260807 -1.00 -1.00 1 2 1.6605 0.1280 0.002420
670.00 C 20260807 -1.00 -1.00 11 142 1.6550 0.1225 0.002350
675.00 C 20260807 -1.00 -1.00 6 153 1.6439 0.1116 0.002208
680.00 C 20260807 -1.00 -1.00 10 292 1.6499 0.1033 0.002082
685.00 C 20260807 -1.00 -1.00 8 67 1.6705 0.0977 0.001976
690.00 C 20260807 -1.00 -1.00 59 83 1.6691 0.0883 0.001845
695.00 C 20260807 -1.00 -1.00 4 26 1.6875 0.0826 0.001744
700.00 C 20260807 -1.00 -1.00 152 1452 1.6660 0.0738 0.001619
705.00 C 20260807 -1.00 -1.00 2 16 1.6751 0.0696 0.001534
710.00 C 20260807 -1.00 -1.00 33 242 1.6676 0.0637 0.001431
715.00 C 20260807 -1.00 -1.00 13 34 1.5808 0.0476 0.001195
720.00 C 20260807 -1.00 -1.00 37 158 1.6716 0.0539 0.001247
725.00 C 20260807 -1.00 -1.00 2 53 1.6788 0.0497 0.001164
730.00 C 20260807 -1.00 -1.00 4 121 1.6852 0.0455 0.001082
735.00 C 20260807 -1.00 -1.00 3 54 1.6666 0.0379 0.000954
740.00 C 20260807 -1.00 -1.00 12 320 1.6481 0.0335 0.000869
745.00 C 20260807 -1.00 -1.00 1 22 1.6798 0.0332 0.000846
750.00 C 20260807 -1.00 -1.00 30 301 1.6873 0.0313 0.000798
755.00 C 20260807 -1.00 -1.00 7 90 1.5992 0.0221 0.000625
760.00 C 20260807 -1.00 -1.00 2 42 2.0296 0.0578 0.001084
765.00 C 20260807 -1.00 -1.00 1 26 2.0577 0.0566 0.001053
770.00 C 20260807 -1.00 -1.00 1 17 1.9464 0.0402 0.000855
332.50 P 20260807 -1.00 -1.00 -1 0 2.5907 -0.0142 0.000264
335.00 P 20260807 -1.00 -1.00 14 77 2.7959 -0.0208 0.000345
337.50 P 20260807 -1.00 -1.00 2 2 2.7608 -0.0211 0.000354
340.00 P 20260807 -1.00 -1.00 33 298 2.0752 -0.0049 0.000129
342.50 P 20260807 -1.00 -1.00 24 30 2.6916 -0.0216 0.000371
345.00 P 20260807 -1.00 -1.00 1 219 2.1837 -0.0081 0.000194
347.50 P 20260807 -1.00 -1.00 6 64 2.0770 -0.0068 0.000174
350.00 P 20260807 -1.00 -1.00 12 370 2.1419 -0.0086 0.000209
352.50 P 20260807 -1.00 -1.00 77 86 2.1294 -0.0090 0.000220
355.00 P 20260807 -1.00 -1.00 42 97 2.0295 -0.0078 0.000203
357.50 P 20260807 -1.00 -1.00 178 89 2.1181 -0.0110 0.000262
360.00 P 20260807 -1.00 -1.00 2 130 2.1286 -0.0128 0.000296
362.50 P 20260807 -1.00 -1.00 11 54 2.0532 -0.0113 0.000275
365.00 P 20260807 -1.00 -1.00 26 119 1.9391 -0.0087 0.000234
367.50 P 20260807 -1.00 -1.00 12 11 2.6099 -0.0388 0.000616
370.00 P 20260807 -1.00 -1.00 1 192 1.9862 -0.0128 0.000317
372.50 P 20260807 -1.00 -1.00 18 13 1.9810 -0.0141 0.000344
375.00 P 20260807 -1.00 -1.00 55 332 1.9849 -0.0157 0.000377
377.50 P 20260807 -1.00 -1.00 2 2 2.0615 -0.0202 0.000452
380.00 P 20260807 -1.00 -1.00 11 314 1.9405 -0.0169 0.000410
382.50 P 20260807 -1.00 -1.00 2 19 1.9378 -0.0182 0.000440
385.00 P 20260807 -1.00 -1.00 19 118 1.9058 -0.0184 0.000451
387.50 P 20260807 -1.00 -1.00 91 167 1.9973 -0.0235 0.000537
390.00 P 20260807 -1.00 -1.00 4 262 1.9095 -0.0216 0.000520
392.50 P 20260807 -1.00 -1.00 1 4 2.0054 -0.0287 0.000627
395.00 P 20260807 -1.00 -1.00 16 290 1.9401 -0.0268 0.000614
397.50 P 20260807 -1.00 -1.00 12 24 1.9560 -0.0308 0.000680
400.00 P 20260807 -1.00 -1.00 26 793 1.9254 -0.0315 0.000703
402.50 P 20260807 -1.00 -1.00 1 10 1.9115 -0.0334 0.000742
405.00 P 20260807 -1.00 -1.00 9 125 1.8835 -0.0342 0.000768
407.50 P 20260807 -1.00 -1.00 13 14 1.9081 -0.0390 0.000844
410.00 P 20260807 -1.00 -1.00 15 223 1.8693 -0.0391 0.000864
412.50 P 20260807 -1.00 -1.00 11 23 1.9047 -0.0446 0.000946
415.00 P 20260807 -1.00 -1.00 22 121 1.8911 -0.0466 0.000989
417.50 P 20260807 -1.00 -1.00 9 36 2.1652 -0.0725 0.001220
420.00 P 20260807 -1.00 -1.00 102 140 1.8781 -0.0517 0.001088
422.50 P 20260807 -1.00 -1.00 33 34 1.8883 -0.0554 0.001148
425.00 P 20260807 -1.00 -1.00 12 266 1.8870 -0.0591 0.001209
427.50 P 20260807 -1.00 -1.00 1 13 1.8801 -0.0633 0.001274
430.00 P 20260807 -1.00 -1.00 34 277 1.8663 -0.0668 0.001334
432.50 P 20260807 -1.00 -1.00 5 31 1.9951 -0.0846 0.001488
435.00 P 20260807 -1.00 -1.00 11 110 1.8490 -0.0750 0.001466
437.50 P 20260807 -1.00 -1.00 3 26 1.8501 -0.0802 0.001540
440.00 P 20260807 -1.00 -1.00 23 364 1.8451 -0.0848 0.001611
442.50 P 20260807 -1.00 -1.00 2 25 1.8402 -0.0894 0.001682
445.00 P 20260807 -1.00 -1.00 17 184 1.8474 -0.0951 0.001760
447.50 P 20260807 -1.00 -1.00 3 43 1.8335 -0.0989 0.001828
450.00 P 20260807 -1.00 -1.00 98 613 1.8377 -0.1044 0.001904
452.50 P 20260807 -1.00 -1.00 5 50 1.8628 -0.1117 0.001984
455.00 P 20260807 -1.00 -1.00 19 99 1.8469 -0.1158 0.002056
457.50 P 20260807 -1.00 -1.00 28 31 1.8421 -0.1225 0.002133
460.00 P 20260807 -1.00 -1.00 23 328 1.8313 -0.1286 0.002211
462.50 P 20260807 -1.00 -1.00 8 36 1.8166 -0.1342 0.002290
465.00 P 20260807 -1.00 -1.00 43 152 1.7922 -0.1387 0.002371
467.50 P 20260807 -1.00 -1.00 1 265 1.8072 -0.1480 0.002453
470.00 P 20260807 -1.00 -1.00 30 180 1.8006 -0.1548 0.002536
472.50 P 20260807 -1.00 -1.00 1 32 1.7979 -0.1620 0.002619
475.00 P 20260807 -1.00 -1.00 17 114 1.7894 -0.1687 0.002704
477.50 P 20260807 -1.00 -1.00 3 14 1.7964 -0.1770 0.002784
480.00 P 20260807 -1.00 -1.00 75 138 1.7783 -0.1827 0.002876
482.50 P 20260807 -1.00 -1.00 7 42 1.8027 -0.1927 0.002946
485.00 P 20260807 -1.00 -1.00 19 116 1.7924 -0.1993 0.003035
487.50 P 20260807 -1.00 -1.00 11 60 1.7864 -0.2070 0.003118
490.00 P 20260807 -1.00 -1.00 9 700 1.7832 -0.2162 0.003188
492.50 P 20260807 -1.00 -1.00 49 63 1.7698 -0.2245 0.003270
495.00 P 20260807 -1.00 -1.00 25 106 1.7608 -0.2333 0.003349
497.50 P 20260807 -1.00 -1.00 24 68 1.7723 -0.2441 0.003404
500.00 P 20260807 -1.00 -1.00 89 240 1.7445 -0.2513 0.003509
502.50 P 20260807 -1.00 -1.00 5 14 1.7589 -0.2624 0.003559
505.00 P 20260807 -1.00 -1.00 4 183 1.7327 -0.2700 0.003667
507.50 P 20260807 -1.00 -1.00 1 80 1.7441 -0.2808 0.003720
510.00 P 20260807 -1.00 -1.00 24 82 1.7353 -0.2900 0.003804
512.50 P 20260807 -1.00 -1.00 2 194 1.7410 -0.3003 0.003866
515.00 P 20260807 -1.00 -1.00 3 80 1.7523 -0.3108 0.003916
517.50 P 20260807 -1.00 -1.00 12 57 1.7564 -0.3209 0.003978
520.00 P 20260807 -1.00 -1.00 13 130 1.7503 -0.3310 0.004037
522.50 P 20260807 -1.00 -1.00 4 23 1.7652 -0.3427 0.004037
525.00 P 20260807 -1.00 -1.00 3 136 1.7354 -0.3521 0.004136
527.50 P 20260807 -1.00 -1.00 11 181 1.7293 -0.3629 0.004183
530.00 P 20260807 -1.00 -1.00 38 152 1.7244 -0.3737 0.004228
532.50 P 20260807 -1.00 -1.00 16 25 1.7392 -0.3852 0.004226
535.00 P 20260807 -1.00 -1.00 14 97 1.7122 -0.3956 0.004324
537.50 P 20260807 -1.00 -1.00 5 5 1.7368 -0.4071 0.004298
540.00 P 20260807 -1.00 -1.00 11 102 1.7209 -0.4179 0.004370
542.50 P 20260807 -1.00 -1.00 6 22 1.7417 -0.4291 0.004351
545.00 P 20260807 -1.00 -1.00 28 36 1.7308 -0.4400 0.004412
547.50 P 20260807 -1.00 -1.00 11 15 1.7272 -0.4511 0.004454
550.00 P 20260807 -1.00 -1.00 620 91 1.7212 -0.4622 0.004504
552.50 P 20260807 -1.00 -1.00 23 23 1.7389 -0.4728 0.004464
555.00 P 20260807 -1.00 -1.00 2 35 1.7264 -0.4838 0.004485
557.50 P 20260807 -1.00 -1.00 2 2 1.7091 -0.4951 0.004517
560.00 P 20260807 -1.00 -1.00 9 64 1.7016 -0.5063 0.004524
562.50 P 20260807 -1.00 -1.00 3 2 1.7060 -0.5169 0.004500
565.00 P 20260807 -1.00 -1.00 1 35 1.6984 -0.5282 0.004507
567.50 P 20260807 -1.00 -1.00 1 3 1.6731 -0.5407 0.004560
570.00 P 20260807 -1.00 -1.00 1 16 1.6763 -0.5515 0.004538
572.50 P 20260807 -1.00 -1.00 -1 0 1.6867 -0.5618 0.004498
575.00 P 20260807 -1.00 -1.00 7 11 1.6887 -0.5726 0.004479
577.50 P 20260807 -1.00 -1.00 3 2 1.6919 -0.5833 0.004458
580.00 P 20260807 -1.00 -1.00 5 35 1.6939 -0.5941 0.004440
582.50 P 20260807 -1.00 -1.00 2 2 1.6877 -0.6057 0.004443
585.00 P 20260807 -1.00 -1.00 1 8 1.6879 -0.6162 0.004419
587.50 P 20260807 -1.00 -1.00 -1 0 1.6740 -0.6270 0.004397
590.00 P 20260807 -1.00 -1.00 8 44 1.6868 -0.6350 0.004319
592.50 P 20260807 -1.00 -1.00 -1 0 1.6770 -0.6455 0.004288
595.00 P 20260807 -1.00 -1.00 2 27 1.6632 -0.6565 0.004262
597.50 P 20260807 -1.00 -1.00 -1 0 1.6627 -0.6661 0.004210
600.00 P 20260807 -1.00 -1.00 4 71 1.6702 -0.6746 0.004144
602.50 P 20260807 -1.00 -1.00 2 2 1.6644 -0.6848 0.004102
605.00 P 20260807 -1.00 -1.00 1 18 1.6626 -0.6946 0.004053
607.50 P 20260807 -1.00 -1.00 -1 0 1.6529 -0.7055 0.004015
610.00 P 20260807 -1.00 -1.00 2 16 1.6721 -0.7120 0.003933
612.50 P 20260807 -1.00 -1.00 -1 0 1.6716 -0.7216 0.003882
615.00 P 20260807 -1.00 -1.00 1 10 1.6789 -0.7298 0.003820
617.50 P 20260807 -1.00 -1.00 -1 0 1.6770 -0.7395 0.003771
620.00 P 20260807 -1.00 -1.00 1 33 1.6907 -0.7463 0.003701
622.50 P 20260807 -1.00 -1.00 1 1 1.6807 -0.7546 0.003642
625.00 P 20260807 -1.00 -1.00 1 21 1.6707 -0.7631 0.003581
627.50 P 20260807 -1.00 -1.00 -1 0 1.6523 -0.7729 0.003524
630.00 P 20260807 -1.00 -1.00 1 14 1.6458 -0.7810 0.003457
632.50 P 20260807 -1.00 -1.00 10 10 1.6477 -0.7878 0.003385
635.00 P 20260807 -1.00 -1.00 3 7 1.6463 -0.7952 0.003314
637.50 P 20260807 -1.00 -1.00 -1 0 1.6415 -0.8032 0.003244
640.00 P 20260807 -1.00 -1.00 1 25 1.6401 -0.8106 0.003173
642.50 P 20260807 -1.00 -1.00 -1 0 1.6604 -0.8141 0.003100
645.00 P 20260807 -1.00 -1.00 1 60 1.6522 -0.8226 0.003030
647.50 P 20260807 -1.00 -1.00 -1 0 1.6557 -0.8291 0.002960
650.00 P 20260807 -1.00 -1.00 1 75 1.6625 -0.8348 0.002891
652.50 P 20260807 -1.00 -1.00 1 1 1.6710 -0.8403 0.002823
655.00 P 20260807 -1.00 -1.00 1 5 1.6552 -0.8504 0.002748
657.50 P 20260807 -1.00 -1.00 -1 0 1.6645 -0.8537 0.002686
660.00 P 20260807 -1.00 -1.00 7 50 1.6613 -0.8587 0.002620
662.50 P 20260807 -1.00 -1.00 2 1 1.8297 -0.8370 0.002609
665.00 P 20260807 -1.00 -1.00 1 2 1.8179 -0.8456 0.002549
667.50 P 20260807 -1.00 -1.00 -1 0 1.8818 -0.8401 0.002510
670.00 P 20260807 -1.00 -1.00 2 30 1.7766 -0.8603 0.002425
675.00 P 20260807 -1.00 -1.00 1 4 1.8679 -0.8565 0.002352
680.00 P 20260807 -1.00 -1.00 1 1 1.9122 -0.8588 0.002269
685.00 P 20260807 -1.00 -1.00 10 15 1.8493 -0.8752 0.002140
690.00 P 20260807 -1.00 -1.00 2 4 1.9102 -0.8747 0.002077
695.00 P 20260807 -1.00 -1.00 -1 0 1.9370 -0.8788 0.001999
700.00 P 20260807 -1.00 -1.00 5 4 1.7782 -0.9111 0.001754
705.00 P 20260807 -1.00 -1.00 -1 0 1.9252 -0.8960 0.001803
710.00 P 20260807 -1.00 -1.00 1 1 2.0114 -0.8911 0.001782
715.00 P 20260807 -1.00 -1.00 1 2 1.9253 -0.9115 0.001615
720.00 P 20260807 -1.00 -1.00 4 0 1.9943 -0.9084 0.001595
725.00 P 20260807 -1.00 -1.00 -1 0 2.0367 -0.9094 0.001551
730.00 P 20260807 -1.00 -1.00 1 1 2.0764 -0.9107 0.001507
735.00 P 20260807 -1.00 -1.00 2 2 2.0130 -0.9239 0.001384
740.00 P 20260807 -1.00 -1.00 2 0 2.0620 -0.9234 0.001357
745.00 P 20260807 -1.00 -1.00 -1 0 2.1775 -0.9166 0.001375
750.00 P 20260807 -1.00 -1.00 1 1 2.2209 -0.9169 0.001345
755.00 P 20260807 -1.00 -1.00 1 0 2.1349 -0.9285 0.001238
760.00 P 20260807 -1.00 -1.00 1 0 2.0989 -0.9358 0.001154
765.00 P 20260807 -1.00 -1.00 -1 0 2.1867 -0.9313 0.001169
770.00 P 20260807 -1.00 -1.00 20 0 2.1984 -0.9340 0.001126
332.50 C 20260814 -1.00 -1.00 -1 0 -1.0000 -1.0000 -1.000000
335.00 C 20260814 -1.00 -1.00 1 1 -1.0000 -1.0000 -1.000000
337.50 C 20260814 -1.00 -1.00 -1 0 -1.0000 -1.0000 -1.000000
340.00 C 20260814 -1.00 -1.00 -1 0 0.0011 1.0000 -0.000000
342.50 C 20260814 -1.00 -1.00 -1 0 1.4195 0.9836 0.000310
345.00 C 20260814 -1.00 -1.00 -1 0 0.0011 1.0000 0.000000
347.50 C 20260814 -1.00 -1.00 -1 0 1.2509 0.9910 0.000213
350.00 C 20260814 -1.00 -1.00 -1 0 1.0753 0.9962 0.000113
352.50 C 20260814 -1.00 -1.00 -1 0 0.9588 0.9982 0.000063
355.00 C 20260814 -1.00 -1.00 4 4 -1.0000 -1.0000 -1.000000
357.50 C 20260814 -1.00 -1.00 -1 0 0.9218 0.9983 0.000062
360.00 C 20260814 -1.00 -1.00 1 27 1.1586 0.9906 0.000238
362.50 C 20260814 -1.00 -1.00 -1 0 1.1999 0.9863 0.000314
365.00 C 20260814 -1.00 -1.00 -1 0 1.0802 0.9920 0.000220
367.50 C 20260814 -1.00 -1.00 -1 0 1.1502 0.9869 0.000315
370.00 C 20260814 -1.00 -1.00 3 3 1.1322 0.9867 0.000323
372.50 C 20260814 -1.00 -1.00 -1 0 1.1274 0.9856 0.000347
375.00 C 20260814 -1.00 -1.00 10 43 1.1291 0.9841 0.000380
377.50 C 20260814 -1.00 -1.00 -1 0 1.1891 0.9786 0.000468
380.00 C 20260814 -1.00 -1.00 1 21 1.1130 0.9823 0.000423
382.50 C 20260814 -1.00 -1.00 -1 0 1.1911 0.9756 0.000526
385.00 C 20260814 -1.00 -1.00 1 9 1.2197 0.9696 0.000610
387.50 C 20260814 -1.00 -1.00 -1 0 1.1438 0.9758 0.000544
390.00 C 20260814 -1.00 -1.00 1 41 1.1298 0.9751 0.000565
392.50 C 20260814 -1.00 -1.00 -1 0 1.1424 0.9707 0.000633
395.00 C 20260814 -1.00 -1.00 20 15 1.1043 0.9727 0.000619
397.50 C 20260814 -1.00 -1.00 -1 0 1.1264 0.9671 0.000705
400.00 C 20260814 -1.00 -1.00 3 13 1.1578 0.9605 0.000796
402.50 C 20260814 -1.00 -1.00 -1 0 1.1702 0.9564 0.000856
405.00 C 20260814 -1.00 -1.00 2 1 1.2600 0.9443 0.000980
407.50 C 20260814 -1.00 -1.00 -1 0 1.2365 0.9438 0.001006
410.00 C 20260814 -1.00 -1.00 4 3 1.2168 0.9426 0.001037
412.50 C 20260814 -1.00 -1.00 -1 0 1.1954 0.9418 0.001066
415.00 C 20260814 -1.00 -1.00 -1 0 1.1991 0.9367 0.001128
417.50 C 20260814 -1.00 -1.00 -1 0 1.2224 0.9285 0.001210
420.00 C 20260814 -1.00 -1.00 1 6 1.2349 0.9223 0.001276
422.50 C 20260814 -1.00 -1.00 -1 0 1.2456 0.9164 0.001338
425.00 C 20260814 -1.00 -1.00 1 2 1.2033 0.9182 0.001361
427.50 C 20260814 -1.00 -1.00 -1 0 1.1753 0.9180 0.001396
430.00 C 20260814 -1.00 -1.00 2 5 1.2018 0.9095 0.001474
432.50 C 20260814 -1.00 -1.00 -1 0 1.2404 0.8998 0.001550
435.00 C 20260814 -1.00 -1.00 4 6 1.2405 0.8954 0.001604
437.50 C 20260814 -1.00 -1.00 -1 0 1.2040 0.8959 0.001647
440.00 C 20260814 -1.00 -1.00 2 28 1.2215 0.8891 0.001708
442.50 C 20260814 -1.00 -1.00 -1 0 1.2186 0.8834 0.001766
445.00 C 20260814 -1.00 -1.00 1 1 1.2371 0.8737 0.001829
447.50 C 20260814 -1.00 -1.00 1 1 1.2167 0.8710 0.001885
450.00 C 20260814 -1.00 -1.00 2 9 1.2203 0.8640 0.001945
452.50 C 20260814 -1.00 -1.00 -1 0 1.2295 0.8561 0.002003
455.00 C 20260814 -1.00 -1.00 1 4 1.2228 0.8508 0.002063
457.50 C 20260814 -1.00 -1.00 -1 0 1.2705 0.8373 0.002107
460.00 C 20260814 -1.00 -1.00 29 801 1.2874 0.8288 0.002154
462.50 C 20260814 -1.00 -1.00 -1 0 1.2885 0.8226 0.002207
465.00 C 20260814 -1.00 -1.00 4 3 1.2862 0.8169 0.002262
467.50 C 20260814 -1.00 -1.00 -1 0 1.2829 0.8112 0.002318
470.00 C 20260814 -1.00 -1.00 1 28 1.2806 0.8054 0.002374
472.50 C 20260814 -1.00 -1.00 -1 0 1.2895 0.7970 0.002413
475.00 C 20260814 -1.00 -1.00 3 5 1.2726 0.7918 0.002475
477.50 C 20260814 -1.00 -1.00 -1 0 1.2802 0.7830 0.002510
480.00 C 20260814 -1.00 -1.00 10 60 1.2659 0.7773 0.002572
482.50 C 20260814 -1.00 -1.00 12 6 1.2643 0.7698 0.002619
485.00 C 20260814 -1.00 -1.00 1 18 1.2787 0.7602 0.002644
487.50 C 20260814 -1.00 -1.00 6 3 1.2804 0.7523 0.002686
490.00 C 20260814 -1.00 -1.00 1 12 1.2604 0.7469 0.002760
492.50 C 20260814 -1.00 -1.00 -1 0 1.2588 0.7393 0.002807
495.00 C 20260814 -1.00 -1.00 2 3 1.2531 0.7321 0.002862
497.50 C 20260814 -1.00 -1.00 -1 0 1.2706 0.7226 0.002878
500.00 C 20260814 -1.00 -1.00 17 498 1.2500 0.7167 0.002959
502.50 C 20260814 -1.00 -1.00 1 0 1.2756 0.7067 0.002958
505.00 C 20260814 -1.00 -1.00 2 6 1.3044 0.6968 0.002949
507.50 C 20260814 -1.00 -1.00 2 1 1.3077 0.6890 0.002985
510.00 C 20260814 -1.00 -1.00 55 83 1.3063 0.6812 0.003018
512.50 C 20260814 -1.00 -1.00 41 41 1.3262 0.6716 0.002996
515.00 C 20260814 -1.00 -1.00 4 67 1.3084 0.6645 0.003055
517.50 C 20260814 -1.00 -1.00 40 40 1.2991 0.6567 0.003097
520.00 C 20260814 -1.00 -1.00 1 44 1.2892 0.6489 0.003141
522.50 C 20260814 -1.00 -1.00 8 5 1.2956 0.6402 0.003147
525.00 C 20260814 -1.00 -1.00 1 16 1.2907 0.6320 0.003180
527.50 C 20260814 -1.00 -1.00 2 4 1.2851 0.6238 0.003214
530.00 C 20260814 -1.00 -1.00 14 26 1.2718 0.6157 0.003269
532.50 C 20260814 -1.00 -1.00 3 4 1.2747 0.6072 0.003283
535.00 C 20260814 -1.00 -1.00 4 29 1.2824 0.5986 0.003285
537.50 C 20260814 -1.00 -1.00 3 3 1.2748 0.5902 0.003326
540.00 C 20260814 -1.00 -1.00 6 53 1.2721 0.5817 0.003355
542.50 C 20260814 -1.00 -1.00 10 3 1.2735 0.5732 0.003372
545.00 C 20260814 -1.00 -1.00 130 40 1.2819 0.5649 0.003372
547.50 C 20260814 -1.00 -1.00 9 20 1.2750 0.5563 0.003412
550.00 C 20260814 -1.00 -1.00 54 667 1.2854 0.5481 0.003405
552.50 C 20260814 -1.00 -1.00 16 52 1.2853 0.5398 0.003412
555.00 C 20260814 -1.00 -1.00 34 248 1.2755 0.5313 0.003433
557.50 C 20260814 -1.00 -1.00 10 5 1.2760 0.5232 0.003426
560.00 C 20260814 -1.00 -1.00 11 47 1.2724 0.5148 0.003431
562.50 C 20260814 -1.00 -1.00 2 0 1.2634 0.5061 0.003449
565.00 C 20260814 -1.00 -1.00 1 10 1.2510 0.4970 0.003478
567.50 C 20260814 -1.00 -1.00 4 4 1.2563 0.4890 0.003458
570.00 C 20260814 -1.00 -1.00 9 79 1.2596 0.4810 0.003443
572.50 C 20260814 -1.00 -1.00 1 2 1.2601 0.4728 0.003436
575.00 C 20260814 -1.00 -1.00 21 98 1.2552 0.4641 0.003444
577.50 C 20260814 -1.00 -1.00 23 23 1.2484 0.4550 0.003456
580.00 C 20260814 -1.00 -1.00 22 116 1.2329 0.4450 0.003493
582.50 C 20260814 -1.00 -1.00 2 10 1.2375 0.4370 0.003474
585.00 C 20260814 -1.00 -1.00 2 21 1.2267 0.4272 0.003498
587.50 C 20260814 -1.00 -1.00 -1 0 1.2313 0.4194 0.003479
590.00 C 20260814 -1.00 -1.00 1 26 1.2306 0.4108 0.003475
592.50 C 20260814 -1.00 -1.00 -1 0 1.2325 0.4026 0.003464
595.00 C 20260814 -1.00 -1.00 15 15 1.2472 0.3965 0.003419
597.50 C 20260814 -1.00 -1.00 3 2 1.2283 0.3867 0.003433
600.00 C 20260814 -1.00 -1.00 44 165 1.2448 0.3820 0.003368
602.50 C 20260814 -1.00 -1.00 1 1 1.2214 0.3713 0.003390
605.00 C 20260814 -1.00 -1.00 15 31 1.2176 0.3635 0.003369
607.50 C 20260814 -1.00 -1.00 -1 0 1.2146 0.3557 0.003346
610.00 C 20260814 -1.00 -1.00 13 28 1.2265 0.3506 0.003292
612.50 C 20260814 -1.00 -1.00 1 0 1.2256 0.3433 0.003265
615.00 C 20260814 -1.00 -1.00 1 15 1.2226 0.3355 0.003242
617.50 C 20260814 -1.00 -1.00 4 2 1.2225 0.3283 0.003213
620.00 C 20260814 -1.00 -1.00 6 73 1.2321 0.3230 0.003167
622.50 C 20260814 -1.00 -1.00 1 0 1.2268 0.3148 0.003147
625.00 C 20260814 -1.00 -1.00 2 20 1.2312 0.3085 0.003111
630.00 C 20260814 -1.00 -1.00 7 40 1.2361 0.2953 0.003045
635.00 C 20260814 -1.00 -1.00 9 19 1.2389 0.2817 0.002985
640.00 C 20260814 -1.00 -1.00 195 36 1.2481 0.2698 0.002916
645.00 C 20260814 -1.00 -1.00 1 15 1.2476 0.2576 0.002850
650.00 C 20260814 -1.00 -1.00 66 132 1.2411 0.2459 0.002780
655.00 C 20260814 -1.00 -1.00 2 7 1.2328 0.2336 0.002709
660.00 C 20260814 -1.00 -1.00 12 100 1.2320 0.2229 0.002633
665.00 C 20260814 -1.00 -1.00 1 10 1.2321 0.2124 0.002555
670.00 C 20260814 -1.00 -1.00 8 6 1.2258 0.2003 0.002479
675.00 C 20260814 -1.00 -1.00 4 167 1.2296 0.1907 0.002401
680.00 C 20260814 -1.00 -1.00 2 32 1.2334 0.1811 0.002324
685.00 C 20260814 -1.00 -1.00 18 18 1.2354 0.1711 0.002247
690.00 C 20260814 -1.00 -1.00 1 23 1.2410 0.1622 0.002172
695.00 C 20260814 -1.00 -1.00 1 19 1.2381 0.1530 0.002098
700.00 C 20260814 -1.00 -1.00 52 150 1.2296 0.1446 0.002023
705.00 C 20260814 -1.00 -1.00 10 28 1.2266 0.1372 0.001948
710.00 C 20260814 -1.00 -1.00 1 14 1.2236 0.1297 0.001873
715.00 C 20260814 -1.00 -1.00 2 10 1.2207 0.1222 0.001797
720.00 C 20260814 -1.00 -1.00 1 38 1.2217 0.1156 0.001725
725.00 C 20260814 -1.00 -1.00 3 40 1.2215 0.1087 0.001651
730.00 C 20260814 -1.00 -1.00 4 59 1.1066 0.0757 0.001407
735.00 C 20260814 -1.00 -1.00 1 33 1.1818 0.0847 0.001440
740.00 C 20260814 -1.00 -1.00 3 69 1.1234 0.0701 0.001299
745.00 C 20260814 -1.00 -1.00 28 50 1.2186 0.0816 0.001360
750.00 C 20260814 -1.00 -1.00 16 149 1.2372 0.0807 0.001325
755.00 C 20260814 -1.00 -1.00 1 22 1.2142 0.0733 0.001246
760.00 C 20260814 -1.00 -1.00 2 10 1.2381 0.0733 0.001222
765.00 C 20260814 -1.00 -1.00 3 30 1.2394 0.0698 0.001172
770.00 C 20260814 -1.00 -1.00 10 23 1.2443 0.0668 0.001126
332.50 P 20260814 -1.00 -1.00 1 1 1.4939 -0.0154 0.000280
335.00 P 20260814 -1.00 -1.00 34 60 1.4882 -0.0163 0.000295
337.50 P 20260814 -1.00 -1.00 4 4 2.0251 -0.0510 0.000566
340.00 P 20260814 -1.00 -1.00 1 51 1.4631 -0.0174 0.000318
342.50 P 20260814 -1.00 -1.00 -1 0 1.4848 -0.0197 0.000349
345.00 P 20260814 -1.00 -1.00 12 26 1.9604 -0.0541 0.000611
347.50 P 20260814 -1.00 -1.00 45 27 1.9248 -0.0539 0.000621
350.00 P 20260814 -1.00 -1.00 21 59 1.5208 -0.0267 0.000440
352.50 P 20260814 -1.00 -1.00 -1 0 1.8971 -0.0574 0.000660
355.00 P 20260814 -1.00 -1.00 34 18 1.3366 -0.0181 0.000360
357.50 P 20260814 -1.00 -1.00 18 9 1.6202 -0.0410 0.000589
360.00 P 20260814 -1.00 -1.00 15 43 1.3824 -0.0231 0.000433
362.50 P 20260814 -1.00 -1.00 10 9 1.5855 -0.0427 0.000623
365.00 P 20260814 -1.00 -1.00 1 16 1.4220 -0.0314 0.000537
367.50 P 20260814 -1.00 -1.00 94 42 1.5527 -0.0445 0.000659
370.00 P 20260814 -1.00 -1.00 11 25 1.3701 -0.0312 0.000554
372.50 P 20260814 -1.00 -1.00 30 12 1.4890 -0.0440 0.000680
375.00 P 20260814 -1.00 -1.00 5 63 1.4197 -0.0405 0.000664
377.50 P 20260814 -1.00 -1.00 -1 0 1.5818 -0.0573 0.000794
380.00 P 20260814 -1.00 -1.00 17 61 1.3899 -0.0425 0.000707
382.50 P 20260814 -1.00 -1.00 64 13 1.5047 -0.0551 0.000812
385.00 P 20260814 -1.00 -1.00 5 63 1.3162 -0.0405 0.000716
387.50 P 20260814 -1.00 -1.00 26 13 1.4698 -0.0580 0.000863
390.00 P 20260814 -1.00 -1.00 80 34 1.4342 -0.0571 0.000875
392.50 P 20260814 -1.00 -1.00 90 39 1.4125 -0.0580 0.000898
395.00 P 20260814 -1.00 -1.00 1 67 1.3748 -0.0567 0.000908
397.50 P 20260814 -1.00 -1.00 2 2 1.3793 -0.0613 0.000957
400.00 P 20260814 -1.00 -1.00 39 144 1.3598 -0.0625 0.000985
402.50 P 20260814 -1.00 -1.00 -1 0 1.3640 -0.0671 0.001034
405.00 P 20260814 -1.00 -1.00 6 24 1.3541 -0.0697 0.001072
407.50 P 20260814 -1.00 -1.00 5 5 1.3572 -0.0742 0.001121
410.00 P 20260814 -1.00 -1.00 6 60 1.3430 -0.0763 0.001157
412.50 P 20260814 -1.00 -1.00 2 1 1.3368 -0.0795 0.001200
415.00 P 20260814 -1.00 -1.00 2 22 1.3392 -0.0839 0.001248
417.50 P 20260814 -1.00 -1.00 -1 0 1.3373 -0.0877 0.001294
420.00 P 20260814 -1.00 -1.00 3 77 1.3444 -0.0926 0.001345
422.50 P 20260814 -1.00 -1.00 2 2 1.3407 -0.0962 0.001390
425.00 P 20260814 -1.00 -1.00 42 43 1.3424 -0.1005 0.001438
427.50 P 20260814 -1.00 -1.00 2 13 1.3493 -0.1053 0.001486
430.00 P 20260814 -1.00 -1.00 2 117 1.4069 -0.1188 0.001545
432.50 P 20260814 -1.00 -1.00 -1 0 1.3414 -0.1140 0.001581
435.00 P 20260814 -1.00 -1.00 2 94 1.3367 -0.1191 0.001630
437.50 P 20260814 -1.00 -1.00 1 1 1.3343 -0.1246 0.001680
440.00 P 20260814 -1.00 -1.00 94 145 1.3297 -0.1297 0.001730
442.50 P 20260814 -1.00 -1.00 30 49 1.3204 -0.1341 0.001781
445.00 P 20260814 -1.00 -1.00 4 43 1.3124 -0.1388 0.001833
447.50 P 20260814 -1.00 -1.00 6 6 1.3147 -0.1451 0.001884
450.00 P 20260814 -1.00 -1.00 14 115 1.3112 -0.1506 0.001937
452.50 P 20260814 -1.00 -1.00 10 8 1.3044 -0.1556 0.001991
455.00 P 20260814 -1.00 -1.00 2 51 1.3147 -0.1630 0.002040
457.50 P 20260814 -1.00 -1.00 4 2 1.3147 -0.1689 0.002091
460.00 P 20260814 -1.00 -1.00 35 221 1.3113 -0.1744 0.002145
462.50 P 20260814 -1.00 -1.00 -1 0 1.3136 -0.1807 0.002195
465.00 P 20260814 -1.00 -1.00 1 73 1.3214 -0.1876 0.002242
467.50 P 20260814 -1.00 -1.00 1 1 1.3369 -0.1953 0.002283
470.00 P 20260814 -1.00 -1.00 3 159 1.3230 -0.2006 0.002338
472.50 P 20260814 -1.00 -1.00 -1 0 1.3571 -0.2127 0.002344
475.00 P 20260814 -1.00 -1.00 1 25 1.3163 -0.2146 0.002429
477.50 P 20260814 -1.00 -1.00 8 8 1.3171 -0.2221 0.002469
480.00 P 20260814 -1.00 -1.00 2 49 1.2944 -0.2267 0.002539
482.50 P 20260814 -1.00 -1.00 2 2 1.3121 -0.2365 0.002559
485.00 P 20260814 -1.00 -1.00 1 69 1.2979 -0.2423 0.002620
487.50 P 20260814 -1.00 -1.00 4 2 1.3013 -0.2503 0.002659
490.00 P 20260814 -1.00 -1.00 23 81 1.2997 -0.2577 0.002704
492.50 P 20260814 -1.00 -1.00 3 3 1.2973 -0.2650 0.002750
495.00 P 20260814 -1.00 -1.00 2 25 1.2965 -0.2725 0.002794
497.50 P 20260814 -1.00 -1.00 57 29 1.2982 -0.2802 0.002834
500.00 P 20260814 -1.00 -1.00 6 110 1.2917 -0.2872 0.002888
502.50 P 20260814 -1.00 -1.00 6 2 1.3091 -0.2962 0.002901
505.00 P 20260814 -1.00 -1.00 3 20 1.3058 -0.3035 0.002949
507.50 P 20260814 -1.00 -1.00 3 4 1.2968 -0.3105 0.003009
510.00 P 20260814 -1.00 -1.00 3 39 1.2980 -0.3185 0.003040
512.50 P 20260814 -1.00 -1.00 5 2 1.2924 -0.3265 0.003073
515.00 P 20260814 -1.00 -1.00 5 207 1.2868 -0.3345 0.003107
517.50 P 20260814 -1.00 -1.00 3 2 1.2826 -0.3427 0.003138
520.00 P 20260814 -1.00 -1.00 3 265 1.2813 -0.3511 0.003163
522.50 P 20260814 -1.00 -1.00 1 1 1.2899 -0.3599 0.003164
525.00 P 20260814 -1.00 -1.00 1 57 1.2822 -0.3680 0.003203
527.50 P 20260814 -1.00 -1.00 2 163 1.2774 -0.3763 0.003237
530.00 P 20260814 -1.00 -1.00 8 130 1.2684 -0.3845 0.003281
532.50 P 20260814 -1.00 -1.00 1 28 1.2910 -0.3934 0.003246
535.00 P 20260814 -1.00 -1.00 6 41 1.2694 -0.4016 0.003322
537.50 P 20260814 -1.00 -1.00 8 4 1.2863 -0.4102 0.003301
540.00 P 20260814 -1.00 -1.00 3 48 1.2704 -0.4186 0.003363
542.50 P 20260814 -1.00 -1.00 2 1 1.2885 -0.4270 0.003338
545.00 P 20260814 -1.00 -1.00 32 45 1.2955 -0.4353 0.003341
547.50 P 20260814 -1.00 -1.00 5 9 1.2942 -0.4437 0.003365
550.00 P 20260814 -1.00 -1.00 1 67 1.2811 -0.4525 0.003422
552.50 P 20260814 -1.00 -1.00 4 0 1.2828 -0.4607 0.003423
555.00 P 20260814 -1.00 -1.00 47 36 1.2909 -0.4685 0.003396
557.50 P 20260814 -1.00 -1.00 2 1 1.2887 -0.4767 0.003397
560.00 P 20260814 -1.00 -1.00 1 53 1.2647 -0.4861 0.003456
562.50 P 20260814 -1.00 -1.00 1 1 1.2836 -0.4931 0.003400
565.00 P 20260814 -1.00 -1.00 20 29 1.2597 -0.5029 0.003459
567.50 P 20260814 -1.00 -1.00 -1 0 1.2556 -0.5115 0.003465
570.00 P 20260814 -1.00 -1.00 5 23 1.2488 -0.5204 0.003478
572.50 P 20260814 -1.00 -1.00 -1 0 1.2487 -0.5287 0.003472
575.00 P 20260814 -1.00 -1.00 1 9 1.2466 -0.5373 0.003472
577.50 P 20260814 -1.00 -1.00 2 1 1.2439 -0.5460 0.003474
580.00 P 20260814 -1.00 -1.00 1 28 1.2338 -0.5555 0.003496
582.50 P 20260814 -1.00 -1.00 50 26 1.2298 -0.5645 0.003502
585.00 P 20260814 -1.00 -1.00 1 10 1.2337 -0.5724 0.003485
587.50 P 20260814 -1.00 -1.00 8 4 1.2443 -0.5795 0.003451
590.00 P 20260814 -1.00 -1.00 2 44 1.2369 -0.5889 0.003465
592.50 P 20260814 -1.00 -1.00 -1 0 1.2374 -0.5973 0.003458
595.00 P 20260814 -1.00 -1.00 1 26 1.2543 -0.6032 0.003408
597.50 P 20260814 -1.00 -1.00 5 0 1.2366 -0.6128 0.003421
600.00 P 20260814 -1.00 -1.00 21 53 1.2306 -0.6208 0.003406
602.50 P 20260814 -1.00 -1.00 10 0 1.2283 -0.6283 0.003382
605.00 P 20260814 -1.00 -1.00 12 7 1.2186 -0.6371 0.003374
607.50 P 20260814 -1.00 -1.00 -1 0 1.2141 -0.6451 0.003354
610.00 P 20260814 -1.00 -1.00 1 17 1.2193 -0.6515 0.003314
612.50 P 20260814 -1.00 -1.00 -1 0 1.2223 -0.6581 0.003279
615.00 P 20260814 -1.00 -1.00 14 7 1.2164 -0.6665 0.003261
617.50 P 20260814 -1.00 -1.00 -1 0 1.2149 -0.6740 0.003235
620.00 P 20260814 -1.00 -1.00 2 32 1.2112 -0.6821 0.003212
622.50 P 20260814 -1.00 -1.00 -1 0 1.2178 -0.6880 0.003171
625.00 P 20260814 -1.00 -1.00 1 2 1.2273 -0.6932 0.003125
630.00 P 20260814 -1.00 -1.00 14 15 1.2617 -0.7000 0.003014
635.00 P 20260814 -1.00 -1.00 2 9 1.2680 -0.7125 0.002951
640.00 P 20260814 -1.00 -1.00 4 8 1.2771 -0.7243 0.002885
645.00 P 20260814 -1.00 -1.00 1 5 1.3100 -0.7302 0.002792
650.00 P 20260814 -1.00 -1.00 3 17 1.3111 -0.7414 0.002730
655.00 P 20260814 -1.00 -1.00 -1 0 1.3017 -0.7531 0.002670
660.00 P 20260814 -1.00 -1.00 7 6 1.2652 -0.7708 0.002624
665.00 P 20260814 -1.00 -1.00 1 1 1.3119 -0.7708 0.002529
670.00 P 20260814 -1.00 -1.00 1 1 1.3081 -0.7815 0.002464
675.00 P 20260814 -1.00 -1.00 1 3 1.3061 -0.7918 0.002397
680.00 P 20260814 -1.00 -1.00 1 1 1.3171 -0.7991 0.002328
685.00 P 20260814 -1.00 -1.00 2 16 1.3225 -0.8076 0.002262
690.00 P 20260814 -1.00 -1.00 2 3 1.3140 -0.8196 0.002196
695.00 P 20260814 -1.00 -1.00 2 1 1.3412 -0.8224 0.002133
700.00 P 20260814 -1.00 -1.00 1 0 1.3160 -0.8388 0.002063
705.00 P 20260814 -1.00 -1.00 50 25 1.3427 -0.8413 0.002006
710.00 P 20260814 -1.00 -1.00 8 4 1.3453 -0.8474 0.001946
715.00 P 20260814 -1.00 -1.00 1 1 1.3285 -0.8567 0.001881
720.00 P 20260814 -1.00 -1.00 -1 0 1.3131 -0.8661 0.001811
725.00 P 20260814 -1.00 -1.00 -1 0 1.3582 -0.8632 0.001777
730.00 P 20260814 -1.00 -1.00 1 1 1.3334 -0.8744 0.001702
735.00 P 20260814 -1.00 -1.00 1 1 1.3207 -0.8834 0.001632
740.00 P 20260814 -1.00 -1.00 -1 0 1.3640 -0.8803 0.001608
745.00 P 20260814 -1.00 -1.00 -1 0 1.3300 -0.8939 0.001519
750.00 P 20260814 -1.00 -1.00 1 1 1.3504 -0.8955 0.001481
755.00 P 20260814 -1.00 -1.00 -1 0 1.3747 -0.8961 0.001449
760.00 P 20260814 -1.00 -1.00 -1 0 1.3459 -0.9089 0.001358
765.00 P 20260814 -1.00 -1.00 -1 0 1.3726 -0.9087 0.001334
770.00 P 20260814 -1.00 -1.00 -1 0 1.3806 -0.9128 0.001287
340.00 C 20260821 -1.00 -1.00 1 25 0.8098 0.9980 0.000062
350.00 C 20260821 -1.00 -1.00 1 27 1.1071 0.9793 0.000378
360.00 C 20260821 -1.00 -1.00 2 13 1.0617 0.9774 0.000427
370.00 C 20260821 -1.00 -1.00 3 34 1.1063 0.9632 0.000607
380.00 C 20260821 -1.00 -1.00 5 76 1.1724 0.9470 0.000781
390.00 C 20260821 -1.00 -1.00 6 99 1.1211 0.9408 0.000885
395.00 C 20260821 -1.00 -1.00 -1 0 1.1186 0.9336 0.000964
400.00 C 20260821 -1.00 -1.00 1 44 1.0824 0.9321 0.001014
405.00 C 20260821 -1.00 -1.00 -1 0 1.0970 0.9219 0.001112
410.00 C 20260821 -1.00 -1.00 1 58 1.1087 0.9125 0.001203
415.00 C 20260821 -1.00 -1.00 2 1 1.0995 0.9062 0.001282
420.00 C 20260821 -1.00 -1.00 2 337 1.0780 0.9016 0.001358
425.00 C 20260821 -1.00 -1.00 2 48 1.1158 0.8869 0.001456
430.00 C 20260821 -1.00 -1.00 2 81 1.1088 0.8774 0.001542
435.00 C 20260821 -1.00 -1.00 1 1 1.0919 0.8695 0.001630
440.00 C 20260821 -1.00 -1.00 1 339 1.0886 0.8590 0.001721
442.50 C 20260821 -1.00 -1.00 5 17 1.1249 0.8473 0.001758
445.00 C 20260821 -1.00 -1.00 1 5 1.1005 0.8459 0.001809
447.50 C 20260821 -1.00 -1.00 5 11 1.0896 0.8422 0.001858
450.00 C 20260821 -1.00 -1.00 10 359 1.1123 0.8330 0.001893
452.50 C 20260821 -1.00 -1.00 18 23 1.1013 0.8292 0.001943
455.00 C 20260821 -1.00 -1.00 6 33 1.1160 0.8216 0.001978
457.50 C 20260821 -1.00 -1.00 1 1 1.1156 0.8162 0.002022
460.00 C 20260821 -1.00 -1.00 30 606 1.1310 0.8087 0.002054
462.50 C 20260821 -1.00 -1.00 8 6 1.1385 0.8010 0.002082
465.00 C 20260821 -1.00 -1.00 1 3 1.1408 0.7939 0.002114
467.50 C 20260821 -1.00 -1.00 6 3 1.1331 0.7884 0.002157
470.00 C 20260821 -1.00 -1.00 2 132 1.1381 0.7809 0.002185
472.50 C 20260821 -1.00 -1.00 2 2 1.1338 0.7748 0.002225
475.00 C 20260821 -1.00 -1.00 3 4 1.1223 0.7697 0.002274
477.50 C 20260821 -1.00 -1.00 2 3 1.1194 0.7633 0.002313
480.00 C 20260821 -1.00 -1.00 3 220 1.1217 0.7562 0.002345
482.50 C 20260821 -1.00 -1.00 1 2 1.1201 0.7496 0.002383
485.00 C 20260821 -1.00 -1.00 13 7 1.1153 0.7434 0.002425
487.50 C 20260821 -1.00 -1.00 1 1 1.1312 0.7348 0.002435
490.00 C 20260821 -1.00 -1.00 2 228 1.1244 0.7287 0.002481
495.00 C 20260821 -1.00 -1.00 1 7 1.1321 0.7145 0.002537
500.00 C 20260821 -1.00 -1.00 404 661 1.1539 0.6993 0.002567
505.00 C 20260821 -1.00 -1.00 3 9 1.1568 0.6853 0.002612
510.00 C 20260821 -1.00 -1.00 400 112 1.1489 0.6714 0.002663
515.00 C 20260821 -1.00 -1.00 17 16 1.1411 0.6572 0.002714
520.00 C 20260821 -1.00 -1.00 2 200 1.1372 0.6428 0.002758
525.00 C 20260821 -1.00 -1.00 9 58 1.1317 0.6282 0.002805
530.00 C 20260821 -1.00 -1.00 19 304 1.1296 0.6135 0.002845
535.00 C 20260821 -1.00 -1.00 1 88 1.1301 0.5987 0.002879
540.00 C 20260821 -1.00 -1.00 8 213 1.1317 0.5840 0.002909
545.00 C 20260821 -1.00 -1.00 2 229 1.1381 0.5694 0.002927
547.50 C 20260821 -1.00 -1.00 3 16 1.1394 0.5621 0.002941
550.00 C 20260821 -1.00 -1.00 38 567 1.1450 0.5550 0.002943
552.50 C 20260821 -1.00 -1.00 1 20 1.1403 0.5476 0.002961
555.00 C 20260821 -1.00 -1.00 7 123 1.1383 0.5405 0.002964
560.00 C 20260821 -1.00 -1.00 5 216 1.1279 0.5258 0.002985
565.00 C 20260821 -1.00 -1.00 5 8 1.1244 0.5114 0.002988
570.00 C 20260821 -1.00 -1.00 102 188 1.1215 0.4969 0.002989
575.00 C 20260821 -1.00 -1.00 3 66 1.1186 0.4823 0.002991
580.00 C 20260821 -1.00 -1.00 32 291 1.1173 0.4678 0.002988
585.00 C 20260821 -1.00 -1.00 2 29 1.1191 0.4537 0.002977
590.00 C 20260821 -1.00 -1.00 25 4838 1.1213 0.4398 0.002964
595.00 C 20260821 -1.00 -1.00 103 155 1.1277 0.4265 0.002942
600.00 C 20260821 -1.00 -1.00 36 1339 1.1355 0.4136 0.002917
605.00 C 20260821 -1.00 -1.00 2 307 1.1301 0.3995 0.002910
610.00 C 20260821 -1.00 -1.00 7 837 1.1265 0.3870 0.002879
620.00 C 20260821 -1.00 -1.00 23 744 1.1232 0.3625 0.002809
630.00 C 20260821 -1.00 -1.00 16 1311 1.1160 0.3370 0.002744
640.00 C 20260821 -1.00 -1.00 8 2272 1.1185 0.3136 0.002661
650.00 C 20260821 -1.00 -1.00 63 549 1.1120 0.2878 0.002592
660.00 C 20260821 -1.00 -1.00 1 337 1.1294 0.2690 0.002489
670.00 C 20260821 -1.00 -1.00 6 133 1.1169 0.2486 0.002394
680.00 C 20260821 -1.00 -1.00 2 215 1.1153 0.2305 0.002287
690.00 C 20260821 -1.00 -1.00 18 175 1.1108 0.2116 0.002181
700.00 C 20260821 -1.00 -1.00 24 727 1.1107 0.1938 0.002072
710.00 C 20260821 -1.00 -1.00 10 533 1.1154 0.1776 0.001964
720.00 C 20260821 -1.00 -1.00 2 177 1.1276 0.1639 0.001861
730.00 C 20260821 -1.00 -1.00 1 67 1.1129 0.1486 0.001756
740.00 C 20260821 -1.00 -1.00 3 168 1.1155 0.1379 0.001656
750.00 C 20260821 -1.00 -1.00 5 813 1.1090 0.1250 0.001550
760.00 C 20260821 -1.00 -1.00 9 326 1.1156 0.1154 0.001455
770.00 C 20260821 -1.00 -1.00 1 178 1.1131 0.1034 0.001351
340.00 P 20260821 -1.00 -1.00 23 281 1.2855 -0.0297 0.000438
350.00 P 20260821 -1.00 -1.00 78 891 1.2735 -0.0368 0.000527
360.00 P 20260821 -1.00 -1.00 18 419 1.2577 -0.0436 0.000617
370.00 P 20260821 -1.00 -1.00 13 534 1.2538 -0.0517 0.000717
380.00 P 20260821 -1.00 -1.00 15 801 1.2277 -0.0616 0.000832
390.00 P 20260821 -1.00 -1.00 19 2273 1.2124 -0.0734 0.000961
395.00 P 20260821 -1.00 -1.00 2 65 1.2084 -0.0799 0.001029
400.00 P 20260821 -1.00 -1.00 17 1309 1.2002 -0.0859 0.001097
405.00 P 20260821 -1.00 -1.00 5 22 1.2062 -0.0938 0.001171
410.00 P 20260821 -1.00 -1.00 11 329 1.2093 -0.1013 0.001243
415.00 P 20260821 -1.00 -1.00 1 21 1.2062 -0.1091 0.001316
420.00 P 20260821 -1.00 -1.00 88 323 1.1942 -0.1171 0.001390
425.00 P 20260821 -1.00 -1.00 50 76 1.1851 -0.1259 0.001467
430.00 P 20260821 -1.00 -1.00 30 481 1.1797 -0.1353 0.001546
435.00 P 20260821 -1.00 -1.00 2 29 1.1771 -0.1452 0.001625
440.00 P 20260821 -1.00 -1.00 28 401 1.1665 -0.1540 0.001707
442.50 P 20260821 -1.00 -1.00 1 19 1.1759 -0.1606 0.001744
445.00 P 20260821 -1.00 -1.00 6 46 1.1764 -0.1659 0.001784
447.50 P 20260821 -1.00 -1.00 3 18 1.1778 -0.1713 0.001823
450.00 P 20260821 -1.00 -1.00 17 2494 1.1756 -0.1762 0.001864
452.50 P 20260821 -1.00 -1.00 2 8 1.1788 -0.1818 0.001902
455.00 P 20260821 -1.00 -1.00 3 63 1.1845 -0.1877 0.001938
457.50 P 20260821 -1.00 -1.00 1 6 1.1813 -0.1930 0.001977
460.00 P 20260821 -1.00 -1.00 14 1315 1.1742 -0.1983 0.002016
462.50 P 20260821 -1.00 -1.00 10 46 1.1739 -0.2048 0.002049
465.00 P 20260821 -1.00 -1.00 3 56 1.1603 -0.2093 0.002096
467.50 P 20260821 -1.00 -1.00 1 57 1.1580 -0.2156 0.002132
470.00 P 20260821 -1.00 -1.00 3 610 1.1544 -0.2216 0.002169
472.50 P 20260821 -1.00 -1.00 4 94 1.1580 -0.2287 0.002198
475.00 P 20260821 -1.00 -1.00 4 106 1.1512 -0.2345 0.002240
477.50 P 20260821 -1.00 -1.00 2 29 1.1470 -0.2406 0.002279
480.00 P 20260821 -1.00 -1.00 6 355 1.1480 -0.2473 0.002311
482.50 P 20260821 -1.00 -1.00 1 9 1.1478 -0.2539 0.002345
485.00 P 20260821 -1.00 -1.00 2 55 1.1514 -0.2610 0.002374
487.50 P 20260821 -1.00 -1.00 7 44 1.1466 -0.2671 0.002415
490.00 P 20260821 -1.00 -1.00 1 270 1.1522 -0.2743 0.002440
495.00 P 20260821 -1.00 -1.00 3 10 1.1478 -0.2872 0.002514
500.00 P 20260821 -1.00 -1.00 7 1441 1.1529 -0.3009 0.002573
505.00 P 20260821 -1.00 -1.00 2 26 1.1564 -0.3151 0.002617
510.00 P 20260821 -1.00 -1.00 8 231 1.1454 -0.3288 0.002675
515.00 P 20260821 -1.00 -1.00 1 142 1.1378 -0.3430 0.002727
520.00 P 20260821 -1.00 -1.00 2 178 1.1363 -0.3577 0.002765
525.00 P 20260821 -1.00 -1.00 1 66 1.1293 -0.3722 0.002816
530.00 P 20260821 -1.00 -1.00 3 313 1.1278 -0.3870 0.002855
535.00 P 20260821 -1.00 -1.00 1 24 1.1264 -0.4018 0.002894
540.00 P 20260821 -1.00 -1.00 4 396 1.1282 -0.4166 0.002924
545.00 P 20260821 -1.00 -1.00 15 41 1.1358 -0.4312 0.002939
547.50 P 20260821 -1.00 -1.00 1 6 1.1377 -0.4386 0.002952
550.00 P 20260821 -1.00 -1.00 1 376 1.1416 -0.4458 0.002959
552.50 P 20260821 -1.00 -1.00 1 10 1.1420 -0.4530 0.002963
555.00 P 20260821 -1.00 -1.00 2 35 1.1310 -0.4605 0.002989
560.00 P 20260821 -1.00 -1.00 5 260 1.1298 -0.4748 0.002987
565.00 P 20260821 -1.00 -1.00 1 10 1.1244 -0.4894 0.002995
570.00 P 20260821 -1.00 -1.00 6 78 1.1195 -0.5041 0.003002
575.00 P 20260821 -1.00 -1.00 1 1 1.1183 -0.5185 0.002999
580.00 P 20260821 -1.00 -1.00 5 416 1.1197 -0.5327 0.002989
585.00 P 20260821 -1.00 -1.00 2 3 1.1170 -0.5474 0.002990
590.00 P 20260821 -1.00 -1.00 12 115 1.1245 -0.5607 0.002965
595.00 P 20260821 -1.00 -1.00 2 3 1.1202 -0.5756 0.002970
600.00 P 20260821 -1.00 -1.00 2 418 1.1280 -0.5887 0.002945
605.00 P 20260821 -1.00 -1.00 1 1 1.1270 -0.6021 0.002926
610.00 P 20260821 -1.00 -1.00 2 36 1.1217 -0.6149 0.002898
620.00 P 20260821 -1.00 -1.00 4 126 1.1114 -0.6410 0.002841
630.00 P 20260821 -1.00 -1.00 2 118 1.1136 -0.6647 0.002758
640.00 P 20260821 -1.00 -1.00 39 230 1.1101 -0.6898 0.002686
650.00 P 20260821 -1.00 -1.00 4 271 1.1440 -0.7052 0.002559
660.00 P 20260821 -1.00 -1.00 10 98 1.1659 -0.7230 0.002457
670.00 P 20260821 -1.00 -1.00 1 95 1.1755 -0.7397 0.002360
680.00 P 20260821 -1.00 -1.00 5 80 1.1089 -0.7731 0.002303
690.00 P 20260821 -1.00 -1.00 2 31 1.1648 -0.7759 0.002175
700.00 P 20260821 -1.00 -1.00 2 87 1.1180 -0.8062 0.002086
710.00 P 20260821 -1.00 -1.00 1 34 1.1709 -0.8080 0.001981
720.00 P 20260821 -1.00 -1.00 1 55 1.1708 -0.8249 0.001886
730.00 P 20260821 -1.00 -1.00 1 49 1.1765 -0.8396 0.001791
740.00 P 20260821 -1.00 -1.00 1 83 1.1871 -0.8479 0.001706
750.00 P 20260821 -1.00 -1.00 5 58 1.1834 -0.8594 0.001618
760.00 P 20260821 -1.00 -1.00 5 64 1.1785 -0.8712 0.001527
770.00 P 20260821 -1.00 -1.00 2 18 1.1998 -0.8765 0.001456
230.00 C 20260807 -1.00 -1.00 2 1 -1.0000 -1.0000 -1.000000
240.00 C 20260807 -1.00 -1.00 -1 0 -1.0000 -1.0000 -1.000000
280.00 C 20260807 -1.00 -1.00 -1 0 -1.0000 -1.0000 -1.000000
290.00 C 20260807 -1.00 -1.00 3 3 -1.0000 -1.0000 -1.000000
300.00 C 20260807 -1.00 -1.00 1 4 -1.0000 -1.0000 -1.000000
302.50 C 20260807 -1.00 -1.00 -1 0 -1.0000 -1.0000 -1.000000
305.00 C 20260807 -1.00 -1.00 -1 0 -1.0000 -1.0000 -1.000000
307.50 C 20260807 -1.00 -1.00 -1 0 -1.0000 -1.0000 -1.000000
310.00 C 20260807 -1.00 -1.00 -1 0 -1.0000 -1.0000 -1.000000
312.50 C 20260807 -1.00 -1.00 -1 0 -1.0000 -1.0000 -1.000000
315.00 C 20260807 -1.00 -1.00 -1 0 -1.0000 -1.0000 -1.000000
317.50 C 20260807 -1.00 -1.00 -1 0 -1.0000 -1.0000 -1.000000
320.00 C 20260807 -1.00 -1.00 -1 0 -1.0000 -1.0000 -1.000000
322.50 C 20260807 -1.00 -1.00 -1 0 1.7435 0.9997 0.000012
325.00 C 20260807 -1.00 -1.00 -1 0 -1.0000 -1.0000 -1.000000
327.50 C 20260807 -1.00 -1.00 -1 0 -1.0000 -1.0000 -1.000000
330.00 C 20260807 -1.00 -1.00 1 1 -1.0000 -1.0000 -1.000000
230.00 P 20260807 -1.00 -1.00 43 21 3.0803 -0.0006 0.000013
240.00 P 20260807 -1.00 -1.00 2 13 4.4486 -0.0141 0.000154
280.00 P 20260807 -1.00 -1.00 318 287 2.8102 -0.0031 0.000064
290.00 P 20260807 -1.00 -1.00 1034 58 2.6468 -0.0029 0.000065
300.00 P 20260807 -1.00 -1.00 149 207 2.3408 -0.0019 0.000049
302.50 P 20260807 -1.00 -1.00 1 1 -1.0000 -1.0000 -1.000000
305.00 P 20260807 -1.00 -1.00 82 3 2.3631 -0.0025 0.000062
307.50 P 20260807 -1.00 -1.00 92 31 2.3174 -0.0024 0.000061
310.00 P 20260807 -1.00 -1.00 202 153 2.3950 -0.0034 0.000082
312.50 P 20260807 -1.00 -1.00 12 8 2.3632 -0.0035 0.000084
315.00 P 20260807 -1.00 -1.00 23 0 2.3666 -0.0041 0.000097
317.50 P 20260807 -1.00 -1.00 -1 0 3.3220 -0.0275 0.000364
320.00 P 20260807 -1.00 -1.00 140 116 2.7660 -0.0133 0.000234
322.50 P 20260807 -1.00 -1.00 -1 0 2.9005 -0.0178 0.000290
325.00 P 20260807 -1.00 -1.00 1 3 2.8644 -0.0181 0.000297
327.50 P 20260807 -1.00 -1.00 68 26 2.9020 -0.0201 0.000322
330.00 P 20260807 -1.00 -1.00 119 245 2.1194 -0.0033 0.000089
230.00 C 20260814 -1.00 -1.00 -1 0 1.6209 0.9997 0.000007
240.00 C 20260814 -1.00 -1.00 -1 0 -1.0000 -1.0000 -1.000000
250.00 C 20260814 -1.00 -1.00 -1 0 -1.0000 -1.0000 -1.000000
260.00 C 20260814 -1.00 -1.00 -1 0 -1.0000 -1.0000 -1.000000
270.00 C 20260814 -1.00 -1.00 -1 0 -1.0000 -1.0000 -1.000000
280.00 C 20260814 -1.00 -1.00 -1 0 1.4391 0.9985 0.000035
290.00 C 20260814 -1.00 -1.00 13 7 -1.0000 -1.0000 -1.000000
300.00 C 20260814 -1.00 -1.00 3 3 -1.0000 -1.0000 -1.000000
302.50 C 20260814 -1.00 -1.00 -1 0 -1.0000 -1.0000 -1.000000
305.00 C 20260814 -1.00 -1.00 -1 0 -1.0000 -1.0000 -1.000000
307.50 C 20260814 -1.00 -1.00 -1 0 -1.0000 -1.0000 -1.000000
310.00 C 20260814 -1.00 -1.00 -1 0 -1.0000 -1.0000 -1.000000
312.50 C 20260814 -1.00 -1.00 -1 0 -1.0000 -1.0000 -1.000000
315.00 C 20260814 -1.00 -1.00 -1 0 1.5423 0.9902 0.000183
317.50 C 20260814 -1.00 -1.00 -1 0 1.5497 0.9887 0.000206
320.00 C 20260814 -1.00 -1.00 -1 0 1.5357 0.9883 0.000215
322.50 C 20260814 -1.00 -1.00 -1 0 1.5571 0.9861 0.000245
325.00 C 20260814 -1.00 -1.00 -1 0 1.4943 0.9880 0.000224
327.50 C 20260814 -1.00 -1.00 -1 0 1.4668 0.9883 0.000224
330.00 C 20260814 -1.00 -1.00 7 4 1.4187 0.9897 0.000209
230.00 P 20260814 -1.00 -1.00 2 12 2.8864 -0.0189 0.000174
240.00 P 20260814 -1.00 -1.00 4 11 2.7720 -0.0204 0.000193
250.00 P 20260814 -1.00 -1.00 10 11 2.2173 -0.0096 0.000125
260.00 P 20260814 -1.00 -1.00 12 81 1.9573 -0.0064 0.000099
270.00 P 20260814 -1.00 -1.00 58 32 2.0111 -0.0104 0.000148
280.00 P 20260814 -1.00 -1.00 2 5 1.9162 -0.0109 0.000162
290.00 P 20260814 -1.00 -1.00 5 13 2.5167 -0.0401 0.000375
300.00 P 20260814 -1.00 -1.00 4 50 1.7362 -0.0120 0.000194
302.50 P 20260814 -1.00 -1.00 198 72 1.7873 -0.0151 0.000230
305.00 P 20260814 -1.00 -1.00 2 1 1.7496 -0.0147 0.000229
307.50 P 20260814 -1.00 -1.00 2 1 1.5898 -0.0087 0.000162
310.00 P 20260814 -1.00 -1.00 4 94 1.7226 -0.0157 0.000246
312.50 P 20260814 -1.00 -1.00 14 3 1.6357 -0.0131 0.000221
315.00 P 20260814 -1.00 -1.00 -1 0 1.7530 -0.0190 0.000287
317.50 P 20260814 -1.00 -1.00 1 1 1.5943 -0.0134 0.000232
320.00 P 20260814 -1.00 -1.00 2 21 1.5711 -0.0134 0.000236
322.50 P 20260814 -1.00 -1.00 1 1 1.5536 -0.0137 0.000243
325.00 P 20260814 -1.00 -1.00 2 2 2.1910 -0.0504 0.000519
327.50 P 20260814 -1.00 -1.00 4 2 1.6517 -0.0203 0.000323
330.00 P 20260814 -1.00 -1.00 4 18 1.4674 -0.0129 0.000244
230.00 C 20260821 -1.00 -1.00 1 5 -1.0000 -1.0000 -1.000000
240.00 C 20260821 -1.00 -1.00 1 6 -1.0000 -1.0000 -1.000000
250.00 C 20260821 -1.00 -1.00 1 19 -1.0000 -1.0000 -1.000000
260.00 C 20260821 -1.00 -1.00 1 3 -1.0000 -1.0000 -1.000000
270.00 C 20260821 -1.00 -1.00 1 12 -1.0000 -1.0000 -1.000000
280.00 C 20260821 -1.00 -1.00 2 1 -1.0000 -1.0000 -1.000000
290.00 C 20260821 -1.00 -1.00 13 18 -1.0000 -1.0000 -1.000000
300.00 C 20260821 -1.00 -1.00 3 18 -1.0000 -1.0000 -1.000000
310.00 C 20260821 -1.00 -1.00 2 8 -1.0000 -1.0000 -1.000000
320.00 C 20260821 -1.00 -1.00 1 14 -1.0000 -1.0000 -1.000000
330.00 C 20260821 -1.00 -1.00 1 6 0.0014 1.0000 0.000000
230.00 P 20260821 -1.00 -1.00 6 50 1.8771 -0.0086 0.000104
240.00 P 20260821 -1.00 -1.00 1 521 1.7909 -0.0090 0.000113
250.00 P 20260821 -1.00 -1.00 21 927 1.7694 -0.0117 0.000143
260.00 P 20260821 -1.00 -1.00 2 88 1.6292 -0.0099 0.000135
270.00 P 20260821 -1.00 -1.00 16 23 1.6129 -0.0129 0.000171
280.00 P 20260821 -1.00 -1.00 2 4689 1.3804 -0.0071 0.000119
290.00 P 20260821 -1.00 -1.00 4 124 1.4172 -0.0119 0.000181
300.00 P 20260821 -1.00 -1.00 29 7130 1.3806 -0.0141 0.000216
310.00 P 20260821 -1.00 -1.00 106 516 1.3530 -0.0168 0.000258
320.00 P 20260821 -1.00 -1.00 210 318 1.3034 -0.0185 0.000291
330.00 P 20260821 -1.00 -1.00 6 149 1.3062 -0.0237 0.000360
775.00 C 20260807 -1.00 -1.00 1 37 2.1142 0.0544 0.000993
780.00 C 20260807 -1.00 -1.00 14 15 2.1417 0.0534 0.000965
785.00 C 20260807 -1.00 -1.00 2 20 2.1691 0.0524 0.000939
790.00 C 20260807 -1.00 -1.00 2 22 2.1924 0.0510 0.000910
795.00 C 20260807 -1.00 -1.00 2 27 2.2233 0.0504 0.000889
800.00 C 20260807 -1.00 -1.00 137 1393 1.7056 0.0121 0.000351
810.00 C 20260807 -1.00 -1.00 1 130 1.7019 0.0099 0.000294
820.00 C 20260807 -1.00 -1.00 2 82 1.7446 0.0096 0.000277
830.00 C 20260807 -1.00 -1.00 2 85 1.9286 0.0142 0.000358
840.00 C 20260807 -1.00 -1.00 4 179 1.9130 0.0119 0.000307
850.00 C 20260807 -1.00 -1.00 4 53 2.0309 0.0140 0.000337
860.00 C 20260807 -1.00 -1.00 172 35 1.8336 0.0054 0.000161
870.00 C 20260807 -1.00 -1.00 103 84 1.7260 0.0029 0.000098
880.00 C 20260807 -1.00 -1.00 753 92 1.9799 0.0073 0.000194
775.00 P 20260807 -1.00 -1.00 -1 0 2.2250 -0.9353 0.001095
780.00 P 20260807 -1.00 -1.00 -1 0 2.1535 -0.9460 0.000981
785.00 P 20260807 -1.00 -1.00 1 0 2.2322 -0.9420 0.001001
790.00 P 20260807 -1.00 -1.00 -1 0 2.2082 -0.9480 0.000929
795.00 P 20260807 -1.00 -1.00 -1 0 2.3098 -0.9417 0.000970
800.00 P 20260807 -1.00 -1.00 1 1 2.3444 -0.9420 0.000953
810.00 P 20260807 -1.00 -1.00 -1 0 2.3895 -0.9446 0.000902
820.00 P 20260807 -1.00 -1.00 -1 0 2.4418 -0.9463 0.000860
830.00 P 20260807 -1.00 -1.00 -1 0 2.4780 -0.9495 0.000810
840.00 P 20260807 -1.00 -1.00 -1 0 2.5520 -0.9490 0.000792
850.00 P 20260807 -1.00 -1.00 -1 0 2.5451 -0.9559 0.000713
860.00 P 20260807 -1.00 -1.00 -1 0 2.6446 -0.9527 0.000722
870.00 P 20260807 -1.00 -1.00 -1 0 2.7202 -0.9518 0.000713
880.00 P 20260807 -1.00 -1.00 -1 0 2.7386 -0.9559 0.000663
775.00 C 20260814 -1.00 -1.00 2 41 1.2693 0.0671 0.001108
780.00 C 20260814 -1.00 -1.00 3 13 1.4319 0.0891 0.001232
785.00 C 20260814 -1.00 -1.00 1 18 1.2797 0.0616 0.001025
790.00 C 20260814 -1.00 -1.00 1 36 1.2905 0.0598 0.000992
795.00 C 20260814 -1.00 -1.00 2 5 1.2684 0.0523 0.000909
800.00 C 20260814 -1.00 -1.00 4 28 1.2512 0.0456 0.000829
810.00 C 20260814 -1.00 -1.00 7 105 1.2620 0.0402 0.000748
820.00 C 20260814 -1.00 -1.00 6 36 1.3817 0.0543 0.000859
830.00 C 20260814 -1.00 -1.00 10 65 1.4036 0.0514 0.000810
840.00 C 20260814 -1.00 -1.00 1 60 1.2033 0.0225 0.000477
850.00 C 20260814 -1.00 -1.00 146 32 1.2150 0.0201 0.000431
860.00 C 20260814 -1.00 -1.00 2 20 1.2881 0.0247 0.000482
870.00 C 20260814 -1.00 -1.00 27 61 1.3185 0.0246 0.000468
880.00 C 20260814 -1.00 -1.00 16 33 1.3376 0.0233 0.000441
775.00 P 20260814 -1.00 -1.00 -1 0 1.4030 -0.9136 0.001260
780.00 P 20260814 -1.00 -1.00 -1 0 1.4453 -0.9096 0.001259
785.00 P 20260814 -1.00 -1.00 -1 0 1.4281 -0.9178 0.001194
790.00 P 20260814 -1.00 -1.00 -1 0 1.4498 -0.9180 0.001173
795.00 P 20260814 -1.00 -1.00 -1 0 1.4604 -0.9197 0.001145
800.00 P 20260814 -1.00 -1.00 -1 0 1.4663 -0.9220 0.001115
810.00 P 20260814 -1.00 -1.00 -1 0 1.4627 -0.9287 0.001041
820.00 P 20260814 -1.00 -1.00 1 1 1.4589 -0.9355 0.000966
830.00 P 20260814 -1.00 -1.00 -1 0 1.4749 -0.9393 0.000912
840.00 P 20260814 -1.00 -1.00 -1 0 1.4971 -0.9420 0.000868
850.00 P 20260814 -1.00 -1.00 1 0 1.5430 -0.9410 0.000853
860.00 P 20260814 -1.00 -1.00 -1 0 1.5297 -0.9490 0.000774
870.00 P 20260814 -1.00 -1.00 -1 0 1.5399 -0.9532 0.000724
880.00 P 20260814 -1.00 -1.00 -1 0 1.5696 -0.9543 0.000699
780.00 C 20260821 -1.00 -1.00 1 194 1.1191 0.0937 0.001258
790.00 C 20260821 -1.00 -1.00 1 126 1.1235 0.0849 0.001172
800.00 C 20260821 -1.00 -1.00 77 660 1.1242 0.0788 0.001100
810.00 C 20260821 -1.00 -1.00 3 37 1.1182 0.0715 0.001020
820.00 C 20260821 -1.00 -1.00 2 548 1.1123 0.0641 0.000938
830.00 C 20260821 -1.00 -1.00 4 54 1.1161 0.0585 0.000870
840.00 C 20260821 -1.00 -1.00 11 82 1.1452 0.0582 0.000845
850.00 C 20260821 -1.00 -1.00 3 505 1.1160 0.0460 0.000723
860.00 C 20260821 -1.00 -1.00 1 23 1.1470 0.0465 0.000709
870.00 C 20260821 -1.00 -1.00 1 91 1.0899 0.0341 0.000579
880.00 C 20260821 -1.00 -1.00 1 88 1.0440 0.0250 0.000464
780.00 P 20260821 -1.00 -1.00 4 13 1.1997 -0.8871 0.001372
790.00 P 20260821 -1.00 -1.00 1 18 1.2185 -0.8926 0.001307
800.00 P 20260821 -1.00 -1.00 10 21 1.2229 -0.9018 0.001230
810.00 P 20260821 -1.00 -1.00 -1 0 1.2470 -0.9054 0.001178
820.00 P 20260821 -1.00 -1.00 4 4 1.2658 -0.9103 0.001124
830.00 P 20260821 -1.00 -1.00 5 8 1.2635 -0.9178 0.001059
840.00 P 20260821 -1.00 -1.00 1 0 1.2802 -0.9204 0.001018
850.00 P 20260821 -1.00 -1.00 1 12 1.2834 -0.9253 0.000968
860.00 P 20260821 -1.00 -1.00 14 13 1.2965 -0.9284 0.000928
870.00 P 20260821 -1.00 -1.00 1 1 1.3043 -0.9323 0.000884
880.00 P 20260821 -1.00 -1.00 2 0 1.3136 -0.9359 0.000844
