# opt_chain GLD | epoch 1785867121 | 2026-08-04 14:12:01 | spot 375.00 | exps 20260805 20260807 20260810 20260812 20260814 20260817 20260819 20260821
# fuente polygon_snapshot_v3 | greeks polygon_directo | iv polygon_directo | oi polygon_directo | vol day.volume(-1 si no cotizo) | bid/ask NO_ENTITLED(-1) | spot_src ibkr_bridge spot_edad_s 119 | band 0.1800 vencimientos 8 exp_hasta 2026-08-21
# strike right exp bid ask vol oi iv delta gamma
330.00 C 20260805 -1.00 -1.00 -1 0 0.9649 0.9907 0.001188
335.00 C 20260805 -1.00 -1.00 17 0 0.8675 0.9898 0.001441
340.00 C 20260805 -1.00 -1.00 18 0 0.6612 0.9961 0.000796
341.00 C 20260805 -1.00 -1.00 -1 0 0.6975 0.9919 0.001440
342.00 C 20260805 -1.00 -1.00 -1 0 0.6235 0.9960 0.000872
343.00 C 20260805 -1.00 -1.00 -1 0 0.0004 1.0000 -0.000000
344.00 C 20260805 -1.00 -1.00 -1 0 0.6864 0.9875 0.002161
345.00 C 20260805 -1.00 -1.00 1 0 0.6888 0.9836 0.002694
346.00 C 20260805 -1.00 -1.00 -1 0 0.6444 0.9869 0.002401
347.00 C 20260805 -1.00 -1.00 -1 0 0.5303 0.9955 0.001127
348.00 C 20260805 -1.00 -1.00 -1 0 0.5118 0.9954 0.001193
349.00 C 20260805 -1.00 -1.00 2 1 0.4934 0.9953 0.001265
350.00 C 20260805 -1.00 -1.00 1 1 0.5845 0.9811 0.003587
351.00 C 20260805 -1.00 -1.00 8 2 0.5405 0.9848 0.003232
352.00 C 20260805 -1.00 -1.00 6 1 0.4385 0.9949 0.001533
353.00 C 20260805 -1.00 -1.00 10 4 0.0004 1.0000 0.000000
354.00 C 20260805 -1.00 -1.00 16 2 0.4021 0.9945 0.001768
355.00 C 20260805 -1.00 -1.00 8 3 0.3840 0.9943 0.001909
356.00 C 20260805 -1.00 -1.00 4 2 0.4149 0.9874 0.003602
357.00 C 20260805 -1.00 -1.00 1 2 0.3946 0.9869 0.003913
358.00 C 20260805 -1.00 -1.00 6 2 0.0004 1.0000 0.000000
359.00 C 20260805 -1.00 -1.00 -1 0 0.4189 0.9684 0.007823
360.00 C 20260805 -1.00 -1.00 15 10 0.3572 0.9782 0.006653
361.00 C 20260805 -1.00 -1.00 4 4 0.3372 0.9771 0.007375
362.00 C 20260805 -1.00 -1.00 3 34 0.3497 0.9633 0.010515
363.00 C 20260805 -1.00 -1.00 -1 0 0.2742 0.9822 0.007264
364.00 C 20260805 -1.00 -1.00 1 15 0.2543 0.9810 0.008281
365.00 C 20260805 -1.00 -1.00 1 63 0.2059 0.9906 0.005605
366.00 C 20260805 -1.00 -1.00 86 101 0.2469 0.9601 0.015931
367.00 C 20260805 -1.00 -1.00 4 48 0.2242 0.9567 0.018741
368.00 C 20260805 -1.00 -1.00 2 86 0.2246 0.9357 0.026030
369.00 C 20260805 -1.00 -1.00 15 93 0.2191 0.9066 0.034921
370.00 C 20260805 -1.00 -1.00 411 653 0.1994 0.8887 0.043870
371.00 C 20260805 -1.00 -1.00 92 316 0.2048 0.8306 0.056679
372.00 C 20260805 -1.00 -1.00 213 384 0.1908 0.7855 0.071196
373.00 C 20260805 -1.00 -1.00 591 290 0.2030 0.6949 0.079637
374.00 C 20260805 -1.00 -1.00 652 349 0.2031 0.6123 0.087171
375.00 C 20260805 -1.00 -1.00 2370 1107 0.1972 0.5239 0.093982
376.00 C 20260805 -1.00 -1.00 1478 548 0.1975 0.4323 0.091732
377.00 C 20260805 -1.00 -1.00 1469 600 0.2045 0.3483 0.084208
378.00 C 20260805 -1.00 -1.00 1320 358 0.2057 0.2719 0.074407
379.00 C 20260805 -1.00 -1.00 652 378 0.2154 0.2142 0.062717
380.00 C 20260805 -1.00 -1.00 2028 658 0.2165 0.1593 0.051629
381.00 C 20260805 -1.00 -1.00 183 212 0.2228 0.1202 0.041529
382.00 C 20260805 -1.00 -1.00 1492 280 0.2293 0.0909 0.032734
383.00 C 20260805 -1.00 -1.00 61 399 0.2446 0.0731 0.026325
384.00 C 20260805 -1.00 -1.00 1073 242 0.2464 0.0540 0.020364
385.00 C 20260805 -1.00 -1.00 85 186 0.2528 0.0397 0.015508
386.00 C 20260805 -1.00 -1.00 50 190 0.2982 0.0520 0.016333
387.00 C 20260805 -1.00 -1.00 15 73 0.2786 0.0275 0.010443
388.00 C 20260805 -1.00 -1.00 33 185 0.2884 0.0229 0.008567
389.00 C 20260805 -1.00 -1.00 9 150 0.2896 0.0152 0.006052
390.00 C 20260805 -1.00 -1.00 101 194 0.3080 0.0145 0.005450
391.00 C 20260805 -1.00 -1.00 6 101 0.3307 0.0153 0.005306
392.00 C 20260805 -1.00 -1.00 6 154 0.3447 0.0131 0.004512
393.00 C 20260805 -1.00 -1.00 2 103 0.3846 0.0191 0.005506
394.00 C 20260805 -1.00 -1.00 12 77 0.4028 0.0183 0.005078
395.00 C 20260805 -1.00 -1.00 9 126 0.4080 0.0141 0.004037
396.00 C 20260805 -1.00 -1.00 49 66 0.4008 0.0099 0.003006
397.00 C 20260805 -1.00 -1.00 1 57 0.4067 0.0082 0.002507
398.00 C 20260805 -1.00 -1.00 4 52 0.4225 0.0080 0.002338
399.00 C 20260805 -1.00 -1.00 1 56 0.4384 0.0077 0.002187
400.00 C 20260805 -1.00 -1.00 5 79 0.4541 0.0075 0.002051
401.00 C 20260805 -1.00 -1.00 28 107 0.5198 0.0126 0.002890
402.00 C 20260805 -1.00 -1.00 1 44 0.5155 0.0103 0.002415
403.00 C 20260805 -1.00 -1.00 3 97 0.5311 0.0100 0.002284
404.00 C 20260805 -1.00 -1.00 2 64 0.6122 0.0191 0.003456
405.00 C 20260805 -1.00 -1.00 20 81 0.6256 0.0179 0.003197
406.00 C 20260805 -1.00 -1.00 185 55 0.6304 0.0151 0.002765
407.00 C 20260805 -1.00 -1.00 1 48 0.5931 0.0090 0.001863
408.00 C 20260805 -1.00 -1.00 2 63 0.5986 0.0079 0.001638
409.00 C 20260805 -1.00 -1.00 1 61 0.6735 0.0127 0.002240
410.00 C 20260805 -1.00 -1.00 89 83 0.6690 0.0109 0.001959
411.00 C 20260805 -1.00 -1.00 4 46 0.6744 0.0099 0.001778
412.00 C 20260805 -1.00 -1.00 1 43 0.6698 0.0081 0.001491
413.00 C 20260805 -1.00 -1.00 52 47 0.7048 0.0095 0.001638
414.00 C 20260805 -1.00 -1.00 52 20 0.7200 0.0093 0.001575
415.00 C 20260805 -1.00 -1.00 4 18 0.7351 0.0091 0.001516
416.00 C 20260805 -1.00 -1.00 2 24 0.7798 0.0110 0.001703
417.00 C 20260805 -1.00 -1.00 2 13 0.7456 0.0073 0.001228
418.00 C 20260805 -1.00 -1.00 2 2 0.7803 0.0086 0.001359
419.00 C 20260805 -1.00 -1.00 5 6 0.7953 0.0085 0.001313
420.00 C 20260805 -1.00 -1.00 -1 0 0.8102 0.0083 0.001269
330.00 P 20260805 -1.00 -1.00 1 56 1.0411 -0.0148 0.001636
335.00 P 20260805 -1.00 -1.00 2 84 0.8266 -0.0080 0.001202
340.00 P 20260805 -1.00 -1.00 59 154 0.6992 -0.0067 0.001215
341.00 P 20260805 -1.00 -1.00 18 61 0.7137 -0.0092 0.001582
342.00 P 20260805 -1.00 -1.00 34 93 0.6730 -0.0079 0.001457
343.00 P 20260805 -1.00 -1.00 13 64 0.6325 -0.0064 0.001286
344.00 P 20260805 -1.00 -1.00 32 93 0.6795 -0.0114 0.002035
345.00 P 20260805 -1.00 -1.00 479 503 0.6066 -0.0077 0.001578
346.00 P 20260805 -1.00 -1.00 14 64 0.5882 -0.0079 0.001671
347.00 P 20260805 -1.00 -1.00 16 65 0.5590 -0.0072 0.001613
348.00 P 20260805 -1.00 -1.00 21 93 0.5407 -0.0074 0.001715
349.00 P 20260805 -1.00 -1.00 26 98 0.5225 -0.0076 0.001826
350.00 P 20260805 -1.00 -1.00 2 419 0.4826 -0.0057 0.001516
351.00 P 20260805 -1.00 -1.00 71 107 0.4645 -0.0059 0.001624
352.00 P 20260805 -1.00 -1.00 70 121 0.5046 -0.0126 0.002972
353.00 P 20260805 -1.00 -1.00 114 212 0.4842 -0.0131 0.003188
354.00 P 20260805 -1.00 -1.00 70 92 0.4685 -0.0146 0.003610
355.00 P 20260805 -1.00 -1.00 21 228 0.4389 -0.0130 0.003503
356.00 P 20260805 -1.00 -1.00 106 98 0.4326 -0.0170 0.004425
357.00 P 20260805 -1.00 -1.00 41 115 0.3573 -0.0075 0.002621
358.00 P 20260805 -1.00 -1.00 32 266 0.3288 -0.0062 0.002409
359.00 P 20260805 -1.00 -1.00 8 164 0.3328 -0.0099 0.003620
360.00 P 20260805 -1.00 -1.00 55 821 0.3044 -0.0087 0.003526
361.00 P 20260805 -1.00 -1.00 25 449 0.3046 -0.0126 0.004921
362.00 P 20260805 -1.00 -1.00 191 433 0.2847 -0.0134 0.005518
363.00 P 20260805 -1.00 -1.00 67 579 0.2880 -0.0227 0.008556
364.00 P 20260805 -1.00 -1.00 48 200 0.2591 -0.0208 0.008823
365.00 P 20260805 -1.00 -1.00 606 669 0.2486 -0.0260 0.011194
366.00 P 20260805 -1.00 -1.00 371 658 0.2355 -0.0317 0.013974
367.00 P 20260805 -1.00 -1.00 36 892 0.2221 -0.0418 0.018385
368.00 P 20260805 -1.00 -1.00 371 479 0.2157 -0.0583 0.024918
369.00 P 20260805 -1.00 -1.00 108 383 0.2060 -0.0792 0.032945
370.00 P 20260805 -1.00 -1.00 272 511 0.2009 -0.1130 0.044076
371.00 P 20260805 -1.00 -1.00 889 157 0.1943 -0.1565 0.056841
372.00 P 20260805 -1.00 -1.00 1295 175 0.1953 -0.2194 0.070738
373.00 P 20260805 -1.00 -1.00 586 65 0.1917 -0.2955 0.083100
374.00 P 20260805 -1.00 -1.00 533 26 0.1938 -0.3833 0.091346
375.00 P 20260805 -1.00 -1.00 638 114 0.1937 -0.4766 0.095974
376.00 P 20260805 -1.00 -1.00 111 50 0.1961 -0.5694 0.092657
377.00 P 20260805 -1.00 -1.00 35 24 0.1955 -0.6598 0.087608
378.00 P 20260805 -1.00 -1.00 28 31 0.1927 -0.7446 0.077984
379.00 P 20260805 -1.00 -1.00 20 32 0.2074 -0.7962 0.063818
380.00 P 20260805 -1.00 -1.00 9 22 0.2169 -0.8426 0.052033
381.00 P 20260805 -1.00 -1.00 12 6 0.2124 -0.8930 0.041089
382.00 P 20260805 -1.00 -1.00 1 3 0.2116 -0.9326 0.030248
383.00 P 20260805 -1.00 -1.00 1 1 0.1787 -0.9818 0.015338
384.00 P 20260805 -1.00 -1.00 1 0 0.2324 -0.9598 0.018654
385.00 P 20260805 -1.00 -1.00 6 3 -1.0000 -1.0000 -1.000000
386.00 P 20260805 -1.00 -1.00 1 0 -1.0000 -1.0000 -1.000000
387.00 P 20260805 -1.00 -1.00 3 0 0.2964 -0.9675 0.012341
388.00 P 20260805 -1.00 -1.00 -1 0 -1.0000 -1.0000 -1.000000
389.00 P 20260805 -1.00 -1.00 -1 0 -1.0000 -1.0000 -1.000000
390.00 P 20260805 -1.00 -1.00 1 0 -1.0000 -1.0000 -1.000000
391.00 P 20260805 -1.00 -1.00 2 0 -1.0000 -1.0000 -1.000000
392.00 P 20260805 -1.00 -1.00 2 0 0.3439 -0.9901 0.004686
393.00 P 20260805 -1.00 -1.00 1 0 0.3606 -0.9906 0.004291
394.00 P 20260805 -1.00 -1.00 1 0 0.3766 -0.9909 0.003954
395.00 P 20260805 -1.00 -1.00 1 0 -1.0000 -1.0000 -1.000000
396.00 P 20260805 -1.00 -1.00 2 0 -1.0000 -1.0000 -1.000000
397.00 P 20260805 -1.00 -1.00 2 0 -1.0000 -1.0000 -1.000000
398.00 P 20260805 -1.00 -1.00 2 0 -1.0000 -1.0000 -1.000000
399.00 P 20260805 -1.00 -1.00 6 0 -1.0000 -1.0000 -1.000000
400.00 P 20260805 -1.00 -1.00 6 0 -1.0000 -1.0000 -1.000000
401.00 P 20260805 -1.00 -1.00 4 0 -1.0000 -1.0000 -1.000000
402.00 P 20260805 -1.00 -1.00 7 0 -1.0000 -1.0000 -1.000000
403.00 P 20260805 -1.00 -1.00 6 0 -1.0000 -1.0000 -1.000000
404.00 P 20260805 -1.00 -1.00 2 0 -1.0000 -1.0000 -1.000000
405.00 P 20260805 -1.00 -1.00 -1 0 -1.0000 -1.0000 -1.000000
406.00 P 20260805 -1.00 -1.00 -1 0 -1.0000 -1.0000 -1.000000
407.00 P 20260805 -1.00 -1.00 -1 0 -1.0000 -1.0000 -1.000000
408.00 P 20260805 -1.00 -1.00 -1 0 -1.0000 -1.0000 -1.000000
409.00 P 20260805 -1.00 -1.00 -1 0 0.6960 -0.9850 0.002710
410.00 P 20260805 -1.00 -1.00 -1 0 -1.0000 -1.0000 -1.000000
411.00 P 20260805 -1.00 -1.00 -1 0 -1.0000 -1.0000 -1.000000
412.00 P 20260805 -1.00 -1.00 -1 0 -1.0000 -1.0000 -1.000000
413.00 P 20260805 -1.00 -1.00 -1 0 -1.0000 -1.0000 -1.000000
414.00 P 20260805 -1.00 -1.00 -1 0 0.6876 -0.9948 0.001296
415.00 P 20260805 -1.00 -1.00 -1 0 0.7028 -0.9949 0.001246
416.00 P 20260805 -1.00 -1.00 -1 0 0.7179 -0.9950 0.001199
417.00 P 20260805 -1.00 -1.00 -1 0 -1.0000 -1.0000 -1.000000
418.00 P 20260805 -1.00 -1.00 -1 0 -1.0000 -1.0000 -1.000000
419.00 P 20260805 -1.00 -1.00 -1 0 0.7629 -0.9953 0.001075
420.00 P 20260805 -1.00 -1.00 -1 0 -1.0000 -1.0000 -1.000000
330.00 C 20260807 -1.00 -1.00 9 19 0.6767 0.9806 0.001964
335.00 C 20260807 -1.00 -1.00 1 8 0.5489 0.9889 0.001525
340.00 C 20260807 -1.00 -1.00 1 2 0.5262 0.9791 0.002699
341.00 C 20260807 -1.00 -1.00 -1 0 0.4686 0.9875 0.001959
342.00 C 20260807 -1.00 -1.00 -1 0 0.4701 0.9840 0.002396
343.00 C 20260807 -1.00 -1.00 -1 0 0.4422 0.9870 0.002151
344.00 C 20260807 -1.00 -1.00 4 11 0.4877 0.9743 0.003497
345.00 C 20260807 -1.00 -1.00 6 13 0.4884 0.9710 0.003890
346.00 C 20260807 -1.00 -1.00 -1 0 0.4175 0.9824 0.002927
347.00 C 20260807 -1.00 -1.00 24 5 0.4337 0.9753 0.003793
348.00 C 20260807 -1.00 -1.00 12 0 0.4435 0.9687 0.004539
349.00 C 20260807 -1.00 -1.00 1 3 0.3930 0.9773 0.003882
350.00 C 20260807 -1.00 -1.00 1 15 0.3801 0.9766 0.004118
351.00 C 20260807 -1.00 -1.00 1 0 0.3526 0.9798 0.003909
352.00 C 20260807 -1.00 -1.00 1 2 0.3771 0.9681 0.005413
353.00 C 20260807 -1.00 -1.00 1 1 0.3624 0.9671 0.005771
354.00 C 20260807 -1.00 -1.00 6 2 0.3550 0.9624 0.006529
355.00 C 20260807 -1.00 -1.00 1 6 0.3405 0.9611 0.007000
356.00 C 20260807 -1.00 -1.00 1 1 0.3114 0.9674 0.006667
357.00 C 20260807 -1.00 -1.00 24 6 0.3042 0.9620 0.007692
358.00 C 20260807 -1.00 -1.00 12 1 0.2897 0.9604 0.008340
359.00 C 20260807 -1.00 -1.00 1 68 0.2609 0.9679 0.007864
360.00 C 20260807 -1.00 -1.00 36 82 0.2754 0.9482 0.010950
361.00 C 20260807 -1.00 -1.00 5 108 0.2683 0.9415 0.012445
362.00 C 20260807 -1.00 -1.00 7 98 0.2649 0.9307 0.014426
363.00 C 20260807 -1.00 -1.00 11 23 0.2482 0.9270 0.015958
364.00 C 20260807 -1.00 -1.00 1 87 0.2523 0.9033 0.019272
365.00 C 20260807 -1.00 -1.00 10 84 0.2440 0.8903 0.021955
366.00 C 20260807 -1.00 -1.00 96 44 0.2455 0.8668 0.025211
367.00 C 20260807 -1.00 -1.00 29 68 0.2394 0.8427 0.028619
368.00 C 20260807 -1.00 -1.00 8 117 0.2361 0.8146 0.032279
369.00 C 20260807 -1.00 -1.00 45 698 0.2355 0.7835 0.035983
370.00 C 20260807 -1.00 -1.00 457 1448 0.2315 0.7473 0.039461
371.00 C 20260807 -1.00 -1.00 297 533 0.2301 0.7061 0.042687
372.00 C 20260807 -1.00 -1.00 191 840 0.2309 0.6633 0.045662
373.00 C 20260807 -1.00 -1.00 136 1559 0.2293 0.6169 0.047632
374.00 C 20260807 -1.00 -1.00 108 719 0.2274 0.5687 0.049316
375.00 C 20260807 -1.00 -1.00 952 1342 0.2309 0.5194 0.049866
376.00 C 20260807 -1.00 -1.00 560 374 0.2307 0.4709 0.049374
377.00 C 20260807 -1.00 -1.00 255 539 0.2296 0.4219 0.048632
378.00 C 20260807 -1.00 -1.00 731 944 0.2327 0.3750 0.047045
379.00 C 20260807 -1.00 -1.00 1382 284 0.2324 0.3315 0.044691
380.00 C 20260807 -1.00 -1.00 4493 3558 0.2307 0.2877 0.042126
381.00 C 20260807 -1.00 -1.00 248 1161 0.2362 0.2510 0.038764
382.00 C 20260807 -1.00 -1.00 298 1739 0.2377 0.2173 0.035467
383.00 C 20260807 -1.00 -1.00 380 919 0.2374 0.1854 0.032023
384.00 C 20260807 -1.00 -1.00 251 407 0.2402 0.1570 0.028583
385.00 C 20260807 -1.00 -1.00 586 3317 0.2448 0.1337 0.025387
386.00 C 20260807 -1.00 -1.00 94 1144 0.2465 0.1148 0.022398
387.00 C 20260807 -1.00 -1.00 49 269 0.2442 0.0923 0.019221
388.00 C 20260807 -1.00 -1.00 64 788 0.2521 0.0800 0.016847
389.00 C 20260807 -1.00 -1.00 72 184 0.2552 0.0669 0.014562
390.00 C 20260807 -1.00 -1.00 104 2354 0.2551 0.0555 0.012447
391.00 C 20260807 -1.00 -1.00 62 1937 0.2642 0.0504 0.011117
392.00 C 20260807 -1.00 -1.00 22 1055 0.2641 0.0394 0.009141
393.00 C 20260807 -1.00 -1.00 46 384 0.2732 0.0351 0.008090
394.00 C 20260807 -1.00 -1.00 2 503 0.2722 0.0281 0.006741
395.00 C 20260807 -1.00 -1.00 23 1423 0.2729 0.0231 0.005656
396.00 C 20260807 -1.00 -1.00 2 258 0.2815 0.0213 0.005105
397.00 C 20260807 -1.00 -1.00 19 1015 0.2822 0.0165 0.004098
398.00 C 20260807 -1.00 -1.00 11 84 0.2882 0.0138 0.003482
399.00 C 20260807 -1.00 -1.00 4 152 0.2993 0.0134 0.003269
400.00 C 20260807 -1.00 -1.00 111 3709 0.3104 0.0130 0.003077
401.00 C 20260807 -1.00 -1.00 4 65 0.2962 0.0084 0.002165
402.00 C 20260807 -1.00 -1.00 5 1460 0.3181 0.0103 0.002424
403.00 C 20260807 -1.00 -1.00 2 821 0.3540 0.0155 0.003107
404.00 C 20260807 -1.00 -1.00 1 64 0.3598 0.0134 0.002720
405.00 C 20260807 -1.00 -1.00 12 162 0.3471 0.0095 0.002063
406.00 C 20260807 -1.00 -1.00 1 36 0.3567 0.0093 0.001961
407.00 C 20260807 -1.00 -1.00 1 41 0.3541 0.0071 0.001566
408.00 C 20260807 -1.00 -1.00 7 3289 0.3940 0.0114 0.002145
409.00 C 20260807 -1.00 -1.00 108 378 0.4036 0.0111 0.002052
410.00 C 20260807 -1.00 -1.00 5 83 0.3828 0.0067 0.001362
411.00 C 20260807 -1.00 -1.00 97 45 0.4286 0.0114 0.001979
412.00 C 20260807 -1.00 -1.00 90 387 0.4078 0.0072 0.001376
413.00 C 20260807 -1.00 -1.00 91 75 0.4112 0.0062 0.001199
414.00 C 20260807 -1.00 -1.00 111 93 0.4085 0.0044 0.000896
415.00 C 20260807 -1.00 -1.00 17 104 0.4240 0.0052 0.000988
416.00 C 20260807 -1.00 -1.00 3 31 0.4514 0.0075 0.001277
417.00 C 20260807 -1.00 -1.00 131 38 0.4789 0.0095 0.001495
418.00 C 20260807 -1.00 -1.00 3 54 0.4821 0.0086 0.001362
419.00 C 20260807 -1.00 -1.00 19 21 0.4854 0.0078 0.001233
420.00 C 20260807 -1.00 -1.00 1 1584 0.4887 0.0069 0.001107
330.00 P 20260807 -1.00 -1.00 1 427 0.5576 -0.0060 0.000853
335.00 P 20260807 -1.00 -1.00 12 1859 0.4776 -0.0045 0.000780
340.00 P 20260807 -1.00 -1.00 1200 3763 0.4265 -0.0059 0.001101
341.00 P 20260807 -1.00 -1.00 7 72 0.4150 -0.0061 0.001157
342.00 P 20260807 -1.00 -1.00 10 60 0.4311 -0.0094 0.001658
343.00 P 20260807 -1.00 -1.00 2 166 0.4197 -0.0096 0.001744
344.00 P 20260807 -1.00 -1.00 16 136 0.3945 -0.0083 0.001615
345.00 P 20260807 -1.00 -1.00 6 738 0.3762 -0.0077 0.001574
346.00 P 20260807 -1.00 -1.00 92 163 0.3648 -0.0079 0.001666
347.00 P 20260807 -1.00 -1.00 5 1168 0.3535 -0.0081 0.001766
348.00 P 20260807 -1.00 -1.00 49 969 0.3423 -0.0084 0.001876
349.00 P 20260807 -1.00 -1.00 23 478 0.3310 -0.0086 0.001997
350.00 P 20260807 -1.00 -1.00 143 2935 0.3130 -0.0079 0.001943
351.00 P 20260807 -1.00 -1.00 123 2062 0.3155 -0.0103 0.002455
352.00 P 20260807 -1.00 -1.00 140 1438 0.3044 -0.0106 0.002628
353.00 P 20260807 -1.00 -1.00 134 1626 0.2933 -0.0110 0.002819
354.00 P 20260807 -1.00 -1.00 131 1393 0.2906 -0.0146 0.003596
355.00 P 20260807 -1.00 -1.00 162 402 0.2780 -0.0152 0.003883
356.00 P 20260807 -1.00 -1.00 146 613 0.2743 -0.0191 0.004777
357.00 P 20260807 -1.00 -1.00 225 2077 0.2706 -0.0231 0.005718
358.00 P 20260807 -1.00 -1.00 188 305 0.2669 -0.0271 0.006711
359.00 P 20260807 -1.00 -1.00 198 2239 0.2597 -0.0314 0.007773
360.00 P 20260807 -1.00 -1.00 334 2568 0.2498 -0.0360 0.008972
361.00 P 20260807 -1.00 -1.00 74 895 0.2457 -0.0448 0.010880
362.00 P 20260807 -1.00 -1.00 99 956 0.2402 -0.0530 0.012801
363.00 P 20260807 -1.00 -1.00 129 1861 0.2333 -0.0607 0.014795
364.00 P 20260807 -1.00 -1.00 97 495 0.2320 -0.0778 0.017871
365.00 P 20260807 -1.00 -1.00 330 1296 0.2287 -0.0961 0.021184
366.00 P 20260807 -1.00 -1.00 33 1488 0.2239 -0.1135 0.024612
367.00 P 20260807 -1.00 -1.00 151 328 0.2249 -0.1413 0.028551
368.00 P 20260807 -1.00 -1.00 233 252 0.2222 -0.1716 0.032639
369.00 P 20260807 -1.00 -1.00 66 240 0.2233 -0.2063 0.036733
370.00 P 20260807 -1.00 -1.00 253 2188 0.2213 -0.2433 0.040644
371.00 P 20260807 -1.00 -1.00 63 375 0.2204 -0.2867 0.044113
372.00 P 20260807 -1.00 -1.00 461 136 0.2228 -0.3326 0.047107
373.00 P 20260807 -1.00 -1.00 103 322 0.2207 -0.3799 0.049553
374.00 P 20260807 -1.00 -1.00 536 194 0.2210 -0.4307 0.050900
375.00 P 20260807 -1.00 -1.00 175 460 0.2241 -0.4817 0.051611
376.00 P 20260807 -1.00 -1.00 130 83 0.2209 -0.5325 0.051775
377.00 P 20260807 -1.00 -1.00 61 105 0.2212 -0.5832 0.050682
378.00 P 20260807 -1.00 -1.00 42 138 0.2231 -0.6331 0.049263
379.00 P 20260807 -1.00 -1.00 11 82 0.2193 -0.6807 0.047023
380.00 P 20260807 -1.00 -1.00 43 210 0.2207 -0.7243 0.043753
381.00 P 20260807 -1.00 -1.00 1 78 0.2238 -0.7657 0.040352
382.00 P 20260807 -1.00 -1.00 70 33 0.2246 -0.7988 0.036461
383.00 P 20260807 -1.00 -1.00 2 27 0.2277 -0.8289 0.032582
384.00 P 20260807 -1.00 -1.00 500 398 0.2307 -0.8587 0.028893
385.00 P 20260807 -1.00 -1.00 5 51 0.2330 -0.8809 0.025464
386.00 P 20260807 -1.00 -1.00 2 24 0.2327 -0.9031 0.022107
387.00 P 20260807 -1.00 -1.00 1 70 0.2278 -0.9312 0.018261
388.00 P 20260807 -1.00 -1.00 12 13 0.2212 -0.9509 0.014904
389.00 P 20260807 -1.00 -1.00 1 0 0.2344 -0.9534 0.013473
390.00 P 20260807 -1.00 -1.00 2 13 0.2401 -0.9616 0.011636
391.00 P 20260807 -1.00 -1.00 1 0 -1.0000 -1.0000 -1.000000
392.00 P 20260807 -1.00 -1.00 2 29 -1.0000 -1.0000 -1.000000
393.00 P 20260807 -1.00 -1.00 57 0 0.2564 -0.9791 0.007492
394.00 P 20260807 -1.00 -1.00 1 15 -1.0000 -1.0000 -1.000000
395.00 P 20260807 -1.00 -1.00 23 0 -1.0000 -1.0000 -1.000000
396.00 P 20260807 -1.00 -1.00 1 0 -1.0000 -1.0000 -1.000000
397.00 P 20260807 -1.00 -1.00 1 0 -1.0000 -1.0000 -1.000000
398.00 P 20260807 -1.00 -1.00 2 0 -1.0000 -1.0000 -1.000000
399.00 P 20260807 -1.00 -1.00 1 0 -1.0000 -1.0000 -1.000000
400.00 P 20260807 -1.00 -1.00 1 0 -1.0000 -1.0000 -1.000000
401.00 P 20260807 -1.00 -1.00 2 0 0.3274 -0.9908 0.003387
402.00 P 20260807 -1.00 -1.00 57 0 -1.0000 -1.0000 -1.000000
403.00 P 20260807 -1.00 -1.00 -1 0 -1.0000 -1.0000 -1.000000
404.00 P 20260807 -1.00 -1.00 1 0 -1.0000 -1.0000 -1.000000
405.00 P 20260807 -1.00 -1.00 14 0 0.4200 -0.9767 0.004370
406.00 P 20260807 -1.00 -1.00 2 0 -1.0000 -1.0000 -1.000000
407.00 P 20260807 -1.00 -1.00 1 0 -1.0000 -1.0000 -1.000000
408.00 P 20260807 -1.00 -1.00 15 0 -1.0000 -1.0000 -1.000000
409.00 P 20260807 -1.00 -1.00 15 32 -1.0000 -1.0000 -1.000000
410.00 P 20260807 -1.00 -1.00 5 0 -1.0000 -1.0000 -1.000000
411.00 P 20260807 -1.00 -1.00 -1 0 -1.0000 -1.0000 -1.000000
412.00 P 20260807 -1.00 -1.00 1 0 -1.0000 -1.0000 -1.000000
413.00 P 20260807 -1.00 -1.00 1 0 -1.0000 -1.0000 -1.000000
414.00 P 20260807 -1.00 -1.00 1 0 -1.0000 -1.0000 -1.000000
415.00 P 20260807 -1.00 -1.00 1 1 -1.0000 -1.0000 -1.000000
416.00 P 20260807 -1.00 -1.00 2 0 -1.0000 -1.0000 -1.000000
417.00 P 20260807 -1.00 -1.00 1 0 -1.0000 -1.0000 -1.000000
418.00 P 20260807 -1.00 -1.00 2 0 0.5281 -0.9892 0.002052
419.00 P 20260807 -1.00 -1.00 1 0 -1.0000 -1.0000 -1.000000
420.00 P 20260807 -1.00 -1.00 -1 0 0.5122 -0.9941 0.001466
330.00 C 20260810 -1.00 -1.00 -1 0 0.3914 0.9954 0.000696
335.00 C 20260810 -1.00 -1.00 -1 0 0.4176 0.9836 0.001983
340.00 C 20260810 -1.00 -1.00 -1 0 0.3686 0.9821 0.002430
341.00 C 20260810 -1.00 -1.00 -1 0 0.3173 0.9913 0.001519
342.00 C 20260810 -1.00 -1.00 -1 0 0.3277 0.9876 0.002004
343.00 C 20260810 -1.00 -1.00 -1 0 0.2741 0.9953 0.001020
344.00 C 20260810 -1.00 -1.00 -1 0 0.3300 0.9805 0.002917
345.00 C 20260810 -1.00 -1.00 -1 0 0.2818 0.9907 0.001810
346.00 C 20260810 -1.00 -1.00 -1 0 0.3215 0.9765 0.003538
347.00 C 20260810 -1.00 -1.00 -1 0 0.2798 0.9863 0.002547
348.00 C 20260810 -1.00 -1.00 -1 0 0.2704 0.9860 0.002686
349.00 C 20260810 -1.00 -1.00 -1 0 0.2824 0.9780 0.003789
350.00 C 20260810 -1.00 -1.00 2 0 0.2729 0.9774 0.004014
351.00 C 20260810 -1.00 -1.00 -1 0 0.2528 0.9807 0.003778
352.00 C 20260810 -1.00 -1.00 26 5 0.2327 0.9845 0.003394
353.00 C 20260810 -1.00 -1.00 -1 0 0.2554 0.9716 0.005274
354.00 C 20260810 -1.00 -1.00 -1 0 0.2448 0.9707 0.005633
355.00 C 20260810 -1.00 -1.00 -1 0 0.2449 0.9622 0.006859
356.00 C 20260810 -1.00 -1.00 -1 0 0.2238 0.9686 0.006486
357.00 C 20260810 -1.00 -1.00 26 5 0.2292 0.9555 0.008352
358.00 C 20260810 -1.00 -1.00 -1 0 0.2346 0.9430 0.010042
359.00 C 20260810 -1.00 -1.00 1 3 0.2295 0.9374 0.011140
360.00 C 20260810 -1.00 -1.00 4 9 0.2139 0.9382 0.011819
361.00 C 20260810 -1.00 -1.00 6 6 0.2180 0.9183 0.014174
362.00 C 20260810 -1.00 -1.00 3 4 0.2151 0.9049 0.016094
363.00 C 20260810 -1.00 -1.00 4 4 0.2121 0.8912 0.018114
364.00 C 20260810 -1.00 -1.00 2 7 0.2032 0.8826 0.020079
365.00 C 20260810 -1.00 -1.00 5 22 0.1976 0.8676 0.022454
366.00 C 20260810 -1.00 -1.00 8 10 0.1993 0.8385 0.025185
367.00 C 20260810 -1.00 -1.00 1 7 0.1991 0.8120 0.027880
368.00 C 20260810 -1.00 -1.00 48 58 0.2008 0.7835 0.030478
369.00 C 20260810 -1.00 -1.00 36 114 0.1943 0.7564 0.033276
370.00 C 20260810 -1.00 -1.00 81 239 0.1905 0.7241 0.036028
371.00 C 20260810 -1.00 -1.00 27 85 0.1957 0.6832 0.037648
372.00 C 20260810 -1.00 -1.00 444 330 0.1942 0.6469 0.039799
373.00 C 20260810 -1.00 -1.00 228 157 0.1929 0.6060 0.041025
374.00 C 20260810 -1.00 -1.00 53 40 0.1891 0.5655 0.042839
375.00 C 20260810 -1.00 -1.00 145 334 0.1918 0.5228 0.043266
376.00 C 20260810 -1.00 -1.00 42 120 0.1898 0.4804 0.043370
377.00 C 20260810 -1.00 -1.00 57 52 0.1896 0.4378 0.042706
378.00 C 20260810 -1.00 -1.00 389 104 0.1926 0.3969 0.041400
379.00 C 20260810 -1.00 -1.00 123 77 0.1940 0.3578 0.040000
380.00 C 20260810 -1.00 -1.00 282 291 0.1933 0.3205 0.038082
381.00 C 20260810 -1.00 -1.00 161 182 0.1945 0.2851 0.035878
382.00 C 20260810 -1.00 -1.00 94 128 0.1980 0.2530 0.033491
383.00 C 20260810 -1.00 -1.00 227 111 0.1994 0.2240 0.031062
384.00 C 20260810 -1.00 -1.00 13 110 0.1996 0.1970 0.028519
385.00 C 20260810 -1.00 -1.00 52 233 0.2018 0.1726 0.025977
386.00 C 20260810 -1.00 -1.00 37 54 0.2057 0.1512 0.023558
387.00 C 20260810 -1.00 -1.00 18 114 0.2069 0.1311 0.021283
388.00 C 20260810 -1.00 -1.00 16 105 0.2087 0.1156 0.019140
389.00 C 20260810 -1.00 -1.00 5 32 0.2106 0.1003 0.017070
390.00 C 20260810 -1.00 -1.00 31 333 0.2152 0.0885 0.015276
391.00 C 20260810 -1.00 -1.00 10 7 0.2192 0.0766 0.013572
392.00 C 20260810 -1.00 -1.00 2 24 0.2224 0.0678 0.012159
393.00 C 20260810 -1.00 -1.00 11 14 0.2233 0.0590 0.010781
394.00 C 20260810 -1.00 -1.00 58 60 0.2262 0.0519 0.009573
395.00 C 20260810 -1.00 -1.00 1 61 0.2290 0.0449 0.008420
396.00 C 20260810 -1.00 -1.00 78 23 0.2336 0.0396 0.007488
397.00 C 20260810 -1.00 -1.00 56 5 0.2383 0.0346 0.006621
398.00 C 20260810 -1.00 -1.00 56 6 0.2386 0.0296 0.005795
399.00 C 20260810 -1.00 -1.00 86 34 0.2430 0.0272 0.005267
400.00 C 20260810 -1.00 -1.00 17 72 0.2454 0.0239 0.004668
401.00 C 20260810 -1.00 -1.00 168 33 0.2478 0.0208 0.004093
402.00 C 20260810 -1.00 -1.00 199 31 0.2614 0.0226 0.004173
403.00 C 20260810 -1.00 -1.00 201 14 0.2601 0.0181 0.003462
404.00 C 20260810 -1.00 -1.00 201 12 0.2643 0.0160 0.003077
405.00 C 20260810 -1.00 -1.00 203 26 0.2621 0.0122 0.002486
406.00 C 20260810 -1.00 -1.00 156 10 0.2690 0.0119 0.002367
407.00 C 20260810 -1.00 -1.00 120 4 0.2674 0.0099 0.002013
408.00 C 20260810 -1.00 -1.00 39 3 0.2786 0.0106 0.002042
409.00 C 20260810 -1.00 -1.00 1 3 0.2898 0.0111 0.002062
410.00 C 20260810 -1.00 -1.00 1 2 0.2966 0.0109 0.001974
411.00 C 20260810 -1.00 -1.00 21 4 0.2992 0.0099 0.001790
412.00 C 20260810 -1.00 -1.00 118 22 0.3060 0.0097 0.001717
413.00 C 20260810 -1.00 -1.00 130 11 0.3128 0.0095 0.001649
414.00 C 20260810 -1.00 -1.00 130 11 0.3196 0.0093 0.001585
415.00 C 20260810 -1.00 -1.00 131 8 0.3221 0.0084 0.001431
416.00 C 20260810 -1.00 -1.00 132 8 0.3204 0.0067 0.001179
417.00 C 20260810 -1.00 -1.00 132 6 0.3442 0.0095 0.001500
418.00 C 20260810 -1.00 -1.00 110 29 0.3509 0.0093 0.001448
419.00 C 20260810 -1.00 -1.00 -1 0 0.3533 0.0085 0.001320
420.00 C 20260810 -1.00 -1.00 1 1 0.3473 0.0062 0.001022
330.00 P 20260810 -1.00 -1.00 3 8 0.4229 -0.0083 0.001090
335.00 P 20260810 -1.00 -1.00 5 38 0.3651 -0.0073 0.001122
340.00 P 20260810 -1.00 -1.00 101 116 0.2978 -0.0042 0.000850
341.00 P 20260810 -1.00 -1.00 6 10 0.3301 -0.0106 0.001740
342.00 P 20260810 -1.00 -1.00 2 20 0.3016 -0.0078 0.001448
343.00 P 20260810 -1.00 -1.00 4 0 0.3133 -0.0111 0.001919
344.00 P 20260810 -1.00 -1.00 4 4 0.3039 -0.0114 0.002019
345.00 P 20260810 -1.00 -1.00 8 309 0.2821 -0.0093 0.001818
346.00 P 20260810 -1.00 -1.00 4 37 0.2689 -0.0088 0.001796
347.00 P 20260810 -1.00 -1.00 28 28 0.2804 -0.0139 0.002581
348.00 P 20260810 -1.00 -1.00 1 8 0.2712 -0.0143 0.002735
349.00 P 20260810 -1.00 -1.00 6 14 0.2642 -0.0156 0.003013
350.00 P 20260810 -1.00 -1.00 21 179 0.2912 -0.0285 0.004640
351.00 P 20260810 -1.00 -1.00 6 48 0.2545 -0.0200 0.003867
352.00 P 20260810 -1.00 -1.00 11 30 0.2497 -0.0223 0.004339
353.00 P 20260810 -1.00 -1.00 11 48 0.2427 -0.0239 0.004747
354.00 P 20260810 -1.00 -1.00 9 56 0.2439 -0.0287 0.005574
355.00 P 20260810 -1.00 -1.00 92 204 0.2324 -0.0290 0.005889
356.00 P 20260810 -1.00 -1.00 3 65 0.2295 -0.0357 0.007006
357.00 P 20260810 -1.00 -1.00 13 233 0.2159 -0.0347 0.007279
358.00 P 20260810 -1.00 -1.00 2 313 0.2131 -0.0421 0.008599
359.00 P 20260810 -1.00 -1.00 10 121 0.2091 -0.0489 0.009906
360.00 P 20260810 -1.00 -1.00 29 274 0.2063 -0.0567 0.011380
361.00 P 20260810 -1.00 -1.00 25 2519 0.2039 -0.0662 0.013069
362.00 P 20260810 -1.00 -1.00 8 261 0.1999 -0.0790 0.015109
363.00 P 20260810 -1.00 -1.00 6 1040 0.1964 -0.0930 0.017349
364.00 P 20260810 -1.00 -1.00 9 57 0.1949 -0.1094 0.019827
365.00 P 20260810 -1.00 -1.00 112 541 0.1956 -0.1302 0.022503
366.00 P 20260810 -1.00 -1.00 202 41 0.1922 -0.1530 0.025284
367.00 P 20260810 -1.00 -1.00 5 28 0.1904 -0.1787 0.028221
368.00 P 20260810 -1.00 -1.00 5 43 0.1914 -0.2078 0.031135
369.00 P 20260810 -1.00 -1.00 107 100 0.1901 -0.2397 0.033874
370.00 P 20260810 -1.00 -1.00 24 188 0.1875 -0.2739 0.036598
371.00 P 20260810 -1.00 -1.00 55 27 0.1888 -0.3125 0.038877
372.00 P 20260810 -1.00 -1.00 67 29 0.1895 -0.3517 0.040943
373.00 P 20260810 -1.00 -1.00 32 94 0.1881 -0.3934 0.042302
374.00 P 20260810 -1.00 -1.00 19 13 0.1869 -0.4360 0.043657
375.00 P 20260810 -1.00 -1.00 42 12 0.1897 -0.4796 0.044107
376.00 P 20260810 -1.00 -1.00 5 4 0.1875 -0.5230 0.044270
377.00 P 20260810 -1.00 -1.00 4 33 0.1878 -0.5662 0.043521
378.00 P 20260810 -1.00 -1.00 13 6 0.1894 -0.6087 0.042534
379.00 P 20260810 -1.00 -1.00 2 5 0.1906 -0.6489 0.041047
380.00 P 20260810 -1.00 -1.00 14 8 0.1903 -0.6867 0.039027
381.00 P 20260810 -1.00 -1.00 1 3 0.1958 -0.7183 0.036242
382.00 P 20260810 -1.00 -1.00 10 10 0.1981 -0.7523 0.034029
383.00 P 20260810 -1.00 -1.00 9 9 0.1993 -0.7818 0.031599
384.00 P 20260810 -1.00 -1.00 1 0 0.1998 -0.8090 0.029101
385.00 P 20260810 -1.00 -1.00 6 6 0.2001 -0.8365 0.026616
386.00 P 20260810 -1.00 -1.00 57 57 0.2039 -0.8587 0.024168
387.00 P 20260810 -1.00 -1.00 -1 0 0.2060 -0.8773 0.021877
388.00 P 20260810 -1.00 -1.00 1 1 0.2144 -0.8859 0.019938
389.00 P 20260810 -1.00 -1.00 -1 0 0.2111 -0.9075 0.017764
390.00 P 20260810 -1.00 -1.00 20 23 0.2071 -0.9310 0.015281
391.00 P 20260810 -1.00 -1.00 -1 0 0.2243 -0.9258 0.014560
392.00 P 20260810 -1.00 -1.00 -1 0 0.2232 -0.9407 0.012815
393.00 P 20260810 -1.00 -1.00 -1 0 0.2274 -0.9471 0.011680
394.00 P 20260810 -1.00 -1.00 -1 0 0.2368 -0.9490 0.010877
395.00 P 20260810 -1.00 -1.00 -1 0 -1.0000 -1.0000 -1.000000
396.00 P 20260810 -1.00 -1.00 -1 0 0.2252 -0.9784 0.007441
397.00 P 20260810 -1.00 -1.00 -1 0 -1.0000 -1.0000 -1.000000
398.00 P 20260810 -1.00 -1.00 -1 0 -1.0000 -1.0000 -1.000000
399.00 P 20260810 -1.00 -1.00 -1 0 -1.0000 -1.0000 -1.000000
400.00 P 20260810 -1.00 -1.00 -1 0 -1.0000 -1.0000 -1.000000
401.00 P 20260810 -1.00 -1.00 -1 0 -1.0000 -1.0000 -1.000000
402.00 P 20260810 -1.00 -1.00 -1 0 -1.0000 -1.0000 -1.000000
403.00 P 20260810 -1.00 -1.00 -1 0 -1.0000 -1.0000 -1.000000
404.00 P 20260810 -1.00 -1.00 -1 0 -1.0000 -1.0000 -1.000000
405.00 P 20260810 -1.00 -1.00 -1 0 -1.0000 -1.0000 -1.000000
406.00 P 20260810 -1.00 -1.00 -1 0 -1.0000 -1.0000 -1.000000
407.00 P 20260810 -1.00 -1.00 -1 0 0.3126 -0.9841 0.004035
408.00 P 20260810 -1.00 -1.00 -1 0 -1.0000 -1.0000 -1.000000
409.00 P 20260810 -1.00 -1.00 -1 0 -1.0000 -1.0000 -1.000000
410.00 P 20260810 -1.00 -1.00 -1 0 -1.0000 -1.0000 -1.000000
411.00 P 20260810 -1.00 -1.00 -1 0 -1.0000 -1.0000 -1.000000
412.00 P 20260810 -1.00 -1.00 -1 0 -1.0000 -1.0000 -1.000000
413.00 P 20260810 -1.00 -1.00 -1 0 -1.0000 -1.0000 -1.000000
414.00 P 20260810 -1.00 -1.00 -1 0 -1.0000 -1.0000 -1.000000
415.00 P 20260810 -1.00 -1.00 -1 0 -1.0000 -1.0000 -1.000000
416.00 P 20260810 -1.00 -1.00 -1 0 -1.0000 -1.0000 -1.000000
417.00 P 20260810 -1.00 -1.00 -1 0 -1.0000 -1.0000 -1.000000
418.00 P 20260810 -1.00 -1.00 -1 0 -1.0000 -1.0000 -1.000000
419.00 P 20260810 -1.00 -1.00 -1 0 -1.0000 -1.0000 -1.000000
420.00 P 20260810 -1.00 -1.00 -1 0 -1.0000 -1.0000 -1.000000
330.00 C 20260812 -1.00 -1.00 -1 0 0.4106 0.9841 0.001713
335.00 C 20260812 -1.00 -1.00 -1 0 0.3479 0.9881 0.001593
340.00 C 20260812 -1.00 -1.00 -1 0 0.3277 0.9802 0.002592
341.00 C 20260812 -1.00 -1.00 -1 0 0.4493 0.9302 0.005343
342.00 C 20260812 -1.00 -1.00 -1 0 0.4381 0.9288 0.005560
343.00 C 20260812 -1.00 -1.00 -1 0 0.4215 0.9302 0.005697
344.00 C 20260812 -1.00 -1.00 1 1 0.3032 0.9757 0.003361
345.00 C 20260812 -1.00 -1.00 -1 0 0.2854 0.9781 0.003254
346.00 C 20260812 -1.00 -1.00 -1 0 0.3828 0.9286 0.006374
347.00 C 20260812 -1.00 -1.00 -1 0 0.3877 0.9174 0.006991
348.00 C 20260812 -1.00 -1.00 -1 0 0.3661 0.9218 0.007115
349.00 C 20260812 -1.00 -1.00 -1 0 0.3577 0.9182 0.007527
350.00 C 20260812 -1.00 -1.00 -1 0 0.2625 0.9658 0.005138
351.00 C 20260812 -1.00 -1.00 -1 0 0.3491 0.9055 0.008591
352.00 C 20260812 -1.00 -1.00 -1 0 0.3382 0.9029 0.009052
353.00 C 20260812 -1.00 -1.00 -1 0 0.3327 0.8969 0.009641
354.00 C 20260812 -1.00 -1.00 -1 0 0.3245 0.8923 0.010228
355.00 C 20260812 -1.00 -1.00 -1 0 0.2441 0.9416 0.008589
356.00 C 20260812 -1.00 -1.00 -1 0 0.3108 0.8807 0.011575
357.00 C 20260812 -1.00 -1.00 -1 0 0.2313 0.9319 0.010210
358.00 C 20260812 -1.00 -1.00 -1 0 0.2313 0.9184 0.011613
359.00 C 20260812 -1.00 -1.00 2 2 0.2260 0.9100 0.012786
360.00 C 20260812 -1.00 -1.00 -1 0 0.2261 0.8963 0.014254
361.00 C 20260812 -1.00 -1.00 3 3 0.2261 0.8826 0.015721
362.00 C 20260812 -1.00 -1.00 -1 0 0.2179 0.8753 0.017093
363.00 C 20260812 -1.00 -1.00 -1 0 0.2176 0.8543 0.018804
364.00 C 20260812 -1.00 -1.00 2 2 0.2139 0.8371 0.020542
365.00 C 20260812 -1.00 -1.00 10 1 0.2101 0.8193 0.022392
366.00 C 20260812 -1.00 -1.00 18 6 0.2150 0.7925 0.024056
367.00 C 20260812 -1.00 -1.00 42 8 0.2141 0.7680 0.025683
368.00 C 20260812 -1.00 -1.00 36 10 0.2107 0.7428 0.027387
369.00 C 20260812 -1.00 -1.00 6 16 0.2113 0.7134 0.028818
370.00 C 20260812 -1.00 -1.00 85 73 0.2105 0.6850 0.030374
371.00 C 20260812 -1.00 -1.00 13 20 0.2114 0.6550 0.031638
372.00 C 20260812 -1.00 -1.00 5 119 0.2080 0.6236 0.032767
373.00 C 20260812 -1.00 -1.00 2 14 0.2080 0.5899 0.033422
374.00 C 20260812 -1.00 -1.00 25 19 0.2081 0.5563 0.034077
375.00 C 20260812 -1.00 -1.00 74 20 0.2104 0.5226 0.034362
376.00 C 20260812 -1.00 -1.00 18 18 0.2096 0.4891 0.034266
377.00 C 20260812 -1.00 -1.00 19 1358 0.2077 0.4550 0.034158
378.00 C 20260812 -1.00 -1.00 57 113 0.2091 0.4218 0.033514
379.00 C 20260812 -1.00 -1.00 12 4 0.2105 0.3891 0.032885
380.00 C 20260812 -1.00 -1.00 64 182 0.2124 0.3588 0.031825
381.00 C 20260812 -1.00 -1.00 28 25 0.2114 0.3290 0.030660
382.00 C 20260812 -1.00 -1.00 10 119 0.2122 0.3006 0.029299
383.00 C 20260812 -1.00 -1.00 8 63 0.2142 0.2736 0.027852
384.00 C 20260812 -1.00 -1.00 9 19 0.2172 0.2484 0.026383
385.00 C 20260812 -1.00 -1.00 555 32 0.2175 0.2253 0.024857
386.00 C 20260812 -1.00 -1.00 8 95 0.2177 0.2038 0.023251
387.00 C 20260812 -1.00 -1.00 10 15 0.2182 0.1827 0.021646
388.00 C 20260812 -1.00 -1.00 13 50 0.2219 0.1657 0.020058
389.00 C 20260812 -1.00 -1.00 2 4 0.2253 0.1489 0.018561
390.00 C 20260812 -1.00 -1.00 44 33 0.2273 0.1342 0.017154
391.00 C 20260812 -1.00 -1.00 19 22 0.2279 0.1209 0.015783
392.00 C 20260812 -1.00 -1.00 8 4 0.2295 0.1087 0.014465
393.00 C 20260812 -1.00 -1.00 3 1 0.2320 0.0976 0.013226
394.00 C 20260812 -1.00 -1.00 6 1 0.2359 0.0884 0.012115
395.00 C 20260812 -1.00 -1.00 17 5 0.2393 0.0789 0.011041
396.00 C 20260812 -1.00 -1.00 8 14 0.2427 0.0713 0.010112
397.00 C 20260812 -1.00 -1.00 1 0 0.2468 0.0665 0.009379
398.00 C 20260812 -1.00 -1.00 5 0 0.2410 0.0550 0.008197
399.00 C 20260812 -1.00 -1.00 12 12 0.2467 0.0517 0.007613
400.00 C 20260812 -1.00 -1.00 4 31 0.2491 0.0461 0.006881
401.00 C 20260812 -1.00 -1.00 30 33 0.2539 0.0425 0.006330
402.00 C 20260812 -1.00 -1.00 1 0 0.2587 0.0390 0.005816
403.00 C 20260812 -1.00 -1.00 4 1 0.2564 0.0319 0.005007
404.00 C 20260812 -1.00 -1.00 4 22 0.2698 0.0336 0.004986
405.00 C 20260812 -1.00 -1.00 6 14 0.2654 0.0285 0.004377
406.00 C 20260812 -1.00 -1.00 4 21 0.2658 0.0253 0.003931
407.00 C 20260812 -1.00 -1.00 4 11 0.2727 0.0247 0.003756
408.00 C 20260812 -1.00 -1.00 6 13 0.2747 0.0222 0.003402
409.00 C 20260812 -1.00 -1.00 43 6 0.2767 0.0198 0.003059
410.00 C 20260812 -1.00 -1.00 153 29 0.2851 0.0200 0.002998
411.00 C 20260812 -1.00 -1.00 208 7 0.2871 0.0177 0.002683
412.00 C 20260812 -1.00 -1.00 207 0 0.2907 0.0160 0.002445
413.00 C 20260812 -1.00 -1.00 208 1 0.2943 0.0144 0.002218
414.00 C 20260812 -1.00 -1.00 209 0 0.2962 0.0129 0.002001
415.00 C 20260812 -1.00 -1.00 203 10 0.2984 0.0120 0.001857
416.00 C 20260812 -1.00 -1.00 165 0 0.3006 0.0111 0.001718
417.00 C 20260812 -1.00 -1.00 52 0 0.3065 0.0109 0.001657
418.00 C 20260812 -1.00 -1.00 2 0 0.3086 0.0100 0.001527
419.00 C 20260812 -1.00 -1.00 1 0 0.3181 0.0105 0.001546
420.00 C 20260812 -1.00 -1.00 5 6 0.3203 0.0097 0.001427
330.00 P 20260812 -1.00 -1.00 7 12 0.3596 -0.0072 0.000976
335.00 P 20260812 -1.00 -1.00 6 10 0.3444 -0.0110 0.001503
340.00 P 20260812 -1.00 -1.00 7 9 0.3030 -0.0122 0.001866
341.00 P 20260812 -1.00 -1.00 10 10 0.3043 -0.0157 0.002282
342.00 P 20260812 -1.00 -1.00 -1 0 0.2980 -0.0167 0.002457
343.00 P 20260812 -1.00 -1.00 1 1 0.2918 -0.0177 0.002645
344.00 P 20260812 -1.00 -1.00 1 1 0.2837 -0.0182 0.002782
345.00 P 20260812 -1.00 -1.00 1 14 0.2812 -0.0206 0.003128
346.00 P 20260812 -1.00 -1.00 11 11 0.2769 -0.0224 0.003424
347.00 P 20260812 -1.00 -1.00 -1 0 0.2745 -0.0249 0.003796
348.00 P 20260812 -1.00 -1.00 8 5 0.2665 -0.0256 0.004010
349.00 P 20260812 -1.00 -1.00 8 1 0.2657 -0.0295 0.004535
350.00 P 20260812 -1.00 -1.00 1 12 0.2621 -0.0340 0.005132
351.00 P 20260812 -1.00 -1.00 2 46 0.2520 -0.0345 0.005392
352.00 P 20260812 -1.00 -1.00 20 4 0.2456 -0.0375 0.005909
353.00 P 20260812 -1.00 -1.00 2 5 0.2412 -0.0419 0.006584
354.00 P 20260812 -1.00 -1.00 5 13 0.2368 -0.0465 0.007305
355.00 P 20260812 -1.00 -1.00 2 70 0.2333 -0.0518 0.008123
356.00 P 20260812 -1.00 -1.00 2 11 0.2335 -0.0597 0.009154
357.00 P 20260812 -1.00 -1.00 9 1500 0.2295 -0.0665 0.010133
358.00 P 20260812 -1.00 -1.00 9 9 0.2248 -0.0752 0.011290
359.00 P 20260812 -1.00 -1.00 5 17 0.2212 -0.0855 0.012592
360.00 P 20260812 -1.00 -1.00 12 605 0.2192 -0.0976 0.014044
361.00 P 20260812 -1.00 -1.00 5 6 0.2188 -0.1114 0.015594
362.00 P 20260812 -1.00 -1.00 22 1 0.2179 -0.1253 0.017178
363.00 P 20260812 -1.00 -1.00 1 2 0.2145 -0.1426 0.018862
364.00 P 20260812 -1.00 -1.00 5 2 0.2115 -0.1609 0.020644
365.00 P 20260812 -1.00 -1.00 13 24 0.2102 -0.1815 0.022493
366.00 P 20260812 -1.00 -1.00 1 7 0.2114 -0.2048 0.024306
367.00 P 20260812 -1.00 -1.00 7 7 0.2104 -0.2290 0.026070
368.00 P 20260812 -1.00 -1.00 1 3 0.2076 -0.2552 0.027792
369.00 P 20260812 -1.00 -1.00 7 6 0.2064 -0.2836 0.029450
370.00 P 20260812 -1.00 -1.00 11 14 0.2075 -0.3141 0.030894
371.00 P 20260812 -1.00 -1.00 3 3 0.2087 -0.3452 0.032217
372.00 P 20260812 -1.00 -1.00 30 0 0.2056 -0.3771 0.033355
373.00 P 20260812 -1.00 -1.00 10 2 0.2045 -0.4109 0.034222
374.00 P 20260812 -1.00 -1.00 19 11 0.2057 -0.4455 0.034741
375.00 P 20260812 -1.00 -1.00 9 21 0.2067 -0.4801 0.035280
376.00 P 20260812 -1.00 -1.00 7 0 0.2058 -0.5145 0.035212
377.00 P 20260812 -1.00 -1.00 1 0 0.2049 -0.5491 0.034945
378.00 P 20260812 -1.00 -1.00 2 2 0.2063 -0.5830 0.034320
379.00 P 20260812 -1.00 -1.00 11 10 0.2076 -0.6168 0.033734
380.00 P 20260812 -1.00 -1.00 6 0 0.2077 -0.6489 0.032809
381.00 P 20260812 -1.00 -1.00 20 12 0.2036 -0.6824 0.031995
382.00 P 20260812 -1.00 -1.00 -1 0 0.2071 -0.7095 0.030278
383.00 P 20260812 -1.00 -1.00 -1 0 0.2054 -0.7420 0.029140
384.00 P 20260812 -1.00 -1.00 1 0 0.2073 -0.7687 0.027534
385.00 P 20260812 -1.00 -1.00 6 3 0.2077 -0.7915 0.025789
386.00 P 20260812 -1.00 -1.00 1 9 0.2081 -0.8144 0.024055
387.00 P 20260812 -1.00 -1.00 2 2 0.2083 -0.8376 0.022343
388.00 P 20260812 -1.00 -1.00 -1 0 0.2166 -0.8490 0.020628
389.00 P 20260812 -1.00 -1.00 -1 0 0.2094 -0.8774 0.018945
390.00 P 20260812 -1.00 -1.00 -1 0 0.2166 -0.8849 0.017507
391.00 P 20260812 -1.00 -1.00 -1 0 0.2188 -0.8976 0.016100
392.00 P 20260812 -1.00 -1.00 -1 0 0.2182 -0.9134 0.014600
393.00 P 20260812 -1.00 -1.00 -1 0 0.2142 -0.9341 0.012855
394.00 P 20260812 -1.00 -1.00 -1 0 0.2265 -0.9327 0.012149
395.00 P 20260812 -1.00 -1.00 -1 0 0.2134 -0.9546 0.010337
396.00 P 20260812 -1.00 -1.00 1 0 0.2446 -0.9371 0.010698
397.00 P 20260812 -1.00 -1.00 -1 0 -1.0000 -1.0000 -1.000000
398.00 P 20260812 -1.00 -1.00 -1 0 -1.0000 -1.0000 -1.000000
399.00 P 20260812 -1.00 -1.00 -1 0 -1.0000 -1.0000 -1.000000
400.00 P 20260812 -1.00 -1.00 -1 0 0.2125 -0.9927 0.004450
401.00 P 20260812 -1.00 -1.00 -1 0 -1.0000 -1.0000 -1.000000
402.00 P 20260812 -1.00 -1.00 -1 0 -1.0000 -1.0000 -1.000000
403.00 P 20260812 -1.00 -1.00 -1 0 -1.0000 -1.0000 -1.000000
404.00 P 20260812 -1.00 -1.00 -1 0 -1.0000 -1.0000 -1.000000
405.00 P 20260812 -1.00 -1.00 -1 0 -1.0000 -1.0000 -1.000000
406.00 P 20260812 -1.00 -1.00 -1 0 -1.0000 -1.0000 -1.000000
407.00 P 20260812 -1.00 -1.00 -1 0 -1.0000 -1.0000 -1.000000
408.00 P 20260812 -1.00 -1.00 -1 0 -1.0000 -1.0000 -1.000000
409.00 P 20260812 -1.00 -1.00 -1 0 -1.0000 -1.0000 -1.000000
410.00 P 20260812 -1.00 -1.00 -1 0 -1.0000 -1.0000 -1.000000
411.00 P 20260812 -1.00 -1.00 -1 0 -1.0000 -1.0000 -1.000000
412.00 P 20260812 -1.00 -1.00 -1 0 -1.0000 -1.0000 -1.000000
413.00 P 20260812 -1.00 -1.00 -1 0 -1.0000 -1.0000 -1.000000
414.00 P 20260812 -1.00 -1.00 -1 0 -1.0000 -1.0000 -1.000000
415.00 P 20260812 -1.00 -1.00 -1 0 -1.0000 -1.0000 -1.000000
416.00 P 20260812 -1.00 -1.00 -1 0 -1.0000 -1.0000 -1.000000
417.00 P 20260812 -1.00 -1.00 -1 0 -1.0000 -1.0000 -1.000000
418.00 P 20260812 -1.00 -1.00 -1 0 -1.0000 -1.0000 -1.000000
419.00 P 20260812 -1.00 -1.00 -1 0 -1.0000 -1.0000 -1.000000
420.00 P 20260812 -1.00 -1.00 -1 0 -1.0000 -1.0000 -1.000000
330.00 C 20260814 -1.00 -1.00 2 26 0.4010 0.9764 0.002221
335.00 C 20260814 -1.00 -1.00 10 25 0.3357 0.9811 0.002179
340.00 C 20260814 -1.00 -1.00 3 5 0.3264 0.9700 0.003353
341.00 C 20260814 -1.00 -1.00 -1 0 0.4163 0.9233 0.005534
342.00 C 20260814 -1.00 -1.00 2 0 0.4062 0.9217 0.005755
343.00 C 20260814 -1.00 -1.00 -1 0 0.3865 0.9256 0.005831
344.00 C 20260814 -1.00 -1.00 10 0 0.3046 0.9605 0.004457
345.00 C 20260814 -1.00 -1.00 6 6 0.2960 0.9596 0.004670
346.00 C 20260814 -1.00 -1.00 -1 0 0.3733 0.9106 0.006913
347.00 C 20260814 -1.00 -1.00 -1 0 0.3538 0.9143 0.007069
348.00 C 20260814 -1.00 -1.00 2 1 0.3559 0.9050 0.007596
349.00 C 20260814 -1.00 -1.00 -1 0 0.3460 0.9027 0.007957
350.00 C 20260814 -1.00 -1.00 8 26 0.2745 0.9424 0.006773
351.00 C 20260814 -1.00 -1.00 1 0 0.3000 0.9154 0.008256
352.00 C 20260814 -1.00 -1.00 1 1 0.3260 0.8892 0.009347
353.00 C 20260814 -1.00 -1.00 -1 0 0.2709 0.9182 0.008918
354.00 C 20260814 -1.00 -1.00 1 1 0.3089 0.8816 0.010398
355.00 C 20260814 -1.00 -1.00 1 13 0.2492 0.9151 0.009959
356.00 C 20260814 -1.00 -1.00 1 1 0.2443 0.9081 0.010785
357.00 C 20260814 -1.00 -1.00 2 1 0.2443 0.8967 0.011801
357.50 C 20260814 -1.00 -1.00 1 1 0.2371 0.8970 0.012133
358.00 C 20260814 -1.00 -1.00 3 3 0.2395 0.8891 0.012724
359.00 C 20260814 -1.00 -1.00 -1 0 0.2371 0.8794 0.013749
360.00 C 20260814 -1.00 -1.00 6 14 0.2347 0.8657 0.014873
361.00 C 20260814 -1.00 -1.00 1 2 0.2328 0.8499 0.016063
362.00 C 20260814 -1.00 -1.00 2 6 0.2262 0.8387 0.017307
362.50 C 20260814 -1.00 -1.00 -1 0 0.2269 0.8288 0.017945
363.00 C 20260814 -1.00 -1.00 2 1 0.2228 0.8237 0.018637
364.00 C 20260814 -1.00 -1.00 2 4 0.2257 0.8023 0.019894
365.00 C 20260814 -1.00 -1.00 7 25 0.2253 0.7840 0.021196
366.00 C 20260814 -1.00 -1.00 1 46 0.2234 0.7616 0.022355
367.00 C 20260814 -1.00 -1.00 1 43 0.2203 0.7399 0.023628
367.50 C 20260814 -1.00 -1.00 416 397 0.2205 0.7273 0.024161
368.00 C 20260814 -1.00 -1.00 4 29 0.2160 0.7186 0.025055
369.00 C 20260814 -1.00 -1.00 1 91 0.2201 0.6903 0.025848
370.00 C 20260814 -1.00 -1.00 32 265 0.2205 0.6652 0.026905
371.00 C 20260814 -1.00 -1.00 20 220 0.2183 0.6385 0.027738
372.00 C 20260814 -1.00 -1.00 17 697 0.2173 0.6102 0.028353
372.50 C 20260814 -1.00 -1.00 18 138 0.2158 0.5963 0.028792
373.00 C 20260814 -1.00 -1.00 3 661 0.2163 0.5816 0.028977
374.00 C 20260814 -1.00 -1.00 21 143 0.2174 0.5524 0.029342
375.00 C 20260814 -1.00 -1.00 118 1278 0.2194 0.5234 0.029563
376.00 C 20260814 -1.00 -1.00 34 101 0.2187 0.4947 0.029503
377.00 C 20260814 -1.00 -1.00 17 77 0.2169 0.4655 0.029436
377.50 C 20260814 -1.00 -1.00 3 144 0.2166 0.4508 0.029334
378.00 C 20260814 -1.00 -1.00 37 128 0.2172 0.4365 0.029100
379.00 C 20260814 -1.00 -1.00 7 51 0.2174 0.4076 0.028765
380.00 C 20260814 -1.00 -1.00 598 1491 0.2207 0.3807 0.028068
381.00 C 20260814 -1.00 -1.00 23 69 0.2199 0.3541 0.027383
382.00 C 20260814 -1.00 -1.00 42 139 0.2199 0.3290 0.026435
382.50 C 20260814 -1.00 -1.00 5 261 0.2193 0.3159 0.026009
383.00 C 20260814 -1.00 -1.00 10 42 0.2199 0.3038 0.025487
384.00 C 20260814 -1.00 -1.00 59 221 0.2213 0.2800 0.024440
385.00 C 20260814 -1.00 -1.00 1344 1083 0.2242 0.2582 0.023317
386.00 C 20260814 -1.00 -1.00 5 64 0.2260 0.2375 0.022216
387.00 C 20260814 -1.00 -1.00 79 214 0.2250 0.2177 0.021060
387.50 C 20260814 -1.00 -1.00 1 33 0.2257 0.2090 0.020445
388.00 C 20260814 -1.00 -1.00 28 97 0.2260 0.2000 0.019842
389.00 C 20260814 -1.00 -1.00 3 353 0.2273 0.1827 0.018644
390.00 C 20260814 -1.00 -1.00 1098 1098 0.2295 0.1667 0.017471
391.00 C 20260814 -1.00 -1.00 13 179 0.2337 0.1536 0.016353
392.00 C 20260814 -1.00 -1.00 4 63 0.2355 0.1393 0.015286
393.00 C 20260814 -1.00 -1.00 38 416 0.2364 0.1282 0.014268
394.00 C 20260814 -1.00 -1.00 24 2851 0.2370 0.1168 0.013255
395.00 C 20260814 -1.00 -1.00 68 272 0.2396 0.1075 0.012324
396.00 C 20260814 -1.00 -1.00 3 105 0.2410 0.0972 0.011381
397.00 C 20260814 -1.00 -1.00 3 25 0.2436 0.0883 0.010517
398.00 C 20260814 -1.00 -1.00 9 77 0.2475 0.0810 0.009751
399.00 C 20260814 -1.00 -1.00 53 512 0.2512 0.0739 0.009027
400.00 C 20260814 -1.00 -1.00 1108 2403 0.2534 0.0688 0.008421
401.00 C 20260814 -1.00 -1.00 2 355 0.2540 0.0628 0.007779
402.00 C 20260814 -1.00 -1.00 1 67 0.2540 0.0563 0.007110
403.00 C 20260814 -1.00 -1.00 1 49 0.2590 0.0535 0.006683
404.00 C 20260814 -1.00 -1.00 20 31 0.2618 0.0492 0.006182
405.00 C 20260814 -1.00 -1.00 10 247 0.2624 0.0434 0.005590
406.00 C 20260814 -1.00 -1.00 6 20 0.2667 0.0404 0.005200
407.00 C 20260814 -1.00 -1.00 1 31 0.2695 0.0364 0.004755
408.00 C 20260814 -1.00 -1.00 5 19 0.2688 0.0319 0.004281
409.00 C 20260814 -1.00 -1.00 1 390 0.2778 0.0323 0.004192
410.00 C 20260814 -1.00 -1.00 10 216 0.2782 0.0295 0.003864
411.00 C 20260814 -1.00 -1.00 -1 0 0.2814 0.0279 0.003629
412.00 C 20260814 -1.00 -1.00 -1 0 0.2775 0.0234 0.003163
413.00 C 20260814 -1.00 -1.00 -1 0 0.2850 0.0236 0.003093
414.00 C 20260814 -1.00 -1.00 1 1 0.2867 0.0214 0.002835
415.00 C 20260814 -1.00 -1.00 50 264 0.2928 0.0211 0.002733
416.00 C 20260814 -1.00 -1.00 28 0 0.2945 0.0190 0.002492
417.00 C 20260814 -1.00 -1.00 28 2 0.3004 0.0187 0.002408
418.00 C 20260814 -1.00 -1.00 28 1 0.3022 0.0167 0.002182
419.00 C 20260814 -1.00 -1.00 28 0 0.3124 0.0181 0.002252
420.00 C 20260814 -1.00 -1.00 32 71 0.3141 0.0162 0.002043
330.00 P 20260814 -1.00 -1.00 3 221 0.3473 -0.0104 0.001278
335.00 P 20260814 -1.00 -1.00 17 1344 0.3178 -0.0137 0.001748
340.00 P 20260814 -1.00 -1.00 12 2347 0.2962 -0.0203 0.002635
341.00 P 20260814 -1.00 -1.00 2 13 0.2854 -0.0197 0.002662
342.00 P 20260814 -1.00 -1.00 2 332 0.2866 -0.0229 0.003032
343.00 P 20260814 -1.00 -1.00 9 3 0.2844 -0.0251 0.003314
344.00 P 20260814 -1.00 -1.00 10 43 0.2788 -0.0263 0.003521
345.00 P 20260814 -1.00 -1.00 21 327 0.2796 -0.0311 0.004027
346.00 P 20260814 -1.00 -1.00 16 11 0.2738 -0.0335 0.004352
347.00 P 20260814 -1.00 -1.00 11 121 0.2663 -0.0349 0.004624
348.00 P 20260814 -1.00 -1.00 1 541 0.2597 -0.0370 0.004959
349.00 P 20260814 -1.00 -1.00 11 108 0.2556 -0.0407 0.005444
350.00 P 20260814 -1.00 -1.00 33 767 0.2507 -0.0440 0.005920
351.00 P 20260814 -1.00 -1.00 3105 393 0.2476 -0.0485 0.006501
352.00 P 20260814 -1.00 -1.00 2 175 0.2444 -0.0532 0.007111
353.00 P 20260814 -1.00 -1.00 15 569 0.2429 -0.0589 0.007812
354.00 P 20260814 -1.00 -1.00 15 346 0.2402 -0.0652 0.008566
355.00 P 20260814 -1.00 -1.00 169 1656 0.2359 -0.0727 0.009412
356.00 P 20260814 -1.00 -1.00 6 50 0.2336 -0.0823 0.010401
357.00 P 20260814 -1.00 -1.00 4 145 0.2304 -0.0913 0.011392
357.50 P 20260814 -1.00 -1.00 6 41 0.2300 -0.0969 0.011948
358.00 P 20260814 -1.00 -1.00 8 105 0.2281 -0.1013 0.012465
359.00 P 20260814 -1.00 -1.00 15 150 0.2268 -0.1124 0.013602
360.00 P 20260814 -1.00 -1.00 96 2212 0.2268 -0.1256 0.014815
361.00 P 20260814 -1.00 -1.00 31 50 0.2241 -0.1409 0.016072
362.00 P 20260814 -1.00 -1.00 23 132 0.2207 -0.1558 0.017385
362.50 P 20260814 -1.00 -1.00 3 47 0.2195 -0.1640 0.018068
363.00 P 20260814 -1.00 -1.00 40 2097 0.2193 -0.1732 0.018756
364.00 P 20260814 -1.00 -1.00 3 107 0.2190 -0.1921 0.020136
365.00 P 20260814 -1.00 -1.00 53 304 0.2197 -0.2119 0.021505
366.00 P 20260814 -1.00 -1.00 35 50 0.2171 -0.2329 0.022838
367.00 P 20260814 -1.00 -1.00 9 70 0.2145 -0.2557 0.024150
367.50 P 20260814 -1.00 -1.00 3 399 0.2143 -0.2683 0.024750
368.00 P 20260814 -1.00 -1.00 15 82 0.2134 -0.2803 0.025409
369.00 P 20260814 -1.00 -1.00 72 112 0.2135 -0.3061 0.026592
370.00 P 20260814 -1.00 -1.00 41 235 0.2153 -0.3332 0.027606
371.00 P 20260814 -1.00 -1.00 13 50 0.2130 -0.3603 0.028580
372.00 P 20260814 -1.00 -1.00 6 64 0.2121 -0.3894 0.029234
372.50 P 20260814 -1.00 -1.00 7 16 0.2116 -0.4041 0.029569
373.00 P 20260814 -1.00 -1.00 15 35 0.2111 -0.4189 0.029909
374.00 P 20260814 -1.00 -1.00 95 158 0.2121 -0.4490 0.030317
375.00 P 20260814 -1.00 -1.00 71 103 0.2141 -0.4791 0.030596
376.00 P 20260814 -1.00 -1.00 6 35 0.2122 -0.5091 0.030703
377.00 P 20260814 -1.00 -1.00 11 19 0.2114 -0.5391 0.030513
377.50 P 20260814 -1.00 -1.00 6 6 0.2111 -0.5543 0.030421
378.00 P 20260814 -1.00 -1.00 3 26 0.2117 -0.5691 0.030189
379.00 P 20260814 -1.00 -1.00 2 19 0.2129 -0.5986 0.029744
380.00 P 20260814 -1.00 -1.00 13 49 0.2158 -0.6268 0.029060
381.00 P 20260814 -1.00 -1.00 1 1 0.2096 -0.6579 0.028869
382.00 P 20260814 -1.00 -1.00 1 33 0.2128 -0.6819 0.027536
382.50 P 20260814 -1.00 -1.00 2 4 0.2138 -0.6942 0.026952
383.00 P 20260814 -1.00 -1.00 1 3 0.2147 -0.7064 0.026381
384.00 P 20260814 -1.00 -1.00 2 1 0.2166 -0.7306 0.025269
385.00 P 20260814 -1.00 -1.00 9 39 0.2183 -0.7548 0.024194
386.00 P 20260814 -1.00 -1.00 9 6 0.2204 -0.7744 0.022924
387.00 P 20260814 -1.00 -1.00 6 13 0.2178 -0.7969 0.021797
387.50 P 20260814 -1.00 -1.00 2 2 0.2128 -0.8130 0.021309
388.00 P 20260814 -1.00 -1.00 5 30 0.2151 -0.8203 0.020604
389.00 P 20260814 -1.00 -1.00 1 4 0.2182 -0.8366 0.019300
390.00 P 20260814 -1.00 -1.00 16 60 0.2241 -0.8485 0.018037
391.00 P 20260814 -1.00 -1.00 6 6 0.2267 -0.8643 0.016838
392.00 P 20260814 -1.00 -1.00 2 20 0.2249 -0.8797 0.015695
393.00 P 20260814 -1.00 -1.00 1 1 0.2268 -0.8908 0.014644
394.00 P 20260814 -1.00 -1.00 1 5 0.2332 -0.8967 0.013724
395.00 P 20260814 -1.00 -1.00 6 13 0.2256 -0.9185 0.012379
396.00 P 20260814 -1.00 -1.00 2 1 0.2317 -0.9240 0.011538
397.00 P 20260814 -1.00 -1.00 1 2 0.2352 -0.9325 0.010699
398.00 P 20260814 -1.00 -1.00 6 2 0.2239 -0.9514 0.009366
399.00 P 20260814 -1.00 -1.00 1 4 0.2312 -0.9527 0.008851
400.00 P 20260814 -1.00 -1.00 2 21 0.2384 -0.9540 0.008383
401.00 P 20260814 -1.00 -1.00 -1 0 -1.0000 -1.0000 -1.000000
402.00 P 20260814 -1.00 -1.00 -1 0 -1.0000 -1.0000 -1.000000
403.00 P 20260814 -1.00 -1.00 -1 0 -1.0000 -1.0000 -1.000000
404.00 P 20260814 -1.00 -1.00 -1 0 -1.0000 -1.0000 -1.000000
405.00 P 20260814 -1.00 -1.00 1 1 -1.0000 -1.0000 -1.000000
406.00 P 20260814 -1.00 -1.00 1 0 -1.0000 -1.0000 -1.000000
407.00 P 20260814 -1.00 -1.00 2 0 -1.0000 -1.0000 -1.000000
408.00 P 20260814 -1.00 -1.00 5 0 -1.0000 -1.0000 -1.000000
409.00 P 20260814 -1.00 -1.00 1 0 -1.0000 -1.0000 -1.000000
410.00 P 20260814 -1.00 -1.00 2 0 -1.0000 -1.0000 -1.000000
411.00 P 20260814 -1.00 -1.00 -1 0 -1.0000 -1.0000 -1.000000
412.00 P 20260814 -1.00 -1.00 -1 0 -1.0000 -1.0000 -1.000000
413.00 P 20260814 -1.00 -1.00 -1 0 -1.0000 -1.0000 -1.000000
414.00 P 20260814 -1.00 -1.00 -1 0 -1.0000 -1.0000 -1.000000
415.00 P 20260814 -1.00 -1.00 1 0 -1.0000 -1.0000 -1.000000
416.00 P 20260814 -1.00 -1.00 -1 0 -1.0000 -1.0000 -1.000000
417.00 P 20260814 -1.00 -1.00 -1 0 -1.0000 -1.0000 -1.000000
418.00 P 20260814 -1.00 -1.00 -1 0 -1.0000 -1.0000 -1.000000
419.00 P 20260814 -1.00 -1.00 -1 0 -1.0000 -1.0000 -1.000000
420.00 P 20260814 -1.00 -1.00 -1 0 -1.0000 -1.0000 -1.000000
330.00 C 20260817 -1.00 -1.00 -1 0 0.4467 0.9437 0.003599
335.00 C 20260817 -1.00 -1.00 -1 0 0.4070 0.9390 0.004231
340.00 C 20260817 -1.00 -1.00 -1 0 0.3578 0.9361 0.004972
341.00 C 20260817 -1.00 -1.00 -1 0 0.3511 0.9334 0.005213
342.00 C 20260817 -1.00 -1.00 -1 0 0.3443 0.9307 0.005469
343.00 C 20260817 -1.00 -1.00 -1 0 0.3355 0.9293 0.005695
344.00 C 20260817 -1.00 -1.00 -1 0 0.3288 0.9263 0.005984
345.00 C 20260817 -1.00 -1.00 -1 0 0.3264 0.9203 0.006381
346.00 C 20260817 -1.00 -1.00 -1 0 0.3218 0.9157 0.006750
347.00 C 20260817 -1.00 -1.00 -1 0 0.3088 0.9167 0.006970
348.00 C 20260817 -1.00 -1.00 -1 0 0.3001 0.9147 0.007299
349.00 C 20260817 -1.00 -1.00 -1 0 0.2914 0.9126 0.007654
350.00 C 20260817 -1.00 -1.00 -1 0 0.2934 0.9028 0.008249
351.00 C 20260817 -1.00 -1.00 -1 0 0.2826 0.9018 0.008629
352.00 C 20260817 -1.00 -1.00 -1 0 0.2782 0.8961 0.009156
353.00 C 20260817 -1.00 -1.00 -1 0 0.2421 0.9157 0.008973
354.00 C 20260817 -1.00 -1.00 -1 0 0.2379 0.9093 0.009648
355.00 C 20260817 -1.00 -1.00 -1 0 0.2336 0.9027 0.010366
356.00 C 20260817 -1.00 -1.00 -1 0 0.2336 0.8923 0.011227
357.00 C 20260817 -1.00 -1.00 -1 0 0.2336 0.8818 0.012088
358.00 C 20260817 -1.00 -1.00 2 2 0.2292 0.8729 0.012940
359.00 C 20260817 -1.00 -1.00 -1 0 0.2234 0.8636 0.013861
360.00 C 20260817 -1.00 -1.00 1 0 0.2232 0.8474 0.014885
361.00 C 20260817 -1.00 -1.00 35 35 0.2160 0.8387 0.015945
362.00 C 20260817 -1.00 -1.00 35 35 0.2116 0.8263 0.017090
363.00 C 20260817 -1.00 -1.00 2 2 0.2169 0.8039 0.018114
364.00 C 20260817 -1.00 -1.00 -1 0 0.2180 0.7860 0.019161
365.00 C 20260817 -1.00 -1.00 -1 0 0.2142 0.7679 0.020229
366.00 C 20260817 -1.00 -1.00 2 2 0.2116 0.7481 0.021297
367.00 C 20260817 -1.00 -1.00 3 3 0.2099 0.7268 0.022339
368.00 C 20260817 -1.00 -1.00 -1 0 0.2083 0.7052 0.023411
369.00 C 20260817 -1.00 -1.00 2 2 0.2098 0.6811 0.024239
370.00 C 20260817 -1.00 -1.00 9 7 0.2090 0.6579 0.025142
371.00 C 20260817 -1.00 -1.00 1 1 0.2055 0.6335 0.025976
372.00 C 20260817 -1.00 -1.00 2 1 0.2047 0.6070 0.026518
373.00 C 20260817 -1.00 -1.00 8 4 0.2030 0.5806 0.027183
374.00 C 20260817 -1.00 -1.00 9 0 0.2048 0.5531 0.027391
375.00 C 20260817 -1.00 -1.00 9 5 0.2058 0.5262 0.027707
376.00 C 20260817 -1.00 -1.00 38 3 0.2044 0.4991 0.027778
377.00 C 20260817 -1.00 -1.00 5 1 0.2047 0.4721 0.027489
378.00 C 20260817 -1.00 -1.00 6 2 0.2041 0.4448 0.027316
379.00 C 20260817 -1.00 -1.00 3 0 0.2044 0.4178 0.027029
380.00 C 20260817 -1.00 -1.00 151 31 0.2064 0.3919 0.026526
381.00 C 20260817 -1.00 -1.00 2 6 0.2076 0.3670 0.025933
382.00 C 20260817 -1.00 -1.00 6 21 0.2065 0.3427 0.025227
383.00 C 20260817 -1.00 -1.00 12 0 0.2059 0.3186 0.024451
384.00 C 20260817 -1.00 -1.00 17 17 0.2076 0.2966 0.023495
385.00 C 20260817 -1.00 -1.00 332 51 0.2092 0.2749 0.022566
386.00 C 20260817 -1.00 -1.00 3 0 0.2126 0.2556 0.021555
387.00 C 20260817 -1.00 -1.00 9 0 0.2123 0.2353 0.020649
388.00 C 20260817 -1.00 -1.00 8 0 0.2140 0.2195 0.019562
389.00 C 20260817 -1.00 -1.00 2 0 0.2142 0.2023 0.018539
390.00 C 20260817 -1.00 -1.00 16 0 0.2156 0.1865 0.017506
391.00 C 20260817 -1.00 -1.00 3 0 0.2178 0.1720 0.016496
392.00 C 20260817 -1.00 -1.00 2 0 0.2205 0.1584 0.015526
393.00 C 20260817 -1.00 -1.00 3 0 0.2224 0.1441 0.014589
394.00 C 20260817 -1.00 -1.00 12 0 0.2241 0.1344 0.013717
395.00 C 20260817 -1.00 -1.00 503 0 0.2250 0.1242 0.012853
396.00 C 20260817 -1.00 -1.00 15 0 0.2263 0.1144 0.012013
397.00 C 20260817 -1.00 -1.00 2 0 0.2253 0.1023 0.011111
398.00 C 20260817 -1.00 -1.00 5 0 0.2302 0.0967 0.010446
399.00 C 20260817 -1.00 -1.00 7 0 0.2300 0.0856 0.009598
400.00 C 20260817 -1.00 -1.00 18 0 0.2341 0.0797 0.008978
401.00 C 20260817 -1.00 -1.00 5 0 0.2364 0.0731 0.008355
402.00 C 20260817 -1.00 -1.00 -1 0 0.2408 0.0701 0.007914
403.00 C 20260817 -1.00 -1.00 3 0 0.2402 0.0637 0.007316
404.00 C 20260817 -1.00 -1.00 1 0 0.2421 0.0591 0.006820
405.00 C 20260817 -1.00 -1.00 -1 0 0.2433 0.0540 0.006310
406.00 C 20260817 -1.00 -1.00 11 0 0.2471 0.0510 0.005929
407.00 C 20260817 -1.00 -1.00 -1 0 0.2496 0.0471 0.005509
408.00 C 20260817 -1.00 -1.00 1 0 0.2527 0.0437 0.005136
409.00 C 20260817 -1.00 -1.00 -1 0 0.2570 0.0414 0.004842
410.00 C 20260817 -1.00 -1.00 1 0 0.2594 0.0378 0.004470
415.00 C 20260817 -1.00 -1.00 -1 0 0.2692 0.0264 0.003182
420.00 C 20260817 -1.00 -1.00 -1 0 0.2869 0.0209 0.002438
330.00 P 20260817 -1.00 -1.00 4 0 0.3115 -0.0119 0.001397
335.00 P 20260817 -1.00 -1.00 2 0 0.2891 -0.0167 0.002004
340.00 P 20260817 -1.00 -1.00 -1 0 0.2808 -0.0267 0.003123
341.00 P 20260817 -1.00 -1.00 4 0 0.2713 -0.0264 0.003194
342.00 P 20260817 -1.00 -1.00 -1 0 0.2715 -0.0308 0.003611
343.00 P 20260817 -1.00 -1.00 -1 0 0.2679 -0.0338 0.003940
344.00 P 20260817 -1.00 -1.00 1 0 0.2590 -0.0337 0.004064
345.00 P 20260817 -1.00 -1.00 8 0 0.2584 -0.0388 0.004559
346.00 P 20260817 -1.00 -1.00 -1 0 0.2511 -0.0398 0.004791
347.00 P 20260817 -1.00 -1.00 3 0 0.2505 -0.0451 0.005320
348.00 P 20260817 -1.00 -1.00 11 0 0.2447 -0.0473 0.005662
349.00 P 20260817 -1.00 -1.00 -1 0 0.2411 -0.0509 0.006116
350.00 P 20260817 -1.00 -1.00 1 0 0.2384 -0.0551 0.006620
351.00 P 20260817 -1.00 -1.00 -1 0 0.2414 -0.0638 0.007373
352.00 P 20260817 -1.00 -1.00 -1 0 0.2338 -0.0665 0.007837
353.00 P 20260817 -1.00 -1.00 -1 0 0.2309 -0.0741 0.008571
354.00 P 20260817 -1.00 -1.00 -1 0 0.2272 -0.0811 0.009305
355.00 P 20260817 -1.00 -1.00 508 0 0.2239 -0.0888 0.010098
356.00 P 20260817 -1.00 -1.00 2 34 0.2198 -0.0958 0.010906
357.00 P 20260817 -1.00 -1.00 12 12 0.2179 -0.1051 0.011827
358.00 P 20260817 -1.00 -1.00 12 0 0.2167 -0.1153 0.012800
359.00 P 20260817 -1.00 -1.00 -1 0 0.2152 -0.1272 0.013831
360.00 P 20260817 -1.00 -1.00 1 7 0.2131 -0.1417 0.014918
361.00 P 20260817 -1.00 -1.00 3 2 0.2088 -0.1539 0.016045
362.00 P 20260817 -1.00 -1.00 2 2 0.2089 -0.1716 0.017219
363.00 P 20260817 -1.00 -1.00 1 1 0.2066 -0.1868 0.018443
364.00 P 20260817 -1.00 -1.00 1 1 0.2070 -0.2049 0.019643
365.00 P 20260817 -1.00 -1.00 3 3 0.2058 -0.2243 0.020817
366.00 P 20260817 -1.00 -1.00 3 10 0.2036 -0.2453 0.021943
367.00 P 20260817 -1.00 -1.00 1 1 0.2033 -0.2687 0.022979
368.00 P 20260817 -1.00 -1.00 1 10 0.2014 -0.2907 0.024163
369.00 P 20260817 -1.00 -1.00 -1 0 0.2025 -0.3155 0.025110
370.00 P 20260817 -1.00 -1.00 2 2 0.2047 -0.3416 0.025855
371.00 P 20260817 -1.00 -1.00 2 20 0.2021 -0.3672 0.026626
372.00 P 20260817 -1.00 -1.00 1 0 0.1996 -0.3934 0.027435
373.00 P 20260817 -1.00 -1.00 -1 0 0.2014 -0.4218 0.027672
374.00 P 20260817 -1.00 -1.00 6 0 0.2015 -0.4495 0.028158
375.00 P 20260817 -1.00 -1.00 5 0 0.2041 -0.4775 0.028289
376.00 P 20260817 -1.00 -1.00 -1 0 0.2007 -0.5054 0.028644
377.00 P 20260817 -1.00 -1.00 -1 0 0.2018 -0.5329 0.028243
378.00 P 20260817 -1.00 -1.00 -1 0 0.2003 -0.5613 0.028223
379.00 P 20260817 -1.00 -1.00 -1 0 0.2032 -0.5879 0.027612
380.00 P 20260817 -1.00 -1.00 -1 0 0.2050 -0.6146 0.027152
381.00 P 20260817 -1.00 -1.00 -1 0 0.2055 -0.6404 0.026586
382.00 P 20260817 -1.00 -1.00 -1 0 0.2064 -0.6637 0.025699
383.00 P 20260817 -1.00 -1.00 -1 0 0.2071 -0.6870 0.024836
384.00 P 20260817 -1.00 -1.00 -1 0 0.2089 -0.7092 0.023907
385.00 P 20260817 -1.00 -1.00 -1 0 0.2105 -0.7313 0.023010
386.00 P 20260817 -1.00 -1.00 -1 0 0.2119 -0.7534 0.022146
387.00 P 20260817 -1.00 -1.00 -1 0 0.2115 -0.7740 0.021226
388.00 P 20260817 -1.00 -1.00 -1 0 0.2131 -0.7903 0.020147
389.00 P 20260817 -1.00 -1.00 -1 0 0.2146 -0.8065 0.019103
390.00 P 20260817 -1.00 -1.00 -1 0 0.2161 -0.8227 0.018102
391.00 P 20260817 -1.00 -1.00 -1 0 0.2174 -0.8388 0.017119
392.00 P 20260817 -1.00 -1.00 -1 0 0.2172 -0.8572 0.016137
393.00 P 20260817 -1.00 -1.00 -1 0 0.2233 -0.8657 0.015172
394.00 P 20260817 -1.00 -1.00 -1 0 0.2234 -0.8776 0.014318
395.00 P 20260817 -1.00 -1.00 -1 0 0.2231 -0.8897 0.013465
396.00 P 20260817 -1.00 -1.00 -1 0 0.2226 -0.9020 0.012569
397.00 P 20260817 -1.00 -1.00 -1 0 0.2261 -0.9096 0.011782
398.00 P 20260817 -1.00 -1.00 -1 0 0.2251 -0.9227 0.010921
399.00 P 20260817 -1.00 -1.00 -1 0 0.2236 -0.9367 0.009992
400.00 P 20260817 -1.00 -1.00 -1 0 0.2119 -0.9561 0.008908
401.00 P 20260817 -1.00 -1.00 -1 0 -1.0000 -1.0000 -1.000000
402.00 P 20260817 -1.00 -1.00 -1 0 -1.0000 -1.0000 -1.000000
403.00 P 20260817 -1.00 -1.00 -1 0 -1.0000 -1.0000 -1.000000
404.00 P 20260817 -1.00 -1.00 -1 0 -1.0000 -1.0000 -1.000000
405.00 P 20260817 -1.00 -1.00 -1 0 -1.0000 -1.0000 -1.000000
406.00 P 20260817 -1.00 -1.00 -1 0 -1.0000 -1.0000 -1.000000
407.00 P 20260817 -1.00 -1.00 -1 0 -1.0000 -1.0000 -1.000000
408.00 P 20260817 -1.00 -1.00 -1 0 -1.0000 -1.0000 -1.000000
409.00 P 20260817 -1.00 -1.00 -1 0 -1.0000 -1.0000 -1.000000
410.00 P 20260817 -1.00 -1.00 -1 0 -1.0000 -1.0000 -1.000000
415.00 P 20260817 -1.00 -1.00 -1 0 -1.0000 -1.0000 -1.000000
420.00 P 20260817 -1.00 -1.00 -1 0 -1.0000 -1.0000 -1.000000
356.00 C 20260819 -1.00 -1.00 -1 0 0.2325 0.8806 0.011422
357.00 C 20260819 -1.00 -1.00 -1 0 0.2355 0.8633 0.012266
358.00 C 20260819 -1.00 -1.00 -1 0 0.2340 0.8504 0.013067
359.00 C 20260819 -1.00 -1.00 -1 0 0.2285 0.8413 0.013896
360.00 C 20260819 -1.00 -1.00 -1 0 0.2270 0.8279 0.014763
361.00 C 20260819 -1.00 -1.00 -1 0 0.2254 0.8143 0.015651
362.00 C 20260819 -1.00 -1.00 -1 0 0.2243 0.8000 0.016562
363.00 C 20260819 -1.00 -1.00 -1 0 0.2244 0.7839 0.017417
364.00 C 20260819 -1.00 -1.00 -1 0 0.2209 0.7675 0.018298
365.00 C 20260819 -1.00 -1.00 -1 0 0.2183 0.7496 0.019176
366.00 C 20260819 -1.00 -1.00 -1 0 0.2158 0.7312 0.020088
367.00 C 20260819 -1.00 -1.00 -1 0 0.2172 0.7094 0.020777
368.00 C 20260819 -1.00 -1.00 -1 0 0.2167 0.6892 0.021589
369.00 C 20260819 -1.00 -1.00 -1 0 0.2161 0.6688 0.022408
370.00 C 20260819 -1.00 -1.00 96 0 0.2145 0.6466 0.023000
371.00 C 20260819 -1.00 -1.00 -1 0 0.2095 0.6251 0.023874
372.00 C 20260819 -1.00 -1.00 -1 0 0.2104 0.6002 0.024151
373.00 C 20260819 -1.00 -1.00 1 0 0.2104 0.5758 0.024517
374.00 C 20260819 -1.00 -1.00 1 0 0.2097 0.5515 0.024978
375.00 C 20260819 -1.00 -1.00 4 0 0.2114 0.5269 0.025148
376.00 C 20260819 -1.00 -1.00 2 0 0.2108 0.5024 0.025115
377.00 C 20260819 -1.00 -1.00 3 0 0.2086 0.4775 0.025176
378.00 C 20260819 -1.00 -1.00 2 0 0.2105 0.4533 0.024752
379.00 C 20260819 -1.00 -1.00 2 0 0.2091 0.4282 0.024709
380.00 C 20260819 -1.00 -1.00 26 0 0.2126 0.4054 0.024117
381.00 C 20260819 -1.00 -1.00 2 0 0.2137 0.3818 0.023808
382.00 C 20260819 -1.00 -1.00 43 0 0.2146 0.3605 0.023164
383.00 C 20260819 -1.00 -1.00 2 0 0.2126 0.3379 0.022670
384.00 C 20260819 -1.00 -1.00 2 0 0.2143 0.3180 0.021873
385.00 C 20260819 -1.00 -1.00 5 0 0.2162 0.2986 0.021087
356.00 P 20260819 -1.00 -1.00 3 0 0.2240 -0.1130 0.011360
357.00 P 20260819 -1.00 -1.00 -1 0 0.2261 -0.1268 0.012242
358.00 P 20260819 -1.00 -1.00 1 0 0.2194 -0.1341 0.013053
359.00 P 20260819 -1.00 -1.00 -1 0 0.2193 -0.1496 0.013981
360.00 P 20260819 -1.00 -1.00 14 0 0.2157 -0.1613 0.014924
361.00 P 20260819 -1.00 -1.00 -1 0 0.2154 -0.1768 0.015889
362.00 P 20260819 -1.00 -1.00 4 0 0.2132 -0.1905 0.016902
363.00 P 20260819 -1.00 -1.00 -1 0 0.2163 -0.2096 0.017814
364.00 P 20260819 -1.00 -1.00 1 0 0.2121 -0.2247 0.018846
365.00 P 20260819 -1.00 -1.00 1 0 0.2090 -0.2427 0.019825
366.00 P 20260819 -1.00 -1.00 1 0 0.2101 -0.2652 0.020600
367.00 P 20260819 -1.00 -1.00 -1 0 0.2081 -0.2848 0.021579
368.00 P 20260819 -1.00 -1.00 -1 0 0.2099 -0.3078 0.022295
369.00 P 20260819 -1.00 -1.00 -1 0 0.2083 -0.3285 0.023284
370.00 P 20260819 -1.00 -1.00 3 0 0.2091 -0.3529 0.023764
371.00 P 20260819 -1.00 -1.00 1 0 0.2076 -0.3767 0.024327
372.00 P 20260819 -1.00 -1.00 -1 0 0.2068 -0.4014 0.024811
373.00 P 20260819 -1.00 -1.00 -1 0 0.2061 -0.4262 0.025307
374.00 P 20260819 -1.00 -1.00 -1 0 0.2078 -0.4517 0.025516
375.00 P 20260819 -1.00 -1.00 -1 0 0.2093 -0.4771 0.025736
376.00 P 20260819 -1.00 -1.00 -1 0 0.2077 -0.5022 0.025828
377.00 P 20260819 -1.00 -1.00 -1 0 0.2063 -0.5276 0.025816
378.00 P 20260819 -1.00 -1.00 -1 0 0.2074 -0.5525 0.025501
379.00 P 20260819 -1.00 -1.00 -1 0 0.2051 -0.5789 0.025602
380.00 P 20260819 -1.00 -1.00 -1 0 0.2093 -0.6021 0.024919
381.00 P 20260819 -1.00 -1.00 -1 0 0.2117 -0.6258 0.024460
382.00 P 20260819 -1.00 -1.00 1 0 0.2093 -0.6497 0.024087
383.00 P 20260819 -1.00 -1.00 -1 0 0.2082 -0.6727 0.023526
384.00 P 20260819 -1.00 -1.00 -1 0 0.2144 -0.6890 0.022337
385.00 P 20260819 -1.00 -1.00 -1 0 0.2151 -0.7100 0.021661
330.00 C 20260821 -1.00 -1.00 2 52 0.3397 0.9651 0.002785
335.00 C 20260821 -1.00 -1.00 1 122 0.3083 0.9607 0.003381
340.00 C 20260821 -1.00 -1.00 74 63 0.2874 0.9500 0.004424
341.00 C 20260821 -1.00 -1.00 1 3 0.3290 0.9192 0.005603
342.00 C 20260821 -1.00 -1.00 -1 0 0.3042 0.9296 0.005483
343.00 C 20260821 -1.00 -1.00 2 5 0.3115 0.9173 0.006024
344.00 C 20260821 -1.00 -1.00 -1 0 0.3206 0.9044 0.006535
345.00 C 20260821 -1.00 -1.00 2 32 0.2696 0.9345 0.005878
346.00 C 20260821 -1.00 -1.00 -1 0 0.3033 0.9015 0.007067
347.00 C 20260821 -1.00 -1.00 1 0 0.2956 0.8994 0.007374
348.00 C 20260821 -1.00 -1.00 13 7 0.2842 0.8997 0.007651
349.00 C 20260821 -1.00 -1.00 -1 0 0.2484 0.9197 0.007391
350.00 C 20260821 -1.00 -1.00 3 228 0.2558 0.9049 0.008154
351.00 C 20260821 -1.00 -1.00 1 3 0.2445 0.9056 0.008483
352.00 C 20260821 -1.00 -1.00 2 2 0.2407 0.9000 0.009015
353.00 C 20260821 -1.00 -1.00 1 3 0.2388 0.8926 0.009609
354.00 C 20260821 -1.00 -1.00 1 6 0.2425 0.8808 0.010286
355.00 C 20260821 -1.00 -1.00 1 170 0.2366 0.8747 0.010885
356.00 C 20260821 -1.00 -1.00 1 1 0.2314 0.8668 0.011548
357.00 C 20260821 -1.00 -1.00 1 2 0.2324 0.8519 0.012291
358.00 C 20260821 -1.00 -1.00 1 3 0.2248 0.8459 0.013031
359.00 C 20260821 -1.00 -1.00 1 13 0.2270 0.8294 0.013799
360.00 C 20260821 -1.00 -1.00 8 838 0.2243 0.8178 0.014600
361.00 C 20260821 -1.00 -1.00 1 33 0.2229 0.8048 0.015413
362.00 C 20260821 -1.00 -1.00 1 13 0.2215 0.7916 0.016244
363.00 C 20260821 -1.00 -1.00 2 279 0.2219 0.7732 0.016921
364.00 C 20260821 -1.00 -1.00 20 8 0.2186 0.7574 0.017731
365.00 C 20260821 -1.00 -1.00 26 756 0.2180 0.7387 0.018436
366.00 C 20260821 -1.00 -1.00 3 28 0.2148 0.7221 0.019310
367.00 C 20260821 -1.00 -1.00 37 167 0.2161 0.7015 0.019924
368.00 C 20260821 -1.00 -1.00 13 977 0.2165 0.6818 0.020588
369.00 C 20260821 -1.00 -1.00 5 177 0.2151 0.6626 0.021318
370.00 C 20260821 -1.00 -1.00 138 11418 0.2144 0.6406 0.021706
371.00 C 20260821 -1.00 -1.00 35 400 0.2137 0.6184 0.022098
372.00 C 20260821 -1.00 -1.00 61 200 0.2129 0.5960 0.022495
373.00 C 20260821 -1.00 -1.00 58 889 0.2138 0.5731 0.022734
374.00 C 20260821 -1.00 -1.00 14 689 0.2146 0.5504 0.022969
375.00 C 20260821 -1.00 -1.00 382 2243 0.2162 0.5278 0.023117
376.00 C 20260821 -1.00 -1.00 51 683 0.2141 0.5053 0.023261
377.00 C 20260821 -1.00 -1.00 133 505 0.2136 0.4825 0.023152
378.00 C 20260821 -1.00 -1.00 12 334 0.2131 0.4596 0.023041
379.00 C 20260821 -1.00 -1.00 3 433 0.2133 0.4369 0.022848
380.00 C 20260821 -1.00 -1.00 890 8685 0.2143 0.4146 0.022578
381.00 C 20260821 -1.00 -1.00 7 930 0.2168 0.3935 0.022162
382.00 C 20260821 -1.00 -1.00 7 927 0.2182 0.3727 0.021759
383.00 C 20260821 -1.00 -1.00 8 276 0.2155 0.3513 0.021415
384.00 C 20260821 -1.00 -1.00 6 315 0.2162 0.3321 0.020790
385.00 C 20260821 -1.00 -1.00 134 4432 0.2169 0.3130 0.020173
386.00 C 20260821 -1.00 -1.00 5 348 0.2177 0.2940 0.019564
387.00 C 20260821 -1.00 -1.00 63 546 0.2198 0.2766 0.018886
388.00 C 20260821 -1.00 -1.00 69 830 0.2220 0.2597 0.018221
389.00 C 20260821 -1.00 -1.00 136 106 0.2236 0.2435 0.017564
390.00 C 20260821 -1.00 -1.00 815 11481 0.2239 0.2293 0.016843
391.00 C 20260821 -1.00 -1.00 19 141 0.2232 0.2139 0.016150
392.00 C 20260821 -1.00 -1.00 15 409 0.2238 0.1999 0.015428
393.00 C 20260821 -1.00 -1.00 1 342 0.2253 0.1870 0.014706
394.00 C 20260821 -1.00 -1.00 2 3730 0.2272 0.1747 0.014000
395.00 C 20260821 -1.00 -1.00 204 3386 0.2293 0.1630 0.013316
396.00 C 20260821 -1.00 -1.00 2 221 0.2318 0.1521 0.012658
397.00 C 20260821 -1.00 -1.00 10 1232 0.2341 0.1425 0.012032
398.00 C 20260821 -1.00 -1.00 2 71 0.2338 0.1329 0.011412
399.00 C 20260821 -1.00 -1.00 23 96 0.2346 0.1243 0.010806
400.00 C 20260821 -1.00 -1.00 1186 17700 0.2340 0.1144 0.010179
401.00 C 20260821 -1.00 -1.00 46 448 0.2370 0.1083 0.009645
402.00 C 20260821 -1.00 -1.00 13 233 0.2375 0.0995 0.009057
403.00 C 20260821 -1.00 -1.00 23 58 0.2411 0.0943 0.008585
404.00 C 20260821 -1.00 -1.00 16 538 0.2431 0.0874 0.008080
405.00 C 20260821 -1.00 -1.00 45 4250 0.2463 0.0822 0.007640
406.00 C 20260821 -1.00 -1.00 1 297 0.2496 0.0770 0.007221
407.00 C 20260821 -1.00 -1.00 4 236 0.2497 0.0716 0.006800
408.00 C 20260821 -1.00 -1.00 17 120 0.2530 0.0688 0.006487
409.00 C 20260821 -1.00 -1.00 1 74 0.2535 0.0641 0.006107
410.00 C 20260821 -1.00 -1.00 556 5281 0.2540 0.0595 0.005730
411.00 C 20260821 -1.00 -1.00 2 69 0.2550 0.0553 0.005376
412.00 C 20260821 -1.00 -1.00 5 53 0.2588 0.0532 0.005130
413.00 C 20260821 -1.00 -1.00 5 1 0.2598 0.0491 0.004793
414.00 C 20260821 -1.00 -1.00 -1 0 0.2609 0.0450 0.004461
415.00 C 20260821 -1.00 -1.00 90 5169 0.2646 0.0431 0.004248
416.00 C 20260821 -1.00 -1.00 2 2 0.2683 0.0412 0.004046
417.00 C 20260821 -1.00 -1.00 20 20 0.2731 0.0401 0.003897
418.00 C 20260821 -1.00 -1.00 20 19 0.2747 0.0367 0.003624
419.00 C 20260821 -1.00 -1.00 16 16 0.2773 0.0345 0.003427
420.00 C 20260821 -1.00 -1.00 172 4914 0.2765 0.0320 0.003207
330.00 P 20260821 -1.00 -1.00 62 9861 0.2965 -0.0194 0.001952
335.00 P 20260821 -1.00 -1.00 38 1173 0.2858 -0.0272 0.002740
340.00 P 20260821 -1.00 -1.00 71 3424 0.2648 -0.0377 0.003806
341.00 P 20260821 -1.00 -1.00 16 112 0.2623 -0.0409 0.004108
342.00 P 20260821 -1.00 -1.00 3 37 0.2565 -0.0422 0.004314
343.00 P 20260821 -1.00 -1.00 6 280 0.2540 -0.0456 0.004644
344.00 P 20260821 -1.00 -1.00 3 2726 0.2534 -0.0502 0.005045
345.00 P 20260821 -1.00 -1.00 1861 2096 0.2509 -0.0537 0.005397
346.00 P 20260821 -1.00 -1.00 7 534 0.2517 -0.0591 0.005845
347.00 P 20260821 -1.00 -1.00 19 93 0.2481 -0.0631 0.006239
348.00 P 20260821 -1.00 -1.00 169 2308 0.2414 -0.0655 0.006577
349.00 P 20260821 -1.00 -1.00 177 58 0.2377 -0.0709 0.007064
350.00 P 20260821 -1.00 -1.00 1454 11559 0.2370 -0.0792 0.007684
351.00 P 20260821 -1.00 -1.00 8 149 0.2322 -0.0839 0.008183
352.00 P 20260821 -1.00 -1.00 2 103 0.2304 -0.0915 0.008807
353.00 P 20260821 -1.00 -1.00 40 165 0.2291 -0.0996 0.009457
354.00 P 20260821 -1.00 -1.00 11 1001 0.2288 -0.1087 0.010146
355.00 P 20260821 -1.00 -1.00 99 6725 0.2281 -0.1176 0.010839
356.00 P 20260821 -1.00 -1.00 16 473 0.2257 -0.1275 0.011562
357.00 P 20260821 -1.00 -1.00 10 298 0.2226 -0.1382 0.012316
358.00 P 20260821 -1.00 -1.00 24 93 0.2203 -0.1500 0.013111
359.00 P 20260821 -1.00 -1.00 8 116 0.2182 -0.1624 0.013936
360.00 P 20260821 -1.00 -1.00 194 6072 0.2176 -0.1765 0.014776
361.00 P 20260821 -1.00 -1.00 14 179 0.2170 -0.1907 0.015629
362.00 P 20260821 -1.00 -1.00 62 3086 0.2168 -0.2055 0.016489
363.00 P 20260821 -1.00 -1.00 16 270 0.2157 -0.2219 0.017312
364.00 P 20260821 -1.00 -1.00 28 147 0.2134 -0.2391 0.018122
365.00 P 20260821 -1.00 -1.00 301 3004 0.2117 -0.2572 0.018936
366.00 P 20260821 -1.00 -1.00 9 132 0.2107 -0.2762 0.019728
367.00 P 20260821 -1.00 -1.00 8 1367 0.2104 -0.2961 0.020491
368.00 P 20260821 -1.00 -1.00 13 232 0.2108 -0.3166 0.021210
369.00 P 20260821 -1.00 -1.00 16 1048 0.2123 -0.3383 0.021797
370.00 P 20260821 -1.00 -1.00 3751 16288 0.2108 -0.3603 0.022278
371.00 P 20260821 -1.00 -1.00 53 200 0.2085 -0.3823 0.022857
372.00 P 20260821 -1.00 -1.00 11 383 0.2078 -0.4053 0.023287
373.00 P 20260821 -1.00 -1.00 70 159 0.2079 -0.4288 0.023643
374.00 P 20260821 -1.00 -1.00 416 175 0.2095 -0.4526 0.023832
375.00 P 20260821 -1.00 -1.00 387 4248 0.2109 -0.4763 0.024030
376.00 P 20260821 -1.00 -1.00 17 394 0.2087 -0.4998 0.024206
377.00 P 20260821 -1.00 -1.00 1 579 0.2081 -0.5234 0.024111
378.00 P 20260821 -1.00 -1.00 6 248 0.2084 -0.5469 0.023930
379.00 P 20260821 -1.00 -1.00 2 269 0.2086 -0.5705 0.023759
380.00 P 20260821 -1.00 -1.00 16 4265 0.2095 -0.5937 0.023513
381.00 P 20260821 -1.00 -1.00 5 351 0.2102 -0.6170 0.023279
382.00 P 20260821 -1.00 -1.00 5 124 0.2129 -0.6374 0.022638
383.00 P 20260821 -1.00 -1.00 9 164 0.2092 -0.6606 0.022393
384.00 P 20260821 -1.00 -1.00 1 56 0.2091 -0.6816 0.021828
385.00 P 20260821 -1.00 -1.00 13 4484 0.2097 -0.7018 0.021200
386.00 P 20260821 -1.00 -1.00 6 113 0.2129 -0.7193 0.020400
387.00 P 20260821 -1.00 -1.00 1 23 0.2125 -0.7406 0.019877
388.00 P 20260821 -1.00 -1.00 2 15 0.2153 -0.7578 0.019124
389.00 P 20260821 -1.00 -1.00 1 5 0.2130 -0.7768 0.018496
390.00 P 20260821 -1.00 -1.00 6 3492 0.2166 -0.7885 0.017612
391.00 P 20260821 -1.00 -1.00 1 12 0.2145 -0.8067 0.016946
392.00 P 20260821 -1.00 -1.00 1 20 0.2146 -0.8225 0.016205
393.00 P 20260821 -1.00 -1.00 1 11 0.2157 -0.8370 0.015432
394.00 P 20260821 -1.00 -1.00 6 11 0.2166 -0.8516 0.014671
395.00 P 20260821 -1.00 -1.00 19 823 0.2197 -0.8629 0.013936
396.00 P 20260821 -1.00 -1.00 1 1 0.2206 -0.8738 0.013246
397.00 P 20260821 -1.00 -1.00 1 11 0.2203 -0.8846 0.012565
398.00 P 20260821 -1.00 -1.00 6 10 0.2199 -0.8956 0.011863
399.00 P 20260821 -1.00 -1.00 2 5 0.2247 -0.9003 0.011265
400.00 P 20260821 -1.00 -1.00 34 7454 0.2259 -0.9094 0.010635
401.00 P 20260821 -1.00 -1.00 10 11 0.2305 -0.9139 0.010133
402.00 P 20260821 -1.00 -1.00 1 5 0.2256 -0.9309 0.009368
403.00 P 20260821 -1.00 -1.00 15 3 0.2255 -0.9409 0.008623
404.00 P 20260821 -1.00 -1.00 1 3 0.2442 -0.9266 0.008764
405.00 P 20260821 -1.00 -1.00 22 1088 0.2191 -0.9604 0.007608
406.00 P 20260821 -1.00 -1.00 2 2 0.2208 -0.9651 0.007134
407.00 P 20260821 -1.00 -1.00 3 3 -1.0000 -1.0000 -1.000000
408.00 P 20260821 -1.00 -1.00 1 1 0.2090 -0.9909 0.004095
409.00 P 20260821 -1.00 -1.00 7 4 -1.0000 -1.0000 -1.000000
410.00 P 20260821 -1.00 -1.00 25 1123 -1.0000 -1.0000 -1.000000
411.00 P 20260821 -1.00 -1.00 -1 0 -1.0000 -1.0000 -1.000000
412.00 P 20260821 -1.00 -1.00 -1 0 -1.0000 -1.0000 -1.000000
413.00 P 20260821 -1.00 -1.00 -1 0 -1.0000 -1.0000 -1.000000
414.00 P 20260821 -1.00 -1.00 -1 0 -1.0000 -1.0000 -1.000000
415.00 P 20260821 -1.00 -1.00 2 17 -1.0000 -1.0000 -1.000000
416.00 P 20260821 -1.00 -1.00 -1 0 -1.0000 -1.0000 -1.000000
417.00 P 20260821 -1.00 -1.00 -1 0 -1.0000 -1.0000 -1.000000
418.00 P 20260821 -1.00 -1.00 -1 0 -1.0000 -1.0000 -1.000000
419.00 P 20260821 -1.00 -1.00 -1 0 -1.0000 -1.0000 -1.000000
420.00 P 20260821 -1.00 -1.00 1 24 -1.0000 -1.0000 -1.000000
310.00 C 20260805 -1.00 -1.00 -1 0 1.4506 0.9905 0.000805
315.00 C 20260805 -1.00 -1.00 -1 0 1.3833 0.9881 0.001032
320.00 C 20260805 -1.00 -1.00 -1 0 1.2436 0.9891 0.001067
325.00 C 20260805 -1.00 -1.00 1 1 1.1317 0.9882 0.001248
310.00 P 20260805 -1.00 -1.00 1 3 1.3203 -0.0052 0.000509
315.00 P 20260805 -1.00 -1.00 2 13 1.2298 -0.0060 0.000625
320.00 P 20260805 -1.00 -1.00 6 7 1.0954 -0.0050 0.000599
325.00 P 20260805 -1.00 -1.00 4 41 0.9855 -0.0049 0.000653
310.00 C 20260807 -1.00 -1.00 -1 0 0.9521 0.9864 0.001031
315.00 C 20260807 -1.00 -1.00 -1 0 0.8640 0.9872 0.001080
320.00 C 20260807 -1.00 -1.00 14 14 0.7511 0.9903 0.000986
325.00 C 20260807 -1.00 -1.00 12 19 0.7521 0.9814 0.001706
310.00 P 20260807 -1.00 -1.00 4 405 0.8033 -0.0043 0.000442
315.00 P 20260807 -1.00 -1.00 3 1279 0.7070 -0.0031 0.000382
320.00 P 20260807 -1.00 -1.00 2 80 0.6642 -0.0040 0.000500
325.00 P 20260807 -1.00 -1.00 1200 1309 0.5775 -0.0031 0.000459
310.00 C 20260810 -1.00 -1.00 -1 0 0.6788 0.9876 0.000969
315.00 C 20260810 -1.00 -1.00 -1 0 0.5061 0.9970 0.000365
320.00 C 20260810 -1.00 -1.00 1 1 0.5736 0.9861 0.001261
325.00 C 20260810 -1.00 -1.00 -1 0 0.4992 0.9893 0.001162
310.00 P 20260810 -1.00 -1.00 -1 0 0.5846 -0.0047 0.000475
315.00 P 20260810 -1.00 -1.00 1 0 0.5445 -0.0055 0.000587
320.00 P 20260810 -1.00 -1.00 1 0 0.5050 -0.0065 0.000729
325.00 P 20260810 -1.00 -1.00 4 11 0.4405 -0.0049 0.000650
310.00 C 20260812 -1.00 -1.00 -1 0 0.5962 0.9868 0.001011
315.00 C 20260812 -1.00 -1.00 -1 0 0.5065 0.9914 0.000813
320.00 C 20260812 -1.00 -1.00 -1 0 0.4638 0.9911 0.000920
325.00 C 20260812 -1.00 -1.00 -1 0 0.4217 0.9907 0.001052
310.00 P 20260812 -1.00 -1.00 -1 0 0.5228 -0.0060 0.000569
315.00 P 20260812 -1.00 -1.00 5 5 0.4742 -0.0055 0.000587
320.00 P 20260812 -1.00 -1.00 4 4 0.4444 -0.0070 0.000768
325.00 P 20260812 -1.00 -1.00 2 2 0.4017 -0.0071 0.000861
310.00 C 20260814 -1.00 -1.00 -1 0 0.6998 0.9557 0.002132
315.00 C 20260814 -1.00 -1.00 -1 0 0.6475 0.9539 0.002382
320.00 C 20260814 -1.00 -1.00 2 12 0.4475 0.9863 0.001243
325.00 C 20260814 -1.00 -1.00 10 10 0.4413 0.9780 0.001896
310.00 P 20260814 -1.00 -1.00 1 39 0.4652 -0.0056 0.000538
315.00 P 20260814 -1.00 -1.00 1 48 0.4298 -0.0060 0.000622
320.00 P 20260814 -1.00 -1.00 11 180 0.3909 -0.0060 0.000685
325.00 P 20260814 -1.00 -1.00 9 1006 0.3770 -0.0090 0.001033
310.00 C 20260817 -1.00 -1.00 -1 0 0.5827 0.9640 0.001899
315.00 C 20260817 -1.00 -1.00 -1 0 0.5558 0.9577 0.002273
320.00 C 20260817 -1.00 -1.00 -1 0 0.5028 0.9582 0.002485
325.00 C 20260817 -1.00 -1.00 -1 0 0.4657 0.9541 0.002902
310.00 P 20260817 -1.00 -1.00 -1 0 0.4206 -0.0068 0.000624
315.00 P 20260817 -1.00 -1.00 -1 0 0.4004 -0.0085 0.000808
320.00 P 20260817 -1.00 -1.00 -1 0 0.3624 -0.0083 0.000875
325.00 P 20260817 -1.00 -1.00 -1 0 0.3497 -0.0122 0.001269
310.00 C 20260821 -1.00 -1.00 2 14 0.4674 0.9760 0.001495
315.00 C 20260821 -1.00 -1.00 1 58 0.4201 0.9775 0.001572
320.00 C 20260821 -1.00 -1.00 100 31 0.4075 0.9707 0.002025
325.00 C 20260821 -1.00 -1.00 162 66 0.3613 0.9734 0.002126
310.00 P 20260821 -1.00 -1.00 7 321 0.3693 -0.0068 0.000623
315.00 P 20260821 -1.00 -1.00 12 1060 0.3549 -0.0089 0.000833
320.00 P 20260821 -1.00 -1.00 29 7635 0.3396 -0.0120 0.001129
325.00 P 20260821 -1.00 -1.00 32 7935 0.3151 -0.0146 0.001440
425.00 C 20260805 -1.00 -1.00 7 7 0.9139 0.0095 0.001269
430.00 C 20260805 -1.00 -1.00 1 1 1.0064 0.0100 0.001200
435.00 C 20260805 -1.00 -1.00 9 9 1.1462 0.0127 0.001315
440.00 C 20260805 -1.00 -1.00 3 3 1.2269 0.0124 0.001204
425.00 P 20260805 -1.00 -1.00 -1 0 -1.0000 -1.0000 -1.000000
430.00 P 20260805 -1.00 -1.00 -1 0 -1.0000 -1.0000 -1.000000
435.00 P 20260805 -1.00 -1.00 -1 0 -1.0000 -1.0000 -1.000000
440.00 P 20260805 -1.00 -1.00 -1 0 -1.0000 -1.0000 -1.000000
425.00 C 20260807 -1.00 -1.00 3 98 0.5229 0.0051 0.000788
430.00 C 20260807 -1.00 -1.00 1 56 0.6041 0.0083 0.001051
435.00 C 20260807 -1.00 -1.00 509 625 0.6122 0.0044 0.000600
440.00 C 20260807 -1.00 -1.00 1 39 0.6756 0.0058 0.000685
425.00 P 20260807 -1.00 -1.00 1 0 -1.0000 -1.0000 -1.000000
430.00 P 20260807 -1.00 -1.00 3 0 -1.0000 -1.0000 -1.000000
435.00 P 20260807 -1.00 -1.00 1 0 -1.0000 -1.0000 -1.000000
440.00 P 20260807 -1.00 -1.00 -1 0 -1.0000 -1.0000 -1.000000
425.00 C 20260810 -1.00 -1.00 -1 0 0.4103 0.0101 0.001333
430.00 C 20260810 -1.00 -1.00 -1 0 0.4388 0.0089 0.001107
435.00 C 20260810 -1.00 -1.00 2 0 0.4712 0.0083 0.000973
440.00 C 20260810 -1.00 -1.00 2 0 0.4989 0.0074 0.000822
425.00 P 20260810 -1.00 -1.00 -1 0 0.4161 -0.9963 0.001308
430.00 P 20260810 -1.00 -1.00 -1 0 -1.0000 -1.0000 -1.000000
435.00 P 20260810 -1.00 -1.00 -1 0 -1.0000 -1.0000 -1.000000
440.00 P 20260810 -1.00 -1.00 -1 0 -1.0000 -1.0000 -1.000000
425.00 C 20260812 -1.00 -1.00 1 1 0.3382 0.0071 0.001020
430.00 C 20260812 -1.00 -1.00 -1 0 0.3704 0.0072 0.000943
435.00 C 20260812 -1.00 -1.00 2 2 0.3950 0.0062 0.000775
440.00 C 20260812 -1.00 -1.00 -1 0 0.4229 0.0058 0.000688
425.00 P 20260812 -1.00 -1.00 -1 0 0.4080 -0.9853 0.002497
430.00 P 20260812 -1.00 -1.00 -1 0 0.4071 -0.9960 0.001287
435.00 P 20260812 -1.00 -1.00 -1 0 -1.0000 -1.0000 -1.000000
440.00 P 20260812 -1.00 -1.00 -1 0 -1.0000 -1.0000 -1.000000
425.00 C 20260814 -1.00 -1.00 57 128 0.3194 0.0101 0.001338
430.00 C 20260814 -1.00 -1.00 6 125 0.3417 0.0089 0.001111
435.00 C 20260814 -1.00 -1.00 1 119 0.3638 0.0078 0.000929
440.00 C 20260814 -1.00 -1.00 8 8 0.3856 0.0069 0.000781
425.00 P 20260814 -1.00 -1.00 1 0 -1.0000 -1.0000 -1.000000
430.00 P 20260814 -1.00 -1.00 3 0 -1.0000 -1.0000 -1.000000
435.00 P 20260814 -1.00 -1.00 -1 0 -1.0000 -1.0000 -1.000000
440.00 P 20260814 -1.00 -1.00 -1 0 -1.0000 -1.0000 -1.000000
425.00 C 20260817 -1.00 -1.00 -1 0 0.3055 0.0165 0.001880
430.00 C 20260817 -1.00 -1.00 -1 0 0.3287 0.0145 0.001575
435.00 C 20260817 -1.00 -1.00 -1 0 0.3449 0.0123 0.001297
440.00 C 20260817 -1.00 -1.00 -1 0 0.3556 0.0098 0.001023
425.00 P 20260817 -1.00 -1.00 -1 0 -1.0000 -1.0000 -1.000000
430.00 P 20260817 -1.00 -1.00 -1 0 -1.0000 -1.0000 -1.000000
435.00 P 20260817 -1.00 -1.00 -1 0 -1.0000 -1.0000 -1.000000
440.00 P 20260817 -1.00 -1.00 -1 0 -1.0000 -1.0000 -1.000000
425.00 C 20260821 -1.00 -1.00 44 4150 0.2864 0.0248 0.002478
430.00 C 20260821 -1.00 -1.00 133 9655 0.3067 0.0224 0.002118
435.00 C 20260821 -1.00 -1.00 63 1340 0.3141 0.0154 0.001516
440.00 C 20260821 -1.00 -1.00 7 3016 0.3280 0.0129 0.001250
425.00 P 20260821 -1.00 -1.00 1 6 -1.0000 -1.0000 -1.000000
430.00 P 20260821 -1.00 -1.00 1 37 -1.0000 -1.0000 -1.000000
435.00 P 20260821 -1.00 -1.00 20 7 -1.0000 -1.0000 -1.000000
440.00 P 20260821 -1.00 -1.00 4504 767 -1.0000 -1.0000 -1.000000
