# opt_chain MSFT | epoch 1785872815 | 2026-08-04 15:46:55 | spot 497.05 | exps 20260805 20260807 20260810 20260812 20260814 20260817 20260819 20260821
# fuente polygon_snapshot_v3 | greeks polygon_directo | iv polygon_directo | oi polygon_directo | vol day.volume(-1 si no cotizo) | bid/ask NO_ENTITLED(-1) | spot_src ibkr_bridge spot_edad_s 113 | band 0.4050 vencimientos 8 exp_hasta 2026-08-21
# strike right exp bid ask vol oi iv delta gamma
365.00 C 20260805 -1.00 -1.00 10 16 2.5603 0.9871 0.000460
367.50 C 20260805 -1.00 -1.00 -1 0 2.5087 0.9868 0.000476
370.00 C 20260805 -1.00 -1.00 5 24 2.4575 0.9866 0.000494
372.50 C 20260805 -1.00 -1.00 2 2 2.4066 0.9863 0.000512
375.00 C 20260805 -1.00 -1.00 1 7 2.3561 0.9861 0.000531
377.50 C 20260805 -1.00 -1.00 2 16 2.3059 0.9858 0.000552
380.00 C 20260805 -1.00 -1.00 2 22 2.2362 0.9863 0.000551
382.50 C 20260805 -1.00 -1.00 5 82 2.2066 0.9853 0.000596
385.00 C 20260805 -1.00 -1.00 2 68 2.1574 0.9850 0.000620
387.50 C 20260805 -1.00 -1.00 11 199 2.1479 0.9830 0.000693
390.00 C 20260805 -1.00 -1.00 7 135 2.0796 0.9835 0.000698
392.50 C 20260805 -1.00 -1.00 9 308 2.0313 0.9831 0.000728
395.00 C 20260805 -1.00 -1.00 7 478 1.9052 0.9864 0.000644
397.50 C 20260805 -1.00 -1.00 2 181 1.9162 0.9833 0.000765
400.00 C 20260805 -1.00 -1.00 16 104 1.8494 0.9838 0.000769
402.50 C 20260805 -1.00 -1.00 7 26 1.8605 0.9806 0.000896
405.00 C 20260805 -1.00 -1.00 15 50 1.8329 0.9792 0.000967
407.50 C 20260805 -1.00 -1.00 16 16 1.6133 0.9882 0.000680
410.00 C 20260805 -1.00 -1.00 22 83 -1.0000 -1.0000 -1.000000
412.50 C 20260805 -1.00 -1.00 27 22 0.0003 1.0000 0.000000
415.00 C 20260805 -1.00 -1.00 48 61 1.5339 0.9836 0.000939
417.50 C 20260805 -1.00 -1.00 44 11 1.5647 0.9786 0.001162
420.00 C 20260805 -1.00 -1.00 35 87 1.5954 0.9738 0.001367
422.50 C 20260805 -1.00 -1.00 14 97 1.3238 0.9876 0.000863
425.00 C 20260805 -1.00 -1.00 14 306 1.5166 0.9713 0.001554
427.50 C 20260805 -1.00 -1.00 20 60 1.3110 0.9811 0.001240
430.00 C 20260805 -1.00 -1.00 21 1184 1.2859 0.9792 0.001378
432.50 C 20260805 -1.00 -1.00 17 47 1.2796 0.9758 0.001580
435.00 C 20260805 -1.00 -1.00 27 114 1.2547 0.9738 0.001737
437.50 C 20260805 -1.00 -1.00 19 108 1.2759 0.9654 0.002135
440.00 C 20260805 -1.00 -1.00 35 155 1.2082 0.9667 0.002187
442.50 C 20260805 -1.00 -1.00 23 117 0.9966 0.9821 0.001559
445.00 C 20260805 -1.00 -1.00 19 197 1.1109 0.9642 0.002516
447.50 C 20260805 -1.00 -1.00 23 278 1.0718 0.9614 0.002769
450.00 C 20260805 -1.00 -1.00 32 1216 -1.0000 -1.0000 -1.000000
452.50 C 20260805 -1.00 -1.00 34 242 -1.0000 -1.0000 -1.000000
455.00 C 20260805 -1.00 -1.00 71 430 0.6816 0.9904 0.001337
457.50 C 20260805 -1.00 -1.00 30 306 0.0003 1.0000 0.000000
460.00 C 20260805 -1.00 -1.00 70 462 0.8073 0.9572 0.003996
462.50 C 20260805 -1.00 -1.00 17 544 0.7606 0.9549 0.004425
465.00 C 20260805 -1.00 -1.00 44 507 0.8133 0.9314 0.005847
467.50 C 20260805 -1.00 -1.00 34 807 0.7041 0.9414 0.005952
470.00 C 20260805 -1.00 -1.00 583 3072 0.6402 0.9418 0.006509
472.50 C 20260805 -1.00 -1.00 103 1153 0.6364 0.9234 0.008073
475.00 C 20260805 -1.00 -1.00 80 677 0.5781 0.9197 0.009189
477.50 C 20260805 -1.00 -1.00 63 363 0.4507 0.9438 0.008963
480.00 C 20260805 -1.00 -1.00 709 2177 0.4931 0.8958 0.013081
482.50 C 20260805 -1.00 -1.00 613 501 0.4254 0.8924 0.015541
485.00 C 20260805 -1.00 -1.00 3534 644 0.4336 0.8426 0.019822
487.50 C 20260805 -1.00 -1.00 5784 1012 0.4190 0.7951 0.024375
490.00 C 20260805 -1.00 -1.00 13954 1639 0.4121 0.7307 0.028636
492.50 C 20260805 -1.00 -1.00 9251 978 0.3979 0.6606 0.033296
495.00 C 20260805 -1.00 -1.00 20538 1198 0.3817 0.5766 0.036675
497.50 C 20260805 -1.00 -1.00 17003 442 0.3808 0.4846 0.037756
500.00 C 20260805 -1.00 -1.00 48252 2698 0.3699 0.3892 0.037279
502.50 C 20260805 -1.00 -1.00 11252 0 0.3634 0.2996 0.034162
505.00 C 20260805 -1.00 -1.00 20639 530 0.3668 0.2217 0.029254
507.50 C 20260805 -1.00 -1.00 6680 0 0.3666 0.1579 0.023538
510.00 C 20260805 -1.00 -1.00 49956 1534 0.3711 0.1109 0.018178
512.50 C 20260805 -1.00 -1.00 3262 0 0.3825 0.0769 0.013527
515.00 C 20260805 -1.00 -1.00 3437 472 0.3870 0.0526 0.009852
517.50 C 20260805 -1.00 -1.00 567 0 0.4027 0.0371 0.007165
520.00 C 20260805 -1.00 -1.00 2348 1150 0.4121 0.0257 0.005163
522.50 C 20260805 -1.00 -1.00 267 0 0.4171 0.0163 0.003445
525.00 C 20260805 -1.00 -1.00 3500 1336 0.4590 0.0169 0.003221
527.50 C 20260805 -1.00 -1.00 561 0 0.4497 0.0092 0.001941
530.00 C 20260805 -1.00 -1.00 357 0 0.4569 0.0059 0.001284
535.00 C 20260805 -1.00 -1.00 330 0 0.5177 0.0053 0.001031
540.00 C 20260805 -1.00 -1.00 122 0 0.5652 0.0040 0.000742
545.00 C 20260805 -1.00 -1.00 25 0 0.7570 0.0150 0.001778
550.00 C 20260805 -1.00 -1.00 91 0 0.6495 0.0027 0.000441
365.00 P 20260805 -1.00 -1.00 2 120 2.2389 -0.0057 0.000256
367.50 P 20260805 -1.00 -1.00 2 53 2.4482 -0.0109 0.000419
370.00 P 20260805 -1.00 -1.00 16 318 1.8599 -0.0018 0.000110
372.50 P 20260805 -1.00 -1.00 7 26 2.2453 -0.0089 0.000380
375.00 P 20260805 -1.00 -1.00 1 211 1.9480 -0.0036 0.000199
377.50 P 20260805 -1.00 -1.00 1 50 2.1190 -0.0085 0.000387
380.00 P 20260805 -1.00 -1.00 2 111 1.9542 -0.0060 0.000308
382.50 P 20260805 -1.00 -1.00 24 57 1.6144 -0.0014 0.000102
385.00 P 20260805 -1.00 -1.00 6 132 1.9419 -0.0080 0.000401
387.50 P 20260805 -1.00 -1.00 204 51 1.7977 -0.0058 0.000320
390.00 P 20260805 -1.00 -1.00 1 477 1.8563 -0.0084 0.000436
392.50 P 20260805 -1.00 -1.00 1 196 1.7042 -0.0058 0.000339
395.00 P 20260805 -1.00 -1.00 15 243 1.4771 -0.0023 0.000170
397.50 P 20260805 -1.00 -1.00 225 119 1.3651 -0.0013 0.000110
400.00 P 20260805 -1.00 -1.00 357 358 1.4034 -0.0024 0.000187
402.50 P 20260805 -1.00 -1.00 2 160 1.6976 -0.0108 0.000601
405.00 P 20260805 -1.00 -1.00 10 106 1.7826 -0.0183 0.000889
407.50 P 20260805 -1.00 -1.00 6 9 1.5205 -0.0086 0.000545
410.00 P 20260805 -1.00 -1.00 89 225 1.3907 -0.0060 0.000428
412.50 P 20260805 -1.00 -1.00 8 142 1.3241 -0.0052 0.000396
415.00 P 20260805 -1.00 -1.00 9 495 1.1391 -0.0020 0.000195
417.50 P 20260805 -1.00 -1.00 99 145 1.2275 -0.0048 0.000399
420.00 P 20260805 -1.00 -1.00 113 384 1.1423 -0.0034 0.000319
422.50 P 20260805 -1.00 -1.00 272 215 1.0347 -0.0022 0.000233
425.00 P 20260805 -1.00 -1.00 264 3292 1.0004 -0.0023 0.000249
427.50 P 20260805 -1.00 -1.00 194 159 1.0465 -0.0042 0.000416
430.00 P 20260805 -1.00 -1.00 117 649 0.9082 -0.0019 0.000233
432.50 P 20260805 -1.00 -1.00 6 225 0.9464 -0.0035 0.000398
435.00 P 20260805 -1.00 -1.00 128 478 0.8649 -0.0026 0.000327
437.50 P 20260805 -1.00 -1.00 22 114 0.8957 -0.0048 0.000548
440.00 P 20260805 -1.00 -1.00 746 562 0.8221 -0.0034 0.000441
442.50 P 20260805 -1.00 -1.00 29 132 0.8216 -0.0052 0.000639
445.00 P 20260805 -1.00 -1.00 223 583 0.8193 -0.0075 0.000893
447.50 P 20260805 -1.00 -1.00 281 304 0.7312 -0.0045 0.000631
450.00 P 20260805 -1.00 -1.00 652 1902 0.6864 -0.0040 0.000617
452.50 P 20260805 -1.00 -1.00 46 285 0.6759 -0.0062 0.000909
455.00 P 20260805 -1.00 -1.00 258 620 0.6032 -0.0037 0.000652
457.50 P 20260805 -1.00 -1.00 328 226 0.5958 -0.0062 0.001026
460.00 P 20260805 -1.00 -1.00 1206 978 0.5688 -0.0073 0.001247
462.50 P 20260805 -1.00 -1.00 225 499 0.5588 -0.0100 0.001692
465.00 P 20260805 -1.00 -1.00 1524 905 0.5321 -0.0114 0.002004
467.50 P 20260805 -1.00 -1.00 468 354 0.5151 -0.0166 0.002832
470.00 P 20260805 -1.00 -1.00 5709 4096 0.4936 -0.0215 0.003696
472.50 P 20260805 -1.00 -1.00 3516 1848 0.4900 -0.0309 0.005112
475.00 P 20260805 -1.00 -1.00 8177 771 0.4664 -0.0416 0.006767
477.50 P 20260805 -1.00 -1.00 1426 384 0.4589 -0.0589 0.009173
480.00 P 20260805 -1.00 -1.00 6972 970 0.4466 -0.0821 0.012102
482.50 P 20260805 -1.00 -1.00 2984 437 0.4364 -0.1129 0.015731
485.00 P 20260805 -1.00 -1.00 8740 2172 0.4273 -0.1537 0.019828
487.50 P 20260805 -1.00 -1.00 5315 815 0.4181 -0.2046 0.024404
490.00 P 20260805 -1.00 -1.00 8873 638 0.4053 -0.2660 0.028966
492.50 P 20260805 -1.00 -1.00 4313 299 0.3994 -0.3400 0.033226
495.00 P 20260805 -1.00 -1.00 12564 90 0.3829 -0.4239 0.036595
497.50 P 20260805 -1.00 -1.00 2812 190 0.3774 -0.5160 0.038127
500.00 P 20260805 -1.00 -1.00 1372 103 0.3741 -0.6099 0.036926
502.50 P 20260805 -1.00 -1.00 136 0 0.3645 -0.7004 0.034140
505.00 P 20260805 -1.00 -1.00 145 37 0.3600 -0.7830 0.029502
507.50 P 20260805 -1.00 -1.00 19 0 0.3103 -0.8838 0.022814
510.00 P 20260805 -1.00 -1.00 75 20 0.3890 -0.8798 0.018622
512.50 P 20260805 -1.00 -1.00 14 0 0.3650 -0.9344 0.012859
515.00 P 20260805 -1.00 -1.00 4 1 0.3633 -0.9600 0.008752
517.50 P 20260805 -1.00 -1.00 -1 0 0.4303 -0.9521 0.008433
520.00 P 20260805 -1.00 -1.00 9 5 -1.0000 -1.0000 -1.000000
522.50 P 20260805 -1.00 -1.00 -1 0 0.4695 -0.9724 0.005067
525.00 P 20260805 -1.00 -1.00 2 6 -1.0000 -1.0000 -1.000000
527.50 P 20260805 -1.00 -1.00 -1 0 -1.0000 -1.0000 -1.000000
530.00 P 20260805 -1.00 -1.00 84 0 -1.0000 -1.0000 -1.000000
535.00 P 20260805 -1.00 -1.00 2 0 -1.0000 -1.0000 -1.000000
540.00 P 20260805 -1.00 -1.00 -1 0 -1.0000 -1.0000 -1.000000
545.00 P 20260805 -1.00 -1.00 -1 0 -1.0000 -1.0000 -1.000000
550.00 P 20260805 -1.00 -1.00 -1 0 0.7632 -0.9916 0.001181
365.00 C 20260807 -1.00 -1.00 3 605 1.4514 0.9915 0.000341
367.50 C 20260807 -1.00 -1.00 3 6 1.5522 0.9853 0.000511
370.00 C 20260807 -1.00 -1.00 1 416 1.3655 0.9921 0.000339
372.50 C 20260807 -1.00 -1.00 3 28 1.5140 0.9834 0.000584
375.00 C 20260807 -1.00 -1.00 4 360 1.3379 0.9909 0.000393
377.50 C 20260807 -1.00 -1.00 4 25 1.4519 0.9828 0.000629
380.00 C 20260807 -1.00 -1.00 5 394 1.3361 0.9880 0.000502
382.50 C 20260807 -1.00 -1.00 7 164 1.3906 0.9821 0.000678
385.00 C 20260807 -1.00 -1.00 7 499 1.4810 0.9747 0.000869
387.50 C 20260807 -1.00 -1.00 1 312 1.2821 0.9847 0.000642
390.00 C 20260807 -1.00 -1.00 45 3042 1.2883 0.9819 0.000741
392.50 C 20260807 -1.00 -1.00 4 345 -1.0000 -1.0000 -1.000000
395.00 C 20260807 -1.00 -1.00 10 907 1.3481 0.9734 0.001000
397.50 C 20260807 -1.00 -1.00 11 257 1.1285 0.9863 0.000665
400.00 C 20260807 -1.00 -1.00 37 3195 1.2062 0.9777 0.000950
402.50 C 20260807 -1.00 -1.00 17 121 1.1063 0.9827 0.000828
405.00 C 20260807 -1.00 -1.00 23 458 1.1483 0.9767 0.001038
407.50 C 20260807 -1.00 -1.00 10 114 0.9905 0.9873 0.000712
410.00 C 20260807 -1.00 -1.00 22 620 0.9507 0.9882 0.000698
412.50 C 20260807 -1.00 -1.00 7 552 0.9345 0.9867 0.000784
415.00 C 20260807 -1.00 -1.00 7 1196 0.9184 0.9852 0.000875
417.50 C 20260807 -1.00 -1.00 30 62 0.9719 0.9768 0.001220
420.00 C 20260807 -1.00 -1.00 38 2552 0.8090 0.9898 0.000722
422.50 C 20260807 -1.00 -1.00 20 75 0.9512 0.9724 0.001458
425.00 C 20260807 -1.00 -1.00 66 2070 0.6461 0.9965 0.000343
427.50 C 20260807 -1.00 -1.00 11 141 0.8162 0.9791 0.001326
430.00 C 20260807 -1.00 -1.00 101 3990 0.8993 0.9626 0.001954
432.50 C 20260807 -1.00 -1.00 13 128 0.4887 0.9991 0.000116
435.00 C 20260807 -1.00 -1.00 41 843 0.7360 0.9771 0.001592
437.50 C 20260807 -1.00 -1.00 18 132 0.8646 0.9487 0.002637
440.00 C 20260807 -1.00 -1.00 93 1884 0.7271 0.9686 0.002107
442.50 C 20260807 -1.00 -1.00 24 343 0.6458 0.9763 0.001872
445.00 C 20260807 -1.00 -1.00 60 461 0.6902 0.9609 0.002639
447.50 C 20260807 -1.00 -1.00 20 271 0.6326 0.9666 0.002545
450.00 C 20260807 -1.00 -1.00 135 2826 0.5124 0.9832 0.001744
452.50 C 20260807 -1.00 -1.00 24 962 0.5632 0.9671 0.002825
455.00 C 20260807 -1.00 -1.00 71 3796 0.4730 0.9794 0.002254
457.50 C 20260807 -1.00 -1.00 154 1958 0.4590 0.9761 0.002647
460.00 C 20260807 -1.00 -1.00 274 3163 0.4340 0.9749 0.002924
462.50 C 20260807 -1.00 -1.00 93 912 0.4872 0.9471 0.004795
465.00 C 20260807 -1.00 -1.00 198 1659 0.4754 0.9390 0.005551
467.50 C 20260807 -1.00 -1.00 93 1477 0.5015 0.9091 0.007055
470.00 C 20260807 -1.00 -1.00 567 10189 0.4592 0.9082 0.007767
472.50 C 20260807 -1.00 -1.00 81 1255 0.4297 0.9006 0.008809
475.00 C 20260807 -1.00 -1.00 221 2289 0.4193 0.8828 0.010263
477.50 C 20260807 -1.00 -1.00 59 883 0.4173 0.8545 0.011927
480.00 C 20260807 -1.00 -1.00 1141 3435 0.3955 0.8324 0.013754
482.50 C 20260807 -1.00 -1.00 169 825 0.3884 0.7996 0.015768
485.00 C 20260807 -1.00 -1.00 1062 1679 0.3913 0.7561 0.017517
487.50 C 20260807 -1.00 -1.00 923 0 0.3840 0.7115 0.019336
490.00 C 20260807 -1.00 -1.00 3415 2437 0.3861 0.6618 0.020869
492.50 C 20260807 -1.00 -1.00 767 0 0.3766 0.6100 0.022210
495.00 C 20260807 -1.00 -1.00 3435 1477 0.3722 0.5537 0.023168
497.50 C 20260807 -1.00 -1.00 1493 0 0.3742 0.4964 0.023463
500.00 C 20260807 -1.00 -1.00 14415 5980 0.3706 0.4388 0.023139
502.50 C 20260807 -1.00 -1.00 2387 0 0.3738 0.3825 0.022407
505.00 C 20260807 -1.00 -1.00 3246 1750 0.3709 0.3292 0.021298
507.50 C 20260807 -1.00 -1.00 604 0 0.3719 0.2798 0.019683
510.00 C 20260807 -1.00 -1.00 4276 1490 0.3747 0.2330 0.017998
512.50 C 20260807 -1.00 -1.00 1304 0 0.3755 0.1958 0.015993
515.00 C 20260807 -1.00 -1.00 3829 971 0.3767 0.1590 0.014006
517.50 C 20260807 -1.00 -1.00 460 0 0.3795 0.1285 0.012109
520.00 C 20260807 -1.00 -1.00 1948 1773 0.3766 0.1020 0.010230
522.50 C 20260807 -1.00 -1.00 321 0 0.3814 0.0804 0.008516
525.00 C 20260807 -1.00 -1.00 1657 1733 0.3859 0.0642 0.007099
527.50 C 20260807 -1.00 -1.00 167 0 0.3840 0.0493 0.005732
530.00 C 20260807 -1.00 -1.00 3217 1552 0.3892 0.0378 0.004586
532.50 C 20260807 -1.00 -1.00 30 0 0.3946 0.0296 0.003714
535.00 C 20260807 -1.00 -1.00 627 684 0.4014 0.0247 0.003101
537.50 C 20260807 -1.00 -1.00 9 0 0.3922 0.0153 0.002116
540.00 C 20260807 -1.00 -1.00 262 1212 0.3978 0.0117 0.001665
542.50 C 20260807 -1.00 -1.00 3 0 0.4020 0.0094 0.001347
545.00 C 20260807 -1.00 -1.00 409 1084 0.4015 0.0065 0.000967
547.50 C 20260807 -1.00 -1.00 1 0 -1.0000 -1.0000 -1.000000
550.00 C 20260807 -1.00 -1.00 440 690 0.3947 0.0027 0.000442
552.50 C 20260807 -1.00 -1.00 44 0 0.4232 0.0033 0.000500
560.00 C 20260807 -1.00 -1.00 98 2047 0.4578 0.0023 0.000336
570.00 C 20260807 -1.00 -1.00 22 22 -1.0000 -1.0000 -1.000000
580.00 C 20260807 -1.00 -1.00 35 23 0.6644 0.0060 0.000545
590.00 C 20260807 -1.00 -1.00 22 22 0.7809 0.0094 0.000690
600.00 C 20260807 -1.00 -1.00 103 98 0.7116 0.0020 0.000191
610.00 C 20260807 -1.00 -1.00 -1 0 -1.0000 -1.0000 -1.000000
620.00 C 20260807 -1.00 -1.00 5 5 -1.0000 -1.0000 -1.000000
630.00 C 20260807 -1.00 -1.00 -1 0 -1.0000 -1.0000 -1.000000
365.00 P 20260807 -1.00 -1.00 25 1630 1.1806 -0.0018 0.000102
367.50 P 20260807 -1.00 -1.00 111 105 1.4392 -0.0090 0.000367
370.00 P 20260807 -1.00 -1.00 18 2038 1.0846 -0.0010 0.000068
372.50 P 20260807 -1.00 -1.00 5 92 1.1712 -0.0029 0.000162
375.00 P 20260807 -1.00 -1.00 114 544 1.0371 -0.0011 0.000073
377.50 P 20260807 -1.00 -1.00 20 85 1.0920 -0.0025 0.000152
380.00 P 20260807 -1.00 -1.00 85 6624 1.0059 -0.0014 0.000098
382.50 P 20260807 -1.00 -1.00 4 120 1.1463 -0.0055 0.000294
385.00 P 20260807 -1.00 -1.00 43 550 0.9750 -0.0018 0.000125
387.50 P 20260807 -1.00 -1.00 3 133 1.0438 -0.0035 0.000220
390.00 P 20260807 -1.00 -1.00 105 1386 0.9292 -0.0019 0.000136
392.50 P 20260807 -1.00 -1.00 17 240 0.9680 -0.0031 0.000212
395.00 P 20260807 -1.00 -1.00 166 1126 0.8993 -0.0023 0.000170
397.50 P 20260807 -1.00 -1.00 183 176 0.8615 -0.0020 0.000157
400.00 P 20260807 -1.00 -1.00 201 2098 0.8545 -0.0024 0.000187
402.50 P 20260807 -1.00 -1.00 13 157 0.8872 -0.0038 0.000273
405.00 P 20260807 -1.00 -1.00 66 1081 0.8791 -0.0048 0.000338
407.50 P 20260807 -1.00 -1.00 7 256 0.8546 -0.0049 0.000356
410.00 P 20260807 -1.00 -1.00 91 2310 0.8138 -0.0041 0.000318
412.50 P 20260807 -1.00 -1.00 16 165 0.8006 -0.0048 0.000376
415.00 P 20260807 -1.00 -1.00 77 3807 0.7657 -0.0043 0.000355
417.50 P 20260807 -1.00 -1.00 46 251 0.8768 -0.0136 0.000857
420.00 P 20260807 -1.00 -1.00 64 1518 0.7073 -0.0038 0.000346
422.50 P 20260807 -1.00 -1.00 20 1693 0.7053 -0.0055 0.000473
425.00 P 20260807 -1.00 -1.00 128 1626 0.6712 -0.0048 0.000448
427.50 P 20260807 -1.00 -1.00 26 3233 0.6801 -0.0073 0.000640
430.00 P 20260807 -1.00 -1.00 250 1872 0.6462 -0.0068 0.000629
432.50 P 20260807 -1.00 -1.00 110 264 0.6338 -0.0079 0.000730
435.00 P 20260807 -1.00 -1.00 62 919 0.6108 -0.0081 0.000782
437.50 P 20260807 -1.00 -1.00 32 303 0.5667 -0.0067 0.000705
440.00 P 20260807 -1.00 -1.00 682 2445 0.5812 -0.0100 0.000996
442.50 P 20260807 -1.00 -1.00 31 1982 0.5999 -0.0167 0.001487
445.00 P 20260807 -1.00 -1.00 233 881 0.5497 -0.0130 0.001314
447.50 P 20260807 -1.00 -1.00 48 733 0.5244 -0.0135 0.001425
450.00 P 20260807 -1.00 -1.00 1071 3304 0.5127 -0.0168 0.001747
452.50 P 20260807 -1.00 -1.00 101 1671 0.4989 -0.0198 0.002067
455.00 P 20260807 -1.00 -1.00 329 1173 0.4941 -0.0246 0.002533
457.50 P 20260807 -1.00 -1.00 359 984 0.4782 -0.0275 0.002893
460.00 P 20260807 -1.00 -1.00 2265 2031 0.4679 -0.0344 0.003526
462.50 P 20260807 -1.00 -1.00 262 684 0.4552 -0.0420 0.004250
465.00 P 20260807 -1.00 -1.00 1238 769 0.4381 -0.0485 0.004969
467.50 P 20260807 -1.00 -1.00 2380 186 0.4288 -0.0583 0.005922
470.00 P 20260807 -1.00 -1.00 2697 2179 0.4189 -0.0707 0.007052
472.50 P 20260807 -1.00 -1.00 473 551 0.4093 -0.0886 0.008494
475.00 P 20260807 -1.00 -1.00 2538 801 0.3997 -0.1075 0.010067
477.50 P 20260807 -1.00 -1.00 356 322 0.3994 -0.1337 0.011853
480.00 P 20260807 -1.00 -1.00 2299 1137 0.3889 -0.1634 0.013772
482.50 P 20260807 -1.00 -1.00 697 437 0.3861 -0.1990 0.015800
485.00 P 20260807 -1.00 -1.00 4572 1565 0.3823 -0.2386 0.017768
487.50 P 20260807 -1.00 -1.00 640 0 0.3769 -0.2851 0.019598
490.00 P 20260807 -1.00 -1.00 3984 1008 0.3776 -0.3352 0.021260
492.50 P 20260807 -1.00 -1.00 395 0 0.3719 -0.3889 0.022503
495.00 P 20260807 -1.00 -1.00 1836 141 0.3689 -0.4461 0.023402
497.50 P 20260807 -1.00 -1.00 1309 0 0.3695 -0.5041 0.023801
500.00 P 20260807 -1.00 -1.00 2149 123 0.3633 -0.5631 0.023641
502.50 P 20260807 -1.00 -1.00 66 0 0.3678 -0.6201 0.022809
505.00 P 20260807 -1.00 -1.00 357 79 0.3701 -0.6718 0.021391
507.50 P 20260807 -1.00 -1.00 5 0 0.3684 -0.7230 0.019877
510.00 P 20260807 -1.00 -1.00 88 46 0.3718 -0.7696 0.018126
512.50 P 20260807 -1.00 -1.00 103 0 0.3614 -0.8148 0.016188
515.00 P 20260807 -1.00 -1.00 101 3 0.3708 -0.8467 0.014084
517.50 P 20260807 -1.00 -1.00 106 0 0.3953 -0.8645 0.012294
520.00 P 20260807 -1.00 -1.00 57 34 0.3496 -0.9184 0.009670
522.50 P 20260807 -1.00 -1.00 -1 0 0.3388 -0.9449 0.007505
525.00 P 20260807 -1.00 -1.00 15 0 0.3529 -0.9536 0.006325
527.50 P 20260807 -1.00 -1.00 -1 0 -1.0000 -1.0000 -1.000000
530.00 P 20260807 -1.00 -1.00 2 2 -1.0000 -1.0000 -1.000000
532.50 P 20260807 -1.00 -1.00 -1 0 -1.0000 -1.0000 -1.000000
535.00 P 20260807 -1.00 -1.00 9 0 -1.0000 -1.0000 -1.000000
537.50 P 20260807 -1.00 -1.00 -1 0 -1.0000 -1.0000 -1.000000
540.00 P 20260807 -1.00 -1.00 2 3 -1.0000 -1.0000 -1.000000
542.50 P 20260807 -1.00 -1.00 -1 0 -1.0000 -1.0000 -1.000000
545.00 P 20260807 -1.00 -1.00 1 0 -1.0000 -1.0000 -1.000000
547.50 P 20260807 -1.00 -1.00 -1 0 0.4624 -0.9912 0.001515
550.00 P 20260807 -1.00 -1.00 6 0 -1.0000 -1.0000 -1.000000
552.50 P 20260807 -1.00 -1.00 -1 0 -1.0000 -1.0000 -1.000000
560.00 P 20260807 -1.00 -1.00 -1 0 -1.0000 -1.0000 -1.000000
570.00 P 20260807 -1.00 -1.00 -1 0 -1.0000 -1.0000 -1.000000
580.00 P 20260807 -1.00 -1.00 -1 0 -1.0000 -1.0000 -1.000000
590.00 P 20260807 -1.00 -1.00 -1 0 -1.0000 -1.0000 -1.000000
600.00 P 20260807 -1.00 -1.00 -1 0 -1.0000 -1.0000 -1.000000
610.00 P 20260807 -1.00 -1.00 -1 0 -1.0000 -1.0000 -1.000000
620.00 P 20260807 -1.00 -1.00 -1 0 -1.0000 -1.0000 -1.000000
630.00 P 20260807 -1.00 -1.00 -1 0 -1.0000 -1.0000 -1.000000
365.00 C 20260810 -1.00 -1.00 1 3 1.0523 0.9910 0.000353
367.50 C 20260810 -1.00 -1.00 -1 0 1.0104 0.9917 0.000340
370.00 C 20260810 -1.00 -1.00 22 21 1.0101 0.9908 0.000377
372.50 C 20260810 -1.00 -1.00 1 1 0.8627 0.9965 0.000181
375.00 C 20260810 -1.00 -1.00 -1 0 0.9972 0.9889 0.000452
377.50 C 20260810 -1.00 -1.00 2 1 0.9478 0.9904 0.000417
380.00 C 20260810 -1.00 -1.00 5 40 0.9273 0.9903 0.000432
382.50 C 20260810 -1.00 -1.00 2 6 0.9222 0.9892 0.000476
385.00 C 20260810 -1.00 -1.00 30 14 1.0655 0.9745 0.000871
387.50 C 20260810 -1.00 -1.00 3 8 0.8465 0.9908 0.000447
390.00 C 20260810 -1.00 -1.00 36 782 0.9092 0.9833 0.000698
392.50 C 20260810 -1.00 -1.00 3 7 0.8068 0.9905 0.000482
395.00 C 20260810 -1.00 -1.00 2 50 0.8406 0.9854 0.000672
397.50 C 20260810 -1.00 -1.00 1 16 0.8195 0.9851 0.000701
400.00 C 20260810 -1.00 -1.00 15 403 0.7814 0.9869 0.000661
402.50 C 20260810 -1.00 -1.00 10 12 0.7776 0.9846 0.000763
405.00 C 20260810 -1.00 -1.00 10 265 0.7739 0.9822 0.000867
407.50 C 20260810 -1.00 -1.00 10 5 0.7363 0.9839 0.000834
410.00 C 20260810 -1.00 -1.00 4 210 0.5647 0.9967 0.000261
412.50 C 20260810 -1.00 -1.00 2 27 0.6533 0.9892 0.000675
415.00 C 20260810 -1.00 -1.00 5 44 0.7004 0.9795 0.001084
417.50 C 20260810 -1.00 -1.00 2 2 0.7053 0.9759 0.001248
420.00 C 20260810 -1.00 -1.00 3 84 0.6185 0.9845 0.000961
422.50 C 20260810 -1.00 -1.00 5 28 0.6569 0.9757 0.001345
425.00 C 20260810 -1.00 -1.00 3 85 0.5790 0.9838 0.001069
427.50 C 20260810 -1.00 -1.00 5 35 0.6008 0.9768 0.001411
430.00 C 20260810 -1.00 -1.00 5 65 0.5730 0.9774 0.001443
432.50 C 20260810 -1.00 -1.00 2 16 0.5124 0.9840 0.001195
435.00 C 20260810 -1.00 -1.00 3 84 0.5588 0.9722 0.001787
437.50 C 20260810 -1.00 -1.00 1 107 0.5069 0.9768 0.001671
440.00 C 20260810 -1.00 -1.00 6 78 0.5041 0.9732 0.001916
442.50 C 20260810 -1.00 -1.00 1 10 0.4526 0.9785 0.001748
445.00 C 20260810 -1.00 -1.00 6 74 0.4818 0.9656 0.002447
447.50 C 20260810 -1.00 -1.00 9 53 0.4767 0.9587 0.002859
450.00 C 20260810 -1.00 -1.00 46 469 0.5233 0.9365 0.003745
452.50 C 20260810 -1.00 -1.00 4 33 0.4507 0.9498 0.003557
455.00 C 20260810 -1.00 -1.00 30 84 0.4298 0.9477 0.003862
457.50 C 20260810 -1.00 -1.00 6 63 0.3930 0.9514 0.003967
460.00 C 20260810 -1.00 -1.00 9 306 0.3803 0.9459 0.004488
462.50 C 20260810 -1.00 -1.00 4 33 0.3159 0.9638 0.003890
465.00 C 20260810 -1.00 -1.00 22 150 0.3575 0.9306 0.005832
467.50 C 20260810 -1.00 -1.00 3 422 0.3751 0.9009 0.007218
470.00 C 20260810 -1.00 -1.00 31 313 0.3606 0.8901 0.008139
472.50 C 20260810 -1.00 -1.00 51 86 0.3609 0.8689 0.009275
475.00 C 20260810 -1.00 -1.00 4 103 0.3254 0.8667 0.010390
477.50 C 20260810 -1.00 -1.00 13 255 0.3218 0.8377 0.011870
480.00 C 20260810 -1.00 -1.00 53 303 0.3377 0.7957 0.013191
482.50 C 20260810 -1.00 -1.00 14 52 0.2967 0.7887 0.015365
485.00 C 20260810 -1.00 -1.00 198 130 0.3152 0.7337 0.016237
487.50 C 20260810 -1.00 -1.00 33 0 0.3180 0.6897 0.017378
490.00 C 20260810 -1.00 -1.00 466 349 0.3176 0.6464 0.018484
492.50 C 20260810 -1.00 -1.00 113 0 0.3105 0.6000 0.019416
495.00 C 20260810 -1.00 -1.00 205 224 0.3113 0.5506 0.019906
497.50 C 20260810 -1.00 -1.00 206 0 0.3109 0.5014 0.020264
500.00 C 20260810 -1.00 -1.00 731 387 0.3084 0.4518 0.020038
502.50 C 20260810 -1.00 -1.00 56 0 0.3117 0.4035 0.019449
505.00 C 20260810 -1.00 -1.00 216 129 0.3116 0.3561 0.018877
507.50 C 20260810 -1.00 -1.00 29 0 0.3126 0.3139 0.017701
510.00 C 20260810 -1.00 -1.00 225 77 0.3103 0.2697 0.016651
512.50 C 20260810 -1.00 -1.00 45 0 0.3143 0.2323 0.015333
515.00 C 20260810 -1.00 -1.00 143 107 0.3107 0.1972 0.013918
517.50 C 20260810 -1.00 -1.00 51 0 0.3124 0.1661 0.012434
520.00 C 20260810 -1.00 -1.00 265 402 0.3163 0.1380 0.011006
522.50 C 20260810 -1.00 -1.00 308 0 0.3147 0.1156 0.009638
525.00 C 20260810 -1.00 -1.00 203 128 0.3115 0.0916 0.008200
527.50 C 20260810 -1.00 -1.00 16 0 0.3188 0.0761 0.007048
365.00 P 20260810 -1.00 -1.00 77 14 0.9046 -0.0029 0.000153
367.50 P 20260810 -1.00 -1.00 6 24 1.1188 -0.0150 0.000521
370.00 P 20260810 -1.00 -1.00 20 112 1.0540 -0.0117 0.000450
372.50 P 20260810 -1.00 -1.00 8 10 2.0601 -0.1103 0.001439
375.00 P 20260810 -1.00 -1.00 4 98 1.2429 -0.0328 0.000912
377.50 P 20260810 -1.00 -1.00 45 51 1.0200 -0.0153 0.000581
380.00 P 20260810 -1.00 -1.00 62 200 0.7330 -0.0017 0.000114
382.50 P 20260810 -1.00 -1.00 16 43 1.0203 -0.0197 0.000724
385.00 P 20260810 -1.00 -1.00 84 105 0.9971 -0.0199 0.000749
387.50 P 20260810 -1.00 -1.00 1 5 0.9341 -0.0166 0.000680
390.00 P 20260810 -1.00 -1.00 2 724 0.9545 -0.0208 0.000812
392.50 P 20260810 -1.00 -1.00 2 3 0.9058 -0.0187 0.000778
395.00 P 20260810 -1.00 -1.00 2 80 0.7344 -0.0064 0.000376
397.50 P 20260810 -1.00 -1.00 20 230 0.8916 -0.0222 0.000921
400.00 P 20260810 -1.00 -1.00 37 206 0.6823 -0.0057 0.000362
402.50 P 20260810 -1.00 -1.00 16 16 0.9571 -0.0385 0.001350
405.00 P 20260810 -1.00 -1.00 4 72 0.7604 -0.0160 0.000813
407.50 P 20260810 -1.00 -1.00 42 75 0.8248 -0.0259 0.001143
410.00 P 20260810 -1.00 -1.00 1 515 0.6275 -0.0074 0.000504
412.50 P 20260810 -1.00 -1.00 6 5 0.7291 -0.0209 0.001068
415.00 P 20260810 -1.00 -1.00 2 12 0.6281 -0.0104 0.000687
417.50 P 20260810 -1.00 -1.00 1 31 0.6327 -0.0141 0.000877
420.00 P 20260810 -1.00 -1.00 25 226 0.5311 -0.0060 0.000490
422.50 P 20260810 -1.00 -1.00 1 62 0.6489 -0.0231 0.001309
425.00 P 20260810 -1.00 -1.00 3 93 0.5323 -0.0095 0.000743
427.50 P 20260810 -1.00 -1.00 2 112 0.5077 -0.0091 0.000750
430.00 P 20260810 -1.00 -1.00 12 106 0.5699 -0.0219 0.001424
432.50 P 20260810 -1.00 -1.00 5 39 0.4983 -0.0132 0.001051
435.00 P 20260810 -1.00 -1.00 10 642 0.4829 -0.0143 0.001161
437.50 P 20260810 -1.00 -1.00 63 81 0.4955 -0.0210 0.001574
440.00 P 20260810 -1.00 -1.00 144 198 0.4573 -0.0178 0.001478
442.50 P 20260810 -1.00 -1.00 1 1619 0.4947 -0.0303 0.002168
445.00 P 20260810 -1.00 -1.00 47 387 0.4321 -0.0217 0.001861
447.50 P 20260810 -1.00 -1.00 129 528 0.4091 -0.0215 0.001950
450.00 P 20260810 -1.00 -1.00 106 1643 0.4197 -0.0292 0.002486
452.50 P 20260810 -1.00 -1.00 5 155 0.3998 -0.0308 0.002718
455.00 P 20260810 -1.00 -1.00 41 186 0.3785 -0.0319 0.002946
457.50 P 20260810 -1.00 -1.00 80 43 0.3701 -0.0389 0.003525
460.00 P 20260810 -1.00 -1.00 1458 639 0.3714 -0.0504 0.004340
462.50 P 20260810 -1.00 -1.00 43 110 0.3607 -0.0570 0.004963
465.00 P 20260810 -1.00 -1.00 1158 294 0.3553 -0.0679 0.005792
467.50 P 20260810 -1.00 -1.00 65 202 0.3488 -0.0833 0.006826
470.00 P 20260810 -1.00 -1.00 249 125 0.3400 -0.0978 0.007900
472.50 P 20260810 -1.00 -1.00 129 38 0.3349 -0.1153 0.009112
475.00 P 20260810 -1.00 -1.00 268 110 0.3321 -0.1388 0.010449
477.50 P 20260810 -1.00 -1.00 92 118 0.3225 -0.1630 0.011892
480.00 P 20260810 -1.00 -1.00 429 181 0.3205 -0.1937 0.013414
482.50 P 20260810 -1.00 -1.00 183 30 0.3229 -0.2297 0.014824
485.00 P 20260810 -1.00 -1.00 615 354 0.3120 -0.2646 0.016381
487.50 P 20260810 -1.00 -1.00 70 0 0.3148 -0.3091 0.017547
490.00 P 20260810 -1.00 -1.00 715 572 0.3147 -0.3531 0.018689
492.50 P 20260810 -1.00 -1.00 107 0 0.3097 -0.4005 0.019519
495.00 P 20260810 -1.00 -1.00 191 2 0.3115 -0.4502 0.019955
497.50 P 20260810 -1.00 -1.00 109 0 0.3109 -0.4997 0.020330
500.00 P 20260810 -1.00 -1.00 141 114 0.3065 -0.5498 0.020235
502.50 P 20260810 -1.00 -1.00 1 0 0.3088 -0.5989 0.019707
505.00 P 20260810 -1.00 -1.00 5 0 0.3113 -0.6457 0.018975
507.50 P 20260810 -1.00 -1.00 -1 0 0.3057 -0.6920 0.018085
510.00 P 20260810 -1.00 -1.00 7 4 0.3055 -0.7360 0.016926
512.50 P 20260810 -1.00 -1.00 -1 0 0.3033 -0.7777 0.015654
515.00 P 20260810 -1.00 -1.00 1 0 0.3144 -0.8024 0.013995
517.50 P 20260810 -1.00 -1.00 -1 0 0.3082 -0.8406 0.012564
520.00 P 20260810 -1.00 -1.00 4 2 0.3060 -0.8721 0.011067
522.50 P 20260810 -1.00 -1.00 -1 0 0.2990 -0.9001 0.009512
525.00 P 20260810 -1.00 -1.00 2 1 0.3176 -0.9072 0.008492
527.50 P 20260810 -1.00 -1.00 -1 0 0.3207 -0.9262 0.007249
365.00 C 20260812 -1.00 -1.00 200 105 0.9344 0.9901 0.000376
367.50 C 20260812 -1.00 -1.00 -1 0 0.8975 0.9908 0.000365
370.00 C 20260812 -1.00 -1.00 1 7 0.8968 0.9899 0.000400
372.50 C 20260812 -1.00 -1.00 -1 0 0.8782 0.9898 0.000413
375.00 C 20260812 -1.00 -1.00 2 1 0.8668 0.9888 0.000451
377.50 C 20260812 -1.00 -1.00 2 0 0.8626 0.9870 0.000513
380.00 C 20260812 -1.00 -1.00 3 4 0.8204 0.9894 0.000457
382.50 C 20260812 -1.00 -1.00 2 0 0.8544 0.9834 0.000641
385.00 C 20260812 -1.00 -1.00 3 1 0.8125 0.9856 0.000596
387.50 C 20260812 -1.00 -1.00 2 11 0.7859 0.9862 0.000593
390.00 C 20260812 -1.00 -1.00 1 28 0.7520 0.9878 0.000558
392.50 C 20260812 -1.00 -1.00 2 30 0.7558 0.9849 0.000669
395.00 C 20260812 -1.00 -1.00 5 8 0.7147 0.9875 0.000602
397.50 C 20260812 -1.00 -1.00 2 2 0.7559 0.9798 0.000860
400.00 C 20260812 -1.00 -1.00 2 22 0.7150 0.9821 0.000816
402.50 C 20260812 -1.00 -1.00 2 3 0.7041 0.9809 0.000881
405.00 C 20260812 -1.00 -1.00 5 27 0.7007 0.9786 0.000978
407.50 C 20260812 -1.00 -1.00 1 0 0.6825 0.9782 0.001022
410.00 C 20260812 -1.00 -1.00 1 19 0.0008 0.9998 -0.000000
412.50 C 20260812 -1.00 -1.00 3 5 0.6245 0.9803 0.001020
415.00 C 20260812 -1.00 -1.00 1 4 0.6433 0.9748 0.001236
417.50 C 20260812 -1.00 -1.00 1 1 0.5745 0.9817 0.001040
420.00 C 20260812 -1.00 -1.00 5 40 0.4625 0.9938 0.000493
422.50 C 20260812 -1.00 -1.00 1 18 0.5957 0.9719 0.001466
425.00 C 20260812 -1.00 -1.00 180 47 0.5440 0.9767 0.001359
427.50 C 20260812 -1.00 -1.00 81 12 0.5051 0.9798 0.001285
430.00 C 20260812 -1.00 -1.00 187 16 0.5447 0.9675 0.001795
432.50 C 20260812 -1.00 -1.00 80 58 0.5069 0.9723 0.001703
435.00 C 20260812 -1.00 -1.00 80 55 0.5171 0.9622 0.002130
437.50 C 20260812 -1.00 -1.00 89 7 0.4874 0.9646 0.002148
440.00 C 20260812 -1.00 -1.00 70 25 0.4792 0.9599 0.002415
442.50 C 20260812 -1.00 -1.00 89 15 0.4534 0.9610 0.002495
445.00 C 20260812 -1.00 -1.00 45 38 0.4630 0.9499 0.003002
447.50 C 20260812 -1.00 -1.00 32 34 0.4515 0.9458 0.003291
450.00 C 20260812 -1.00 -1.00 56 68 0.4259 0.9462 0.003467
452.50 C 20260812 -1.00 -1.00 1 24 0.4251 0.9381 0.003919
455.00 C 20260812 -1.00 -1.00 1 109 0.4094 0.9333 0.004299
457.50 C 20260812 -1.00 -1.00 4 57 0.4064 0.9201 0.004928
460.00 C 20260812 -1.00 -1.00 18 81 0.3894 0.9142 0.005418
462.50 C 20260812 -1.00 -1.00 2 121 0.3625 0.9138 0.005843
465.00 C 20260812 -1.00 -1.00 3 163 0.3937 0.8810 0.006904
467.50 C 20260812 -1.00 -1.00 5 34 0.3781 0.8714 0.007601
470.00 C 20260812 -1.00 -1.00 4 53 0.3601 0.8598 0.008407
472.50 C 20260812 -1.00 -1.00 6 14 0.3607 0.8344 0.009324
475.00 C 20260812 -1.00 -1.00 21 51 0.3481 0.8169 0.010322
477.50 C 20260812 -1.00 -1.00 18 16 0.3435 0.7937 0.011355
480.00 C 20260812 -1.00 -1.00 11 226 0.3458 0.7616 0.012205
482.50 C 20260812 -1.00 -1.00 6 34 0.3420 0.7298 0.013095
485.00 C 20260812 -1.00 -1.00 21 126 0.3215 0.7056 0.014543
487.50 C 20260812 -1.00 -1.00 9 0 0.3248 0.6679 0.015339
490.00 C 20260812 -1.00 -1.00 171 83 0.3303 0.6265 0.015615
492.50 C 20260812 -1.00 -1.00 8 0 0.3301 0.5862 0.015998
495.00 C 20260812 -1.00 -1.00 178 83 0.3324 0.5457 0.016258
497.50 C 20260812 -1.00 -1.00 73 0 0.3268 0.5054 0.016768
500.00 C 20260812 -1.00 -1.00 394 230 0.3211 0.4639 0.016801
502.50 C 20260812 -1.00 -1.00 12 0 0.3222 0.4229 0.016484
505.00 C 20260812 -1.00 -1.00 111 140 0.3199 0.3808 0.016332
507.50 C 20260812 -1.00 -1.00 21 0 0.3253 0.3458 0.015477
510.00 C 20260812 -1.00 -1.00 77 73 0.3098 0.3007 0.015212
512.50 C 20260812 -1.00 -1.00 7 0 0.3192 0.2704 0.014090
515.00 C 20260812 -1.00 -1.00 331 107 0.3221 0.2375 0.013191
517.50 C 20260812 -1.00 -1.00 81 0 0.3209 0.2093 0.012169
520.00 C 20260812 -1.00 -1.00 143 115 0.3176 0.1792 0.011137
522.50 C 20260812 -1.00 -1.00 120 0 0.3223 0.1557 0.010087
525.00 C 20260812 -1.00 -1.00 278 26 0.3231 0.1330 0.009086
527.50 C 20260812 -1.00 -1.00 5 0 0.3250 0.1162 0.008143
530.00 C 20260812 -1.00 -1.00 273 0 0.3177 0.0926 0.007045
535.00 C 20260812 -1.00 -1.00 106 0 0.3358 0.0721 0.005600
540.00 C 20260812 -1.00 -1.00 8 0 0.3191 0.0427 0.003828
545.00 C 20260812 -1.00 -1.00 3 0 0.3313 0.0314 0.002895
550.00 C 20260812 -1.00 -1.00 -1 0 0.3555 0.0290 0.002512
555.00 C 20260812 -1.00 -1.00 2 0 0.3623 0.0218 0.001921
560.00 C 20260812 -1.00 -1.00 3 0 0.3836 0.0194 0.001648
365.00 P 20260812 -1.00 -1.00 11 7 0.9627 -0.0120 0.000437
367.50 P 20260812 -1.00 -1.00 1 1 0.9666 -0.0144 0.000507
370.00 P 20260812 -1.00 -1.00 1 25 0.7063 -0.0018 0.000110
372.50 P 20260812 -1.00 -1.00 3 5 0.8029 -0.0063 0.000294
375.00 P 20260812 -1.00 -1.00 1 32 0.7718 -0.0056 0.000275
377.50 P 20260812 -1.00 -1.00 1 1 0.7552 -0.0057 0.000287
380.00 P 20260812 -1.00 -1.00 1 116 0.7316 -0.0054 0.000281
382.50 P 20260812 -1.00 -1.00 1 10 0.7153 -0.0055 0.000293
385.00 P 20260812 -1.00 -1.00 18 16 0.7026 -0.0059 0.000315
387.50 P 20260812 -1.00 -1.00 1 1 0.6900 -0.0062 0.000339
390.00 P 20260812 -1.00 -1.00 1 78 0.6739 -0.0064 0.000354
392.50 P 20260812 -1.00 -1.00 2 28 0.6509 -0.0060 0.000349
395.00 P 20260812 -1.00 -1.00 6 13 0.6316 -0.0059 0.000354
397.50 P 20260812 -1.00 -1.00 2 43 0.6264 -0.0068 0.000405
400.00 P 20260812 -1.00 -1.00 3 12 0.6073 -0.0067 0.000413
402.50 P 20260812 -1.00 -1.00 1 137 0.6536 -0.0121 0.000649
405.00 P 20260812 -1.00 -1.00 2 5 0.6346 -0.0122 0.000672
407.50 P 20260812 -1.00 -1.00 3 1 0.6187 -0.0127 0.000714
410.00 P 20260812 -1.00 -1.00 3 482 0.5561 -0.0083 0.000545
412.50 P 20260812 -1.00 -1.00 1 43 0.5478 -0.0091 0.000602
415.00 P 20260812 -1.00 -1.00 6 28 0.5327 -0.0093 0.000634
417.50 P 20260812 -1.00 -1.00 6 67 0.5280 -0.0104 0.000711
420.00 P 20260812 -1.00 -1.00 10 14 0.4892 -0.0086 0.000644
422.50 P 20260812 -1.00 -1.00 84 0 0.4880 -0.0101 0.000749
425.00 P 20260812 -1.00 -1.00 105 27 0.4733 -0.0104 0.000794
427.50 P 20260812 -1.00 -1.00 4 15 0.4733 -0.0138 0.001002
430.00 P 20260812 -1.00 -1.00 10 61 0.4583 -0.0146 0.001082
432.50 P 20260812 -1.00 -1.00 5 4 0.4449 -0.0157 0.001186
435.00 P 20260812 -1.00 -1.00 3 50 0.4358 -0.0178 0.001350
437.50 P 20260812 -1.00 -1.00 1 82 0.4511 -0.0250 0.001759
440.00 P 20260812 -1.00 -1.00 27 33 0.4350 -0.0259 0.001882
442.50 P 20260812 -1.00 -1.00 5 7 0.4345 -0.0319 0.002232
445.00 P 20260812 -1.00 -1.00 23 33 0.4084 -0.0300 0.002263
447.50 P 20260812 -1.00 -1.00 4 9 0.4368 -0.0491 0.003143
450.00 P 20260812 -1.00 -1.00 53 264 0.3947 -0.0420 0.003057
452.50 P 20260812 -1.00 -1.00 20 20 0.3893 -0.0489 0.003513
455.00 P 20260812 -1.00 -1.00 3 385 0.3861 -0.0568 0.004020
457.50 P 20260812 -1.00 -1.00 18 23 0.3788 -0.0636 0.004510
460.00 P 20260812 -1.00 -1.00 33 48 0.3669 -0.0723 0.005091
462.50 P 20260812 -1.00 -1.00 8 47 0.3591 -0.0841 0.005802
465.00 P 20260812 -1.00 -1.00 25 114 0.3605 -0.1017 0.006675
467.50 P 20260812 -1.00 -1.00 25 7 0.3615 -0.1190 0.007533
470.00 P 20260812 -1.00 -1.00 133 109 0.3480 -0.1313 0.008377
472.50 P 20260812 -1.00 -1.00 2 4 0.3469 -0.1564 0.009360
475.00 P 20260812 -1.00 -1.00 50 91 0.3389 -0.1773 0.010392
477.50 P 20260812 -1.00 -1.00 74 19 0.3360 -0.2021 0.011460
480.00 P 20260812 -1.00 -1.00 84 58 0.3346 -0.2313 0.012465
482.50 P 20260812 -1.00 -1.00 2 4 0.3310 -0.2642 0.013409
485.00 P 20260812 -1.00 -1.00 113 61 0.3234 -0.2958 0.014518
487.50 P 20260812 -1.00 -1.00 4 0 0.3297 -0.3345 0.015202
490.00 P 20260812 -1.00 -1.00 122 30 0.3242 -0.3723 0.015939
492.50 P 20260812 -1.00 -1.00 57 0 0.3172 -0.4119 0.016675
495.00 P 20260812 -1.00 -1.00 78 5 0.3204 -0.4542 0.016914
497.50 P 20260812 -1.00 -1.00 14 0 0.3181 -0.4962 0.017291
500.00 P 20260812 -1.00 -1.00 26 19 0.3116 -0.5391 0.017375
502.50 P 20260812 -1.00 -1.00 2 0 0.3111 -0.5820 0.017133
505.00 P 20260812 -1.00 -1.00 3 9 0.3146 -0.6233 0.016684
507.50 P 20260812 -1.00 -1.00 2 0 0.3190 -0.6592 0.015800
510.00 P 20260812 -1.00 -1.00 4 2 0.3198 -0.6951 0.014973
512.50 P 20260812 -1.00 -1.00 -1 0 0.3109 -0.7382 0.014437
515.00 P 20260812 -1.00 -1.00 -1 0 0.3214 -0.7655 0.013304
517.50 P 20260812 -1.00 -1.00 -1 0 0.3174 -0.7961 0.012320
520.00 P 20260812 -1.00 -1.00 4 1 0.3108 -0.8299 0.011288
522.50 P 20260812 -1.00 -1.00 -1 0 0.3113 -0.8583 0.010184
525.00 P 20260812 -1.00 -1.00 2 2 0.2981 -0.8891 0.008989
527.50 P 20260812 -1.00 -1.00 -1 0 0.2954 -0.9115 0.007800
530.00 P 20260812 -1.00 -1.00 -1 0 0.2997 -0.9279 0.006773
535.00 P 20260812 -1.00 -1.00 -1 0 0.2964 -0.9553 0.004946
540.00 P 20260812 -1.00 -1.00 -1 0 -1.0000 -1.0000 -1.000000
545.00 P 20260812 -1.00 -1.00 -1 0 -1.0000 -1.0000 -1.000000
550.00 P 20260812 -1.00 -1.00 26 0 -1.0000 -1.0000 -1.000000
555.00 P 20260812 -1.00 -1.00 -1 0 -1.0000 -1.0000 -1.000000
560.00 P 20260812 -1.00 -1.00 -1 0 -1.0000 -1.0000 -1.000000
365.00 C 20260814 -1.00 -1.00 1 45 0.8556 0.9885 0.000416
367.50 C 20260814 -1.00 -1.00 1 17 0.8514 0.9869 0.000467
370.00 C 20260814 -1.00 -1.00 1 82 0.8819 0.9819 0.000601
372.50 C 20260814 -1.00 -1.00 1 2 0.8086 0.9874 0.000479
375.00 C 20260814 -1.00 -1.00 5 69 0.8115 0.9849 0.000556
377.50 C 20260814 -1.00 -1.00 39 36 0.7221 0.9913 0.000385
380.00 C 20260814 -1.00 -1.00 13 189 0.7694 0.9852 0.000575
382.50 C 20260814 -1.00 -1.00 5 63 0.7520 0.9850 0.000596
385.00 C 20260814 -1.00 -1.00 2 234 0.7347 0.9848 0.000617
387.50 C 20260814 -1.00 -1.00 1 65 0.7175 0.9846 0.000641
390.00 C 20260814 -1.00 -1.00 10 545 0.7949 0.9736 0.000934
392.50 C 20260814 -1.00 -1.00 2 47 0.7104 0.9806 0.000789
395.00 C 20260814 -1.00 -1.00 8 585 0.7405 0.9748 0.000961
397.50 C 20260814 -1.00 -1.00 2 67 0.6699 0.9808 0.000830
400.00 C 20260814 -1.00 -1.00 32 736 0.7126 0.9731 0.001059
402.50 C 20260814 -1.00 -1.00 3 54 0.6300 0.9810 0.000874
405.00 C 20260814 -1.00 -1.00 13 1100 0.6600 0.9745 0.001091
407.50 C 20260814 -1.00 -1.00 8 21 0.5772 0.9834 0.000849
410.00 C 20260814 -1.00 -1.00 18 2119 0.6271 0.9734 0.001191
412.50 C 20260814 -1.00 -1.00 3 31 0.6141 0.9720 0.001270
415.00 C 20260814 -1.00 -1.00 3 503 0.5618 0.9770 0.001163
417.50 C 20260814 -1.00 -1.00 19 33 0.5945 0.9662 0.001516
420.00 C 20260814 -1.00 -1.00 7 531 0.5429 0.9739 0.001350
422.50 C 20260814 -1.00 -1.00 21 49 0.5655 0.9628 0.001723
425.00 C 20260814 -1.00 -1.00 42 472 0.5113 0.9727 0.001495
427.50 C 20260814 -1.00 -1.00 197 44 0.5109 0.9667 0.001745
430.00 C 20260814 -1.00 -1.00 23 601 0.4903 0.9669 0.001811
432.50 C 20260814 -1.00 -1.00 3 34 0.4518 0.9729 0.001679
435.00 C 20260814 -1.00 -1.00 88 299 0.4783 0.9574 0.002273
437.50 C 20260814 -1.00 -1.00 71 90 0.4708 0.9530 0.002507
440.00 C 20260814 -1.00 -1.00 77 910 0.4761 0.9446 0.002853
442.50 C 20260814 -1.00 -1.00 71 146 0.4655 0.9409 0.003084
445.00 C 20260814 -1.00 -1.00 5 343 0.4296 0.9451 0.003137
447.50 C 20260814 -1.00 -1.00 3 49 0.4309 0.9369 0.003519
450.00 C 20260814 -1.00 -1.00 74 1364 0.4207 0.9296 0.003892
452.50 C 20260814 -1.00 -1.00 14 215 0.3924 0.9322 0.004063
455.00 C 20260814 -1.00 -1.00 188 701 0.3788 0.9262 0.004470
457.50 C 20260814 -1.00 -1.00 6 91 0.3816 0.9103 0.005125
460.00 C 20260814 -1.00 -1.00 170 904 0.3736 0.9003 0.005675
462.50 C 20260814 -1.00 -1.00 18 248 0.3799 0.8825 0.006349
465.00 C 20260814 -1.00 -1.00 54 1056 0.3702 0.8710 0.006962
467.50 C 20260814 -1.00 -1.00 24 127 0.3563 0.8587 0.007645
470.00 C 20260814 -1.00 -1.00 114 752 0.3509 0.8397 0.008411
472.50 C 20260814 -1.00 -1.00 39 288 0.3549 0.8142 0.009170
475.00 C 20260814 -1.00 -1.00 63 532 0.3518 0.7930 0.009964
477.50 C 20260814 -1.00 -1.00 10 90 0.3518 0.7661 0.010654
480.00 C 20260814 -1.00 -1.00 115 1010 0.3358 0.7455 0.011613
482.50 C 20260814 -1.00 -1.00 18 203 0.3386 0.7127 0.012224
485.00 C 20260814 -1.00 -1.00 152 1266 0.3344 0.6835 0.013020
487.50 C 20260814 -1.00 -1.00 149 451 0.3344 0.6511 0.013616
490.00 C 20260814 -1.00 -1.00 2895 2176 0.3248 0.6181 0.014299
492.50 C 20260814 -1.00 -1.00 177 0 0.3261 0.5812 0.014558
495.00 C 20260814 -1.00 -1.00 4217 898 0.3289 0.5444 0.014745
497.50 C 20260814 -1.00 -1.00 306 0 0.3322 0.5082 0.014789
500.00 C 20260814 -1.00 -1.00 4873 1519 0.3247 0.4714 0.014927
502.50 C 20260814 -1.00 -1.00 203 0 0.3189 0.4332 0.014989
505.00 C 20260814 -1.00 -1.00 802 283 0.3251 0.3983 0.014512
507.50 C 20260814 -1.00 -1.00 79 0 0.3301 0.3651 0.014032
510.00 C 20260814 -1.00 -1.00 1965 3990 0.3222 0.3296 0.013679
512.50 C 20260814 -1.00 -1.00 89 0 0.3254 0.2995 0.012959
515.00 C 20260814 -1.00 -1.00 443 811 0.3278 0.2694 0.012286
517.50 C 20260814 -1.00 -1.00 45 0 0.3326 0.2418 0.011581
520.00 C 20260814 -1.00 -1.00 801 1421 0.3246 0.2125 0.010887
522.50 C 20260814 -1.00 -1.00 53 0 0.3247 0.1884 0.010073
525.00 C 20260814 -1.00 -1.00 1381 319 0.3268 0.1659 0.009261
527.50 C 20260814 -1.00 -1.00 74 0 0.3313 0.1460 0.008481
530.00 C 20260814 -1.00 -1.00 318 351 0.3298 0.1277 0.007728
532.50 C 20260814 -1.00 -1.00 89 0 0.3285 0.1109 0.006970
535.00 C 20260814 -1.00 -1.00 128 328 0.3298 0.0960 0.006245
537.50 C 20260814 -1.00 -1.00 19 0 0.3336 0.0833 0.005584
540.00 C 20260814 -1.00 -1.00 172 231 0.3366 0.0716 0.004973
542.50 C 20260814 -1.00 -1.00 14 0 0.3332 0.0610 0.004384
545.00 C 20260814 -1.00 -1.00 83 657 0.3332 0.0519 0.003843
547.50 C 20260814 -1.00 -1.00 12 0 0.3348 0.0438 0.003341
550.00 C 20260814 -1.00 -1.00 204 159 0.3430 0.0397 0.003019
552.50 C 20260814 -1.00 -1.00 12 0 0.3459 0.0332 0.002611
555.00 C 20260814 -1.00 -1.00 78 0 0.3309 0.0240 0.002053
560.00 C 20260814 -1.00 -1.00 242 26 0.3414 0.0187 0.001607
565.00 C 20260814 -1.00 -1.00 1 0 -1.0000 -1.0000 -1.000000
570.00 C 20260814 -1.00 -1.00 66 36 0.3596 0.0112 0.000983
575.00 C 20260814 -1.00 -1.00 -1 0 -1.0000 -1.0000 -1.000000
580.00 C 20260814 -1.00 -1.00 1 71 0.4471 0.0204 0.001321
585.00 C 20260814 -1.00 -1.00 -1 0 -1.0000 -1.0000 -1.000000
590.00 C 20260814 -1.00 -1.00 11 10 -1.0000 -1.0000 -1.000000
595.00 C 20260814 -1.00 -1.00 -1 0 -1.0000 -1.0000 -1.000000
600.00 C 20260814 -1.00 -1.00 1 1 -1.0000 -1.0000 -1.000000
610.00 C 20260814 -1.00 -1.00 9 9 -1.0000 -1.0000 -1.000000
620.00 C 20260814 -1.00 -1.00 -1 0 -1.0000 -1.0000 -1.000000
630.00 C 20260814 -1.00 -1.00 -1 0 -1.0000 -1.0000 -1.000000
365.00 P 20260814 -1.00 -1.00 38 634 0.7055 -0.0029 0.000153
367.50 P 20260814 -1.00 -1.00 8 26 0.8723 -0.0150 0.000520
370.00 P 20260814 -1.00 -1.00 10 358 0.7189 -0.0052 0.000247
372.50 P 20260814 -1.00 -1.00 6 56 0.7906 -0.0104 0.000423
375.00 P 20260814 -1.00 -1.00 46 252 0.6598 -0.0034 0.000189
377.50 P 20260814 -1.00 -1.00 20 35 0.6379 -0.0032 0.000186
380.00 P 20260814 -1.00 -1.00 35 538 0.6246 -0.0033 0.000194
382.50 P 20260814 -1.00 -1.00 1 45 0.6829 -0.0082 0.000397
385.00 P 20260814 -1.00 -1.00 60 201 0.6109 -0.0044 0.000255
387.50 P 20260814 -1.00 -1.00 12 61 0.7772 -0.0221 0.000821
390.00 P 20260814 -1.00 -1.00 7 441 0.5853 -0.0049 0.000290
392.50 P 20260814 -1.00 -1.00 8 74 0.5838 -0.0060 0.000349
395.00 P 20260814 -1.00 -1.00 25 435 0.5475 -0.0043 0.000278
397.50 P 20260814 -1.00 -1.00 6 77 0.5555 -0.0063 0.000382
400.00 P 20260814 -1.00 -1.00 65 926 0.5447 -0.0067 0.000413
402.50 P 20260814 -1.00 -1.00 6 117 0.5307 -0.0069 0.000433
405.00 P 20260814 -1.00 -1.00 33 407 0.5356 -0.0086 0.000528
407.50 P 20260814 -1.00 -1.00 3 49 0.5343 -0.0099 0.000599
410.00 P 20260814 -1.00 -1.00 275 440 0.4957 -0.0080 0.000531
412.50 P 20260814 -1.00 -1.00 1 45 0.5069 -0.0104 0.000662
415.00 P 20260814 -1.00 -1.00 146 253 0.4718 -0.0087 0.000605
417.50 P 20260814 -1.00 -1.00 3 71 0.4935 -0.0141 0.000876
420.00 P 20260814 -1.00 -1.00 91 405 0.4679 -0.0124 0.000828
422.50 P 20260814 -1.00 -1.00 1 107 0.4647 -0.0152 0.000990
425.00 P 20260814 -1.00 -1.00 38 338 0.4641 -0.0186 0.001179
427.50 P 20260814 -1.00 -1.00 17 184 0.4310 -0.0153 0.001073
430.00 P 20260814 -1.00 -1.00 163 445 0.4422 -0.0214 0.001399
432.50 P 20260814 -1.00 -1.00 52 76 0.4353 -0.0237 0.001555
435.00 P 20260814 -1.00 -1.00 170 310 0.4219 -0.0247 0.001668
437.50 P 20260814 -1.00 -1.00 70 48 0.4209 -0.0290 0.001918
440.00 P 20260814 -1.00 -1.00 189 432 0.4114 -0.0329 0.002161
442.50 P 20260814 -1.00 -1.00 28 47 0.4013 -0.0367 0.002414
445.00 P 20260814 -1.00 -1.00 320 1744 0.3925 -0.0412 0.002709
447.50 P 20260814 -1.00 -1.00 2541 159 0.3869 -0.0471 0.003072
450.00 P 20260814 -1.00 -1.00 718 1010 0.3814 -0.0533 0.003454
452.50 P 20260814 -1.00 -1.00 51 106 0.3791 -0.0607 0.003891
455.00 P 20260814 -1.00 -1.00 272 827 0.3721 -0.0696 0.004378
457.50 P 20260814 -1.00 -1.00 112 187 0.3653 -0.0801 0.004936
460.00 P 20260814 -1.00 -1.00 301 495 0.3567 -0.0900 0.005510
462.50 P 20260814 -1.00 -1.00 97 154 0.3547 -0.1041 0.006195
465.00 P 20260814 -1.00 -1.00 485 405 0.3542 -0.1191 0.006903
467.50 P 20260814 -1.00 -1.00 54 67 0.3486 -0.1357 0.007641
470.00 P 20260814 -1.00 -1.00 640 129 0.3423 -0.1545 0.008435
472.50 P 20260814 -1.00 -1.00 120 92 0.3380 -0.1753 0.009275
475.00 P 20260814 -1.00 -1.00 457 256 0.3384 -0.1994 0.010113
477.50 P 20260814 -1.00 -1.00 207 29 0.3361 -0.2238 0.010956
480.00 P 20260814 -1.00 -1.00 1249 205 0.3310 -0.2519 0.011750
482.50 P 20260814 -1.00 -1.00 51 154 0.3277 -0.2819 0.012540
485.00 P 20260814 -1.00 -1.00 640 907 0.3280 -0.3141 0.013252
487.50 P 20260814 -1.00 -1.00 1061 171 0.3278 -0.3471 0.013912
490.00 P 20260814 -1.00 -1.00 1014 789 0.3246 -0.3826 0.014359
492.50 P 20260814 -1.00 -1.00 114 0 0.3197 -0.4185 0.014892
495.00 P 20260814 -1.00 -1.00 2441 22 0.3233 -0.4562 0.015055
497.50 P 20260814 -1.00 -1.00 307 0 0.3226 -0.4935 0.015290
500.00 P 20260814 -1.00 -1.00 1907 47 0.3206 -0.5307 0.015186
502.50 P 20260814 -1.00 -1.00 1 0 0.3200 -0.5680 0.015013
505.00 P 20260814 -1.00 -1.00 61 29 0.3202 -0.6053 0.014810
507.50 P 20260814 -1.00 -1.00 20 0 0.3096 -0.6462 0.014868
510.00 P 20260814 -1.00 -1.00 21 17 0.3061 -0.6820 0.014315
512.50 P 20260814 -1.00 -1.00 -1 0 0.3161 -0.7090 0.013325
515.00 P 20260814 -1.00 -1.00 12 13 0.3184 -0.7403 0.012624
517.50 P 20260814 -1.00 -1.00 9 0 0.3076 -0.7779 0.012065
520.00 P 20260814 -1.00 -1.00 10 8 0.3161 -0.7970 0.011087
522.50 P 20260814 -1.00 -1.00 -1 0 0.3179 -0.8207 0.010230
525.00 P 20260814 -1.00 -1.00 2 4 0.3037 -0.8599 0.009353
527.50 P 20260814 -1.00 -1.00 -1 0 0.2879 -0.8912 0.008313
530.00 P 20260814 -1.00 -1.00 3 29 0.3139 -0.8880 0.007731
532.50 P 20260814 -1.00 -1.00 -1 0 0.3198 -0.9003 0.007007
535.00 P 20260814 -1.00 -1.00 -1 0 0.3205 -0.9165 0.006233
537.50 P 20260814 -1.00 -1.00 -1 0 0.3163 -0.9350 0.005412
540.00 P 20260814 -1.00 -1.00 -1 0 0.3209 -0.9422 0.004893
542.50 P 20260814 -1.00 -1.00 -1 0 0.3036 -0.9633 0.003917
545.00 P 20260814 -1.00 -1.00 7 7 0.3024 -0.9745 0.003236
547.50 P 20260814 -1.00 -1.00 -1 0 0.3148 -0.9749 0.003040
550.00 P 20260814 -1.00 -1.00 -1 0 -1.0000 -1.0000 -1.000000
552.50 P 20260814 -1.00 -1.00 -1 0 -1.0000 -1.0000 -1.000000
555.00 P 20260814 -1.00 -1.00 -1 0 0.3193 -0.9887 0.001929
560.00 P 20260814 -1.00 -1.00 -1 0 -1.0000 -1.0000 -1.000000
565.00 P 20260814 -1.00 -1.00 -1 0 -1.0000 -1.0000 -1.000000
570.00 P 20260814 -1.00 -1.00 -1 0 -1.0000 -1.0000 -1.000000
575.00 P 20260814 -1.00 -1.00 -1 0 -1.0000 -1.0000 -1.000000
580.00 P 20260814 -1.00 -1.00 -1 0 -1.0000 -1.0000 -1.000000
585.00 P 20260814 -1.00 -1.00 -1 0 -1.0000 -1.0000 -1.000000
590.00 P 20260814 -1.00 -1.00 -1 0 -1.0000 -1.0000 -1.000000
595.00 P 20260814 -1.00 -1.00 -1 0 -1.0000 -1.0000 -1.000000
600.00 P 20260814 -1.00 -1.00 10 0 -1.0000 -1.0000 -1.000000
610.00 P 20260814 -1.00 -1.00 -1 0 -1.0000 -1.0000 -1.000000
620.00 P 20260814 -1.00 -1.00 -1 0 -1.0000 -1.0000 -1.000000
630.00 P 20260814 -1.00 -1.00 -1 0 -1.0000 -1.0000 -1.000000
365.00 C 20260817 -1.00 -1.00 -1 0 0.7827 0.9850 0.000501
370.00 C 20260817 -1.00 -1.00 -1 0 0.7505 0.9846 0.000534
375.00 C 20260817 -1.00 -1.00 -1 0 0.7248 0.9835 0.000589
380.00 C 20260817 -1.00 -1.00 -1 0 0.6692 0.9862 0.000546
385.00 C 20260817 -1.00 -1.00 -1 0 0.6684 0.9818 0.000697
390.00 C 20260817 -1.00 -1.00 -1 0 0.6079 0.9855 0.000628
395.00 C 20260817 -1.00 -1.00 -1 0 0.6076 0.9806 0.000810
400.00 C 20260817 -1.00 -1.00 23 13 0.5895 0.9782 0.000926
405.00 C 20260817 -1.00 -1.00 -1 0 0.5483 0.9793 0.000953
410.00 C 20260817 -1.00 -1.00 -1 0 0.5542 0.9730 0.001197
415.00 C 20260817 -1.00 -1.00 6 6 0.5283 0.9701 0.001359
420.00 C 20260817 -1.00 -1.00 11 11 0.4680 0.9757 0.001289
425.00 C 20260817 -1.00 -1.00 14 14 0.4770 0.9635 0.001766
430.00 C 20260817 -1.00 -1.00 1 1 0.4348 0.9657 0.001844
435.00 C 20260817 -1.00 -1.00 3 3 0.4355 0.9524 0.002408
440.00 C 20260817 -1.00 -1.00 2 5 0.4166 0.9455 0.002821
445.00 C 20260817 -1.00 -1.00 3 2 0.3979 0.9381 0.003301
447.50 C 20260817 -1.00 -1.00 -1 0 0.3808 0.9360 0.003529
450.00 C 20260817 -1.00 -1.00 2 2 0.3703 0.9297 0.003876
452.50 C 20260817 -1.00 -1.00 -1 0 0.3695 0.9173 0.004374
455.00 C 20260817 -1.00 -1.00 10 53 0.3750 0.9013 0.004929
457.50 C 20260817 -1.00 -1.00 35 0 0.3599 0.8965 0.005330
460.00 C 20260817 -1.00 -1.00 3 8 0.3623 0.8819 0.005877
462.50 C 20260817 -1.00 -1.00 10 0 0.3624 0.8644 0.006434
465.00 C 20260817 -1.00 -1.00 14 14 0.3375 0.8624 0.006974
467.50 C 20260817 -1.00 -1.00 -1 0 0.3368 0.8418 0.007630
470.00 C 20260817 -1.00 -1.00 4 14 0.3247 0.8288 0.008335
472.50 C 20260817 -1.00 -1.00 4 0 0.3355 0.8004 0.008957
475.00 C 20260817 -1.00 -1.00 4 4 0.3245 0.7852 0.009750
477.50 C 20260817 -1.00 -1.00 -1 0 0.3234 0.7577 0.010346
480.00 C 20260817 -1.00 -1.00 9 11 0.3243 0.7287 0.010899
482.50 C 20260817 -1.00 -1.00 -1 0 0.3166 0.7041 0.011669
485.00 C 20260817 -1.00 -1.00 42 274 0.3175 0.6745 0.012239
490.00 C 20260817 -1.00 -1.00 1522 689 0.3063 0.6135 0.013359
495.00 C 20260817 -1.00 -1.00 3647 197 0.3045 0.5451 0.013996
500.00 C 20260817 -1.00 -1.00 3094 43 0.3077 0.4769 0.013865
505.00 C 20260817 -1.00 -1.00 18 23 0.3060 0.4085 0.013603
510.00 C 20260817 -1.00 -1.00 160 25 0.2998 0.3411 0.013124
515.00 C 20260817 -1.00 -1.00 58 32 0.3010 0.2813 0.011977
520.00 C 20260817 -1.00 -1.00 264 21 0.3035 0.2279 0.010711
525.00 C 20260817 -1.00 -1.00 13 23 0.3072 0.1855 0.009267
530.00 C 20260817 -1.00 -1.00 26 14 0.3089 0.1422 0.007882
365.00 P 20260817 -1.00 -1.00 -1 0 -1.0000 -1.0000 -1.000000
370.00 P 20260817 -1.00 -1.00 -1 0 -1.0000 -1.0000 -1.000000
375.00 P 20260817 -1.00 -1.00 -1 0 -1.0000 -1.0000 -1.000000
380.00 P 20260817 -1.00 -1.00 -1 0 -1.0000 -1.0000 -1.000000
385.00 P 20260817 -1.00 -1.00 9 9 0.5626 -0.0065 0.000342
390.00 P 20260817 -1.00 -1.00 5 5 0.5456 -0.0075 0.000400
395.00 P 20260817 -1.00 -1.00 -1 0 0.5428 -0.0096 0.000506
400.00 P 20260817 -1.00 -1.00 2 1 0.5234 -0.0107 0.000579
405.00 P 20260817 -1.00 -1.00 -1 0 0.4796 -0.0094 0.000559
410.00 P 20260817 -1.00 -1.00 6 0 0.4733 -0.0128 0.000738
415.00 P 20260817 -1.00 -1.00 2 2 0.4463 -0.0135 0.000818
420.00 P 20260817 -1.00 -1.00 10 3 0.4278 -0.0160 0.000989
425.00 P 20260817 -1.00 -1.00 14 11 0.4062 -0.0181 0.001154
430.00 P 20260817 -1.00 -1.00 21 3 0.3836 -0.0200 0.001338
435.00 P 20260817 -1.00 -1.00 8 2 0.3885 -0.0295 0.001849
440.00 P 20260817 -1.00 -1.00 180 124 0.3751 -0.0385 0.002360
445.00 P 20260817 -1.00 -1.00 8 8 0.3652 -0.0495 0.002983
447.50 P 20260817 -1.00 -1.00 5 0 0.3632 -0.0564 0.003350
450.00 P 20260817 -1.00 -1.00 21 31 0.3593 -0.0631 0.003722
452.50 P 20260817 -1.00 -1.00 -1 0 0.3548 -0.0736 0.004199
455.00 P 20260817 -1.00 -1.00 48 32 0.3440 -0.0804 0.004618
457.50 P 20260817 -1.00 -1.00 58 0 0.3307 -0.0860 0.005047
460.00 P 20260817 -1.00 -1.00 68 21 0.3302 -0.1001 0.005674
462.50 P 20260817 -1.00 -1.00 -1 0 0.3307 -0.1148 0.006312
465.00 P 20260817 -1.00 -1.00 20 9 0.3318 -0.1333 0.006976
467.50 P 20260817 -1.00 -1.00 -1 0 0.3223 -0.1476 0.007649
470.00 P 20260817 -1.00 -1.00 12 26 0.3220 -0.1694 0.008367
472.50 P 20260817 -1.00 -1.00 7 0 0.3188 -0.1894 0.009110
475.00 P 20260817 -1.00 -1.00 29 213 0.3161 -0.2101 0.009879
477.50 P 20260817 -1.00 -1.00 3 0 0.3169 -0.2383 0.010505
480.00 P 20260817 -1.00 -1.00 36 72 0.3085 -0.2623 0.011298
482.50 P 20260817 -1.00 -1.00 45 0 0.3111 -0.2936 0.011857
485.00 P 20260817 -1.00 -1.00 231 219 0.3145 -0.3248 0.012378
490.00 P 20260817 -1.00 -1.00 386 30 0.3042 -0.3869 0.013502
495.00 P 20260817 -1.00 -1.00 1104 18 0.3019 -0.4559 0.014189
500.00 P 20260817 -1.00 -1.00 1794 5 0.2989 -0.5262 0.014350
505.00 P 20260817 -1.00 -1.00 192 11 0.3026 -0.5949 0.013849
510.00 P 20260817 -1.00 -1.00 -1 0 0.2993 -0.6619 0.013253
515.00 P 20260817 -1.00 -1.00 1 1 0.2989 -0.7236 0.012164
520.00 P 20260817 -1.00 -1.00 3 0 0.3057 -0.7743 0.010814
525.00 P 20260817 -1.00 -1.00 1 0 0.3020 -0.8235 0.009443
530.00 P 20260817 -1.00 -1.00 1 2 0.2914 -0.8758 0.007972
410.00 C 20260819 -1.00 -1.00 -1 0 0.5152 0.9732 0.001189
415.00 C 20260819 -1.00 -1.00 -1 0 0.4889 0.9713 0.001325
420.00 C 20260819 -1.00 -1.00 -1 0 0.4701 0.9664 0.001560
425.00 C 20260819 -1.00 -1.00 -1 0 0.4517 0.9611 0.001828
430.00 C 20260819 -1.00 -1.00 1 0 0.4334 0.9553 0.002135
435.00 C 20260819 -1.00 -1.00 2 0 0.4234 0.9464 0.002552
440.00 C 20260819 -1.00 -1.00 1 0 0.4029 0.9405 0.002934
445.00 C 20260819 -1.00 -1.00 -1 0 0.3883 0.9277 0.003512
450.00 C 20260819 -1.00 -1.00 8 0 0.3520 0.9255 0.003961
455.00 C 20260819 -1.00 -1.00 31 0 0.3713 0.8897 0.005060
460.00 C 20260819 -1.00 -1.00 26 0 0.3558 0.8704 0.005937
465.00 C 20260819 -1.00 -1.00 -1 0 0.3348 0.8473 0.006990
470.00 C 20260819 -1.00 -1.00 3 0 0.3315 0.8097 0.008172
475.00 C 20260819 -1.00 -1.00 2 0 0.3306 0.7656 0.009279
480.00 C 20260819 -1.00 -1.00 31 0 0.3212 0.7185 0.010444
485.00 C 20260819 -1.00 -1.00 143 0 0.3098 0.6694 0.011793
490.00 C 20260819 -1.00 -1.00 44 0 0.3089 0.6075 0.012382
495.00 C 20260819 -1.00 -1.00 642 0 0.3059 0.5445 0.012988
500.00 C 20260819 -1.00 -1.00 305 0 0.3020 0.4803 0.013173
505.00 C 20260819 -1.00 -1.00 55 0 0.3017 0.4157 0.012893
510.00 C 20260819 -1.00 -1.00 20 0 0.3059 0.3563 0.012234
515.00 C 20260819 -1.00 -1.00 155 0 0.3049 0.3002 0.011337
520.00 C 20260819 -1.00 -1.00 7 0 0.3080 0.2474 0.010347
525.00 C 20260819 -1.00 -1.00 17 0 0.3050 0.2024 0.009185
530.00 C 20260819 -1.00 -1.00 17 0 0.3038 0.1590 0.007959
535.00 C 20260819 -1.00 -1.00 6 0 0.3058 0.1269 0.006785
540.00 C 20260819 -1.00 -1.00 7 0 0.3039 0.0974 0.005607
545.00 C 20260819 -1.00 -1.00 57 0 0.3122 0.0768 0.004630
550.00 C 20260819 -1.00 -1.00 9 0 0.3068 0.0570 0.003687
555.00 C 20260819 -1.00 -1.00 7 0 0.2971 0.0345 0.002571
410.00 P 20260819 -1.00 -1.00 1 0 0.4401 -0.0125 0.000728
415.00 P 20260819 -1.00 -1.00 -1 0 0.4411 -0.0188 0.001028
420.00 P 20260819 -1.00 -1.00 1 0 0.4097 -0.0185 0.001088
425.00 P 20260819 -1.00 -1.00 -1 0 0.4121 -0.0255 0.001438
430.00 P 20260819 -1.00 -1.00 -1 0 0.3834 -0.0261 0.001579
435.00 P 20260819 -1.00 -1.00 9 0 0.3723 -0.0340 0.002004
440.00 P 20260819 -1.00 -1.00 81 0 0.3582 -0.0422 0.002480
445.00 P 20260819 -1.00 -1.00 8 0 0.3564 -0.0560 0.003164
450.00 P 20260819 -1.00 -1.00 3 0 0.3516 -0.0741 0.003966
455.00 P 20260819 -1.00 -1.00 4 0 0.3385 -0.0918 0.004827
460.00 P 20260819 -1.00 -1.00 6 0 0.3340 -0.1156 0.005859
465.00 P 20260819 -1.00 -1.00 15 0 0.3311 -0.1501 0.007010
470.00 P 20260819 -1.00 -1.00 1 0 0.3198 -0.1829 0.008265
475.00 P 20260819 -1.00 -1.00 21 0 0.3162 -0.2248 0.009548
480.00 P 20260819 -1.00 -1.00 4 0 0.3085 -0.2749 0.010775
485.00 P 20260819 -1.00 -1.00 38 0 0.3111 -0.3318 0.011807
490.00 P 20260819 -1.00 -1.00 53 0 0.2936 -0.3893 0.013059
495.00 P 20260819 -1.00 -1.00 77 0 0.3002 -0.4565 0.013308
500.00 P 20260819 -1.00 -1.00 16 0 0.2987 -0.5221 0.013406
505.00 P 20260819 -1.00 -1.00 -1 0 0.2959 -0.5887 0.013241
510.00 P 20260819 -1.00 -1.00 -1 0 0.2975 -0.6509 0.012619
515.00 P 20260819 -1.00 -1.00 -1 0 0.2958 -0.7096 0.011709
520.00 P 20260819 -1.00 -1.00 2 0 0.3018 -0.7616 0.010591
525.00 P 20260819 -1.00 -1.00 -1 0 0.3057 -0.8016 0.009328
530.00 P 20260819 -1.00 -1.00 -1 0 0.3101 -0.8403 0.008128
535.00 P 20260819 -1.00 -1.00 2 0 0.2959 -0.8870 0.006888
540.00 P 20260819 -1.00 -1.00 -1 0 0.3122 -0.9024 0.005909
545.00 P 20260819 -1.00 -1.00 -1 0 0.3120 -0.9310 0.004814
550.00 P 20260819 -1.00 -1.00 -1 0 0.3103 -0.9494 0.003978
555.00 P 20260819 -1.00 -1.00 -1 0 0.3162 -0.9622 0.003255
365.00 C 20260821 -1.00 -1.00 5 804 0.6922 0.9841 0.000518
367.50 C 20260821 -1.00 -1.00 4 41 0.6886 0.9826 0.000565
370.00 C 20260821 -1.00 -1.00 7 3872 0.5442 0.9952 0.000216
372.50 C 20260821 -1.00 -1.00 40 46 0.6546 0.9829 0.000586
375.00 C 20260821 -1.00 -1.00 13 2045 0.5546 0.9923 0.000334
377.50 C 20260821 -1.00 -1.00 1 279 0.6371 0.9811 0.000659
380.00 C 20260821 -1.00 -1.00 283 5368 0.5523 0.9905 0.000416
382.50 C 20260821 -1.00 -1.00 4 108 0.5563 0.9886 0.000484
385.00 C 20260821 -1.00 -1.00 7 5535 0.5006 0.9924 0.000366
387.50 C 20260821 -1.00 -1.00 1 366 0.5661 0.9824 0.000695
390.00 C 20260821 -1.00 -1.00 139 7248 0.5157 0.9884 0.000532
392.50 C 20260821 -1.00 -1.00 1 375 0.5705 0.9771 0.000874
395.00 C 20260821 -1.00 -1.00 253 7212 0.5153 0.9835 0.000722
397.50 C 20260821 -1.00 -1.00 2 277 0.5901 0.9664 0.001164
400.00 C 20260821 -1.00 -1.00 293 17665 0.4940 0.9821 0.000809
402.50 C 20260821 -1.00 -1.00 66 354 0.5351 0.9725 0.001099
405.00 C 20260821 -1.00 -1.00 2643 5785 0.4938 0.9769 0.001016
407.50 C 20260821 -1.00 -1.00 66 332 0.4447 0.9834 0.000841
410.00 C 20260821 -1.00 -1.00 167 11766 0.4524 0.9790 0.001019
412.50 C 20260821 -1.00 -1.00 8 247 0.4882 0.9670 0.001388
415.00 C 20260821 -1.00 -1.00 139 3422 0.4563 0.9725 0.001291
420.00 C 20260821 -1.00 -1.00 220 12137 0.4260 0.9723 0.001389
425.00 C 20260821 -1.00 -1.00 258 3301 0.4062 0.9681 0.001627
430.00 C 20260821 -1.00 -1.00 766 13131 0.3991 0.9585 0.002047
435.00 C 20260821 -1.00 -1.00 114 3371 0.4256 0.9361 0.002754
440.00 C 20260821 -1.00 -1.00 425 13183 0.3680 0.9446 0.002834
445.00 C 20260821 -1.00 -1.00 175 3233 0.3603 0.9308 0.003444
450.00 C 20260821 -1.00 -1.00 1266 32818 0.3459 0.9160 0.004135
455.00 C 20260821 -1.00 -1.00 4034 7083 0.3373 0.8966 0.004974
460.00 C 20260821 -1.00 -1.00 810 81378 0.3296 0.8747 0.005902
465.00 C 20260821 -1.00 -1.00 154 4984 0.3237 0.8411 0.006971
470.00 C 20260821 -1.00 -1.00 1119 13054 0.3179 0.8062 0.008113
475.00 C 20260821 -1.00 -1.00 349 3578 0.3191 0.7606 0.009125
480.00 C 20260821 -1.00 -1.00 2354 26392 0.3102 0.7146 0.010237
485.00 C 20260821 -1.00 -1.00 751 1651 0.3125 0.6614 0.011117
490.00 C 20260821 -1.00 -1.00 8096 9454 0.3066 0.6041 0.011750
495.00 C 20260821 -1.00 -1.00 2237 2062 0.3067 0.5442 0.012184
500.00 C 20260821 -1.00 -1.00 7511 45353 0.3030 0.4840 0.012355
505.00 C 20260821 -1.00 -1.00 1227 2987 0.3032 0.4237 0.012095
510.00 C 20260821 -1.00 -1.00 3844 8223 0.3047 0.3656 0.011689
515.00 C 20260821 -1.00 -1.00 341 3593 0.3017 0.3115 0.010948
520.00 C 20260821 -1.00 -1.00 3110 9155 0.3046 0.2611 0.010056
525.00 C 20260821 -1.00 -1.00 693 2662 0.3030 0.2164 0.009070
530.00 C 20260821 -1.00 -1.00 3065 12357 0.3025 0.1759 0.007980
535.00 C 20260821 -1.00 -1.00 398 867 0.3096 0.1434 0.006924
540.00 C 20260821 -1.00 -1.00 921 2831 0.3053 0.1142 0.005894
545.00 C 20260821 -1.00 -1.00 1032 462 0.3076 0.0899 0.004921
550.00 C 20260821 -1.00 -1.00 3939 6707 0.3102 0.0700 0.004067
555.00 C 20260821 -1.00 -1.00 472 429 0.3131 0.0568 0.003385
560.00 C 20260821 -1.00 -1.00 386 1855 0.3159 0.0438 0.002728
565.00 C 20260821 -1.00 -1.00 136 469 0.3249 0.0351 0.002242
570.00 C 20260821 -1.00 -1.00 102 3815 0.3253 0.0279 0.001831
575.00 C 20260821 -1.00 -1.00 18 170 0.3266 0.0214 0.001446
580.00 C 20260821 -1.00 -1.00 56 1811 0.3391 0.0190 0.001263
585.00 C 20260821 -1.00 -1.00 14 107 0.3451 0.0145 0.000997
590.00 C 20260821 -1.00 -1.00 7 2481 0.3432 0.0110 0.000781
595.00 C 20260821 -1.00 -1.00 7 113 0.3555 0.0103 0.000710
600.00 C 20260821 -1.00 -1.00 523 6281 0.3584 0.0081 0.000567
605.00 C 20260821 -1.00 -1.00 2 134 0.3706 0.0075 0.000514
610.00 C 20260821 -1.00 -1.00 5 590 0.3716 0.0051 0.000368
615.00 C 20260821 -1.00 -1.00 2 325 0.3964 0.0068 0.000438
620.00 C 20260821 -1.00 -1.00 27 1204 0.3991 0.0048 0.000326
625.00 C 20260821 -1.00 -1.00 3 200 0.4012 0.0041 0.000278
630.00 C 20260821 -1.00 -1.00 2 313 0.4131 0.0040 0.000263
365.00 P 20260821 -1.00 -1.00 119 1483 0.5928 -0.0061 0.000268
367.50 P 20260821 -1.00 -1.00 15 159 0.5936 -0.0071 0.000308
370.00 P 20260821 -1.00 -1.00 707 7206 0.5794 -0.0071 0.000314
372.50 P 20260821 -1.00 -1.00 3 152 0.5702 -0.0074 0.000332
375.00 P 20260821 -1.00 -1.00 483 4330 0.5612 -0.0077 0.000352
377.50 P 20260821 -1.00 -1.00 163 114 0.5571 -0.0085 0.000384
380.00 P 20260821 -1.00 -1.00 724 7939 0.5482 -0.0088 0.000406
382.50 P 20260821 -1.00 -1.00 1 439 0.5467 -0.0098 0.000447
385.00 P 20260821 -1.00 -1.00 251 8615 0.5511 -0.0125 0.000544
387.50 P 20260821 -1.00 -1.00 5 173 0.5258 -0.0106 0.000497
390.00 P 20260821 -1.00 -1.00 1080 6346 0.5196 -0.0119 0.000556
392.50 P 20260821 -1.00 -1.00 3 251 0.5082 -0.0124 0.000586
395.00 P 20260821 -1.00 -1.00 144 2411 0.5011 -0.0136 0.000644
397.50 P 20260821 -1.00 -1.00 12 779 0.4929 -0.0147 0.000698
400.00 P 20260821 -1.00 -1.00 1074 9457 0.4859 -0.0160 0.000763
402.50 P 20260821 -1.00 -1.00 32 299 0.4789 -0.0174 0.000830
405.00 P 20260821 -1.00 -1.00 452 997 0.4667 -0.0178 0.000869
407.50 P 20260821 -1.00 -1.00 10 84 0.4619 -0.0196 0.000957
410.00 P 20260821 -1.00 -1.00 802 5673 0.4530 -0.0207 0.001024
412.50 P 20260821 -1.00 -1.00 2 240 0.4677 -0.0262 0.001223
415.00 P 20260821 -1.00 -1.00 214 2602 0.4415 -0.0242 0.001207
420.00 P 20260821 -1.00 -1.00 220 6830 0.4290 -0.0285 0.001426
425.00 P 20260821 -1.00 -1.00 190 1517 0.4110 -0.0335 0.001686
430.00 P 20260821 -1.00 -1.00 2387 7532 0.3962 -0.0401 0.002021
435.00 P 20260821 -1.00 -1.00 262 1138 0.3842 -0.0481 0.002426
440.00 P 20260821 -1.00 -1.00 1856 6207 0.3753 -0.0578 0.002903
445.00 P 20260821 -1.00 -1.00 304 2406 0.3626 -0.0706 0.003489
450.00 P 20260821 -1.00 -1.00 3071 7560 0.3504 -0.0867 0.004199
455.00 P 20260821 -1.00 -1.00 331 2210 0.3457 -0.1081 0.005048
460.00 P 20260821 -1.00 -1.00 1519 4052 0.3383 -0.1324 0.005964
465.00 P 20260821 -1.00 -1.00 1079 1208 0.3279 -0.1622 0.006997
470.00 P 20260821 -1.00 -1.00 782 1378 0.3242 -0.1980 0.008102
475.00 P 20260821 -1.00 -1.00 834 1160 0.3224 -0.2424 0.009113
480.00 P 20260821 -1.00 -1.00 2962 1546 0.3186 -0.2907 0.010098
485.00 P 20260821 -1.00 -1.00 826 636 0.3207 -0.3434 0.010911
490.00 P 20260821 -1.00 -1.00 869 741 0.3143 -0.3993 0.011539
495.00 P 20260821 -1.00 -1.00 427 132 0.3162 -0.4581 0.011898
500.00 P 20260821 -1.00 -1.00 1768 561 0.3144 -0.5168 0.011989
505.00 P 20260821 -1.00 -1.00 85 58 0.3123 -0.5759 0.011848
510.00 P 20260821 -1.00 -1.00 6 51 0.3196 -0.6308 0.011331
515.00 P 20260821 -1.00 -1.00 11 20 0.3152 -0.6835 0.010713
520.00 P 20260821 -1.00 -1.00 106 17 0.3199 -0.7309 0.009876
525.00 P 20260821 -1.00 -1.00 10 31 0.3168 -0.7781 0.009067
530.00 P 20260821 -1.00 -1.00 10 11 0.3143 -0.8191 0.008101
535.00 P 20260821 -1.00 -1.00 9 8 0.3308 -0.8424 0.007120
540.00 P 20260821 -1.00 -1.00 3 3 0.3424 -0.8656 0.006277
545.00 P 20260821 -1.00 -1.00 3 20 0.3296 -0.8992 0.005382
550.00 P 20260821 -1.00 -1.00 13 1 0.3443 -0.9120 0.004727
555.00 P 20260821 -1.00 -1.00 1 0 0.3502 -0.9308 0.004029
560.00 P 20260821 -1.00 -1.00 61 0 0.3459 -0.9474 0.003421
565.00 P 20260821 -1.00 -1.00 10 0 0.3491 -0.9595 0.002892
570.00 P 20260821 -1.00 -1.00 1 0 0.3419 -0.9769 0.002256
575.00 P 20260821 -1.00 -1.00 8 0 0.3266 -0.9913 0.001481
580.00 P 20260821 -1.00 -1.00 2 0 0.3645 -0.9825 0.001764
585.00 P 20260821 -1.00 -1.00 -1 0 -1.0000 -1.0000 -1.000000
590.00 P 20260821 -1.00 -1.00 2 0 -1.0000 -1.0000 -1.000000
595.00 P 20260821 -1.00 -1.00 -1 0 -1.0000 -1.0000 -1.000000
600.00 P 20260821 -1.00 -1.00 1 0 0.4083 -0.9928 0.001001
605.00 P 20260821 -1.00 -1.00 2 0 -1.0000 -1.0000 -1.000000
610.00 P 20260821 -1.00 -1.00 2 0 -1.0000 -1.0000 -1.000000
615.00 P 20260821 -1.00 -1.00 -1 0 -1.0000 -1.0000 -1.000000
620.00 P 20260821 -1.00 -1.00 2 0 -1.0000 -1.0000 -1.000000
625.00 P 20260821 -1.00 -1.00 4 0 -1.0000 -1.0000 -1.000000
630.00 P 20260821 -1.00 -1.00 1 0 -1.0000 -1.0000 -1.000000
300.00 C 20260805 -1.00 -1.00 14 0 4.0806 0.9906 0.000221
305.00 C 20260805 -1.00 -1.00 14 0 3.7335 0.9928 0.000189
310.00 C 20260805 -1.00 -1.00 9 1 3.4158 0.9949 0.000152
315.00 C 20260805 -1.00 -1.00 17 0 3.5637 0.9918 0.000223
320.00 C 20260805 -1.00 -1.00 10 2 3.4047 0.9921 0.000224
322.50 C 20260805 -1.00 -1.00 6 3 3.4525 0.9909 0.000254
325.00 C 20260805 -1.00 -1.00 5 23 3.1475 0.9937 0.000196
327.50 C 20260805 -1.00 -1.00 30 12 3.2962 0.9912 0.000257
330.00 C 20260805 -1.00 -1.00 6 16 3.1941 0.9917 0.000253
332.50 C 20260805 -1.00 -1.00 6 13 3.1922 0.9909 0.000273
335.00 C 20260805 -1.00 -1.00 2 1 3.0912 0.9914 0.000268
337.50 C 20260805 -1.00 -1.00 2 1 3.0897 0.9907 0.000290
340.00 C 20260805 -1.00 -1.00 2 0 3.0678 0.9899 0.000313
342.50 C 20260805 -1.00 -1.00 2 2 2.6459 0.9953 0.000180
345.00 C 20260805 -1.00 -1.00 2 1 2.7925 0.9922 0.000271
347.50 C 20260805 -1.00 -1.00 2 0 2.7922 0.9914 0.000297
350.00 C 20260805 -1.00 -1.00 -1 0 2.8283 0.9899 0.000340
352.50 C 20260805 -1.00 -1.00 8 0 2.7954 0.9891 0.000367
355.00 C 20260805 -1.00 -1.00 8 10 2.7420 0.9889 0.000379
357.50 C 20260805 -1.00 -1.00 10 10 2.6686 0.9894 0.000375
360.00 C 20260805 -1.00 -1.00 2 14 2.6161 0.9892 0.000388
362.50 C 20260805 -1.00 -1.00 3 10 2.5640 0.9890 0.000402
300.00 P 20260805 -1.00 -1.00 2 6 4.0645 -0.0090 0.000215
305.00 P 20260805 -1.00 -1.00 5 2 4.1182 -0.0129 0.000285
310.00 P 20260805 -1.00 -1.00 1 22 4.4413 -0.0211 0.000409
315.00 P 20260805 -1.00 -1.00 2 2 3.7005 -0.0100 0.000256
320.00 P 20260805 -1.00 -1.00 242 12 4.1782 -0.0222 0.000454
322.50 P 20260805 -1.00 -1.00 184 61 3.6486 -0.0133 0.000331
325.00 P 20260805 -1.00 -1.00 31 58 4.0521 -0.0228 0.000479
327.50 P 20260805 -1.00 -1.00 3 27 3.4927 -0.0129 0.000335
330.00 P 20260805 -1.00 -1.00 85 170 2.4004 -0.0008 0.000038
332.50 P 20260805 -1.00 -1.00 67 14 3.7406 -0.0213 0.000488
335.00 P 20260805 -1.00 -1.00 3 217 3.7334 -0.0226 0.000516
337.50 P 20260805 -1.00 -1.00 26 16 3.7662 -0.0254 0.000564
340.00 P 20260805 -1.00 -1.00 2 423 2.3287 -0.0013 0.000062
342.50 P 20260805 -1.00 -1.00 4 192 2.7677 -0.0066 0.000234
345.00 P 20260805 -1.00 -1.00 19 151 3.8189 -0.0358 0.000730
347.50 P 20260805 -1.00 -1.00 10 46 3.4938 -0.0263 0.000626
350.00 P 20260805 -1.00 -1.00 30 2826 2.3190 -0.0026 0.000123
352.50 P 20260805 -1.00 -1.00 5 23 4.1195 -0.0534 0.000952
355.00 P 20260805 -1.00 -1.00 46 133 3.7532 -0.0449 0.000898
357.50 P 20260805 -1.00 -1.00 17 8 2.2807 -0.0036 0.000167
360.00 P 20260805 -1.00 -1.00 1 154 2.6809 -0.0130 0.000441
362.50 P 20260805 -1.00 -1.00 1 89 2.8206 -0.0192 0.000589
300.00 C 20260807 -1.00 -1.00 11 153 2.2001 0.9953 0.000130
305.00 C 20260807 -1.00 -1.00 168 28 2.3848 0.9910 0.000221
310.00 C 20260807 -1.00 -1.00 5 30 2.2833 0.9912 0.000225
315.00 C 20260807 -1.00 -1.00 176 41 2.2374 0.9905 0.000246
320.00 C 20260807 -1.00 -1.00 1 6 2.1473 0.9908 0.000251
322.50 C 20260807 -1.00 -1.00 -1 0 2.1547 0.9891 0.000287
325.00 C 20260807 -1.00 -1.00 1 130 1.8968 0.9941 0.000187
327.50 C 20260807 -1.00 -1.00 100 8 2.0569 0.9898 0.000283
330.00 C 20260807 -1.00 -1.00 1 62 2.0347 0.9891 0.000302
332.50 C 20260807 -1.00 -1.00 112 6 1.9867 0.9896 0.000300
335.00 C 20260807 -1.00 -1.00 1 26 1.9210 0.9906 0.000285
337.50 C 20260807 -1.00 -1.00 70 5 1.9304 0.9887 0.000331
340.00 C 20260807 -1.00 -1.00 4 44 1.8833 0.9891 0.000328
342.50 C 20260807 -1.00 -1.00 -1 0 1.8621 0.9883 0.000351
345.00 C 20260807 -1.00 -1.00 1 89 1.8411 0.9876 0.000375
347.50 C 20260807 -1.00 -1.00 -1 0 1.7949 0.9880 0.000374
350.00 C 20260807 -1.00 -1.00 15 213 1.7743 0.9872 0.000399
352.50 C 20260807 -1.00 -1.00 1 1 1.6907 0.9896 0.000353
355.00 C 20260807 -1.00 -1.00 3 144 1.7084 0.9868 0.000426
357.50 C 20260807 -1.00 -1.00 -1 0 1.6507 0.9879 0.000410
360.00 C 20260807 -1.00 -1.00 2 260 1.6559 0.9857 0.000470
362.50 C 20260807 -1.00 -1.00 1 3 1.5864 0.9875 0.000438
300.00 P 20260807 -1.00 -1.00 1 777 2.5421 -0.0112 0.000250
305.00 P 20260807 -1.00 -1.00 10 95 2.2316 -0.0065 0.000176
310.00 P 20260807 -1.00 -1.00 10 330 1.9951 -0.0034 0.000111
315.00 P 20260807 -1.00 -1.00 9 324 1.7061 -0.0012 0.000051
320.00 P 20260807 -1.00 -1.00 29 280 1.6500 -0.0013 0.000054
322.50 P 20260807 -1.00 -1.00 12 14 2.3263 -0.0170 0.000391
325.00 P 20260807 -1.00 -1.00 101 399 1.9220 -0.0064 0.000199
327.50 P 20260807 -1.00 -1.00 1 61 2.3329 -0.0201 0.000453
330.00 P 20260807 -1.00 -1.00 1 2527 1.5402 -0.0014 0.000062
332.50 P 20260807 -1.00 -1.00 2 66 2.1260 -0.0160 0.000405
335.00 P 20260807 -1.00 -1.00 1 1268 1.4866 -0.0014 0.000066
337.50 P 20260807 -1.00 -1.00 1 30 1.6901 -0.0050 0.000183
340.00 P 20260807 -1.00 -1.00 6 748 1.4502 -0.0017 0.000079
342.50 P 20260807 -1.00 -1.00 2 1 2.3009 -0.0316 0.000666
345.00 P 20260807 -1.00 -1.00 1 993 2.1507 -0.0250 0.000594
347.50 P 20260807 -1.00 -1.00 1 16 2.3643 -0.0408 0.000800
350.00 P 20260807 -1.00 -1.00 9 3187 1.5318 -0.0051 0.000206
352.50 P 20260807 -1.00 -1.00 25 39 1.4443 -0.0034 0.000155
355.00 P 20260807 -1.00 -1.00 12 985 1.3606 -0.0027 0.000132
357.50 P 20260807 -1.00 -1.00 3 74 1.5518 -0.0084 0.000318
360.00 P 20260807 -1.00 -1.00 22 808 1.4010 -0.0050 0.000220
362.50 P 20260807 -1.00 -1.00 27 32 1.2533 -0.0024 0.000129
300.00 C 20260810 -1.00 -1.00 -1 0 1.6902 0.9926 0.000183
305.00 C 20260810 -1.00 -1.00 -1 0 1.6840 0.9915 0.000211
310.00 C 20260810 -1.00 -1.00 2 1 1.6553 0.9908 0.000231
315.00 C 20260810 -1.00 -1.00 -1 0 1.6019 0.9906 0.000243
320.00 C 20260810 -1.00 -1.00 1 1 1.4881 0.9920 0.000225
322.50 C 20260810 -1.00 -1.00 -1 0 1.4638 0.9919 0.000231
325.00 C 20260810 -1.00 -1.00 -1 0 1.4396 0.9918 0.000237
327.50 C 20260810 -1.00 -1.00 -1 0 1.4157 0.9917 0.000244
330.00 C 20260810 -1.00 -1.00 -1 0 1.3700 0.9922 0.000237
332.50 C 20260810 -1.00 -1.00 3 2 1.4109 0.9904 0.000283
335.00 C 20260810 -1.00 -1.00 2 2 1.3858 0.9902 0.000291
337.50 C 20260810 -1.00 -1.00 -1 0 1.3433 0.9907 0.000286
340.00 C 20260810 -1.00 -1.00 2 1 1.3361 0.9900 0.000308
342.50 C 20260810 -1.00 -1.00 -1 0 1.3207 0.9893 0.000330
345.00 C 20260810 -1.00 -1.00 -1 0 1.2316 0.9917 0.000280
347.50 C 20260810 -1.00 -1.00 -1 0 1.2721 0.9890 0.000350
350.00 C 20260810 -1.00 -1.00 2 62 1.2571 0.9882 0.000375
352.50 C 20260810 -1.00 -1.00 -1 0 1.1647 0.9914 0.000306
355.00 C 20260810 -1.00 -1.00 1 114 1.0582 0.9945 0.000221
357.50 C 20260810 -1.00 -1.00 10 11 1.0999 0.9920 0.000304
360.00 C 20260810 -1.00 -1.00 1 14 1.0153 0.9944 0.000234
362.50 C 20260810 -1.00 -1.00 16 16 1.0777 0.9910 0.000346
300.00 P 20260810 -1.00 -1.00 1 1 -1.0000 -1.0000 -1.000000
305.00 P 20260810 -1.00 -1.00 -1 0 1.5280 -0.0047 0.000137
310.00 P 20260810 -1.00 -1.00 5 5 1.6681 -0.0097 0.000242
315.00 P 20260810 -1.00 -1.00 -1 0 1.6269 -0.0106 0.000266
320.00 P 20260810 -1.00 -1.00 1 59 1.6779 -0.0160 0.000367
322.50 P 20260810 -1.00 -1.00 1 1 1.6538 -0.0163 0.000379
325.00 P 20260810 -1.00 -1.00 1 2 1.5541 -0.0128 0.000329
327.50 P 20260810 -1.00 -1.00 -1 0 1.6135 -0.0174 0.000411
330.00 P 20260810 -1.00 -1.00 130 129 1.5786 -0.0172 0.000416
332.50 P 20260810 -1.00 -1.00 2 12 1.6994 -0.0244 0.000529
335.00 P 20260810 -1.00 -1.00 6 12 1.5953 -0.0210 0.000493
337.50 P 20260810 -1.00 -1.00 -1 0 1.7073 -0.0306 0.000628
340.00 P 20260810 -1.00 -1.00 85 66 1.6724 -0.0305 0.000640
342.50 P 20260810 -1.00 -1.00 6 6 1.6718 -0.0333 0.000686
345.00 P 20260810 -1.00 -1.00 1 63 1.7915 -0.0449 0.000822
347.50 P 20260810 -1.00 -1.00 10 6 1.7997 -0.0481 0.000869
350.00 P 20260810 -1.00 -1.00 11 41 1.0734 -0.0041 0.000174
352.50 P 20260810 -1.00 -1.00 -1 0 1.8539 -0.0588 0.000990
355.00 P 20260810 -1.00 -1.00 1 8 1.8296 -0.0605 0.001024
357.50 P 20260810 -1.00 -1.00 2 2 1.3774 -0.0244 0.000652
360.00 P 20260810 -1.00 -1.00 5 16 1.2030 -0.0153 0.000494
362.50 P 20260810 -1.00 -1.00 5 3 1.3643 -0.0291 0.000756
300.00 C 20260812 -1.00 -1.00 -1 0 1.5401 0.9909 0.000213
305.00 C 20260812 -1.00 -1.00 -1 0 1.4551 0.9917 0.000207
310.00 C 20260812 -1.00 -1.00 -1 0 1.4098 0.9915 0.000217
315.00 C 20260812 -1.00 -1.00 -1 0 1.3652 0.9913 0.000229
320.00 C 20260812 -1.00 -1.00 -1 0 1.3214 0.9912 0.000240
325.00 C 20260812 -1.00 -1.00 -1 0 1.2783 0.9910 0.000253
327.50 C 20260812 -1.00 -1.00 -1 0 1.1995 0.9927 0.000221
330.00 C 20260812 -1.00 -1.00 -1 0 1.2758 0.9886 0.000311
332.50 C 20260812 -1.00 -1.00 -1 0 1.1388 0.9932 0.000217
335.00 C 20260812 -1.00 -1.00 2 3 1.1940 0.9906 0.000282
337.50 C 20260812 -1.00 -1.00 -1 0 1.0602 0.9946 0.000190
340.00 C 20260812 -1.00 -1.00 68 34 1.0025 0.9961 0.000148
342.50 C 20260812 -1.00 -1.00 -1 0 1.0764 0.9923 0.000259
345.00 C 20260812 -1.00 -1.00 -1 0 1.0190 0.9937 0.000226
347.50 C 20260812 -1.00 -1.00 1 1 0.9807 0.9944 0.000209
350.00 C 20260812 -1.00 -1.00 10 2 1.0168 0.9921 0.000281
352.50 C 20260812 -1.00 -1.00 200 100 1.0157 0.9913 0.000309
355.00 C 20260812 -1.00 -1.00 -1 0 0.9963 0.9912 0.000318
357.50 C 20260812 -1.00 -1.00 -1 0 0.9586 0.9918 0.000306
360.00 C 20260812 -1.00 -1.00 2 1 0.9029 0.9934 0.000265
362.50 C 20260812 -1.00 -1.00 -1 0 0.9569 0.9901 0.000368
300.00 P 20260812 -1.00 -1.00 29 0 1.2936 -0.0027 0.000087
305.00 P 20260812 -1.00 -1.00 45 0 1.4236 -0.0073 0.000192
310.00 P 20260812 -1.00 -1.00 46 1 1.3818 -0.0076 0.000203
315.00 P 20260812 -1.00 -1.00 1 1 1.4176 -0.0108 0.000270
320.00 P 20260812 -1.00 -1.00 11 11 1.3774 -0.0114 0.000291
325.00 P 20260812 -1.00 -1.00 -1 0 1.5818 -0.0259 0.000516
327.50 P 20260812 -1.00 -1.00 -1 0 -1.0000 -1.0000 -1.000000
330.00 P 20260812 -1.00 -1.00 89 92 1.4640 -0.0220 0.000487
332.50 P 20260812 -1.00 -1.00 -1 0 -1.0000 -1.0000 -1.000000
335.00 P 20260812 -1.00 -1.00 8 10 1.4629 -0.0258 0.000557
337.50 P 20260812 -1.00 -1.00 -1 0 -1.0000 -1.0000 -1.000000
340.00 P 20260812 -1.00 -1.00 1 11 1.4684 -0.0319 0.000656
342.50 P 20260812 -1.00 -1.00 -1 0 -1.0000 -1.0000 -1.000000
345.00 P 20260812 -1.00 -1.00 1 4 1.5656 -0.0455 0.000828
347.50 P 20260812 -1.00 -1.00 -1 0 1.1218 -0.0121 0.000377
350.00 P 20260812 -1.00 -1.00 2 15 1.1029 -0.0125 0.000393
352.50 P 20260812 -1.00 -1.00 -1 0 -1.0000 -1.0000 -1.000000
355.00 P 20260812 -1.00 -1.00 1 4 1.5760 -0.0587 0.001012
357.50 P 20260812 -1.00 -1.00 -1 0 1.0423 -0.0131 0.000434
360.00 P 20260812 -1.00 -1.00 1 16 1.0084 -0.0121 0.000421
362.50 P 20260812 -1.00 -1.00 2 2 1.0011 -0.0135 0.000462
300.00 C 20260814 -1.00 -1.00 2 17 1.3852 0.9906 0.000217
305.00 C 20260814 -1.00 -1.00 1 15 1.3565 0.9895 0.000243
310.00 C 20260814 -1.00 -1.00 5 13 1.3206 0.9888 0.000263
315.00 C 20260814 -1.00 -1.00 1 27 1.2854 0.9881 0.000285
320.00 C 20260814 -1.00 -1.00 1 30 1.2358 0.9883 0.000292
322.50 C 20260814 -1.00 -1.00 -1 0 1.2225 0.9877 0.000309
325.00 C 20260814 -1.00 -1.00 25 25 1.1944 0.9881 0.000308
327.50 C 20260814 -1.00 -1.00 -1 0 1.1740 0.9879 0.000316
330.00 C 20260814 -1.00 -1.00 1 78 1.1537 0.9878 0.000325
332.50 C 20260814 -1.00 -1.00 1 1 1.1336 0.9877 0.000333
335.00 C 20260814 -1.00 -1.00 20 21 1.1427 0.9854 0.000383
337.50 C 20260814 -1.00 -1.00 -1 0 1.1082 0.9863 0.000374
340.00 C 20260814 -1.00 -1.00 4 5 1.0885 0.9861 0.000385
342.50 C 20260814 -1.00 -1.00 -1 0 1.0689 0.9860 0.000396
345.00 C 20260814 -1.00 -1.00 10 5 1.0495 0.9858 0.000408
347.50 C 20260814 -1.00 -1.00 -1 0 1.0302 0.9856 0.000420
350.00 C 20260814 -1.00 -1.00 3 32 0.9482 0.9905 0.000320
352.50 C 20260814 -1.00 -1.00 6 6 0.9302 0.9904 0.000329
355.00 C 20260814 -1.00 -1.00 3 46 0.9235 0.9896 0.000356
357.50 C 20260814 -1.00 -1.00 -1 0 0.9050 0.9895 0.000366
360.00 C 20260814 -1.00 -1.00 5 169 0.8865 0.9894 0.000377
362.50 C 20260814 -1.00 -1.00 1 40 0.8892 0.9871 0.000442
300.00 P 20260814 -1.00 -1.00 10 188 1.0411 -0.0010 0.000038
305.00 P 20260814 -1.00 -1.00 2 71 1.1481 -0.0032 0.000102
310.00 P 20260814 -1.00 -1.00 1 456 1.0539 -0.0023 0.000082
315.00 P 20260814 -1.00 -1.00 33 234 0.9441 -0.0011 0.000045
320.00 P 20260814 -1.00 -1.00 5 249 1.1798 -0.0085 0.000237
322.50 P 20260814 -1.00 -1.00 -1 0 -1.0000 -1.0000 -1.000000
325.00 P 20260814 -1.00 -1.00 1 329 0.9989 -0.0033 0.000121
327.50 P 20260814 -1.00 -1.00 -1 0 1.1547 -0.0104 0.000290
330.00 P 20260814 -1.00 -1.00 5 2503 0.8706 -0.0016 0.000069
332.50 P 20260814 -1.00 -1.00 -1 0 1.3193 -0.0239 0.000522
335.00 P 20260814 -1.00 -1.00 13 358 1.0865 -0.0101 0.000301
337.50 P 20260814 -1.00 -1.00 -1 0 1.2358 -0.0220 0.000517
340.00 P 20260814 -1.00 -1.00 1 319 0.8390 -0.0023 0.000101
342.50 P 20260814 -1.00 -1.00 -1 0 1.1264 -0.0181 0.000475
345.00 P 20260814 -1.00 -1.00 5 314 0.8554 -0.0033 0.000140
347.50 P 20260814 -1.00 -1.00 167 167 0.9563 -0.0088 0.000302
350.00 P 20260814 -1.00 -1.00 28 572 0.7716 -0.0022 0.000108
352.50 P 20260814 -1.00 -1.00 -1 0 -1.0000 -1.0000 -1.000000
355.00 P 20260814 -1.00 -1.00 22 269 0.7432 -0.0023 0.000116
357.50 P 20260814 -1.00 -1.00 6 0 0.9614 -0.0155 0.000488
360.00 P 20260814 -1.00 -1.00 7 574 0.7424 -0.0030 0.000150
362.50 P 20260814 -1.00 -1.00 3 51 0.8906 -0.0128 0.000446
300.00 C 20260817 -1.00 -1.00 -1 0 1.2303 0.9897 0.000231
305.00 C 20260817 -1.00 -1.00 -1 0 1.1777 0.9904 0.000226
310.00 C 20260817 -1.00 -1.00 -1 0 1.1311 0.9908 0.000228
315.00 C 20260817 -1.00 -1.00 -1 0 1.1545 0.9863 0.000313
320.00 C 20260817 -1.00 -1.00 -1 0 1.0709 0.9895 0.000270
325.00 C 20260817 -1.00 -1.00 -1 0 1.0343 0.9893 0.000284
330.00 C 20260817 -1.00 -1.00 -1 0 1.0046 0.9885 0.000309
335.00 C 20260817 -1.00 -1.00 -1 0 0.9755 0.9878 0.000337
340.00 C 20260817 -1.00 -1.00 -1 0 0.9404 0.9875 0.000355
345.00 C 20260817 -1.00 -1.00 -1 0 0.8413 0.9917 0.000275
350.00 C 20260817 -1.00 -1.00 -1 0 0.8718 0.9870 0.000397
355.00 C 20260817 -1.00 -1.00 -1 0 0.8320 0.9874 0.000406
360.00 C 20260817 -1.00 -1.00 -1 0 0.8175 0.9851 0.000476
300.00 P 20260817 -1.00 -1.00 -1 0 -1.0000 -1.0000 -1.000000
305.00 P 20260817 -1.00 -1.00 -1 0 -1.0000 -1.0000 -1.000000
310.00 P 20260817 -1.00 -1.00 -1 0 -1.0000 -1.0000 -1.000000
315.00 P 20260817 -1.00 -1.00 -1 0 -1.0000 -1.0000 -1.000000
320.00 P 20260817 -1.00 -1.00 -1 0 -1.0000 -1.0000 -1.000000
325.00 P 20260817 -1.00 -1.00 -1 0 -1.0000 -1.0000 -1.000000
330.00 P 20260817 -1.00 -1.00 -1 0 -1.0000 -1.0000 -1.000000
335.00 P 20260817 -1.00 -1.00 -1 0 -1.0000 -1.0000 -1.000000
340.00 P 20260817 -1.00 -1.00 -1 0 -1.0000 -1.0000 -1.000000
345.00 P 20260817 -1.00 -1.00 -1 0 -1.0000 -1.0000 -1.000000
350.00 P 20260817 -1.00 -1.00 -1 0 -1.0000 -1.0000 -1.000000
355.00 P 20260817 -1.00 -1.00 -1 0 -1.0000 -1.0000 -1.000000
360.00 P 20260817 -1.00 -1.00 -1 0 -1.0000 -1.0000 -1.000000
300.00 C 20260821 -1.00 -1.00 2 339 1.0460 0.9913 0.000202
305.00 C 20260821 -1.00 -1.00 2 25 1.0254 0.9908 0.000219
310.00 C 20260821 -1.00 -1.00 25 294 0.9642 0.9917 0.000210
315.00 C 20260821 -1.00 -1.00 2 128 0.8496 0.9952 0.000140
320.00 C 20260821 -1.00 -1.00 2 150 0.9121 0.9910 0.000239
325.00 C 20260821 -1.00 -1.00 2 167 0.7862 0.9954 0.000146
330.00 C 20260821 -1.00 -1.00 3 205 0.8437 0.9911 0.000256
335.00 C 20260821 -1.00 -1.00 1 192 0.6994 0.9967 0.000118
340.00 C 20260821 -1.00 -1.00 8 222 0.8083 0.9891 0.000321
345.00 C 20260821 -1.00 -1.00 1 162 0.6867 0.9945 0.000195
350.00 C 20260821 -1.00 -1.00 17 902 0.6301 0.9964 0.000143
355.00 C 20260821 -1.00 -1.00 5 469 0.6928 0.9907 0.000322
360.00 C 20260821 -1.00 -1.00 5 1991 0.0011 0.9996 -0.000000
362.50 C 20260821 -1.00 -1.00 -1 0 0.6904 0.9863 0.000456
300.00 P 20260821 -1.00 -1.00 254 4014 0.7633 -0.0006 0.000026
305.00 P 20260821 -1.00 -1.00 7 1109 0.8070 -0.0016 0.000060
310.00 P 20260821 -1.00 -1.00 234 2853 0.7516 -0.0010 0.000042
315.00 P 20260821 -1.00 -1.00 114 1972 0.7497 -0.0016 0.000062
320.00 P 20260821 -1.00 -1.00 172 4214 0.7329 -0.0018 0.000072
325.00 P 20260821 -1.00 -1.00 737 2739 0.7386 -0.0025 0.000098
330.00 P 20260821 -1.00 -1.00 109 5647 0.7001 -0.0023 0.000094
335.00 P 20260821 -1.00 -1.00 22 3699 0.6987 -0.0029 0.000117
340.00 P 20260821 -1.00 -1.00 234 10942 0.6756 -0.0030 0.000125
345.00 P 20260821 -1.00 -1.00 17 4964 0.6641 -0.0036 0.000151
350.00 P 20260821 -1.00 -1.00 326 11582 0.6420 -0.0039 0.000167
355.00 P 20260821 -1.00 -1.00 132 2571 0.6253 -0.0046 0.000198
360.00 P 20260821 -1.00 -1.00 330 8138 0.6038 -0.0050 0.000219
362.50 P 20260821 -1.00 -1.00 2 80 0.5995 -0.0056 0.000246
640.00 C 20260807 -1.00 -1.00 -1 0 -1.0000 -1.0000 -1.000000
650.00 C 20260807 -1.00 -1.00 1 1 -1.0000 -1.0000 -1.000000
660.00 C 20260807 -1.00 -1.00 1 1 -1.0000 -1.0000 -1.000000
670.00 C 20260807 -1.00 -1.00 1 1 -1.0000 -1.0000 -1.000000
680.00 C 20260807 -1.00 -1.00 23 23 1.4524 0.0112 0.000435
640.00 P 20260807 -1.00 -1.00 -1 0 -1.0000 -1.0000 -1.000000
650.00 P 20260807 -1.00 -1.00 -1 0 -1.0000 -1.0000 -1.000000
660.00 P 20260807 -1.00 -1.00 -1 0 -1.0000 -1.0000 -1.000000
670.00 P 20260807 -1.00 -1.00 -1 0 -1.0000 -1.0000 -1.000000
680.00 P 20260807 -1.00 -1.00 -1 0 1.2050 -0.9989 0.000133
640.00 C 20260814 -1.00 -1.00 -1 0 -1.0000 -1.0000 -1.000000
650.00 C 20260814 -1.00 -1.00 -1 0 -1.0000 -1.0000 -1.000000
660.00 C 20260814 -1.00 -1.00 -1 0 -1.0000 -1.0000 -1.000000
670.00 C 20260814 -1.00 -1.00 -1 0 -1.0000 -1.0000 -1.000000
680.00 C 20260814 -1.00 -1.00 -1 0 -1.0000 -1.0000 -1.000000
640.00 P 20260814 -1.00 -1.00 -1 0 -1.0000 -1.0000 -1.000000
650.00 P 20260814 -1.00 -1.00 -1 0 -1.0000 -1.0000 -1.000000
660.00 P 20260814 -1.00 -1.00 -1 0 -1.0000 -1.0000 -1.000000
670.00 P 20260814 -1.00 -1.00 -1 0 -1.0000 -1.0000 -1.000000
680.00 P 20260814 -1.00 -1.00 -1 0 -1.0000 -1.0000 -1.000000
635.00 C 20260821 -1.00 -1.00 13 101 0.4151 0.0033 0.000218
640.00 C 20260821 -1.00 -1.00 7 293 0.4619 0.0057 0.000322
645.00 C 20260821 -1.00 -1.00 17 138 0.4484 0.0037 0.000225
650.00 C 20260821 -1.00 -1.00 51 597 0.4353 0.0021 0.000141
655.00 C 20260821 -1.00 -1.00 28 96 0.4615 0.0030 0.000179
660.00 C 20260821 -1.00 -1.00 15 174 0.4582 0.0020 0.000129
665.00 C 20260821 -1.00 -1.00 13 90 0.4695 0.0020 0.000123
680.00 C 20260821 -1.00 -1.00 72 893 0.5030 0.0019 0.000109
635.00 P 20260821 -1.00 -1.00 -1 0 -1.0000 -1.0000 -1.000000
640.00 P 20260821 -1.00 -1.00 1 0 -1.0000 -1.0000 -1.000000
645.00 P 20260821 -1.00 -1.00 -1 0 -1.0000 -1.0000 -1.000000
650.00 P 20260821 -1.00 -1.00 3 0 0.5575 -0.9945 0.000590
655.00 P 20260821 -1.00 -1.00 -1 0 -1.0000 -1.0000 -1.000000
660.00 P 20260821 -1.00 -1.00 2 0 -1.0000 -1.0000 -1.000000
665.00 P 20260821 -1.00 -1.00 2 0 -1.0000 -1.0000 -1.000000
680.00 P 20260821 -1.00 -1.00 1 0 -1.0000 -1.0000 -1.000000
