# opt_chain WDC | epoch 1785872846 | 2026-08-04 15:47:26 | spot 550.77 | exps 20260807 20260814 20260821
# fuente polygon_snapshot_v3 | greeks polygon_directo | iv polygon_directo | oi polygon_directo | vol day.volume(-1 si no cotizo) | bid/ask NO_ENTITLED(-1) | spot_src ibkr_bridge spot_edad_s 85 | band 0.6000 vencimientos 3 exp_hasta 2026-08-21
# strike right exp bid ask vol oi iv delta gamma
332.50 C 20260807 -1.00 -1.00 -1 0 3.3627 0.9622 0.000477
335.00 C 20260807 -1.00 -1.00 1 1 3.4261 0.9582 0.000511
337.50 C 20260807 -1.00 -1.00 1 0 3.2483 0.9623 0.000492
340.00 C 20260807 -1.00 -1.00 1 12 3.2931 0.9588 0.000524
342.50 C 20260807 -1.00 -1.00 -1 0 2.9645 0.9694 0.000454
345.00 C 20260807 -1.00 -1.00 3 3 3.0769 0.9628 0.000515
347.50 C 20260807 -1.00 -1.00 -1 0 3.0308 0.9625 0.000525
350.00 C 20260807 -1.00 -1.00 -1 1 3.0213 0.9609 0.000547
352.50 C 20260807 -1.00 -1.00 1 0 2.9998 0.9596 0.000565
355.00 C 20260807 -1.00 -1.00 4 4 2.9665 0.9589 0.000580
357.50 C 20260807 -1.00 -1.00 -1 0 2.9394 0.9579 0.000598
360.00 C 20260807 -1.00 -1.00 6 30 2.8588 0.9591 0.000600
362.50 C 20260807 -1.00 -1.00 -1 0 2.6958 0.9641 0.000570
365.00 C 20260807 -1.00 -1.00 -1 0 2.7941 0.9575 0.000634
367.50 C 20260807 -1.00 -1.00 -1 0 2.8269 0.9539 0.000671
370.00 C 20260807 -1.00 -1.00 25 44 2.7597 0.9546 0.000679
372.50 C 20260807 -1.00 -1.00 57 22 2.8451 0.9489 0.000730
375.00 C 20260807 -1.00 -1.00 82 34 2.7957 0.9487 0.000745
377.50 C 20260807 -1.00 -1.00 50 6 2.7002 0.9504 0.000748
380.00 C 20260807 -1.00 -1.00 36 6 2.6517 0.9503 0.000764
382.50 C 20260807 -1.00 -1.00 14 1 2.6324 0.9488 0.000789
385.00 C 20260807 -1.00 -1.00 18 7 2.6473 0.9454 0.000827
387.50 C 20260807 -1.00 -1.00 50 14 2.4967 0.9503 0.000810
390.00 C 20260807 -1.00 -1.00 2 15 2.6316 0.9390 0.000900
392.50 C 20260807 -1.00 -1.00 6 1 2.5348 0.9424 0.000898
395.00 C 20260807 -1.00 -1.00 16 5 2.5733 0.9356 0.000958
397.50 C 20260807 -1.00 -1.00 12 2 2.5395 0.9342 0.000987
400.00 C 20260807 -1.00 -1.00 1 54 2.4114 0.9401 0.000971
402.50 C 20260807 -1.00 -1.00 112 13 2.4662 0.9318 0.001043
405.00 C 20260807 -1.00 -1.00 80 25 2.4071 0.9323 0.001063
407.50 C 20260807 -1.00 -1.00 2 3 2.3711 0.9310 0.001094
410.00 C 20260807 -1.00 -1.00 24 18 2.3933 0.9252 0.001152
412.50 C 20260807 -1.00 -1.00 48 15 2.3382 0.9253 0.001178
415.00 C 20260807 -1.00 -1.00 27 10 2.3636 0.9192 0.001238
417.50 C 20260807 -1.00 -1.00 -1 0 2.3632 0.9151 0.001286
420.00 C 20260807 -1.00 -1.00 1 7 2.2292 0.9213 0.001286
422.50 C 20260807 -1.00 -1.00 48 1 2.2705 0.9137 0.001356
425.00 C 20260807 -1.00 -1.00 58 23 2.1977 0.9151 0.001382
427.50 C 20260807 -1.00 -1.00 168 0 2.1979 0.9107 0.001438
430.00 C 20260807 -1.00 -1.00 160 33 2.2389 0.9031 0.001506
432.50 C 20260807 -1.00 -1.00 4 4 2.2546 0.8976 0.001563
435.00 C 20260807 -1.00 -1.00 30 7 2.2796 0.8916 0.001620
437.50 C 20260807 -1.00 -1.00 28 0 2.2140 0.8918 0.001664
440.00 C 20260807 -1.00 -1.00 1 16 2.1955 0.8887 0.001717
442.50 C 20260807 -1.00 -1.00 18 33 2.1934 0.8828 0.001776
445.00 C 20260807 -1.00 -1.00 18 20 2.1731 0.8784 0.001833
447.50 C 20260807 -1.00 -1.00 1 34 2.1015 0.8795 0.001886
450.00 C 20260807 -1.00 -1.00 9 73 2.2207 0.8610 0.001954
452.50 C 20260807 -1.00 -1.00 2 62 1.9861 0.8788 0.002004
455.00 C 20260807 -1.00 -1.00 3 42 1.9136 0.8804 0.002065
457.50 C 20260807 -1.00 -1.00 6 34 1.9572 0.8680 0.002145
460.00 C 20260807 -1.00 -1.00 107 143 1.9601 0.8606 0.002219
462.50 C 20260807 -1.00 -1.00 6 9 1.9448 0.8551 0.002293
465.00 C 20260807 -1.00 -1.00 7 18 1.7767 0.8675 0.002371
467.50 C 20260807 -1.00 -1.00 7 14 1.8262 0.8538 0.002457
470.00 C 20260807 -1.00 -1.00 15 30 1.8474 0.8438 0.002537
472.50 C 20260807 -1.00 -1.00 10 9 1.9105 0.8299 0.002601
475.00 C 20260807 -1.00 -1.00 1 14 1.9473 0.8192 0.002663
477.50 C 20260807 -1.00 -1.00 13 20 1.9501 0.8118 0.002735
480.00 C 20260807 -1.00 -1.00 4 101 1.8758 0.8112 0.002849
482.50 C 20260807 -1.00 -1.00 1 1 1.9494 0.7975 0.002883
485.00 C 20260807 -1.00 -1.00 3 31 1.8109 0.8021 0.003050
487.50 C 20260807 -1.00 -1.00 1 6 1.9091 0.7835 0.003039
490.00 C 20260807 -1.00 -1.00 5 32 1.8352 0.7818 0.003175
492.50 C 20260807 -1.00 -1.00 2 10 1.8857 0.7672 0.003187
495.00 C 20260807 -1.00 -1.00 3 34 1.8852 0.7580 0.003251
497.50 C 20260807 -1.00 -1.00 2 3 1.8714 0.7498 0.003330
500.00 C 20260807 -1.00 -1.00 77 132 1.7909 0.7474 0.003497
502.50 C 20260807 -1.00 -1.00 2 2 1.8439 0.7332 0.003495
505.00 C 20260807 -1.00 -1.00 1 35 1.8333 0.7245 0.003575
507.50 C 20260807 -1.00 -1.00 1 9 1.7726 0.7194 0.003733
510.00 C 20260807 -1.00 -1.00 17 72 1.7798 0.7090 0.003793
512.50 C 20260807 -1.00 -1.00 3 43 1.8265 0.6962 0.003786
515.00 C 20260807 -1.00 -1.00 4 48 1.8014 0.6880 0.003896
517.50 C 20260807 -1.00 -1.00 2 23 1.8084 0.6779 0.003952
520.00 C 20260807 -1.00 -1.00 14 99 1.7868 0.6686 0.004037
522.50 C 20260807 -1.00 -1.00 4 13 1.7779 0.6581 0.004089
525.00 C 20260807 -1.00 -1.00 34 99 1.7816 0.6470 0.004113
527.50 C 20260807 -1.00 -1.00 3 34 1.7400 0.6378 0.004241
530.00 C 20260807 -1.00 -1.00 98 246 1.7652 0.6257 0.004216
532.50 C 20260807 -1.00 -1.00 19 29 1.7527 0.6151 0.004278
535.00 C 20260807 -1.00 -1.00 51 90 1.7577 0.6038 0.004300
537.50 C 20260807 -1.00 -1.00 2 39 1.7952 0.5922 0.004245
540.00 C 20260807 -1.00 -1.00 85 155 1.7602 0.5817 0.004361
542.50 C 20260807 -1.00 -1.00 23 21 1.7690 0.5706 0.004373
545.00 C 20260807 -1.00 -1.00 130 139 1.7615 0.5596 0.004424
547.50 C 20260807 -1.00 -1.00 53 24 1.7677 0.5486 0.004442
550.00 C 20260807 -1.00 -1.00 600 392 1.7529 0.5373 0.004513
552.50 C 20260807 -1.00 -1.00 104 91 1.7630 0.5266 0.004492
555.00 C 20260807 -1.00 -1.00 102 99 1.7711 0.5162 0.004459
557.50 C 20260807 -1.00 -1.00 25 28 1.7682 0.5054 0.004454
560.00 C 20260807 -1.00 -1.00 417 247 1.7530 0.4941 0.004480
562.50 C 20260807 -1.00 -1.00 33 123 1.7489 0.4831 0.004478
565.00 C 20260807 -1.00 -1.00 28 144 1.7484 0.4723 0.004466
567.50 C 20260807 -1.00 -1.00 3 75 1.7553 0.4619 0.004437
570.00 C 20260807 -1.00 -1.00 107 190 1.7536 0.4510 0.004428
572.50 C 20260807 -1.00 -1.00 7 15 1.7483 0.4398 0.004429
575.00 C 20260807 -1.00 -1.00 67 344 1.7431 0.4286 0.004429
577.50 C 20260807 -1.00 -1.00 24 12 1.7619 0.4194 0.004371
580.00 C 20260807 -1.00 -1.00 41 171 1.7603 0.4085 0.004362
582.50 C 20260807 -1.00 -1.00 3 25 1.7706 0.3987 0.004326
585.00 C 20260807 -1.00 -1.00 11 89 1.7785 0.3889 0.004296
587.50 C 20260807 -1.00 -1.00 5 6 1.7709 0.3789 0.004268
590.00 C 20260807 -1.00 -1.00 323 180 1.7661 0.3693 0.004229
592.50 C 20260807 -1.00 -1.00 12 5 1.7423 0.3577 0.004225
595.00 C 20260807 -1.00 -1.00 12 166 1.7390 0.3481 0.004181
597.50 C 20260807 -1.00 -1.00 4 34 1.7384 0.3388 0.004132
600.00 C 20260807 -1.00 -1.00 202 504 1.7351 0.3291 0.004088
602.50 C 20260807 -1.00 -1.00 1 13 1.7358 0.3200 0.004036
605.00 C 20260807 -1.00 -1.00 38 70 1.7244 0.3091 0.004004
607.50 C 20260807 -1.00 -1.00 4 13 1.7292 0.3005 0.003946
610.00 C 20260807 -1.00 -1.00 18 215 1.7514 0.2945 0.003863
612.50 C 20260807 -1.00 -1.00 8 28 1.7588 0.2864 0.003804
615.00 C 20260807 -1.00 -1.00 29 53 1.7435 0.2749 0.003775
617.50 C 20260807 -1.00 -1.00 3 14 1.7562 0.2677 0.003710
620.00 C 20260807 -1.00 -1.00 69 400 1.7661 0.2603 0.003649
622.50 C 20260807 -1.00 -1.00 14 54 1.7677 0.2524 0.003593
625.00 C 20260807 -1.00 -1.00 435 354 1.7556 0.2440 0.003538
627.50 C 20260807 -1.00 -1.00 7 5 1.7557 0.2372 0.003473
630.00 C 20260807 -1.00 -1.00 52 214 1.7471 0.2292 0.003413
632.50 C 20260807 -1.00 -1.00 5 12 1.7627 0.2247 0.003340
635.00 C 20260807 -1.00 -1.00 31 79 1.7421 0.2148 0.003285
637.50 C 20260807 -1.00 -1.00 12 55 1.7405 0.2076 0.003219
640.00 C 20260807 -1.00 -1.00 37 168 1.7372 0.2002 0.003154
642.50 C 20260807 -1.00 -1.00 3 13 1.7560 0.1965 0.003084
645.00 C 20260807 -1.00 -1.00 8 153 1.7527 0.1892 0.003020
647.50 C 20260807 -1.00 -1.00 2 8 1.7527 0.1824 0.002955
650.00 C 20260807 -1.00 -1.00 187 499 1.7477 0.1747 0.002890
652.50 C 20260807 -1.00 -1.00 7 24 1.7546 0.1691 0.002825
655.00 C 20260807 -1.00 -1.00 547 100 1.7327 0.1581 0.002755
657.50 C 20260807 -1.00 -1.00 1 3 1.7715 0.1587 0.002700
660.00 C 20260807 -1.00 -1.00 82 234 1.7699 0.1516 0.002636
662.50 C 20260807 -1.00 -1.00 3 14 1.7678 0.1469 0.002576
665.00 C 20260807 -1.00 -1.00 8 196 1.7720 0.1430 0.002518
667.50 C 20260807 -1.00 -1.00 1 2 1.6559 0.1219 0.002388
670.00 C 20260807 -1.00 -1.00 13 142 1.7504 0.1313 0.002388
675.00 C 20260807 -1.00 -1.00 12 153 1.7413 0.1211 0.002260
680.00 C 20260807 -1.00 -1.00 12 292 1.7522 0.1139 0.002147
685.00 C 20260807 -1.00 -1.00 18 67 1.7482 0.1045 0.002021
690.00 C 20260807 -1.00 -1.00 89 83 1.7590 0.0974 0.001912
695.00 C 20260807 -1.00 -1.00 5 26 1.7598 0.0888 0.001793
700.00 C 20260807 -1.00 -1.00 244 1452 1.7769 0.0829 0.001697
705.00 C 20260807 -1.00 -1.00 3 16 1.7730 0.0762 0.001595
710.00 C 20260807 -1.00 -1.00 35 242 1.7584 0.0698 0.001493
715.00 C 20260807 -1.00 -1.00 16 34 1.7498 0.0639 0.001395
720.00 C 20260807 -1.00 -1.00 40 158 1.7137 0.0547 0.001256
725.00 C 20260807 -1.00 -1.00 8 53 1.7618 0.0554 0.001233
730.00 C 20260807 -1.00 -1.00 15 121 1.7582 0.0500 0.001140
735.00 C 20260807 -1.00 -1.00 4 54 1.7761 0.0472 0.001080
740.00 C 20260807 -1.00 -1.00 70 320 1.7947 0.0447 0.001023
745.00 C 20260807 -1.00 -1.00 3 22 1.8836 0.0504 0.001071
750.00 C 20260807 -1.00 -1.00 42 301 1.7687 0.0344 0.000845
755.00 C 20260807 -1.00 -1.00 22 90 1.7957 0.0338 0.000819
760.00 C 20260807 -1.00 -1.00 12 42 2.1074 0.0612 0.001117
765.00 C 20260807 -1.00 -1.00 1 26 2.1173 0.0582 0.001068
770.00 C 20260807 -1.00 -1.00 1 17 1.7032 0.0199 0.000549
332.50 P 20260807 -1.00 -1.00 -1 0 2.6430 -0.0142 0.000265
335.00 P 20260807 -1.00 -1.00 1 77 2.8524 -0.0208 0.000346
337.50 P 20260807 -1.00 -1.00 2 2 2.8166 -0.0211 0.000354
340.00 P 20260807 -1.00 -1.00 67 298 2.3721 -0.0094 0.000209
342.50 P 20260807 -1.00 -1.00 24 30 2.7459 -0.0217 0.000371
345.00 P 20260807 -1.00 -1.00 5 219 2.2221 -0.0080 0.000193
347.50 P 20260807 -1.00 -1.00 9 64 2.1245 -0.0069 0.000176
350.00 P 20260807 -1.00 -1.00 87 370 2.1401 -0.0078 0.000196
352.50 P 20260807 -1.00 -1.00 1 86 2.0210 -0.0063 0.000169
355.00 P 20260807 -1.00 -1.00 42 97 2.0983 -0.0084 0.000212
357.50 P 20260807 -1.00 -1.00 42 89 2.0025 -0.0072 0.000194
360.00 P 20260807 -1.00 -1.00 20 130 2.0954 -0.0099 0.000247
362.50 P 20260807 -1.00 -1.00 25 54 2.0850 -0.0109 0.000268
365.00 P 20260807 -1.00 -1.00 48 119 2.0416 -0.0105 0.000267
367.50 P 20260807 -1.00 -1.00 12 11 2.6624 -0.0389 0.000616
370.00 P 20260807 -1.00 -1.00 4 192 2.0026 -0.0119 0.000300
372.50 P 20260807 -1.00 -1.00 27 13 2.1118 -0.0176 0.000401
375.00 P 20260807 -1.00 -1.00 60 332 1.9619 -0.0131 0.000333
377.50 P 20260807 -1.00 -1.00 2 2 2.1563 -0.0221 0.000479
380.00 P 20260807 -1.00 -1.00 14 314 1.8824 -0.0127 0.000338
382.50 P 20260807 -1.00 -1.00 2 19 2.1980 -0.0281 0.000573
385.00 P 20260807 -1.00 -1.00 30 118 1.9004 -0.0166 0.000421
387.50 P 20260807 -1.00 -1.00 91 167 2.0374 -0.0236 0.000538
390.00 P 20260807 -1.00 -1.00 39 262 2.0294 -0.0247 0.000565
392.50 P 20260807 -1.00 -1.00 4 4 2.0046 -0.0258 0.000590
395.00 P 20260807 -1.00 -1.00 34 290 1.9641 -0.0257 0.000600
397.50 P 20260807 -1.00 -1.00 15 24 1.9634 -0.0285 0.000651
400.00 P 20260807 -1.00 -1.00 63 793 1.9717 -0.0321 0.000711
402.50 P 20260807 -1.00 -1.00 1 10 2.0339 -0.0392 0.000812
405.00 P 20260807 -1.00 -1.00 12 125 1.8920 -0.0321 0.000741
407.50 P 20260807 -1.00 -1.00 13 14 1.8101 -0.0287 0.000709
410.00 P 20260807 -1.00 -1.00 80 223 1.9255 -0.0405 0.000881
412.50 P 20260807 -1.00 -1.00 11 23 1.9427 -0.0447 0.000948
415.00 P 20260807 -1.00 -1.00 39 121 1.8824 -0.0434 0.000955
417.50 P 20260807 -1.00 -1.00 2 36 1.9261 -0.0495 0.001043
420.00 P 20260807 -1.00 -1.00 149 140 1.9189 -0.0520 0.001092
422.50 P 20260807 -1.00 -1.00 1 34 2.0312 -0.0654 0.001230
425.00 P 20260807 -1.00 -1.00 29 266 1.9201 -0.0587 0.001207
427.50 P 20260807 -1.00 -1.00 6 13 1.9162 -0.0632 0.001275
430.00 P 20260807 -1.00 -1.00 57 277 1.8909 -0.0655 0.001325
432.50 P 20260807 -1.00 -1.00 5 31 1.8050 -0.0611 0.001321
435.00 P 20260807 -1.00 -1.00 25 110 1.8669 -0.0731 0.001454
437.50 P 20260807 -1.00 -1.00 3 26 1.9242 -0.0840 0.001566
440.00 P 20260807 -1.00 -1.00 26 364 1.8538 -0.0820 0.001596
442.50 P 20260807 -1.00 -1.00 3 25 1.8520 -0.0870 0.001671
445.00 P 20260807 -1.00 -1.00 22 184 1.8563 -0.0925 0.001749
447.50 P 20260807 -1.00 -1.00 3 43 1.8545 -0.0975 0.001824
450.00 P 20260807 -1.00 -1.00 175 613 1.8588 -0.1030 0.001902
452.50 P 20260807 -1.00 -1.00 12 50 1.8631 -0.1085 0.001979
455.00 P 20260807 -1.00 -1.00 21 99 1.8673 -0.1140 0.002055
457.50 P 20260807 -1.00 -1.00 31 31 1.9230 -0.1280 0.002143
460.00 P 20260807 -1.00 -1.00 173 328 1.8573 -0.1274 0.002213
462.50 P 20260807 -1.00 -1.00 19 36 1.8323 -0.1318 0.002292
465.00 P 20260807 -1.00 -1.00 48 152 1.8295 -0.1391 0.002375
467.50 P 20260807 -1.00 -1.00 2 265 1.8187 -0.1454 0.002458
470.00 P 20260807 -1.00 -1.00 40 180 1.8220 -0.1534 0.002542
472.50 P 20260807 -1.00 -1.00 3 32 1.7475 -0.1524 0.002639
475.00 P 20260807 -1.00 -1.00 56 114 1.8027 -0.1665 0.002715
477.50 P 20260807 -1.00 -1.00 4 14 1.8040 -0.1743 0.002800
480.00 P 20260807 -1.00 -1.00 143 138 1.8113 -0.1827 0.002881
482.50 P 20260807 -1.00 -1.00 10 42 1.8126 -0.1904 0.002965
485.00 P 20260807 -1.00 -1.00 28 116 1.8277 -0.1994 0.003040
487.50 P 20260807 -1.00 -1.00 12 60 1.8182 -0.2068 0.003126
490.00 P 20260807 -1.00 -1.00 50 700 1.8090 -0.2155 0.003203
492.50 P 20260807 -1.00 -1.00 49 63 1.7953 -0.2237 0.003286
495.00 P 20260807 -1.00 -1.00 28 106 1.7892 -0.2329 0.003362
497.50 P 20260807 -1.00 -1.00 12 68 1.7875 -0.2425 0.003433
500.00 P 20260807 -1.00 -1.00 202 240 1.7829 -0.2519 0.003509
502.50 P 20260807 -1.00 -1.00 5 14 1.7946 -0.2628 0.003563
505.00 P 20260807 -1.00 -1.00 7 183 1.7649 -0.2701 0.003675
507.50 P 20260807 -1.00 -1.00 1 80 1.7692 -0.2804 0.003740
510.00 P 20260807 -1.00 -1.00 29 82 1.7662 -0.2901 0.003816
512.50 P 20260807 -1.00 -1.00 3 194 1.7866 -0.3014 0.003853
515.00 P 20260807 -1.00 -1.00 5 80 1.7937 -0.3116 0.003910
517.50 P 20260807 -1.00 -1.00 12 57 1.7775 -0.3205 0.004009
520.00 P 20260807 -1.00 -1.00 35 130 1.7902 -0.3317 0.004031
522.50 P 20260807 -1.00 -1.00 2 23 1.7978 -0.3430 0.004047
525.00 P 20260807 -1.00 -1.00 44 136 1.7712 -0.3526 0.004138
527.50 P 20260807 -1.00 -1.00 15 181 1.7599 -0.3632 0.004196
530.00 P 20260807 -1.00 -1.00 59 152 1.7725 -0.3746 0.004201
532.50 P 20260807 -1.00 -1.00 2 25 1.7437 -0.3848 0.004302
535.00 P 20260807 -1.00 -1.00 70 97 1.7676 -0.3965 0.004278
537.50 P 20260807 -1.00 -1.00 5 5 1.7439 -0.4071 0.004369
540.00 P 20260807 -1.00 -1.00 15 102 1.7564 -0.4184 0.004372
542.50 P 20260807 -1.00 -1.00 6 22 1.7478 -0.4295 0.004427
545.00 P 20260807 -1.00 -1.00 75 36 1.7541 -0.4406 0.004445
547.50 P 20260807 -1.00 -1.00 12 15 1.7578 -0.4517 0.004469
550.00 P 20260807 -1.00 -1.00 638 91 1.7727 -0.4625 0.004464
552.50 P 20260807 -1.00 -1.00 23 23 1.7727 -0.4733 0.004469
555.00 P 20260807 -1.00 -1.00 23 35 1.7513 -0.4846 0.004512
557.50 P 20260807 -1.00 -1.00 2 2 1.7607 -0.4951 0.004475
560.00 P 20260807 -1.00 -1.00 11 64 1.7468 -0.5064 0.004498
562.50 P 20260807 -1.00 -1.00 3 2 1.7550 -0.5168 0.004465
565.00 P 20260807 -1.00 -1.00 1 35 1.7314 -0.5288 0.004512
567.50 P 20260807 -1.00 -1.00 1 3 1.7566 -0.5382 0.004436
570.00 P 20260807 -1.00 -1.00 2 16 1.7513 -0.5493 0.004436
572.50 P 20260807 -1.00 -1.00 -1 0 1.7303 -0.5617 0.004475
575.00 P 20260807 -1.00 -1.00 7 11 1.7336 -0.5723 0.004454
577.50 P 20260807 -1.00 -1.00 3 2 1.7537 -0.5815 0.004393
580.00 P 20260807 -1.00 -1.00 60 35 1.7797 -0.5900 0.004320
582.50 P 20260807 -1.00 -1.00 2 2 1.7600 -0.6025 0.004353
585.00 P 20260807 -1.00 -1.00 1 8 1.7811 -0.6111 0.004293
587.50 P 20260807 -1.00 -1.00 -1 0 1.7640 -0.6220 0.004284
590.00 P 20260807 -1.00 -1.00 8 44 1.7689 -0.6306 0.004226
592.50 P 20260807 -1.00 -1.00 -1 0 1.7764 -0.6389 0.004165
595.00 P 20260807 -1.00 -1.00 2 27 1.7377 -0.6523 0.004186
597.50 P 20260807 -1.00 -1.00 -1 0 1.7385 -0.6615 0.004134
600.00 P 20260807 -1.00 -1.00 4 71 1.7271 -0.6721 0.004104
602.50 P 20260807 -1.00 -1.00 2 2 1.7414 -0.6796 0.004030
605.00 P 20260807 -1.00 -1.00 1 18 1.7126 -0.6928 0.004025
607.50 P 20260807 -1.00 -1.00 -1 0 1.6785 -0.7073 0.004026
610.00 P 20260807 -1.00 -1.00 2 16 1.6499 -0.7214 0.004014
612.50 P 20260807 -1.00 -1.00 -1 0 1.6856 -0.7253 0.003908
615.00 P 20260807 -1.00 -1.00 1 10 1.7038 -0.7318 0.003831
617.50 P 20260807 -1.00 -1.00 -1 0 1.7045 -0.7412 0.003777
620.00 P 20260807 -1.00 -1.00 1 33 1.7837 -0.7372 0.003632
622.50 P 20260807 -1.00 -1.00 1 1 1.7209 -0.7542 0.003634
625.00 P 20260807 -1.00 -1.00 1 21 1.6726 -0.7682 0.003601
627.50 P 20260807 -1.00 -1.00 -1 0 1.6367 -0.7810 0.003549
630.00 P 20260807 -1.00 -1.00 1 14 1.7093 -0.7768 0.003438
632.50 P 20260807 -1.00 -1.00 10 10 1.7060 -0.7843 0.003371
635.00 P 20260807 -1.00 -1.00 3 7 1.7182 -0.7894 0.003297
637.50 P 20260807 -1.00 -1.00 -1 0 1.7150 -0.7969 0.003230
640.00 P 20260807 -1.00 -1.00 1 25 1.7186 -0.8032 0.003162
642.50 P 20260807 -1.00 -1.00 -1 0 1.7324 -0.8078 0.003092
645.00 P 20260807 -1.00 -1.00 1 60 1.7325 -0.8147 0.003025
647.50 P 20260807 -1.00 -1.00 -1 0 1.7122 -0.8253 0.002958
650.00 P 20260807 -1.00 -1.00 2 75 1.7344 -0.8282 0.002893
652.50 P 20260807 -1.00 -1.00 1 1 1.7243 -0.8370 0.002824
655.00 P 20260807 -1.00 -1.00 1 5 1.7582 -0.8375 0.002765
657.50 P 20260807 -1.00 -1.00 -1 0 1.7785 -0.8405 0.002706
660.00 P 20260807 -1.00 -1.00 7 50 1.8274 -0.8381 0.002656
662.50 P 20260807 -1.00 -1.00 2 1 1.7045 -0.8622 0.002556
665.00 P 20260807 -1.00 -1.00 1 2 1.6334 -0.8774 0.002444
667.50 P 20260807 -1.00 -1.00 -1 0 1.4872 -0.9076 0.002195
670.00 P 20260807 -1.00 -1.00 2 30 1.5195 -0.9068 0.002162
675.00 P 20260807 -1.00 -1.00 1 4 1.4775 -0.9244 0.001927
680.00 P 20260807 -1.00 -1.00 1 1 1.4757 -0.9307 0.001796
685.00 P 20260807 -1.00 -1.00 10 15 1.4824 -0.9358 0.001677
690.00 P 20260807 -1.00 -1.00 2 4 1.3948 -0.9542 0.001372
695.00 P 20260807 -1.00 -1.00 -1 0 1.5384 -0.9405 0.001520
700.00 P 20260807 -1.00 -1.00 5 4 1.2873 -0.9755 0.000911
705.00 P 20260807 -1.00 -1.00 -1 0 1.2211 -0.9858 0.000638
710.00 P 20260807 -1.00 -1.00 1 1 1.2027 -0.9892 0.000530
715.00 P 20260807 -1.00 -1.00 1 2 1.2301 -0.9894 0.000509
720.00 P 20260807 -1.00 -1.00 4 0 -1.0000 -1.0000 -1.000000
725.00 P 20260807 -1.00 -1.00 -1 0 -1.0000 -1.0000 -1.000000
730.00 P 20260807 -1.00 -1.00 1 1 -1.0000 -1.0000 -1.000000
735.00 P 20260807 -1.00 -1.00 2 2 -1.0000 -1.0000 -1.000000
740.00 P 20260807 -1.00 -1.00 2 0 -1.0000 -1.0000 -1.000000
745.00 P 20260807 -1.00 -1.00 -1 0 -1.0000 -1.0000 -1.000000
750.00 P 20260807 -1.00 -1.00 1 1 -1.0000 -1.0000 -1.000000
755.00 P 20260807 -1.00 -1.00 1 0 -1.0000 -1.0000 -1.000000
760.00 P 20260807 -1.00 -1.00 1 0 -1.0000 -1.0000 -1.000000
765.00 P 20260807 -1.00 -1.00 -1 0 -1.0000 -1.0000 -1.000000
770.00 P 20260807 -1.00 -1.00 20 0 -1.0000 -1.0000 -1.000000
332.50 C 20260814 -1.00 -1.00 -1 0 1.8253 0.9657 0.000453
335.00 C 20260814 -1.00 -1.00 1 1 1.8261 0.9637 0.000474
337.50 C 20260814 -1.00 -1.00 -1 0 1.9620 0.9539 0.000543
340.00 C 20260814 -1.00 -1.00 -1 0 1.9761 0.9513 0.000565
342.50 C 20260814 -1.00 -1.00 -1 0 1.8253 0.9580 0.000538
345.00 C 20260814 -1.00 -1.00 -1 0 1.7167 0.9631 0.000512
347.50 C 20260814 -1.00 -1.00 -1 0 1.9068 0.9489 0.000608
350.00 C 20260814 -1.00 -1.00 -1 0 1.9065 0.9459 0.000633
352.50 C 20260814 -1.00 -1.00 -1 0 1.8611 0.9471 0.000639
355.00 C 20260814 -1.00 -1.00 4 4 1.8493 0.9451 0.000660
357.50 C 20260814 -1.00 -1.00 -1 0 1.7909 0.9477 0.000659
360.00 C 20260814 -1.00 -1.00 1 27 1.6906 0.9527 0.000642
362.50 C 20260814 -1.00 -1.00 -1 0 1.7815 0.9423 0.000711
365.00 C 20260814 -1.00 -1.00 -1 0 1.6970 0.9478 0.000695
367.50 C 20260814 -1.00 -1.00 -1 0 1.7683 0.9371 0.000763
370.00 C 20260814 -1.00 -1.00 25 3 1.5509 0.9541 0.000681
372.50 C 20260814 -1.00 -1.00 -1 0 1.7059 0.9369 0.000794
375.00 C 20260814 -1.00 -1.00 10 43 1.6533 0.9391 0.000798
377.50 C 20260814 -1.00 -1.00 -1 0 1.6935 0.9315 0.000850
380.00 C 20260814 -1.00 -1.00 25 21 1.6921 0.9283 0.000881
382.50 C 20260814 -1.00 -1.00 -1 0 1.6137 0.9331 0.000877
385.00 C 20260814 -1.00 -1.00 1 9 1.6799 0.9228 0.000940
387.50 C 20260814 -1.00 -1.00 -1 0 1.5685 0.9311 0.000922
390.00 C 20260814 -1.00 -1.00 1 41 1.5267 0.9323 0.000935
392.50 C 20260814 -1.00 -1.00 -1 0 1.5166 0.9299 0.000967
395.00 C 20260814 -1.00 -1.00 20 15 1.6375 0.9134 0.001055
397.50 C 20260814 -1.00 -1.00 -1 0 1.5811 0.9155 0.001071
400.00 C 20260814 -1.00 -1.00 3 13 1.5507 0.9152 0.001096
402.50 C 20260814 -1.00 -1.00 -1 0 1.6083 0.9058 0.001149
405.00 C 20260814 -1.00 -1.00 2 1 1.4742 0.9162 0.001140
407.50 C 20260814 -1.00 -1.00 -1 0 1.5280 0.9067 0.001199
410.00 C 20260814 -1.00 -1.00 2 3 1.5850 0.8975 0.001249
412.50 C 20260814 -1.00 -1.00 -1 0 1.5883 0.8934 0.001285
415.00 C 20260814 -1.00 -1.00 -1 0 1.5308 0.8955 0.001313
417.50 C 20260814 -1.00 -1.00 -1 0 1.5067 0.8942 0.001347
420.00 C 20260814 -1.00 -1.00 1 6 1.5081 0.8892 0.001387
422.50 C 20260814 -1.00 -1.00 -1 0 1.4428 0.8931 0.001417
425.00 C 20260814 -1.00 -1.00 1 2 1.4322 0.8897 0.001458
427.50 C 20260814 -1.00 -1.00 2 0 1.4530 0.8811 0.001506
430.00 C 20260814 -1.00 -1.00 2 5 1.4313 0.8788 0.001548
432.50 C 20260814 -1.00 -1.00 -1 0 1.4485 0.8708 0.001593
435.00 C 20260814 -1.00 -1.00 4 6 1.4492 0.8652 0.001637
437.50 C 20260814 -1.00 -1.00 2 0 1.4079 0.8655 0.001683
440.00 C 20260814 -1.00 -1.00 2 28 1.4505 0.8541 0.001725
442.50 C 20260814 -1.00 -1.00 -1 0 1.4350 0.8506 0.001772
445.00 C 20260814 -1.00 -1.00 1 1 1.4426 0.8441 0.001814
447.50 C 20260814 -1.00 -1.00 1 1 1.4410 0.8388 0.001859
450.00 C 20260814 -1.00 -1.00 2 9 1.4130 0.8367 0.001913
452.50 C 20260814 -1.00 -1.00 -1 0 1.4470 0.8271 0.001945
455.00 C 20260814 -1.00 -1.00 1 4 1.4202 0.8246 0.002002
457.50 C 20260814 -1.00 -1.00 -1 0 1.3914 0.8224 0.002061
460.00 C 20260814 -1.00 -1.00 134 801 1.3774 0.8183 0.002116
462.50 C 20260814 -1.00 -1.00 -1 0 1.3489 0.8159 0.002181
465.00 C 20260814 -1.00 -1.00 4 3 1.3848 0.8060 0.002208
467.50 C 20260814 -1.00 -1.00 -1 0 1.3585 0.8028 0.002272
470.00 C 20260814 -1.00 -1.00 1 28 1.3506 0.7965 0.002319
472.50 C 20260814 -1.00 -1.00 -1 0 1.3436 0.7902 0.002367
475.00 C 20260814 -1.00 -1.00 3 5 1.3358 0.7838 0.002416
477.50 C 20260814 -1.00 -1.00 -1 0 1.3596 0.7734 0.002430
480.00 C 20260814 -1.00 -1.00 10 60 1.3408 0.7684 0.002493
482.50 C 20260814 -1.00 -1.00 12 6 1.3390 0.7612 0.002536
485.00 C 20260814 -1.00 -1.00 1 18 1.3405 0.7536 0.002575
487.50 C 20260814 -1.00 -1.00 6 3 1.3329 0.7470 0.002626
490.00 C 20260814 -1.00 -1.00 1 12 1.3361 0.7393 0.002663
492.50 C 20260814 -1.00 -1.00 -1 0 1.3260 0.7328 0.002719
495.00 C 20260814 -1.00 -1.00 2 3 1.3426 0.7239 0.002735
497.50 C 20260814 -1.00 -1.00 -1 0 1.3317 0.7174 0.002793
500.00 C 20260814 -1.00 -1.00 17 498 1.3258 0.7105 0.002845
502.50 C 20260814 -1.00 -1.00 1 0 1.3348 0.7023 0.002871
505.00 C 20260814 -1.00 -1.00 1 6 1.2975 0.6976 0.002979
507.50 C 20260814 -1.00 -1.00 2 1 1.3355 0.6874 0.002952
510.00 C 20260814 -1.00 -1.00 55 83 1.3305 0.6797 0.002986
512.50 C 20260814 -1.00 -1.00 41 41 1.3354 0.6712 0.002996
515.00 C 20260814 -1.00 -1.00 5 67 1.2910 0.6657 0.003115
517.50 C 20260814 -1.00 -1.00 40 40 1.3124 0.6561 0.003087
520.00 C 20260814 -1.00 -1.00 3 44 1.2868 0.6490 0.003167
522.50 C 20260814 -1.00 -1.00 2 5 1.2776 0.6409 0.003211
525.00 C 20260814 -1.00 -1.00 3 16 1.2784 0.6324 0.003231
527.50 C 20260814 -1.00 -1.00 2 4 1.2714 0.6241 0.003270
530.00 C 20260814 -1.00 -1.00 16 26 1.2736 0.6155 0.003286
532.50 C 20260814 -1.00 -1.00 3 4 1.3088 0.6064 0.003221
535.00 C 20260814 -1.00 -1.00 4 29 1.2990 0.5981 0.003266
537.50 C 20260814 -1.00 -1.00 3 3 1.3025 0.5897 0.003278
540.00 C 20260814 -1.00 -1.00 8 53 1.2774 0.5813 0.003364
542.50 C 20260814 -1.00 -1.00 12 3 1.3025 0.5730 0.003320
545.00 C 20260814 -1.00 -1.00 137 40 1.2817 0.5643 0.003396
547.50 C 20260814 -1.00 -1.00 9 20 1.2769 0.5557 0.003430
550.00 C 20260814 -1.00 -1.00 66 667 1.2957 0.5477 0.003402
552.50 C 20260814 -1.00 -1.00 20 52 1.2910 0.5394 0.003419
555.00 C 20260814 -1.00 -1.00 51 248 1.2839 0.5309 0.003433
557.50 C 20260814 -1.00 -1.00 15 5 1.2706 0.5221 0.003463
560.00 C 20260814 -1.00 -1.00 24 47 1.3000 0.5155 0.003380
562.50 C 20260814 -1.00 -1.00 2 0 1.2956 0.5072 0.003386
565.00 C 20260814 -1.00 -1.00 7 10 1.2688 0.4972 0.003452
567.50 C 20260814 -1.00 -1.00 8 4 1.2768 0.4896 0.003425
570.00 C 20260814 -1.00 -1.00 35 79 1.2705 0.4809 0.003436
572.50 C 20260814 -1.00 -1.00 3 2 1.2724 0.4728 0.003426
575.00 C 20260814 -1.00 -1.00 25 98 1.2669 0.4640 0.003435
577.50 C 20260814 -1.00 -1.00 1 23 1.2627 0.4553 0.003440
580.00 C 20260814 -1.00 -1.00 34 116 1.2719 0.4480 0.003410
582.50 C 20260814 -1.00 -1.00 2 10 1.2852 0.4413 0.003371
585.00 C 20260814 -1.00 -1.00 10 21 1.2770 0.4321 0.003386
587.50 C 20260814 -1.00 -1.00 -1 0 1.2922 0.4258 0.003343
590.00 C 20260814 -1.00 -1.00 1 26 1.2920 0.4177 0.003338
592.50 C 20260814 -1.00 -1.00 -1 0 1.2918 0.4095 0.003333
595.00 C 20260814 -1.00 -1.00 22 15 1.2850 0.4004 0.003345
597.50 C 20260814 -1.00 -1.00 2 2 1.2927 0.3941 0.003310
600.00 C 20260814 -1.00 -1.00 60 165 1.2691 0.3840 0.003333
602.50 C 20260814 -1.00 -1.00 1 1 1.2825 0.3790 0.003278
605.00 C 20260814 -1.00 -1.00 3 31 1.2748 0.3709 0.003267
607.50 C 20260814 -1.00 -1.00 -1 0 1.2799 0.3648 0.003230
610.00 C 20260814 -1.00 -1.00 20 28 1.2610 0.3548 0.003239
612.50 C 20260814 -1.00 -1.00 1 0 1.2609 0.3477 0.003212
615.00 C 20260814 -1.00 -1.00 1 15 1.2742 0.3431 0.003160
617.50 C 20260814 -1.00 -1.00 4 2 1.2614 0.3338 0.003156
620.00 C 20260814 -1.00 -1.00 8 73 1.2568 0.3259 0.003136
622.50 C 20260814 -1.00 -1.00 1 0 1.2655 0.3206 0.003094
625.00 C 20260814 -1.00 -1.00 3 20 1.2639 0.3132 0.003069
630.00 C 20260814 -1.00 -1.00 7 40 1.2747 0.3015 0.002998
635.00 C 20260814 -1.00 -1.00 11 19 1.2773 0.2883 0.002940
640.00 C 20260814 -1.00 -1.00 195 36 1.2799 0.2750 0.002883
645.00 C 20260814 -1.00 -1.00 2 15 1.2871 0.2633 0.002819
650.00 C 20260814 -1.00 -1.00 80 132 1.2766 0.2511 0.002757
655.00 C 20260814 -1.00 -1.00 8 7 1.2747 0.2405 0.002686
660.00 C 20260814 -1.00 -1.00 12 100 1.2653 0.2282 0.002618
665.00 C 20260814 -1.00 -1.00 11 10 1.2663 0.2181 0.002544
670.00 C 20260814 -1.00 -1.00 12 6 1.2598 0.2063 0.002472
675.00 C 20260814 -1.00 -1.00 6 167 1.2645 0.1971 0.002397
680.00 C 20260814 -1.00 -1.00 7 32 1.2737 0.1891 0.002323
685.00 C 20260814 -1.00 -1.00 20 18 1.2673 0.1772 0.002249
690.00 C 20260814 -1.00 -1.00 5 23 1.2857 0.1719 0.002180
695.00 C 20260814 -1.00 -1.00 1 19 1.2884 0.1625 0.002109
700.00 C 20260814 -1.00 -1.00 71 150 1.2903 0.1546 0.002042
705.00 C 20260814 -1.00 -1.00 10 28 1.3171 0.1532 0.001985
710.00 C 20260814 -1.00 -1.00 3 14 1.2757 0.1388 0.001902
715.00 C 20260814 -1.00 -1.00 2 10 1.2780 0.1327 0.001835
720.00 C 20260814 -1.00 -1.00 1 38 1.2694 0.1243 0.001761
725.00 C 20260814 -1.00 -1.00 4 40 1.2704 0.1179 0.001694
730.00 C 20260814 -1.00 -1.00 2 59 1.2713 0.1115 0.001626
735.00 C 20260814 -1.00 -1.00 1 33 1.2735 0.1054 0.001561
740.00 C 20260814 -1.00 -1.00 1 69 1.2691 0.0978 0.001487
745.00 C 20260814 -1.00 -1.00 28 50 1.2986 0.0983 0.001459
750.00 C 20260814 -1.00 -1.00 18 149 1.2815 0.0877 0.001369
755.00 C 20260814 -1.00 -1.00 1 22 1.3002 0.0859 0.001331
760.00 C 20260814 -1.00 -1.00 4 10 1.3209 0.0846 0.001298
765.00 C 20260814 -1.00 -1.00 3 30 1.3480 0.0850 0.001276
770.00 C 20260814 -1.00 -1.00 1 23 1.2535 0.0669 0.001126
332.50 P 20260814 -1.00 -1.00 1 1 1.5031 -0.0154 0.000280
335.00 P 20260814 -1.00 -1.00 34 60 1.4973 -0.0163 0.000295
337.50 P 20260814 -1.00 -1.00 4 4 2.0375 -0.0510 0.000567
340.00 P 20260814 -1.00 -1.00 1 51 1.4693 -0.0173 0.000317
342.50 P 20260814 -1.00 -1.00 -1 0 1.4938 -0.0197 0.000350
345.00 P 20260814 -1.00 -1.00 12 26 1.9724 -0.0541 0.000612
347.50 P 20260814 -1.00 -1.00 45 27 1.9365 -0.0539 0.000622
350.00 P 20260814 -1.00 -1.00 29 59 1.5070 -0.0246 0.000421
352.50 P 20260814 -1.00 -1.00 -1 0 1.9087 -0.0574 0.000660
355.00 P 20260814 -1.00 -1.00 34 18 1.3447 -0.0181 0.000361
357.50 P 20260814 -1.00 -1.00 18 9 1.6300 -0.0410 0.000590
360.00 P 20260814 -1.00 -1.00 2 43 1.4301 -0.0267 0.000472
362.50 P 20260814 -1.00 -1.00 10 9 1.4387 -0.0298 0.000512
365.00 P 20260814 -1.00 -1.00 1 16 1.4306 -0.0314 0.000537
367.50 P 20260814 -1.00 -1.00 94 42 1.5621 -0.0446 0.000660
370.00 P 20260814 -1.00 -1.00 15 25 1.3896 -0.0323 0.000565
372.50 P 20260814 -1.00 -1.00 30 12 1.5728 -0.0497 0.000720
375.00 P 20260814 -1.00 -1.00 7 63 1.4290 -0.0406 0.000665
377.50 P 20260814 -1.00 -1.00 54 0 1.4439 -0.0441 0.000707
380.00 P 20260814 -1.00 -1.00 19 61 1.3983 -0.0426 0.000708
382.50 P 20260814 -1.00 -1.00 64 13 1.3258 -0.0382 0.000682
385.00 P 20260814 -1.00 -1.00 5 63 1.3577 -0.0437 0.000745
387.50 P 20260814 -1.00 -1.00 26 13 1.4521 -0.0546 0.000842
390.00 P 20260814 -1.00 -1.00 80 34 1.4547 -0.0587 0.000885
392.50 P 20260814 -1.00 -1.00 90 39 1.4575 -0.0629 0.000928
395.00 P 20260814 -1.00 -1.00 1 67 1.3488 -0.0527 0.000881
397.50 P 20260814 -1.00 -1.00 2 2 1.4140 -0.0649 0.000980
400.00 P 20260814 -1.00 -1.00 60 144 1.3642 -0.0620 0.000983
402.50 P 20260814 -1.00 -1.00 -1 0 1.4101 -0.0722 0.001063
405.00 P 20260814 -1.00 -1.00 6 24 1.3869 -0.0731 0.001092
407.50 P 20260814 -1.00 -1.00 5 5 1.4099 -0.0799 0.001150
410.00 P 20260814 -1.00 -1.00 12 60 1.3347 -0.0741 0.001147
412.50 P 20260814 -1.00 -1.00 36 1 1.3401 -0.0789 0.001198
415.00 P 20260814 -1.00 -1.00 12 22 1.3364 -0.0825 0.001244
417.50 P 20260814 -1.00 -1.00 -1 0 1.4008 -0.0945 0.001321
420.00 P 20260814 -1.00 -1.00 11 77 1.3327 -0.0902 0.001337
422.50 P 20260814 -1.00 -1.00 2 2 1.3344 -0.0946 0.001386
425.00 P 20260814 -1.00 -1.00 45 43 1.3290 -0.0980 0.001432
427.50 P 20260814 -1.00 -1.00 2 13 1.3113 -0.0999 0.001474
430.00 P 20260814 -1.00 -1.00 2 117 1.3254 -0.1058 0.001528
432.50 P 20260814 -1.00 -1.00 -1 0 1.3903 -0.1207 0.001590
435.00 P 20260814 -1.00 -1.00 2 94 1.3923 -0.1270 0.001641
437.50 P 20260814 -1.00 -1.00 1 1 1.2744 -0.1135 0.001673
440.00 P 20260814 -1.00 -1.00 2 145 1.3152 -0.1266 0.001734
442.50 P 20260814 -1.00 -1.00 30 49 1.3245 -0.1340 0.001787
445.00 P 20260814 -1.00 -1.00 4 43 1.3638 -0.1458 0.001834
447.50 P 20260814 -1.00 -1.00 6 6 1.3107 -0.1438 0.001892
450.00 P 20260814 -1.00 -1.00 44 115 1.3073 -0.1493 0.001945
452.50 P 20260814 -1.00 -1.00 10 8 1.3050 -0.1550 0.001999
455.00 P 20260814 -1.00 -1.00 2 51 1.3039 -0.1609 0.002052
457.50 P 20260814 -1.00 -1.00 4 2 1.3131 -0.1682 0.002102
460.00 P 20260814 -1.00 -1.00 51 221 1.3131 -0.1742 0.002154
462.50 P 20260814 -1.00 -1.00 -1 0 1.2996 -0.1784 0.002214
465.00 P 20260814 -1.00 -1.00 13 73 1.3154 -0.1864 0.002258
467.50 P 20260814 -1.00 -1.00 1 1 1.3154 -0.1924 0.002310
470.00 P 20260814 -1.00 -1.00 5 159 1.3144 -0.1988 0.002361
472.50 P 20260814 -1.00 -1.00 4 0 1.3093 -0.2056 0.002409
475.00 P 20260814 -1.00 -1.00 3 25 1.3119 -0.2136 0.002448
477.50 P 20260814 -1.00 -1.00 22 8 1.3060 -0.2203 0.002498
480.00 P 20260814 -1.00 -1.00 5 49 1.2959 -0.2266 0.002553
482.50 P 20260814 -1.00 -1.00 4 2 1.2917 -0.2337 0.002602
485.00 P 20260814 -1.00 -1.00 2 69 1.2901 -0.2412 0.002648
487.50 P 20260814 -1.00 -1.00 4 2 1.3324 -0.2536 0.002633
490.00 P 20260814 -1.00 -1.00 2 81 1.2862 -0.2561 0.002742
492.50 P 20260814 -1.00 -1.00 1 3 1.2871 -0.2639 0.002785
495.00 P 20260814 -1.00 -1.00 3 25 1.2889 -0.2718 0.002826
497.50 P 20260814 -1.00 -1.00 57 29 1.2874 -0.2793 0.002872
500.00 P 20260814 -1.00 -1.00 10 110 1.2883 -0.2871 0.002915
502.50 P 20260814 -1.00 -1.00 2 2 1.2934 -0.2952 0.002950
505.00 P 20260814 -1.00 -1.00 3 20 1.2951 -0.3029 0.002990
507.50 P 20260814 -1.00 -1.00 4 4 1.3010 -0.3110 0.003023
510.00 P 20260814 -1.00 -1.00 10 39 1.2973 -0.3188 0.003064
512.50 P 20260814 -1.00 -1.00 5 2 1.2924 -0.3269 0.003096
515.00 P 20260814 -1.00 -1.00 13 207 1.2896 -0.3351 0.003124
517.50 P 20260814 -1.00 -1.00 3 2 1.2833 -0.3432 0.003160
520.00 P 20260814 -1.00 -1.00 4 265 1.2813 -0.3516 0.003187
522.50 P 20260814 -1.00 -1.00 1 1 1.2771 -0.3599 0.003218
525.00 P 20260814 -1.00 -1.00 2 57 1.2808 -0.3686 0.003231
527.50 P 20260814 -1.00 -1.00 3 163 1.2711 -0.3768 0.003277
530.00 P 20260814 -1.00 -1.00 9 130 1.2705 -0.3854 0.003301
532.50 P 20260814 -1.00 -1.00 1 28 1.2735 -0.3940 0.003315
535.00 P 20260814 -1.00 -1.00 8 41 1.2736 -0.4025 0.003337
537.50 P 20260814 -1.00 -1.00 8 4 1.2731 -0.4111 0.003360
540.00 P 20260814 -1.00 -1.00 3 48 1.2858 -0.4196 0.003349
542.50 P 20260814 -1.00 -1.00 2 1 1.2643 -0.4283 0.003428
545.00 P 20260814 -1.00 -1.00 32 45 1.2693 -0.4369 0.003436
547.50 P 20260814 -1.00 -1.00 5 9 1.2778 -0.4453 0.003436
550.00 P 20260814 -1.00 -1.00 1 67 1.2854 -0.4536 0.003437
552.50 P 20260814 -1.00 -1.00 4 0 1.2805 -0.4621 0.003453
555.00 P 20260814 -1.00 -1.00 1 36 1.2749 -0.4705 0.003463
557.50 P 20260814 -1.00 -1.00 2 1 1.2727 -0.4789 0.003463
560.00 P 20260814 -1.00 -1.00 3 53 1.2664 -0.4875 0.003475
562.50 P 20260814 -1.00 -1.00 1 1 1.2588 -0.4962 0.003490
565.00 P 20260814 -1.00 -1.00 20 29 1.2601 -0.5045 0.003481
567.50 P 20260814 -1.00 -1.00 -1 0 1.2614 -0.5127 0.003472
570.00 P 20260814 -1.00 -1.00 5 23 1.2559 -0.5215 0.003482
572.50 P 20260814 -1.00 -1.00 -1 0 1.2565 -0.5298 0.003474
575.00 P 20260814 -1.00 -1.00 1 9 1.2605 -0.5378 0.003458
577.50 P 20260814 -1.00 -1.00 2 1 1.2590 -0.5463 0.003456
580.00 P 20260814 -1.00 -1.00 1 28 1.2489 -0.5558 0.003478
582.50 P 20260814 -1.00 -1.00 50 26 1.2394 -0.5653 0.003498
585.00 P 20260814 -1.00 -1.00 1 10 1.2353 -0.5743 0.003503
587.50 P 20260814 -1.00 -1.00 8 4 1.2393 -0.5823 0.003487
590.00 P 20260814 -1.00 -1.00 2 44 1.2392 -0.5908 0.003481
592.50 P 20260814 -1.00 -1.00 -1 0 1.2425 -0.5989 0.003467
595.00 P 20260814 -1.00 -1.00 1 26 1.2506 -0.6058 0.003433
597.50 P 20260814 -1.00 -1.00 5 0 1.2415 -0.6142 0.003426
600.00 P 20260814 -1.00 -1.00 21 53 1.2369 -0.6220 0.003407
602.50 P 20260814 -1.00 -1.00 10 0 1.2377 -0.6291 0.003377
605.00 P 20260814 -1.00 -1.00 12 7 1.2324 -0.6371 0.003359
607.50 P 20260814 -1.00 -1.00 -1 0 1.2286 -0.6449 0.003338
610.00 P 20260814 -1.00 -1.00 1 17 1.2421 -0.6498 0.003282
612.50 P 20260814 -1.00 -1.00 -1 0 1.2219 -0.6606 0.003293
615.00 P 20260814 -1.00 -1.00 14 7 1.2271 -0.6669 0.003253
617.50 P 20260814 -1.00 -1.00 -1 0 1.2189 -0.6758 0.003239
620.00 P 20260814 -1.00 -1.00 2 32 1.2241 -0.6820 0.003200
622.50 P 20260814 -1.00 -1.00 -1 0 1.2233 -0.6894 0.003172
625.00 P 20260814 -1.00 -1.00 1 2 1.2285 -0.6956 0.003134
630.00 P 20260814 -1.00 -1.00 14 15 1.2329 -0.7091 0.003069
635.00 P 20260814 -1.00 -1.00 2 9 1.2379 -0.7223 0.003004
640.00 P 20260814 -1.00 -1.00 4 8 1.2313 -0.7383 0.002954
645.00 P 20260814 -1.00 -1.00 1 5 1.1878 -0.7581 0.002914
650.00 P 20260814 -1.00 -1.00 3 17 1.1816 -0.7706 0.002834
655.00 P 20260814 -1.00 -1.00 -1 0 1.1783 -0.7825 0.002750
660.00 P 20260814 -1.00 -1.00 7 6 1.1872 -0.7915 0.002661
665.00 P 20260814 -1.00 -1.00 1 1 1.1726 -0.8064 0.002579
670.00 P 20260814 -1.00 -1.00 1 1 1.1870 -0.8138 0.002492
675.00 P 20260814 -1.00 -1.00 2 3 1.1948 -0.8228 0.002407
680.00 P 20260814 -1.00 -1.00 1 1 1.1987 -0.8327 0.002325
685.00 P 20260814 -1.00 -1.00 2 16 1.1747 -0.8491 0.002233
690.00 P 20260814 -1.00 -1.00 1 3 1.1802 -0.8552 0.002155
695.00 P 20260814 -1.00 -1.00 2 1 1.1720 -0.8642 0.002070
700.00 P 20260814 -1.00 -1.00 1 0 1.1541 -0.8756 0.001973
705.00 P 20260814 -1.00 -1.00 50 25 1.1582 -0.8820 0.001893
710.00 P 20260814 -1.00 -1.00 8 4 1.1472 -0.8922 0.001796
715.00 P 20260814 -1.00 -1.00 1 1 1.1457 -0.9001 0.001709
720.00 P 20260814 -1.00 -1.00 -1 0 1.1619 -0.9033 0.001648
725.00 P 20260814 -1.00 -1.00 -1 0 1.1615 -0.9108 0.001564
730.00 P 20260814 -1.00 -1.00 1 1 1.1732 -0.9150 0.001501
735.00 P 20260814 -1.00 -1.00 1 1 1.1780 -0.9203 0.001433
740.00 P 20260814 -1.00 -1.00 -1 0 1.1084 -0.9365 0.001278
745.00 P 20260814 -1.00 -1.00 -1 0 1.1785 -0.9284 0.001316
750.00 P 20260814 -1.00 -1.00 1 1 1.1066 -0.9456 0.001139
755.00 P 20260814 -1.00 -1.00 -1 0 1.0709 -0.9575 0.000992
760.00 P 20260814 -1.00 -1.00 -1 0 1.1157 -0.9526 0.001024
765.00 P 20260814 -1.00 -1.00 -1 0 1.0862 -0.9633 0.000885
770.00 P 20260814 -1.00 -1.00 -1 0 1.1020 -0.9643 0.000856
340.00 C 20260821 -1.00 -1.00 1 25 1.4913 0.9535 0.000554
350.00 C 20260821 -1.00 -1.00 1 27 1.4984 0.9423 0.000649
360.00 C 20260821 -1.00 -1.00 2 13 1.4535 0.9354 0.000729
370.00 C 20260821 -1.00 -1.00 3 34 1.4188 0.9271 0.000819
380.00 C 20260821 -1.00 -1.00 5 76 1.4142 0.9152 0.000926
390.00 C 20260821 -1.00 -1.00 6 99 1.3967 0.9045 0.001032
395.00 C 20260821 -1.00 -1.00 -1 0 1.3582 0.9022 0.001082
400.00 C 20260821 -1.00 -1.00 1 44 1.3733 0.8928 0.001144
405.00 C 20260821 -1.00 -1.00 -1 0 1.3193 0.8919 0.001198
410.00 C 20260821 -1.00 -1.00 1 58 1.3210 0.8822 0.001264
415.00 C 20260821 -1.00 -1.00 2 1 1.3190 0.8731 0.001329
420.00 C 20260821 -1.00 -1.00 4 337 1.3143 0.8644 0.001394
425.00 C 20260821 -1.00 -1.00 2 48 1.2593 0.8627 0.001467
430.00 C 20260821 -1.00 -1.00 2 81 1.2723 0.8511 0.001536
435.00 C 20260821 -1.00 -1.00 1 1 1.2779 0.8406 0.001603
440.00 C 20260821 -1.00 -1.00 1 339 1.2627 0.8328 0.001678
442.50 C 20260821 -1.00 -1.00 5 17 1.2583 0.8285 0.001716
445.00 C 20260821 -1.00 -1.00 1 5 1.2531 0.8242 0.001754
447.50 C 20260821 -1.00 -1.00 5 11 1.2613 0.8183 0.001785
450.00 C 20260821 -1.00 -1.00 11 359 1.2596 0.8136 0.001821
452.50 C 20260821 -1.00 -1.00 18 23 1.2358 0.8114 0.001872
455.00 C 20260821 -1.00 -1.00 6 33 1.2579 0.8022 0.001883
457.50 C 20260821 -1.00 -1.00 1 1 1.2519 0.7969 0.001918
460.00 C 20260821 -1.00 -1.00 35 606 1.2532 0.7906 0.001945
462.50 C 20260821 -1.00 -1.00 8 6 1.2332 0.7870 0.001994
465.00 C 20260821 -1.00 -1.00 1 3 1.1945 0.7860 0.002065
467.50 C 20260821 -1.00 -1.00 6 3 1.1847 0.7809 0.002108
470.00 C 20260821 -1.00 -1.00 2 132 1.1955 0.7730 0.002127
472.50 C 20260821 -1.00 -1.00 2 2 1.1858 0.7678 0.002171
475.00 C 20260821 -1.00 -1.00 3 4 1.1833 0.7616 0.002206
477.50 C 20260821 -1.00 -1.00 2 3 1.1664 0.7571 0.002260
480.00 C 20260821 -1.00 -1.00 4 220 1.1837 0.7486 0.002269
482.50 C 20260821 -1.00 -1.00 1 2 1.1780 0.7427 0.002310
485.00 C 20260821 -1.00 -1.00 13 7 1.1750 0.7365 0.002347
487.50 C 20260821 -1.00 -1.00 1 1 1.1967 0.7279 0.002346
490.00 C 20260821 -1.00 -1.00 2 228 1.1631 0.7246 0.002430
495.00 C 20260821 -1.00 -1.00 1 7 1.1810 0.7099 0.002467
500.00 C 20260821 -1.00 -1.00 434 661 1.1622 0.6983 0.002565
505.00 C 20260821 -1.00 -1.00 3 9 1.1939 0.6822 0.002547
510.00 C 20260821 -1.00 -1.00 402 112 1.1481 0.6709 0.002678
515.00 C 20260821 -1.00 -1.00 17 16 1.1441 0.6565 0.002721
520.00 C 20260821 -1.00 -1.00 3 200 1.1391 0.6420 0.002767
525.00 C 20260821 -1.00 -1.00 2 58 1.1468 0.6271 0.002783
530.00 C 20260821 -1.00 -1.00 20 304 1.1402 0.6126 0.002833
535.00 C 20260821 -1.00 -1.00 1 88 1.1445 0.5979 0.002857
540.00 C 20260821 -1.00 -1.00 10 213 1.1412 0.5832 0.002900
545.00 C 20260821 -1.00 -1.00 15 229 1.1492 0.5687 0.002913
547.50 C 20260821 -1.00 -1.00 3 16 1.1467 0.5613 0.002937
550.00 C 20260821 -1.00 -1.00 82 567 1.1512 0.5542 0.002942
552.50 C 20260821 -1.00 -1.00 5 20 1.1510 0.5471 0.002946
555.00 C 20260821 -1.00 -1.00 21 123 1.1452 0.5398 0.002958
560.00 C 20260821 -1.00 -1.00 12 216 1.1416 0.5255 0.002962
565.00 C 20260821 -1.00 -1.00 5 8 1.1381 0.5112 0.002965
570.00 C 20260821 -1.00 -1.00 118 188 1.1383 0.4971 0.002958
575.00 C 20260821 -1.00 -1.00 35 66 1.1369 0.4828 0.002956
580.00 C 20260821 -1.00 -1.00 42 291 1.1303 0.4679 0.002966
585.00 C 20260821 -1.00 -1.00 2 29 1.1481 0.4560 0.002915
590.00 C 20260821 -1.00 -1.00 36 4838 1.1394 0.4408 0.002931
595.00 C 20260821 -1.00 -1.00 103 155 1.1503 0.4284 0.002898
600.00 C 20260821 -1.00 -1.00 70 1339 1.1606 0.4161 0.002868
605.00 C 20260821 -1.00 -1.00 17 307 1.1432 0.4001 0.002891
610.00 C 20260821 -1.00 -1.00 14 837 1.1482 0.3891 0.002843
620.00 C 20260821 -1.00 -1.00 1 744 1.1338 0.3629 0.002796
630.00 C 20260821 -1.00 -1.00 17 1311 1.1243 0.3371 0.002735
640.00 C 20260821 -1.00 -1.00 12 2272 1.1285 0.3141 0.002651
650.00 C 20260821 -1.00 -1.00 92 549 1.1253 0.2894 0.002578
660.00 C 20260821 -1.00 -1.00 1 337 1.1532 0.2732 0.002465
670.00 C 20260821 -1.00 -1.00 7 133 1.1425 0.2530 0.002376
680.00 C 20260821 -1.00 -1.00 17 215 1.1335 0.2334 0.002278
690.00 C 20260821 -1.00 -1.00 1 175 1.1339 0.2161 0.002173
700.00 C 20260821 -1.00 -1.00 53 727 1.1371 0.1996 0.002068
710.00 C 20260821 -1.00 -1.00 4 533 1.1410 0.1834 0.001964
720.00 C 20260821 -1.00 -1.00 4 177 1.1538 0.1701 0.001864
730.00 C 20260821 -1.00 -1.00 9 67 1.1466 0.1548 0.001765
740.00 C 20260821 -1.00 -1.00 5 168 1.1439 0.1432 0.001668
750.00 C 20260821 -1.00 -1.00 27 813 1.1361 0.1303 0.001566
760.00 C 20260821 -1.00 -1.00 4 326 1.1597 0.1252 0.001490
770.00 C 20260821 -1.00 -1.00 1 178 1.1410 0.1094 0.001377
340.00 P 20260821 -1.00 -1.00 63 281 1.2776 -0.0286 0.000430
350.00 P 20260821 -1.00 -1.00 204 891 1.2725 -0.0364 0.000525
360.00 P 20260821 -1.00 -1.00 24 419 1.2433 -0.0420 0.000607
370.00 P 20260821 -1.00 -1.00 20 534 1.2535 -0.0513 0.000716
380.00 P 20260821 -1.00 -1.00 25 801 1.2253 -0.0608 0.000829
390.00 P 20260821 -1.00 -1.00 22 2273 1.2056 -0.0721 0.000957
395.00 P 20260821 -1.00 -1.00 3 65 1.2003 -0.0785 0.001026
400.00 P 20260821 -1.00 -1.00 32 1309 1.1992 -0.0855 0.001098
405.00 P 20260821 -1.00 -1.00 5 22 1.1968 -0.0923 0.001170
410.00 P 20260821 -1.00 -1.00 12 329 1.1944 -0.0991 0.001242
415.00 P 20260821 -1.00 -1.00 1 21 1.1999 -0.1076 0.001317
420.00 P 20260821 -1.00 -1.00 96 323 1.1898 -0.1160 0.001393
425.00 P 20260821 -1.00 -1.00 50 76 1.1770 -0.1242 0.001471
430.00 P 20260821 -1.00 -1.00 37 481 1.1681 -0.1331 0.001551
435.00 P 20260821 -1.00 -1.00 2 29 1.1665 -0.1433 0.001632
440.00 P 20260821 -1.00 -1.00 42 401 1.1675 -0.1540 0.001713
442.50 P 20260821 -1.00 -1.00 1 19 1.1672 -0.1592 0.001754
445.00 P 20260821 -1.00 -1.00 6 46 1.1570 -0.1629 0.001798
447.50 P 20260821 -1.00 -1.00 3 18 1.1674 -0.1697 0.001835
450.00 P 20260821 -1.00 -1.00 25 2494 1.1599 -0.1739 0.001879
452.50 P 20260821 -1.00 -1.00 2 8 1.1711 -0.1807 0.001914
455.00 P 20260821 -1.00 -1.00 3 63 1.1716 -0.1860 0.001954
457.50 P 20260821 -1.00 -1.00 1 6 1.1693 -0.1910 0.001996
460.00 P 20260821 -1.00 -1.00 16 1315 1.1640 -0.1967 0.002035
462.50 P 20260821 -1.00 -1.00 10 46 1.1597 -0.2026 0.002073
465.00 P 20260821 -1.00 -1.00 5 56 1.1534 -0.2083 0.002113
467.50 P 20260821 -1.00 -1.00 1 57 1.1524 -0.2148 0.002147
470.00 P 20260821 -1.00 -1.00 5 610 1.1515 -0.2213 0.002182
472.50 P 20260821 -1.00 -1.00 4 94 1.1512 -0.2279 0.002216
475.00 P 20260821 -1.00 -1.00 4 106 1.1417 -0.2333 0.002263
477.50 P 20260821 -1.00 -1.00 2 29 1.1415 -0.2400 0.002297
480.00 P 20260821 -1.00 -1.00 9 355 1.1413 -0.2467 0.002332
482.50 P 20260821 -1.00 -1.00 1 9 1.1404 -0.2533 0.002367
485.00 P 20260821 -1.00 -1.00 2 55 1.1421 -0.2602 0.002399
487.50 P 20260821 -1.00 -1.00 7 44 1.1399 -0.2667 0.002437
490.00 P 20260821 -1.00 -1.00 16 270 1.1442 -0.2738 0.002464
495.00 P 20260821 -1.00 -1.00 3 10 1.1444 -0.2872 0.002533
500.00 P 20260821 -1.00 -1.00 15 1441 1.1541 -0.3014 0.002583
505.00 P 20260821 -1.00 -1.00 2 26 1.1544 -0.3154 0.002635
510.00 P 20260821 -1.00 -1.00 14 231 1.1444 -0.3293 0.002691
515.00 P 20260821 -1.00 -1.00 1 142 1.1352 -0.3435 0.002746
520.00 P 20260821 -1.00 -1.00 3 178 1.1342 -0.3582 0.002783
525.00 P 20260821 -1.00 -1.00 1 66 1.1344 -0.3730 0.002818
530.00 P 20260821 -1.00 -1.00 3 313 1.1362 -0.3879 0.002848
535.00 P 20260821 -1.00 -1.00 1 24 1.1374 -0.4026 0.002880
540.00 P 20260821 -1.00 -1.00 5 396 1.1419 -0.4173 0.002904
545.00 P 20260821 -1.00 -1.00 15 41 1.1398 -0.4321 0.002944
547.50 P 20260821 -1.00 -1.00 2 6 1.1455 -0.4393 0.002947
550.00 P 20260821 -1.00 -1.00 2 376 1.1510 -0.4465 0.002950
552.50 P 20260821 -1.00 -1.00 10 10 1.1446 -0.4539 0.002969
555.00 P 20260821 -1.00 -1.00 15 35 1.1395 -0.4612 0.002980
560.00 P 20260821 -1.00 -1.00 5 260 1.1371 -0.4755 0.002980
565.00 P 20260821 -1.00 -1.00 1 10 1.1317 -0.4900 0.002988
570.00 P 20260821 -1.00 -1.00 6 78 1.1252 -0.5048 0.002999
575.00 P 20260821 -1.00 -1.00 1 1 1.1256 -0.5191 0.002992
580.00 P 20260821 -1.00 -1.00 5 416 1.1301 -0.5329 0.002975
585.00 P 20260821 -1.00 -1.00 2 3 1.1237 -0.5480 0.002985
590.00 P 20260821 -1.00 -1.00 12 115 1.1322 -0.5611 0.002957
595.00 P 20260821 -1.00 -1.00 2 3 1.1346 -0.5750 0.002946
600.00 P 20260821 -1.00 -1.00 6 418 1.1357 -0.5890 0.002937
605.00 P 20260821 -1.00 -1.00 1 1 1.1400 -0.6015 0.002906
610.00 P 20260821 -1.00 -1.00 1 36 1.1376 -0.6137 0.002873
620.00 P 20260821 -1.00 -1.00 4 126 1.1271 -0.6395 0.002818
630.00 P 20260821 -1.00 -1.00 5 118 1.1099 -0.6673 0.002771
640.00 P 20260821 -1.00 -1.00 3 230 1.1144 -0.6907 0.002684
650.00 P 20260821 -1.00 -1.00 4 271 1.0956 -0.7202 0.002633
660.00 P 20260821 -1.00 -1.00 10 98 1.0762 -0.7454 0.002557
670.00 P 20260821 -1.00 -1.00 11 95 1.0982 -0.7584 0.002424
680.00 P 20260821 -1.00 -1.00 10 80 1.0963 -0.7771 0.002314
690.00 P 20260821 -1.00 -1.00 2 31 1.0666 -0.8041 0.002208
700.00 P 20260821 -1.00 -1.00 2 87 1.0858 -0.8168 0.002090
710.00 P 20260821 -1.00 -1.00 1 34 1.0666 -0.8417 0.001969
720.00 P 20260821 -1.00 -1.00 1 55 1.0671 -0.8538 0.001857
730.00 P 20260821 -1.00 -1.00 1 49 1.0548 -0.8690 0.001737
740.00 P 20260821 -1.00 -1.00 1 83 1.0351 -0.8869 0.001602
750.00 P 20260821 -1.00 -1.00 5 58 1.0390 -0.8983 0.001489
760.00 P 20260821 -1.00 -1.00 5 64 1.0476 -0.9082 0.001384
770.00 P 20260821 -1.00 -1.00 2 18 1.0285 -0.9231 0.001252
230.00 C 20260807 -1.00 -1.00 2 1 -1.0000 -1.0000 -1.000000
240.00 C 20260807 -1.00 -1.00 -1 0 4.9971 0.9795 0.000194
280.00 C 20260807 -1.00 -1.00 -1 0 4.2966 0.9713 0.000297
290.00 C 20260807 -1.00 -1.00 3 3 3.7474 0.9799 0.000256
300.00 C 20260807 -1.00 -1.00 1 4 4.0272 0.9653 0.000371
302.50 C 20260807 -1.00 -1.00 -1 0 3.8099 0.9696 0.000351
305.00 C 20260807 -1.00 -1.00 -1 0 3.7705 0.9691 0.000360
307.50 C 20260807 -1.00 -1.00 -1 0 3.7833 0.9670 0.000379
310.00 C 20260807 -1.00 -1.00 -1 0 3.7831 0.9653 0.000395
312.50 C 20260807 -1.00 -1.00 -1 0 3.6928 0.9662 0.000396
315.00 C 20260807 -1.00 -1.00 -1 0 3.4882 0.9710 0.000369
317.50 C 20260807 -1.00 -1.00 -1 0 3.5783 0.9662 0.000408
320.00 C 20260807 -1.00 -1.00 -1 0 3.5409 0.9656 0.000419
322.50 C 20260807 -1.00 -1.00 -1 0 3.3584 0.9699 0.000395
325.00 C 20260807 -1.00 -1.00 -1 0 3.4794 0.9639 0.000444
327.50 C 20260807 -1.00 -1.00 -1 0 3.3926 0.9649 0.000444
330.00 C 20260807 -1.00 -1.00 1 1 3.4251 0.9620 0.000471
230.00 P 20260807 -1.00 -1.00 46 21 3.1434 -0.0006 0.000013
240.00 P 20260807 -1.00 -1.00 18 13 4.5398 -0.0141 0.000154
280.00 P 20260807 -1.00 -1.00 447 287 2.8679 -0.0031 0.000064
290.00 P 20260807 -1.00 -1.00 1939 58 2.3762 -0.0009 0.000026
300.00 P 20260807 -1.00 -1.00 181 207 2.4557 -0.0023 0.000057
302.50 P 20260807 -1.00 -1.00 17 1 2.5551 -0.0035 0.000079
305.00 P 20260807 -1.00 -1.00 82 3 2.4115 -0.0025 0.000062
307.50 P 20260807 -1.00 -1.00 92 31 2.3649 -0.0024 0.000061
310.00 P 20260807 -1.00 -1.00 245 153 2.2364 -0.0018 0.000049
312.50 P 20260807 -1.00 -1.00 14 8 2.4117 -0.0035 0.000084
315.00 P 20260807 -1.00 -1.00 25 0 2.4151 -0.0041 0.000097
317.50 P 20260807 -1.00 -1.00 -1 0 3.3901 -0.0275 0.000364
320.00 P 20260807 -1.00 -1.00 140 116 2.8227 -0.0133 0.000234
322.50 P 20260807 -1.00 -1.00 21 0 2.0931 -0.0019 0.000055
325.00 P 20260807 -1.00 -1.00 1 3 2.9231 -0.0181 0.000297
327.50 P 20260807 -1.00 -1.00 2 26 2.0214 -0.0018 0.000055
330.00 P 20260807 -1.00 -1.00 144 245 2.1571 -0.0032 0.000087
230.00 C 20260814 -1.00 -1.00 -1 0 2.9299 0.9802 0.000179
240.00 C 20260814 -1.00 -1.00 -1 0 2.8875 0.9762 0.000211
250.00 C 20260814 -1.00 -1.00 -1 0 2.7408 0.9757 0.000226
260.00 C 20260814 -1.00 -1.00 -1 0 2.6122 0.9747 0.000245
270.00 C 20260814 -1.00 -1.00 -1 0 2.5238 0.9723 0.000274
280.00 C 20260814 -1.00 -1.00 -1 0 2.3393 0.9741 0.000279
290.00 C 20260814 -1.00 -1.00 13 7 2.2329 0.9728 0.000305
300.00 C 20260814 -1.00 -1.00 3 3 2.1856 0.9685 0.000352
302.50 C 20260814 -1.00 -1.00 -1 0 2.1740 0.9674 0.000364
305.00 C 20260814 -1.00 -1.00 -1 0 2.0712 0.9711 0.000346
307.50 C 20260814 -1.00 -1.00 -1 0 2.1402 0.9657 0.000386
310.00 C 20260814 -1.00 -1.00 -1 0 2.0747 0.9674 0.000381
312.50 C 20260814 -1.00 -1.00 -1 0 2.0926 0.9647 0.000404
315.00 C 20260814 -1.00 -1.00 -1 0 1.9345 0.9719 0.000362
317.50 C 20260814 -1.00 -1.00 -1 0 1.9814 0.9673 0.000400
320.00 C 20260814 -1.00 -1.00 -1 0 1.9603 0.9667 0.000411
322.50 C 20260814 -1.00 -1.00 -1 0 1.8969 0.9687 0.000403
325.00 C 20260814 -1.00 -1.00 -1 0 1.9081 0.9662 0.000428
327.50 C 20260814 -1.00 -1.00 -1 0 1.9508 0.9618 0.000464
330.00 C 20260814 -1.00 -1.00 7 4 1.8287 0.9674 0.000433
230.00 P 20260814 -1.00 -1.00 2 12 2.9050 -0.0189 0.000174
240.00 P 20260814 -1.00 -1.00 4 11 2.7899 -0.0204 0.000193
250.00 P 20260814 -1.00 -1.00 10 11 2.2316 -0.0096 0.000125
260.00 P 20260814 -1.00 -1.00 103 81 1.7854 -0.0031 0.000058
270.00 P 20260814 -1.00 -1.00 58 32 2.4028 -0.0225 0.000243
280.00 P 20260814 -1.00 -1.00 2 5 1.9285 -0.0109 0.000162
290.00 P 20260814 -1.00 -1.00 5 13 2.5328 -0.0402 0.000375
300.00 P 20260814 -1.00 -1.00 4 50 1.6725 -0.0088 0.000156
302.50 P 20260814 -1.00 -1.00 198 72 1.7988 -0.0151 0.000230
305.00 P 20260814 -1.00 -1.00 2 1 1.7609 -0.0147 0.000229
307.50 P 20260814 -1.00 -1.00 2 1 1.6000 -0.0087 0.000162
310.00 P 20260814 -1.00 -1.00 60 94 1.6008 -0.0099 0.000179
312.50 P 20260814 -1.00 -1.00 14 3 1.6462 -0.0131 0.000221
315.00 P 20260814 -1.00 -1.00 -1 0 1.7642 -0.0190 0.000287
317.50 P 20260814 -1.00 -1.00 1 1 1.6046 -0.0134 0.000232
320.00 P 20260814 -1.00 -1.00 2 21 1.5812 -0.0134 0.000236
322.50 P 20260814 -1.00 -1.00 1 1 1.5636 -0.0137 0.000243
325.00 P 20260814 -1.00 -1.00 2 2 2.2050 -0.0504 0.000519
327.50 P 20260814 -1.00 -1.00 4 2 1.6623 -0.0203 0.000324
330.00 P 20260814 -1.00 -1.00 4 18 1.4769 -0.0129 0.000244
230.00 C 20260821 -1.00 -1.00 1 5 2.2759 0.9794 0.000183
240.00 C 20260821 -1.00 -1.00 1 6 2.2068 0.9769 0.000207
250.00 C 20260821 -1.00 -1.00 1 19 2.0808 0.9771 0.000218
260.00 C 20260821 -1.00 -1.00 1 3 2.0770 0.9715 0.000262
270.00 C 20260821 -1.00 -1.00 1 12 1.9526 0.9718 0.000276
280.00 C 20260821 -1.00 -1.00 2 1 1.8478 0.9714 0.000295
290.00 C 20260821 -1.00 -1.00 13 18 1.7962 0.9681 0.000333
300.00 C 20260821 -1.00 -1.00 3 18 1.7037 0.9672 0.000359
310.00 C 20260821 -1.00 -1.00 2 8 1.6536 0.9637 0.000403
320.00 C 20260821 -1.00 -1.00 1 14 1.6134 0.9595 0.000454
330.00 C 20260821 -1.00 -1.00 1 6 1.5691 0.9555 0.000507
230.00 P 20260821 -1.00 -1.00 6 50 1.8843 -0.0086 0.000104
240.00 P 20260821 -1.00 -1.00 1 521 1.7977 -0.0090 0.000113
250.00 P 20260821 -1.00 -1.00 5 927 1.6961 -0.0088 0.000117
260.00 P 20260821 -1.00 -1.00 2 88 1.6354 -0.0099 0.000135
270.00 P 20260821 -1.00 -1.00 12 23 1.4686 -0.0071 0.000113
280.00 P 20260821 -1.00 -1.00 33 4689 1.4159 -0.0078 0.000127
290.00 P 20260821 -1.00 -1.00 25 124 1.3659 -0.0090 0.000149
300.00 P 20260821 -1.00 -1.00 73 7130 1.3324 -0.0113 0.000186
310.00 P 20260821 -1.00 -1.00 106 516 1.3381 -0.0158 0.000247
320.00 P 20260821 -1.00 -1.00 22 318 1.3314 -0.0196 0.000302
330.00 P 20260821 -1.00 -1.00 66 149 1.3101 -0.0236 0.000359
775.00 C 20260807 -1.00 -1.00 1 37 2.0128 0.0389 0.000823
780.00 C 20260807 -1.00 -1.00 1 15 2.2251 0.0572 0.001002
785.00 C 20260807 -1.00 -1.00 2 20 2.2497 0.0559 0.000972
790.00 C 20260807 -1.00 -1.00 2 22 2.2495 0.0522 0.000921
795.00 C 20260807 -1.00 -1.00 2 27 2.2293 0.0464 0.000849
800.00 C 20260807 -1.00 -1.00 601 1393 1.8820 0.0193 0.000483
810.00 C 20260807 -1.00 -1.00 12 130 1.9664 0.0209 0.000494
820.00 C 20260807 -1.00 -1.00 2 82 1.7732 0.0093 0.000271
830.00 C 20260807 -1.00 -1.00 4 85 2.0297 0.0170 0.000406
840.00 C 20260807 -1.00 -1.00 4 179 2.2029 0.0245 0.000505
850.00 C 20260807 -1.00 -1.00 23 53 1.8365 0.0059 0.000177
860.00 C 20260807 -1.00 -1.00 310 35 2.0492 0.0117 0.000287
870.00 C 20260807 -1.00 -1.00 77 84 1.9072 0.0051 0.000151
880.00 C 20260807 -1.00 -1.00 2089 92 2.0488 0.0083 0.000213
775.00 P 20260807 -1.00 -1.00 -1 0 -1.0000 -1.0000 -1.000000
780.00 P 20260807 -1.00 -1.00 -1 0 -1.0000 -1.0000 -1.000000
785.00 P 20260807 -1.00 -1.00 1 0 -1.0000 -1.0000 -1.000000
790.00 P 20260807 -1.00 -1.00 -1 0 -1.0000 -1.0000 -1.000000
795.00 P 20260807 -1.00 -1.00 -1 0 -1.0000 -1.0000 -1.000000
800.00 P 20260807 -1.00 -1.00 1 1 -1.0000 -1.0000 -1.000000
810.00 P 20260807 -1.00 -1.00 -1 0 -1.0000 -1.0000 -1.000000
820.00 P 20260807 -1.00 -1.00 -1 0 -1.0000 -1.0000 -1.000000
830.00 P 20260807 -1.00 -1.00 -1 0 -1.0000 -1.0000 -1.000000
840.00 P 20260807 -1.00 -1.00 -1 0 -1.0000 -1.0000 -1.000000
850.00 P 20260807 -1.00 -1.00 -1 0 -1.0000 -1.0000 -1.000000
860.00 P 20260807 -1.00 -1.00 -1 0 -1.0000 -1.0000 -1.000000
870.00 P 20260807 -1.00 -1.00 -1 0 -1.0000 -1.0000 -1.000000
880.00 P 20260807 -1.00 -1.00 -1 0 -1.0000 -1.0000 -1.000000
775.00 C 20260814 -1.00 -1.00 2 41 1.2037 0.0545 0.000995
780.00 C 20260814 -1.00 -1.00 2 13 1.1721 0.0446 0.000875
785.00 C 20260814 -1.00 -1.00 1 18 1.3076 0.0648 0.001051
790.00 C 20260814 -1.00 -1.00 1 36 1.1899 0.0400 0.000796
795.00 C 20260814 -1.00 -1.00 2 5 1.2855 0.0539 0.000924
800.00 C 20260814 -1.00 -1.00 8 28 1.2668 0.0469 0.000842
810.00 C 20260814 -1.00 -1.00 7 105 1.2768 0.0414 0.000761
820.00 C 20260814 -1.00 -1.00 6 36 1.4103 0.0575 0.000885
830.00 C 20260814 -1.00 -1.00 10 65 1.4127 0.0514 0.000810
840.00 C 20260814 -1.00 -1.00 1 60 1.2111 0.0225 0.000477
850.00 C 20260814 -1.00 -1.00 146 32 1.2229 0.0201 0.000431
860.00 C 20260814 -1.00 -1.00 2 20 1.2965 0.0247 0.000482
870.00 C 20260814 -1.00 -1.00 27 61 1.3270 0.0246 0.000468
880.00 C 20260814 -1.00 -1.00 16 33 1.3463 0.0233 0.000441
775.00 P 20260814 -1.00 -1.00 -1 0 0.9945 -0.9801 0.000630
780.00 P 20260814 -1.00 -1.00 -1 0 1.1027 -0.9687 0.000773
785.00 P 20260814 -1.00 -1.00 -1 0 1.0610 -0.9760 0.000668
790.00 P 20260814 -1.00 -1.00 -1 0 0.9927 -0.9879 0.000476
795.00 P 20260814 -1.00 -1.00 -1 0 0.8910 -0.9975 0.000221
800.00 P 20260814 -1.00 -1.00 -1 0 -1.0000 -1.0000 -1.000000
810.00 P 20260814 -1.00 -1.00 -1 0 -1.0000 -1.0000 -1.000000
820.00 P 20260814 -1.00 -1.00 1 1 -1.0000 -1.0000 -1.000000
830.00 P 20260814 -1.00 -1.00 -1 0 -1.0000 -1.0000 -1.000000
840.00 P 20260814 -1.00 -1.00 -1 0 -1.0000 -1.0000 -1.000000
850.00 P 20260814 -1.00 -1.00 1 0 -1.0000 -1.0000 -1.000000
860.00 P 20260814 -1.00 -1.00 -1 0 -1.0000 -1.0000 -1.000000
870.00 P 20260814 -1.00 -1.00 -1 0 -1.0000 -1.0000 -1.000000
880.00 P 20260814 -1.00 -1.00 -1 0 -1.0000 -1.0000 -1.000000
780.00 C 20260821 -1.00 -1.00 1 194 1.1274 0.0948 0.001264
790.00 C 20260821 -1.00 -1.00 1 126 1.1842 0.0998 0.001245
800.00 C 20260821 -1.00 -1.00 99 660 1.1540 0.0833 0.001126
810.00 C 20260821 -1.00 -1.00 3 37 1.1512 0.0767 0.001054
820.00 C 20260821 -1.00 -1.00 2 548 1.1417 0.0689 0.000973
830.00 C 20260821 -1.00 -1.00 6 54 1.1340 0.0613 0.000891
840.00 C 20260821 -1.00 -1.00 11 82 1.0723 0.0418 0.000704
850.00 C 20260821 -1.00 -1.00 112 505 1.1433 0.0508 0.000765
860.00 C 20260821 -1.00 -1.00 1 23 1.1645 0.0492 0.000732
870.00 C 20260821 -1.00 -1.00 1 91 1.0941 0.0341 0.000579
880.00 C 20260821 -1.00 -1.00 1 88 1.0481 0.0250 0.000464
780.00 P 20260821 -1.00 -1.00 4 13 0.9960 -0.9373 0.001114
790.00 P 20260821 -1.00 -1.00 1 18 1.0271 -0.9379 0.001072
800.00 P 20260821 -1.00 -1.00 10 21 0.9676 -0.9592 0.000860
810.00 P 20260821 -1.00 -1.00 -1 0 0.9772 -0.9645 0.000784
820.00 P 20260821 -1.00 -1.00 4 4 0.9252 -0.9762 0.000635
830.00 P 20260821 -1.00 -1.00 5 8 0.9675 -0.9738 0.000643
840.00 P 20260821 -1.00 -1.00 1 0 -1.0000 -1.0000 -1.000000
850.00 P 20260821 -1.00 -1.00 1 12 0.9131 -0.9907 0.000389
860.00 P 20260821 -1.00 -1.00 14 13 -1.0000 -1.0000 -1.000000
870.00 P 20260821 -1.00 -1.00 1 1 -1.0000 -1.0000 -1.000000
880.00 P 20260821 -1.00 -1.00 2 0 -1.0000 -1.0000 -1.000000
