# opt_chain LRCX | epoch 1785787801 | 2026-08-03 16:10:01 | spot 295.86 | spot_src intrinio_quote | spot_age 906 | exps 20260807
# fuente polygon | band 0.1500 | max_strikes 72 | narrow 0 | vencimientos 1 | rows 72 | greeks_ok_pct 1.0000 | bidask_ok_pct 0.0000
# strike right exp bid ask vol oi iv delta gamma
252.50 C 20260807 -1.00 -1.00 2 3 1.1113 0.9195 0.004268
255.00 C 20260807 -1.00 -1.00 7 24 1.0963 0.9087 0.004758
257.50 C 20260807 -1.00 -1.00 3 3 1.0911 0.8960 0.005294
260.00 C 20260807 -1.00 -1.00 5 39 1.1081 0.8793 0.005862
262.50 C 20260807 -1.00 -1.00 1 11 1.0997 0.8612 0.006430
265.00 C 20260807 -1.00 -1.00 5 14 1.0723 0.8469 0.007022
267.50 C 20260807 -1.00 -1.00 6 11 1.0610 0.8286 0.007645
270.00 C 20260807 -1.00 -1.00 13 163 1.0875 0.8033 0.008200
272.50 C 20260807 -1.00 -1.00 1 5 1.0758 0.7838 0.008811
275.00 C 20260807 -1.00 -1.00 10 76 1.0063 0.7710 0.009675
277.50 C 20260807 -1.00 -1.00 4 3 1.0110 0.7422 0.010193
280.00 C 20260807 -1.00 -1.00 47 655 1.0605 0.7073 0.010370
282.50 C 20260807 -1.00 -1.00 5 6 1.0531 0.6815 0.010927
285.00 C 20260807 -1.00 -1.00 19 84 1.0368 0.6551 0.011478
287.50 C 20260807 -1.00 -1.00 13 1 1.0127 0.6266 0.011973
290.00 C 20260807 -1.00 -1.00 190 86 0.9968 0.5963 0.012401
292.50 C 20260807 -1.00 -1.00 33 14 1.0155 0.5642 0.012420
295.00 C 20260807 -1.00 -1.00 78 73 1.0279 0.5333 0.012506
297.50 C 20260807 -1.00 -1.00 39 40 1.0190 0.5026 0.012612
300.00 C 20260807 -1.00 -1.00 683 252 1.0085 0.4715 0.012615
302.50 C 20260807 -1.00 -1.00 29 148 0.9685 0.4365 0.012986
305.00 C 20260807 -1.00 -1.00 145 275 0.9919 0.4078 0.012558
307.50 C 20260807 -1.00 -1.00 22 178 1.0013 0.3781 0.012316
310.00 C 20260807 -1.00 -1.00 208 1217 0.9435 0.3408 0.012455
312.50 C 20260807 -1.00 -1.00 27 48 0.9916 0.3228 0.011554
315.00 C 20260807 -1.00 -1.00 93 1379 0.9773 0.2926 0.011224
317.50 C 20260807 -1.00 -1.00 14 1999 0.9719 0.2639 0.010808
320.00 C 20260807 -1.00 -1.00 212 298 0.9685 0.2381 0.010316
322.50 C 20260807 -1.00 -1.00 43 165 0.9766 0.2194 0.009693
325.00 C 20260807 -1.00 -1.00 141 266 0.9818 0.2003 0.009094
327.50 C 20260807 -1.00 -1.00 11 1920 0.9659 0.1753 0.008514
330.00 C 20260807 -1.00 -1.00 381 510 0.9756 0.1576 0.007921
332.50 C 20260807 -1.00 -1.00 78 138 0.9918 0.1433 0.007367
335.00 C 20260807 -1.00 -1.00 57 118 0.9732 0.1257 0.006784
337.50 C 20260807 -1.00 -1.00 26 14 0.9514 0.1065 0.006132
340.00 C 20260807 -1.00 -1.00 310 497 0.9740 0.0990 0.005678
252.50 P 20260807 -1.00 -1.00 26 98 1.1715 -0.0911 0.004449
255.00 P 20260807 -1.00 -1.00 177 2202 1.1418 -0.0991 0.004874
257.50 P 20260807 -1.00 -1.00 21 48 1.1414 -0.1122 0.005378
260.00 P 20260807 -1.00 -1.00 173 492 1.1414 -0.1282 0.005901
262.50 P 20260807 -1.00 -1.00 45 100 1.1209 -0.1433 0.006440
265.00 P 20260807 -1.00 -1.00 1118 319 1.1145 -0.1617 0.007004
267.50 P 20260807 -1.00 -1.00 129 2364 1.0810 -0.1753 0.007622
270.00 P 20260807 -1.00 -1.00 203 4384 1.0919 -0.1975 0.008193
272.50 P 20260807 -1.00 -1.00 51 1157 1.0862 -0.2184 0.008770
275.00 P 20260807 -1.00 -1.00 73 593 1.0597 -0.2396 0.009387
277.50 P 20260807 -1.00 -1.00 18 93 1.0808 -0.2695 0.009753
280.00 P 20260807 -1.00 -1.00 124 416 1.0569 -0.2924 0.010403
282.50 P 20260807 -1.00 -1.00 5 15 1.0778 -0.3213 0.010736
285.00 P 20260807 -1.00 -1.00 58 263 1.0398 -0.3454 0.011455
287.50 P 20260807 -1.00 -1.00 5 30 1.0585 -0.3771 0.011488
290.00 P 20260807 -1.00 -1.00 385 257 1.0365 -0.4059 0.011951
292.50 P 20260807 -1.00 -1.00 7 37 1.0449 -0.4365 0.012085
295.00 P 20260807 -1.00 -1.00 14 138 1.0572 -0.4666 0.012170
297.50 P 20260807 -1.00 -1.00 3 77 1.0480 -0.4965 0.012274
300.00 P 20260807 -1.00 -1.00 21 592 1.0137 -0.5285 0.012564
302.50 P 20260807 -1.00 -1.00 3 72 1.0568 -0.5548 0.011947
305.00 P 20260807 -1.00 -1.00 5 76 0.9912 -0.5927 0.012581
307.50 P 20260807 -1.00 -1.00 3 38 1.0143 -0.6202 0.012184
310.00 P 20260807 -1.00 -1.00 12 213 0.9916 -0.6508 0.012006
312.50 P 20260807 -1.00 -1.00 13 75 0.9906 -0.6779 0.011578
315.00 P 20260807 -1.00 -1.00 2 82 1.0074 -0.7009 0.011016
317.50 P 20260807 -1.00 -1.00 2 32 0.9997 -0.7294 0.010645
320.00 P 20260807 -1.00 -1.00 2 223 1.0183 -0.7509 0.010113
322.50 P 20260807 -1.00 -1.00 4 73 1.0064 -0.7740 0.009622
325.00 P 20260807 -1.00 -1.00 1 428 0.9973 -0.7963 0.009086
327.50 P 20260807 -1.00 -1.00 5 40 1.0052 -0.8141 0.008518
330.00 P 20260807 -1.00 -1.00 5 92 1.0102 -0.8326 0.007966
332.50 P 20260807 -1.00 -1.00 5 9 1.0178 -0.8500 0.007427
335.00 P 20260807 -1.00 -1.00 5 253 1.0675 -0.8539 0.006981
337.50 P 20260807 -1.00 -1.00 1 14 1.0152 -0.8783 0.006399
340.00 P 20260807 -1.00 -1.00 7 42 1.0284 -0.8880 0.005943
