# opt_chain XLK | epoch 1785777765 | 2026-08-03 13:22:45 | spot 177.88 | exps 20260807 20260814 20260821
# fuente polygon_snapshot_v3 | greeks polygon_directo | iv polygon_directo | oi polygon_directo | vol day.volume(-1 si no cotizo) | bid/ask NO_ENTITLED(-1) | spot_src ibkr_bridge spot_edad_s 165 | band 0.4050 vencimientos 3 exp_hasta 2026-08-21
# strike right exp bid ask vol oi iv delta gamma
130.00 C 20260807 -1.00 -1.00 -1 0 -1.0000 -1.0000 -1.000000
135.00 C 20260807 -1.00 -1.00 2 0 -1.0000 -1.0000 -1.000000
140.00 C 20260807 -1.00 -1.00 2 1 -1.0000 -1.0000 -1.000000
143.00 C 20260807 -1.00 -1.00 5 0 -1.0000 -1.0000 -1.000000
144.00 C 20260807 -1.00 -1.00 8 0 -1.0000 -1.0000 -1.000000
145.00 C 20260807 -1.00 -1.00 36 0 -1.0000 -1.0000 -1.000000
146.00 C 20260807 -1.00 -1.00 98 0 -1.0000 -1.0000 -1.000000
147.00 C 20260807 -1.00 -1.00 103 0 -1.0000 -1.0000 -1.000000
148.00 C 20260807 -1.00 -1.00 40 3 -1.0000 -1.0000 -1.000000
149.00 C 20260807 -1.00 -1.00 4 3 -1.0000 -1.0000 -1.000000
150.00 C 20260807 -1.00 -1.00 47 2 -1.0000 -1.0000 -1.000000
151.00 C 20260807 -1.00 -1.00 71 0 -1.0000 -1.0000 -1.000000
152.00 C 20260807 -1.00 -1.00 139 2 -1.0000 -1.0000 -1.000000
152.50 C 20260807 -1.00 -1.00 114 3 -1.0000 -1.0000 -1.000000
153.00 C 20260807 -1.00 -1.00 35 2 -1.0000 -1.0000 -1.000000
154.00 C 20260807 -1.00 -1.00 41 4 -1.0000 -1.0000 -1.000000
155.00 C 20260807 -1.00 -1.00 79 3 -1.0000 -1.0000 -1.000000
156.00 C 20260807 -1.00 -1.00 156 2 -1.0000 -1.0000 -1.000000
157.00 C 20260807 -1.00 -1.00 123 1 -1.0000 -1.0000 -1.000000
157.50 C 20260807 -1.00 -1.00 81 1 -1.0000 -1.0000 -1.000000
158.00 C 20260807 -1.00 -1.00 61 2 -1.0000 -1.0000 -1.000000
159.00 C 20260807 -1.00 -1.00 20 2 -1.0000 -1.0000 -1.000000
160.00 C 20260807 -1.00 -1.00 1 12 -1.0000 -1.0000 -1.000000
161.00 C 20260807 -1.00 -1.00 1 2 -1.0000 -1.0000 -1.000000
162.00 C 20260807 -1.00 -1.00 3 4 -1.0000 -1.0000 -1.000000
163.00 C 20260807 -1.00 -1.00 9 10 -1.0000 -1.0000 -1.000000
164.00 C 20260807 -1.00 -1.00 6 4 -1.0000 -1.0000 -1.000000
165.00 C 20260807 -1.00 -1.00 8 5 -1.0000 -1.0000 -1.000000
166.00 C 20260807 -1.00 -1.00 2 3 -1.0000 -1.0000 -1.000000
167.00 C 20260807 -1.00 -1.00 8 3 0.3531 0.9490 0.015495
167.50 C 20260807 -1.00 -1.00 9 3 -1.0000 -1.0000 -1.000000
168.00 C 20260807 -1.00 -1.00 1 8 -1.0000 -1.0000 -1.000000
169.00 C 20260807 -1.00 -1.00 1 7 -1.0000 -1.0000 -1.000000
170.00 C 20260807 -1.00 -1.00 9 31 0.3851 0.8589 0.030592
171.00 C 20260807 -1.00 -1.00 3 42 0.3630 0.8367 0.035565
172.00 C 20260807 -1.00 -1.00 3 7 0.3712 0.7938 0.040623
172.50 C 20260807 -1.00 -1.00 4 112 0.3527 0.7846 0.044069
173.00 C 20260807 -1.00 -1.00 2 14 0.3707 0.7496 0.045136
174.00 C 20260807 -1.00 -1.00 22 38 0.3712 0.7005 0.049173
175.00 C 20260807 -1.00 -1.00 16 729 0.3638 0.6540 0.054085
176.00 C 20260807 -1.00 -1.00 22 104 0.3595 0.5983 0.056483
177.00 C 20260807 -1.00 -1.00 17 258 0.3560 0.5412 0.058865
177.50 C 20260807 -1.00 -1.00 9 16 0.3565 0.5122 0.059697
178.00 C 20260807 -1.00 -1.00 29 65 0.3445 0.4823 0.061096
179.00 C 20260807 -1.00 -1.00 36 23 0.3359 0.4203 0.061122
180.00 C 20260807 -1.00 -1.00 183 352 0.3447 0.3635 0.058037
181.00 C 20260807 -1.00 -1.00 41 36 0.3231 0.2990 0.056334
182.00 C 20260807 -1.00 -1.00 102 99 0.3349 0.2525 0.050457
182.50 C 20260807 -1.00 -1.00 12 17 0.3339 0.2279 0.047972
183.00 C 20260807 -1.00 -1.00 14 27 0.3271 0.2026 0.045289
184.00 C 20260807 -1.00 -1.00 93 89 0.3268 0.1606 0.039189
185.00 C 20260807 -1.00 -1.00 481 146 0.3243 0.1237 0.033169
186.00 C 20260807 -1.00 -1.00 25 50 0.3013 0.0769 0.025245
187.00 C 20260807 -1.00 -1.00 61 96 0.3221 0.0682 0.021587
187.50 C 20260807 -1.00 -1.00 1 9 0.3071 0.0519 0.018005
188.00 C 20260807 -1.00 -1.00 120 158 0.3336 0.0580 0.018177
189.00 C 20260807 -1.00 -1.00 4 9 0.3353 0.0432 0.014252
190.00 C 20260807 -1.00 -1.00 9 238 0.2915 0.0149 0.006737
191.00 C 20260807 -1.00 -1.00 10 112 0.3358 0.0225 0.008266
192.00 C 20260807 -1.00 -1.00 3 52 0.4513 0.0567 0.013177
192.50 C 20260807 -1.00 -1.00 2 29 0.3997 0.0302 0.009004
193.00 C 20260807 -1.00 -1.00 2 32 0.4864 0.0587 0.012582
194.00 C 20260807 -1.00 -1.00 2 16 0.4948 0.0512 0.011061
195.00 C 20260807 -1.00 -1.00 4 87 0.4061 0.0160 0.005111
196.00 C 20260807 -1.00 -1.00 1 1 0.5114 0.0371 0.008297
197.00 C 20260807 -1.00 -1.00 2 13 0.6059 0.0593 0.010188
197.50 C 20260807 -1.00 -1.00 1 142 0.6458 0.0663 0.010483
198.00 C 20260807 -1.00 -1.00 32 2 0.5923 0.0467 0.008581
199.00 C 20260807 -1.00 -1.00 -1 0 0.6050 0.0423 0.007767
200.00 C 20260807 -1.00 -1.00 5 448 0.4606 0.0083 0.002545
202.50 C 20260807 -1.00 -1.00 1 2 0.7058 0.0450 0.006993
205.00 C 20260807 -1.00 -1.00 5 5 0.7068 0.0307 0.005145
207.50 C 20260807 -1.00 -1.00 2 5 0.7669 0.0310 0.004778
210.00 C 20260807 -1.00 -1.00 2 4 0.8779 0.0408 0.005211
215.00 C 20260807 -1.00 -1.00 2 2 0.7906 0.0124 0.002128
220.00 C 20260807 -1.00 -1.00 8 1 1.0920 0.0364 0.003847
225.00 C 20260807 -1.00 -1.00 -1 0 1.1779 0.0336 0.003337
130.00 P 20260807 -1.00 -1.00 1 160 1.4331 -0.0176 0.001575
135.00 P 20260807 -1.00 -1.00 377 542 1.3594 -0.0243 0.002212
140.00 P 20260807 -1.00 -1.00 5 17 1.1787 -0.0248 0.002597
143.00 P 20260807 -1.00 -1.00 1 2 -1.0000 -1.0000 -1.000000
144.00 P 20260807 -1.00 -1.00 1 2 -1.0000 -1.0000 -1.000000
145.00 P 20260807 -1.00 -1.00 2 18 1.4856 -0.0896 0.005698
146.00 P 20260807 -1.00 -1.00 -1 0 -1.0000 -1.0000 -1.000000
147.00 P 20260807 -1.00 -1.00 3 1 -1.0000 -1.0000 -1.000000
148.00 P 20260807 -1.00 -1.00 13 7 0.7374 -0.0090 0.001722
149.00 P 20260807 -1.00 -1.00 -1 0 0.8123 -0.0198 0.003075
150.00 P 20260807 -1.00 -1.00 12 222 0.7132 -0.0112 0.002169
151.00 P 20260807 -1.00 -1.00 -1 0 0.8045 -0.0261 0.003967
152.00 P 20260807 -1.00 -1.00 3 3 0.8623 -0.0426 0.005478
152.50 P 20260807 -1.00 -1.00 12 0 0.8446 -0.0428 0.005613
153.00 P 20260807 -1.00 -1.00 1 1 0.8214 -0.0420 0.005678
154.00 P 20260807 -1.00 -1.00 1 3 0.7422 -0.0331 0.005204
155.00 P 20260807 -1.00 -1.00 13 308 0.6627 -0.0249 0.004618
156.00 P 20260807 -1.00 -1.00 2 20 0.7032 -0.0400 0.006382
157.00 P 20260807 -1.00 -1.00 20 51 0.7044 -0.0483 0.007431
157.50 P 20260807 -1.00 -1.00 24 34 0.7173 -0.0549 0.008134
158.00 P 20260807 -1.00 -1.00 1 96 0.5492 -0.0220 0.004975
159.00 P 20260807 -1.00 -1.00 16 35 0.5518 -0.0275 0.006045
160.00 P 20260807 -1.00 -1.00 39 855 0.5110 -0.0259 0.006197
161.00 P 20260807 -1.00 -1.00 3 45 0.5012 -0.0310 0.007323
162.00 P 20260807 -1.00 -1.00 17 96 0.4869 -0.0372 0.008697
163.00 P 20260807 -1.00 -1.00 34 461 0.4350 -0.0300 0.008246
164.00 P 20260807 -1.00 -1.00 3 160 0.4345 -0.0424 0.010816
165.00 P 20260807 -1.00 -1.00 65 638 0.4420 -0.0575 0.013710
166.00 P 20260807 -1.00 -1.00 9 119 0.4357 -0.0706 0.016334
167.00 P 20260807 -1.00 -1.00 47 170 0.4347 -0.0916 0.019779
167.50 P 20260807 -1.00 -1.00 15 150 0.4281 -0.0992 0.021332
168.00 P 20260807 -1.00 -1.00 16 138 0.4200 -0.1063 0.022931
169.00 P 20260807 -1.00 -1.00 3 594 0.4165 -0.1276 0.026657
170.00 P 20260807 -1.00 -1.00 48 496 0.3974 -0.1494 0.030729
171.00 P 20260807 -1.00 -1.00 16 1842 0.3925 -0.1817 0.035289
172.00 P 20260807 -1.00 -1.00 259 51 0.4018 -0.2221 0.039493
172.50 P 20260807 -1.00 -1.00 7 33 0.3936 -0.2401 0.041741
173.00 P 20260807 -1.00 -1.00 18 779 0.3755 -0.2534 0.044864
174.00 P 20260807 -1.00 -1.00 13 583 0.3654 -0.2972 0.049823
175.00 P 20260807 -1.00 -1.00 108 404 0.3792 -0.3521 0.052154
176.00 P 20260807 -1.00 -1.00 8 131 0.3636 -0.4033 0.055990
177.00 P 20260807 -1.00 -1.00 5 151 0.3509 -0.4592 0.059856
177.50 P 20260807 -1.00 -1.00 3 90 0.3572 -0.4887 0.059737
178.00 P 20260807 -1.00 -1.00 1 14 0.3458 -0.5186 0.061031
179.00 P 20260807 -1.00 -1.00 2 11 0.3418 -0.5792 0.060300
180.00 P 20260807 -1.00 -1.00 9 286 0.3436 -0.6383 0.058383
181.00 P 20260807 -1.00 -1.00 13 282 0.3272 -0.7001 0.056098
182.00 P 20260807 -1.00 -1.00 1 11 0.3329 -0.7509 0.050926
182.50 P 20260807 -1.00 -1.00 1 13 0.3261 -0.7792 0.048676
183.00 P 20260807 -1.00 -1.00 18 31 0.4087 -0.7481 0.041602
184.00 P 20260807 -1.00 -1.00 2 8 0.4304 -0.7738 0.037338
185.00 P 20260807 -1.00 -1.00 2 54 0.4258 -0.8080 0.033942
186.00 P 20260807 -1.00 -1.00 1 116 0.4931 -0.8013 0.029907
187.00 P 20260807 -1.00 -1.00 2 11 0.4451 -0.8586 0.027129
187.50 P 20260807 -1.00 -1.00 2 4 0.4544 -0.8657 0.025676
188.00 P 20260807 -1.00 -1.00 5 13 0.5169 -0.8424 0.024786
189.00 P 20260807 -1.00 -1.00 2 4 0.5500 -0.8496 0.022672
190.00 P 20260807 -1.00 -1.00 1 4 0.5973 -0.8485 0.020950
191.00 P 20260807 -1.00 -1.00 1 9 0.6300 -0.8543 0.019422
192.00 P 20260807 -1.00 -1.00 8 0 0.6623 -0.8596 0.018089
192.50 P 20260807 -1.00 -1.00 2 0 0.6759 -0.8620 0.017488
193.00 P 20260807 -1.00 -1.00 -1 0 0.6822 -0.8665 0.016886
194.00 P 20260807 -1.00 -1.00 -1 0 0.7019 -0.8730 0.015793
195.00 P 20260807 -1.00 -1.00 1 0 0.6011 -0.9256 0.012705
196.00 P 20260807 -1.00 -1.00 -1 0 0.7688 -0.8762 0.014121
197.00 P 20260807 -1.00 -1.00 6 0 0.7670 -0.8882 0.013124
197.50 P 20260807 -1.00 -1.00 6 0 0.7521 -0.8989 0.012452
198.00 P 20260807 -1.00 -1.00 4 0 0.7652 -0.9003 0.012116
199.00 P 20260807 -1.00 -1.00 4 0 0.7982 -0.9007 0.011577
200.00 P 20260807 -1.00 -1.00 4 0 0.8728 -0.8886 0.011486
202.50 P 20260807 -1.00 -1.00 4 0 0.9368 -0.8948 0.010258
205.00 P 20260807 -1.00 -1.00 4 0 1.0068 -0.8983 0.009308
207.50 P 20260807 -1.00 -1.00 12 0 1.0623 -0.9048 0.008421
210.00 P 20260807 -1.00 -1.00 8 0 1.0966 -0.9158 0.007502
215.00 P 20260807 -1.00 -1.00 -1 0 1.2381 -0.9173 0.006564
220.00 P 20260807 -1.00 -1.00 -1 0 1.3697 -0.9197 0.005820
225.00 P 20260807 -1.00 -1.00 -1 0 1.4742 -0.9243 0.005168
130.00 C 20260814 -1.00 -1.00 -1 0 -1.0000 -1.0000 -1.000000
135.00 C 20260814 -1.00 -1.00 -1 0 -1.0000 -1.0000 -1.000000
140.00 C 20260814 -1.00 -1.00 -1 0 -1.0000 -1.0000 -1.000000
141.00 C 20260814 -1.00 -1.00 -1 0 -1.0000 -1.0000 -1.000000
142.00 C 20260814 -1.00 -1.00 -1 0 -1.0000 -1.0000 -1.000000
143.00 C 20260814 -1.00 -1.00 -1 0 -1.0000 -1.0000 -1.000000
144.00 C 20260814 -1.00 -1.00 -1 0 -1.0000 -1.0000 -1.000000
145.00 C 20260814 -1.00 -1.00 -1 0 -1.0000 -1.0000 -1.000000
146.00 C 20260814 -1.00 -1.00 -1 0 -1.0000 -1.0000 -1.000000
147.00 C 20260814 -1.00 -1.00 -1 0 -1.0000 -1.0000 -1.000000
148.00 C 20260814 -1.00 -1.00 -1 0 -1.0000 -1.0000 -1.000000
149.00 C 20260814 -1.00 -1.00 -1 0 -1.0000 -1.0000 -1.000000
150.00 C 20260814 -1.00 -1.00 1 26 -1.0000 -1.0000 -1.000000
151.00 C 20260814 -1.00 -1.00 -1 0 -1.0000 -1.0000 -1.000000
152.00 C 20260814 -1.00 -1.00 -1 0 -1.0000 -1.0000 -1.000000
152.50 C 20260814 -1.00 -1.00 -1 0 -1.0000 -1.0000 -1.000000
153.00 C 20260814 -1.00 -1.00 -1 0 -1.0000 -1.0000 -1.000000
154.00 C 20260814 -1.00 -1.00 -1 0 -1.0000 -1.0000 -1.000000
155.00 C 20260814 -1.00 -1.00 1 2 -1.0000 -1.0000 -1.000000
156.00 C 20260814 -1.00 -1.00 -1 0 -1.0000 -1.0000 -1.000000
157.00 C 20260814 -1.00 -1.00 -1 0 -1.0000 -1.0000 -1.000000
157.50 C 20260814 -1.00 -1.00 -1 0 -1.0000 -1.0000 -1.000000
158.00 C 20260814 -1.00 -1.00 -1 0 -1.0000 -1.0000 -1.000000
159.00 C 20260814 -1.00 -1.00 -1 0 -1.0000 -1.0000 -1.000000
160.00 C 20260814 -1.00 -1.00 4 3 0.3827 0.9458 0.009274
161.00 C 20260814 -1.00 -1.00 -1 0 -1.0000 -1.0000 -1.000000
162.00 C 20260814 -1.00 -1.00 -1 0 -1.0000 -1.0000 -1.000000
162.50 C 20260814 -1.00 -1.00 -1 0 -1.0000 -1.0000 -1.000000
163.00 C 20260814 -1.00 -1.00 6 0 0.2420 0.9804 0.006236
164.00 C 20260814 -1.00 -1.00 -1 0 0.0010 0.9998 0.000000
165.00 C 20260814 -1.00 -1.00 3 4 0.3345 0.9016 0.016693
166.00 C 20260814 -1.00 -1.00 3 3 0.3769 0.8564 0.019416
167.00 C 20260814 -1.00 -1.00 3 3 0.3246 0.8704 0.021177
167.50 C 20260814 -1.00 -1.00 1 1 0.3256 0.8565 0.022473
168.00 C 20260814 -1.00 -1.00 2 4 0.3107 0.8549 0.023716
169.00 C 20260814 -1.00 -1.00 1 4 0.3410 0.8073 0.026034
170.00 C 20260814 -1.00 -1.00 8 21 0.2706 0.8295 0.030207
171.00 C 20260814 -1.00 -1.00 2 4 0.3488 0.7441 0.029803
172.00 C 20260814 -1.00 -1.00 2 1 0.3466 0.7132 0.031748
172.50 C 20260814 -1.00 -1.00 4 2 0.3443 0.6981 0.032820
173.00 C 20260814 -1.00 -1.00 1 6 0.3373 0.6848 0.034276
174.00 C 20260814 -1.00 -1.00 2 23 0.3384 0.6499 0.035783
175.00 C 20260814 -1.00 -1.00 6 84 0.3356 0.6132 0.036904
176.00 C 20260814 -1.00 -1.00 4 10 0.3329 0.5758 0.038053
177.00 C 20260814 -1.00 -1.00 14 15 0.3383 0.5374 0.038298
177.50 C 20260814 -1.00 -1.00 5 40 0.3308 0.5185 0.039588
178.00 C 20260814 -1.00 -1.00 4 10 0.3258 0.4991 0.039943
179.00 C 20260814 -1.00 -1.00 8 9 0.3277 0.4606 0.039181
180.00 C 20260814 -1.00 -1.00 20 132 0.3178 0.4189 0.039789
181.00 C 20260814 -1.00 -1.00 2 57 0.3177 0.3791 0.039231
182.00 C 20260814 -1.00 -1.00 3 21 0.2992 0.3336 0.039391
182.50 C 20260814 -1.00 -1.00 2 371 0.2960 0.3131 0.038659
183.00 C 20260814 -1.00 -1.00 3 20 0.3127 0.3057 0.036200
184.00 C 20260814 -1.00 -1.00 1 37 0.3018 0.2619 0.035083
185.00 C 20260814 -1.00 -1.00 22 99 0.3008 0.2288 0.032794
186.00 C 20260814 -1.00 -1.00 1 283 0.2901 0.1918 0.030325
187.00 C 20260814 -1.00 -1.00 5 114 0.3033 0.1751 0.027421
187.50 C 20260814 -1.00 -1.00 3 4 0.2997 0.1579 0.026086
188.00 C 20260814 -1.00 -1.00 6 53 0.3141 0.1578 0.024885
189.00 C 20260814 -1.00 -1.00 1 16 0.3037 0.1275 0.022280
190.00 C 20260814 -1.00 -1.00 8 51 0.3034 0.1089 0.019789
191.00 C 20260814 -1.00 -1.00 1 6 0.2750 0.0680 0.015486
192.00 C 20260814 -1.00 -1.00 8 8 0.3081 0.0763 0.015155
192.50 C 20260814 -1.00 -1.00 1 15 0.2819 0.0548 0.012616
193.00 C 20260814 -1.00 -1.00 1 4 0.2831 0.0499 0.011639
194.00 C 20260814 -1.00 -1.00 1 16 0.3412 0.0719 0.013091
195.00 C 20260814 -1.00 -1.00 32 29 0.2969 0.0367 0.008744
196.00 C 20260814 -1.00 -1.00 2 4 0.3443 0.0549 0.010344
197.00 C 20260814 -1.00 -1.00 2 3 0.3509 0.0492 0.009295
197.50 C 20260814 -1.00 -1.00 20 24 0.3564 0.0477 0.008918
198.00 C 20260814 -1.00 -1.00 6 7 0.3561 0.0430 0.008234
199.00 C 20260814 -1.00 -1.00 1 12 0.3626 0.0378 0.007318
200.00 C 20260814 -1.00 -1.00 5 63 0.3735 0.0351 0.006727
202.50 C 20260814 -1.00 -1.00 20 21 0.5960 0.1155 0.010511
205.00 C 20260814 -1.00 -1.00 3 12 0.4477 0.0342 0.005504
207.50 C 20260814 -1.00 -1.00 1 2 0.4955 0.0384 0.005432
210.00 C 20260814 -1.00 -1.00 1 5 0.4562 0.0192 0.003267
215.00 C 20260814 -1.00 -1.00 -1 0 0.6020 0.0369 0.004344
220.00 C 20260814 -1.00 -1.00 1 1 0.6159 0.0263 0.003167
225.00 C 20260814 -1.00 -1.00 -1 0 0.7600 0.0421 0.003804
130.00 P 20260814 -1.00 -1.00 266 133 0.8802 -0.0173 0.001550
135.00 P 20260814 -1.00 -1.00 1 6 0.7915 -0.0196 0.001925
140.00 P 20260814 -1.00 -1.00 39 45 0.7840 -0.0350 0.003162
141.00 P 20260814 -1.00 -1.00 -1 0 0.7193 -0.0266 0.002784
142.00 P 20260814 -1.00 -1.00 -1 0 -1.0000 -1.0000 -1.000000
143.00 P 20260814 -1.00 -1.00 -1 0 0.6907 -0.0304 0.003209
144.00 P 20260814 -1.00 -1.00 -1 0 0.6907 -0.0355 0.003633
145.00 P 20260814 -1.00 -1.00 1 34 0.5922 -0.0214 0.002782
146.00 P 20260814 -1.00 -1.00 -1 0 0.5967 -0.0250 0.003178
147.00 P 20260814 -1.00 -1.00 -1 0 0.5891 -0.0272 0.003464
148.00 P 20260814 -1.00 -1.00 1 1 0.6105 -0.0386 0.004400
149.00 P 20260814 -1.00 -1.00 -1 0 0.5987 -0.0415 0.004758
150.00 P 20260814 -1.00 -1.00 1 32 0.5030 -0.0235 0.003559
151.00 P 20260814 -1.00 -1.00 -1 0 0.5458 -0.0398 0.005041
152.00 P 20260814 -1.00 -1.00 4 0 0.4980 -0.0321 0.004654
152.50 P 20260814 -1.00 -1.00 1 0 0.4750 -0.0279 0.004387
153.00 P 20260814 -1.00 -1.00 -1 0 0.5211 -0.0459 0.005937
154.00 P 20260814 -1.00 -1.00 -1 0 0.5047 -0.0479 0.006356
155.00 P 20260814 -1.00 -1.00 7 33 0.5275 -0.0609 0.007464
156.00 P 20260814 -1.00 -1.00 -1 0 0.4959 -0.0592 0.007753
157.00 P 20260814 -1.00 -1.00 4 0 0.4457 -0.0515 0.007651
157.50 P 20260814 -1.00 -1.00 -1 0 0.4606 -0.0599 0.008431
158.00 P 20260814 -1.00 -1.00 -1 0 0.5063 -0.0860 0.009975
159.00 P 20260814 -1.00 -1.00 10 10 0.4475 -0.0716 0.009867
160.00 P 20260814 -1.00 -1.00 5 80 0.4105 -0.0654 0.010101
161.00 P 20260814 -1.00 -1.00 1 1 0.4853 -0.1133 0.012889
162.00 P 20260814 -1.00 -1.00 -1 0 0.4601 -0.1159 0.013844
162.50 P 20260814 -1.00 -1.00 4 2 0.4085 -0.0998 0.013857
163.00 P 20260814 -1.00 -1.00 3 36 0.3926 -0.0991 0.014338
164.00 P 20260814 -1.00 -1.00 49 59 0.4136 -0.1241 0.016217
165.00 P 20260814 -1.00 -1.00 19 479 0.3802 -0.1233 0.017582
166.00 P 20260814 -1.00 -1.00 9 11 0.3731 -0.1412 0.019450
167.00 P 20260814 -1.00 -1.00 1 3 0.3857 -0.1719 0.021340
167.50 P 20260814 -1.00 -1.00 2 200 0.3752 -0.1771 0.022383
168.00 P 20260814 -1.00 -1.00 14 48 0.3787 -0.1905 0.023304
169.00 P 20260814 -1.00 -1.00 4 18 0.3847 -0.2166 0.025065
170.00 P 20260814 -1.00 -1.00 2 52 0.3518 -0.2263 0.027962
171.00 P 20260814 -1.00 -1.00 1 67 0.3687 -0.2671 0.028855
172.00 P 20260814 -1.00 -1.00 12 87 0.3528 -0.2904 0.031460
172.50 P 20260814 -1.00 -1.00 3 361 0.3510 -0.3055 0.032470
173.00 P 20260814 -1.00 -1.00 1 122 0.3525 -0.3220 0.033260
174.00 P 20260814 -1.00 -1.00 8 38 0.3416 -0.3522 0.035612
175.00 P 20260814 -1.00 -1.00 30 198 0.3340 -0.3874 0.037231
176.00 P 20260814 -1.00 -1.00 7 43 0.3350 -0.4257 0.037991
177.00 P 20260814 -1.00 -1.00 19 12 0.3282 -0.4635 0.039669
177.50 P 20260814 -1.00 -1.00 4 26 0.3266 -0.4832 0.040311
178.00 P 20260814 -1.00 -1.00 6 11 0.3236 -0.5028 0.040429
179.00 P 20260814 -1.00 -1.00 5 8 0.3174 -0.5433 0.040658
180.00 P 20260814 -1.00 -1.00 2 51 0.3153 -0.5840 0.040377
181.00 P 20260814 -1.00 -1.00 4 155 0.3210 -0.6219 0.039152
182.00 P 20260814 -1.00 -1.00 1 8 0.3108 -0.6629 0.038582
182.50 P 20260814 -1.00 -1.00 2 21 0.3307 -0.6694 0.035901
183.00 P 20260814 -1.00 -1.00 -1 0 0.3029 -0.7040 0.037388
184.00 P 20260814 -1.00 -1.00 -1 0 0.3017 -0.7419 0.035514
185.00 P 20260814 -1.00 -1.00 1 2 0.3053 -0.7721 0.033016
186.00 P 20260814 -1.00 -1.00 1 111 0.3872 -0.7432 0.027508
187.00 P 20260814 -1.00 -1.00 5 4 0.3967 -0.7635 0.025852
187.50 P 20260814 -1.00 -1.00 1 6 0.3952 -0.7748 0.025135
188.00 P 20260814 -1.00 -1.00 3 9 0.3996 -0.7828 0.024291
189.00 P 20260814 -1.00 -1.00 2 1 0.4024 -0.8020 0.022775
190.00 P 20260814 -1.00 -1.00 2 26 0.3468 -0.8659 0.021216
191.00 P 20260814 -1.00 -1.00 1 9 0.4195 -0.8315 0.019859
192.00 P 20260814 -1.00 -1.00 2 2 0.4308 -0.8434 0.018555
192.50 P 20260814 -1.00 -1.00 35 24 0.3800 -0.8837 0.017429
193.00 P 20260814 -1.00 -1.00 1 1 0.4507 -0.8486 0.017394
194.00 P 20260814 -1.00 -1.00 1 0 0.4614 -0.8595 0.016305
195.00 P 20260814 -1.00 -1.00 4 4 0.4778 -0.8635 0.015383
196.00 P 20260814 -1.00 -1.00 -1 0 0.4854 -0.8714 0.014488
197.00 P 20260814 -1.00 -1.00 -1 0 0.4887 -0.8811 0.013599
197.50 P 20260814 -1.00 -1.00 -1 0 0.5011 -0.8806 0.013288
198.00 P 20260814 -1.00 -1.00 -1 0 0.5221 -0.8761 0.013073
199.00 P 20260814 -1.00 -1.00 -1 0 0.5381 -0.8792 0.012444
200.00 P 20260814 -1.00 -1.00 14 0 0.5498 -0.8840 0.011826
202.50 P 20260814 -1.00 -1.00 -1 0 0.5722 -0.8980 0.010379
205.00 P 20260814 -1.00 -1.00 -1 0 0.6113 -0.9032 0.009358
207.50 P 20260814 -1.00 -1.00 -1 0 0.6711 -0.8989 0.008750
210.00 P 20260814 -1.00 -1.00 -1 0 0.6879 -0.9118 0.007799
215.00 P 20260814 -1.00 -1.00 -1 0 0.7879 -0.9088 0.006930
220.00 P 20260814 -1.00 -1.00 -1 0 0.8523 -0.9177 0.005992
225.00 P 20260814 -1.00 -1.00 -1 0 0.9084 -0.9252 0.005249
130.00 C 20260821 -1.00 -1.00 2 17 -1.0000 -1.0000 -1.000000
131.00 C 20260821 -1.00 -1.00 2 16 -1.0000 -1.0000 -1.000000
132.00 C 20260821 -1.00 -1.00 2 1 -1.0000 -1.0000 -1.000000
133.00 C 20260821 -1.00 -1.00 5 5 -1.0000 -1.0000 -1.000000
134.00 C 20260821 -1.00 -1.00 3 0 -1.0000 -1.0000 -1.000000
135.00 C 20260821 -1.00 -1.00 1 9 -1.0000 -1.0000 -1.000000
136.00 C 20260821 -1.00 -1.00 2 14 -1.0000 -1.0000 -1.000000
137.00 C 20260821 -1.00 -1.00 1 5 -1.0000 -1.0000 -1.000000
138.00 C 20260821 -1.00 -1.00 5 21 -1.0000 -1.0000 -1.000000
139.00 C 20260821 -1.00 -1.00 2 200 -1.0000 -1.0000 -1.000000
140.00 C 20260821 -1.00 -1.00 1 112 -1.0000 -1.0000 -1.000000
141.00 C 20260821 -1.00 -1.00 1 14 -1.0000 -1.0000 -1.000000
142.00 C 20260821 -1.00 -1.00 1 27 -1.0000 -1.0000 -1.000000
143.00 C 20260821 -1.00 -1.00 42 68 -1.0000 -1.0000 -1.000000
144.00 C 20260821 -1.00 -1.00 1 49 -1.0000 -1.0000 -1.000000
145.00 C 20260821 -1.00 -1.00 8 19 -1.0000 -1.0000 -1.000000
146.00 C 20260821 -1.00 -1.00 2 12 -1.0000 -1.0000 -1.000000
147.00 C 20260821 -1.00 -1.00 1 13 -1.0000 -1.0000 -1.000000
148.00 C 20260821 -1.00 -1.00 10 9 -1.0000 -1.0000 -1.000000
149.00 C 20260821 -1.00 -1.00 1 6 -1.0000 -1.0000 -1.000000
150.00 C 20260821 -1.00 -1.00 1 139 0.0013 0.9997 -0.000000
151.00 C 20260821 -1.00 -1.00 1 63 -1.0000 -1.0000 -1.000000
152.00 C 20260821 -1.00 -1.00 1 80 -1.0000 -1.0000 -1.000000
153.00 C 20260821 -1.00 -1.00 1 190 -1.0000 -1.0000 -1.000000
154.00 C 20260821 -1.00 -1.00 1 95 -1.0000 -1.0000 -1.000000
155.00 C 20260821 -1.00 -1.00 4 91 0.4236 0.9349 0.007622
156.00 C 20260821 -1.00 -1.00 1 27 0.0013 0.9997 0.000000
157.00 C 20260821 -1.00 -1.00 1 20 0.0013 0.9997 -0.000000
158.00 C 20260821 -1.00 -1.00 1 35 0.0013 0.9997 -0.000000
159.00 C 20260821 -1.00 -1.00 1 380 0.0013 0.9997 -0.000000
160.00 C 20260821 -1.00 -1.00 304 719 0.3679 0.9070 0.011419
163.00 C 20260821 -1.00 -1.00 1 1 0.3595 0.8709 0.014950
164.00 C 20260821 -1.00 -1.00 1 1 0.2729 0.9120 0.014753
165.00 C 20260821 -1.00 -1.00 3 148 0.3619 0.8317 0.017588
166.00 C 20260821 -1.00 -1.00 -1 0 0.3606 0.8137 0.018913
167.00 C 20260821 -1.00 -1.00 1 2 0.3244 0.8157 0.020865
168.00 C 20260821 -1.00 -1.00 2 9 0.3512 0.7783 0.021697
169.00 C 20260821 -1.00 -1.00 1 11 0.3247 0.7698 0.023885
170.00 C 20260821 -1.00 -1.00 2 557 0.3418 0.7332 0.024379
171.00 C 20260821 -1.00 -1.00 1 20 0.2873 0.7377 0.028751
172.00 C 20260821 -1.00 -1.00 4 22 0.3194 0.6912 0.028155
172.50 C 20260821 -1.00 -1.00 -1 0 0.3288 0.6737 0.028187
173.00 C 20260821 -1.00 -1.00 6 4 0.3336 0.6578 0.028308
174.00 C 20260821 -1.00 -1.00 1 13 0.3216 0.6316 0.029873
175.00 C 20260821 -1.00 -1.00 30 2399 0.3323 0.5983 0.029535
176.00 C 20260821 -1.00 -1.00 11 166 0.3172 0.5702 0.031491
177.00 C 20260821 -1.00 -1.00 1 131 0.3150 0.5388 0.032326
177.50 C 20260821 -1.00 -1.00 2 36 0.3155 0.5230 0.032585
178.00 C 20260821 -1.00 -1.00 3 26 0.3004 0.5063 0.034054
179.00 C 20260821 -1.00 -1.00 2 73 0.3146 0.4757 0.032201
180.00 C 20260821 -1.00 -1.00 7 2137 0.3081 0.4424 0.032523
181.00 C 20260821 -1.00 -1.00 125 195 0.3000 0.4071 0.032999
182.00 C 20260821 -1.00 -1.00 5 1152 0.3009 0.3747 0.032486
182.50 C 20260821 -1.00 -1.00 3 30 0.2916 0.3556 0.032683
183.00 C 20260821 -1.00 -1.00 32 1242 0.2990 0.3449 0.031415
184.00 C 20260821 -1.00 -1.00 7 372 0.2918 0.3112 0.030705
185.00 C 20260821 -1.00 -1.00 30 1026 0.2977 0.2861 0.029014
186.00 C 20260821 -1.00 -1.00 8 646 0.2941 0.2539 0.027965
187.00 C 20260821 -1.00 -1.00 1 96 0.2819 0.2201 0.026750
188.00 C 20260821 -1.00 -1.00 6 228 0.2936 0.2068 0.024673
189.00 C 20260821 -1.00 -1.00 2 100 0.2588 0.1482 0.022928
190.00 C 20260821 -1.00 -1.00 34 2687 0.3000 0.1681 0.021264
191.00 C 20260821 -1.00 -1.00 1 154 0.2943 0.1417 0.019570
192.00 C 20260821 -1.00 -1.00 75 85 0.3014 0.1322 0.018098
193.00 C 20260821 -1.00 -1.00 387 91 0.2972 0.1143 0.016439
194.00 C 20260821 -1.00 -1.00 3 266 0.2784 0.0823 0.013889
195.00 C 20260821 -1.00 -1.00 7 1922 0.2961 0.0838 0.013221
196.00 C 20260821 -1.00 -1.00 2 621 0.2759 0.0596 0.010839
197.00 C 20260821 -1.00 -1.00 2 195 0.2745 0.0494 0.009358
198.00 C 20260821 -1.00 -1.00 1 145 0.2787 0.0431 0.008289
199.00 C 20260821 -1.00 -1.00 2 96 0.3165 0.0588 0.009340
200.00 C 20260821 -1.00 -1.00 3 941 0.2776 0.0294 0.006090
205.00 C 20260821 -1.00 -1.00 81 5236 0.2973 0.0155 0.003301
210.00 C 20260821 -1.00 -1.00 10 2710 0.3062 0.0074 0.001663
215.00 C 20260821 -1.00 -1.00 1 3478 0.3849 0.0132 0.002235
220.00 C 20260821 -1.00 -1.00 1 613 0.4869 0.0274 0.003258
225.00 C 20260821 -1.00 -1.00 1 642 0.6456 0.0587 0.004563
130.00 P 20260821 -1.00 -1.00 1 684 0.6482 -0.0116 0.001176
131.00 P 20260821 -1.00 -1.00 1 16 0.6954 -0.0197 0.001733
132.00 P 20260821 -1.00 -1.00 2 130 0.6221 -0.0125 0.001306
133.00 P 20260821 -1.00 -1.00 4 28 0.7504 -0.0340 0.002534
134.00 P 20260821 -1.00 -1.00 6 35 0.7193 -0.0318 0.002508
135.00 P 20260821 -1.00 -1.00 1 459 0.6288 -0.0203 0.001968
136.00 P 20260821 -1.00 -1.00 2 18 0.6894 -0.0338 0.002746
137.00 P 20260821 -1.00 -1.00 1 70 0.5919 -0.0200 0.002065
138.00 P 20260821 -1.00 -1.00 2 13 0.5894 -0.0221 0.002265
139.00 P 20260821 -1.00 -1.00 1 234 0.6156 -0.0301 0.002804
140.00 P 20260821 -1.00 -1.00 1 1279 0.5161 -0.0160 0.001940
141.00 P 20260821 -1.00 -1.00 1 62 0.5686 -0.0273 0.002822
142.00 P 20260821 -1.00 -1.00 1 419 0.5560 -0.0288 0.003004
143.00 P 20260821 -1.00 -1.00 3 76 0.5392 -0.0291 0.003124
144.00 P 20260821 -1.00 -1.00 2 301 0.5267 -0.0307 0.003331
145.00 P 20260821 -1.00 -1.00 2 1086 0.4962 -0.0266 0.003177
146.00 P 20260821 -1.00 -1.00 1 354 0.5328 -0.0428 0.004311
147.00 P 20260821 -1.00 -1.00 2 256 0.4955 -0.0375 0.004158
148.00 P 20260821 -1.00 -1.00 10 2089 0.4862 -0.0403 0.004491
149.00 P 20260821 -1.00 -1.00 6 729 0.4963 -0.0488 0.005166
150.00 P 20260821 -1.00 -1.00 50 4305 0.4333 -0.0347 0.004465
151.00 P 20260821 -1.00 -1.00 2 951 0.4601 -0.0496 0.005649
152.00 P 20260821 -1.00 -1.00 37 104 0.4209 -0.0429 0.005466
153.00 P 20260821 -1.00 -1.00 3 506 0.4717 -0.0682 0.007095
154.00 P 20260821 -1.00 -1.00 1 534 0.4304 -0.0588 0.006983
155.00 P 20260821 -1.00 -1.00 39 1398 0.4210 -0.0637 0.007579
156.00 P 20260821 -1.00 -1.00 5 2526 0.4163 -0.0722 0.008376
157.00 P 20260821 -1.00 -1.00 37 902 0.4209 -0.0855 0.009391
158.00 P 20260821 -1.00 -1.00 1 551 0.4099 -0.0912 0.010129
159.00 P 20260821 -1.00 -1.00 1 384 0.4014 -0.0984 0.010966
160.00 P 20260821 -1.00 -1.00 37 3114 0.3806 -0.0998 0.011688
163.00 P 20260821 -1.00 -1.00 6 791 0.3698 -0.1365 0.015078
164.00 P 20260821 -1.00 -1.00 23 171 0.3817 -0.1621 0.016306
165.00 P 20260821 -1.00 -1.00 44 3668 0.3589 -0.1667 0.017666
166.00 P 20260821 -1.00 -1.00 4 118 0.3558 -0.1838 0.019040
167.00 P 20260821 -1.00 -1.00 63 60 0.3616 -0.2060 0.020289
168.00 P 20260821 -1.00 -1.00 2 221 0.3556 -0.2250 0.021645
169.00 P 20260821 -1.00 -1.00 26 130 0.3609 -0.2527 0.022535
170.00 P 20260821 -1.00 -1.00 82 2943 0.3411 -0.2671 0.024520
171.00 P 20260821 -1.00 -1.00 2 6 0.3535 -0.2985 0.025057
172.00 P 20260821 -1.00 -1.00 2 126 0.3439 -0.3199 0.026752
172.50 P 20260821 -1.00 -1.00 10 10 0.3375 -0.3306 0.027759
173.00 P 20260821 -1.00 -1.00 5 19 0.3349 -0.3439 0.028356
174.00 P 20260821 -1.00 -1.00 12 93 0.3408 -0.3754 0.028446
175.00 P 20260821 -1.00 -1.00 26 1076 0.3241 -0.4014 0.030429
176.00 P 20260821 -1.00 -1.00 60 646 0.3235 -0.4322 0.031089
177.00 P 20260821 -1.00 -1.00 2 66 0.3229 -0.4633 0.031770
177.50 P 20260821 -1.00 -1.00 12 30 0.3311 -0.4788 0.031265
178.00 P 20260821 -1.00 -1.00 2 356 0.3271 -0.4942 0.031511
179.00 P 20260821 -1.00 -1.00 1 178 0.3127 -0.5271 0.032655
180.00 P 20260821 -1.00 -1.00 37 3265 0.3141 -0.5586 0.032198
181.00 P 20260821 -1.00 -1.00 1 235 0.3139 -0.5905 0.031918
182.00 P 20260821 -1.00 -1.00 1 913 0.3402 -0.6106 0.029253
182.50 P 20260821 -1.00 -1.00 -1 0 0.3156 -0.6363 0.030991
183.00 P 20260821 -1.00 -1.00 4 1079 0.3080 -0.6540 0.031046
184.00 P 20260821 -1.00 -1.00 7 308 0.3196 -0.6752 0.029077
185.00 P 20260821 -1.00 -1.00 1 907 0.3027 -0.7148 0.029133
186.00 P 20260821 -1.00 -1.00 3 787 0.3406 -0.7147 0.025826
187.00 P 20260821 -1.00 -1.00 10 60 0.3624 -0.7246 0.023909
188.00 P 20260821 -1.00 -1.00 4 38 0.3289 -0.7719 0.024199
189.00 P 20260821 -1.00 -1.00 3 60 0.3702 -0.7641 0.021866
190.00 P 20260821 -1.00 -1.00 2 2726 0.3335 -0.8087 0.021484
191.00 P 20260821 -1.00 -1.00 1 68 0.3723 -0.7983 0.019755
192.00 P 20260821 -1.00 -1.00 1 12 0.3789 -0.8112 0.018670
193.00 P 20260821 -1.00 -1.00 10 12 0.3855 -0.8237 0.017647
194.00 P 20260821 -1.00 -1.00 9 9 0.3873 -0.8395 0.016686
195.00 P 20260821 -1.00 -1.00 6 1099 0.3839 -0.8595 0.015705
196.00 P 20260821 -1.00 -1.00 -1 0 0.4064 -0.8577 0.014904
197.00 P 20260821 -1.00 -1.00 2 2 0.4131 -0.8651 0.014128
198.00 P 20260821 -1.00 -1.00 3 1 0.4259 -0.8684 0.013441
199.00 P 20260821 -1.00 -1.00 -1 0 0.4250 -0.8792 0.012702
200.00 P 20260821 -1.00 -1.00 2 0 0.4171 -0.8943 0.011846
205.00 P 20260821 -1.00 -1.00 4 0 0.4338 -0.9327 0.008612
210.00 P 20260821 -1.00 -1.00 1 0 0.5530 -0.9066 0.008119
215.00 P 20260821 -1.00 -1.00 65 0 0.4930 -0.9615 0.005243
220.00 P 20260821 -1.00 -1.00 1 0 0.6311 -0.9324 0.005734
225.00 P 20260821 -1.00 -1.00 1 0 0.6902 -0.9330 0.005170
110.00 C 20260807 -1.00 -1.00 23 0 -1.0000 -1.0000 -1.000000
115.00 C 20260807 -1.00 -1.00 12 0 -1.0000 -1.0000 -1.000000
120.00 C 20260807 -1.00 -1.00 9 0 -1.0000 -1.0000 -1.000000
125.00 C 20260807 -1.00 -1.00 3 0 -1.0000 -1.0000 -1.000000
110.00 P 20260807 -1.00 -1.00 -1 0 2.0732 -0.0112 0.000741
115.00 P 20260807 -1.00 -1.00 19 19 1.9219 -0.0133 0.000923
120.00 P 20260807 -1.00 -1.00 2 2 1.7770 -0.0157 0.001150
125.00 P 20260807 -1.00 -1.00 1 253 1.5954 -0.0163 0.001321
110.00 C 20260814 -1.00 -1.00 -1 0 -1.0000 -1.0000 -1.000000
115.00 C 20260814 -1.00 -1.00 -1 0 -1.0000 -1.0000 -1.000000
120.00 C 20260814 -1.00 -1.00 -1 0 -1.0000 -1.0000 -1.000000
125.00 C 20260814 -1.00 -1.00 -1 0 -1.0000 -1.0000 -1.000000
110.00 P 20260814 -1.00 -1.00 -1 0 1.3020 -0.0127 0.000806
115.00 P 20260814 -1.00 -1.00 -1 0 1.2084 -0.0149 0.000994
120.00 P 20260814 -1.00 -1.00 -1 0 1.1886 -0.0219 0.001427
125.00 P 20260814 -1.00 -1.00 28 173 1.0028 -0.0178 0.001401
110.00 C 20260821 -1.00 -1.00 1 7 0.0013 0.9997 -0.000000
115.00 C 20260821 -1.00 -1.00 4 223 -1.0000 -1.0000 -1.000000
120.00 C 20260821 -1.00 -1.00 1 61 -1.0000 -1.0000 -1.000000
125.00 C 20260821 -1.00 -1.00 1 27 -1.0000 -1.0000 -1.000000
110.00 P 20260821 -1.00 -1.00 2 225 1.1227 -0.0196 0.001073
115.00 P 20260821 -1.00 -1.00 367 394 0.7733 -0.0039 0.000373
120.00 P 20260821 -1.00 -1.00 1 100 0.7309 -0.0059 0.000574
125.00 P 20260821 -1.00 -1.00 1 496 0.9105 -0.0326 0.002017
230.00 C 20260807 -1.00 -1.00 -1 0 -1.0000 -1.0000 -1.000000
235.00 C 20260807 -1.00 -1.00 -1 0 -1.0000 -1.0000 -1.000000
240.00 C 20260807 -1.00 -1.00 -1 0 1.2395 0.0129 0.001403
245.00 C 20260807 -1.00 -1.00 -1 0 -1.0000 -1.0000 -1.000000
230.00 P 20260807 -1.00 -1.00 2 0 1.5461 -0.9309 0.004566
235.00 P 20260807 -1.00 -1.00 2 0 1.6498 -0.9328 0.004175
240.00 P 20260807 -1.00 -1.00 2 0 1.7404 -0.9357 0.003816
245.00 P 20260807 -1.00 -1.00 2 0 1.7963 -0.9421 0.003403
230.00 C 20260814 -1.00 -1.00 -1 0 -1.0000 -1.0000 -1.000000
235.00 C 20260814 -1.00 -1.00 -1 0 -1.0000 -1.0000 -1.000000
240.00 C 20260814 -1.00 -1.00 -1 0 -1.0000 -1.0000 -1.000000
245.00 C 20260814 -1.00 -1.00 -1 0 -1.0000 -1.0000 -1.000000
230.00 P 20260814 -1.00 -1.00 -1 0 0.9670 -0.9290 0.004719
235.00 P 20260814 -1.00 -1.00 -1 0 0.9898 -0.9392 0.004086
240.00 P 20260814 -1.00 -1.00 -1 0 1.1011 -0.9313 0.004018
245.00 P 20260814 -1.00 -1.00 -1 0 1.1355 -0.9377 0.003612
230.00 C 20260821 -1.00 -1.00 30 397 0.5348 0.0161 0.001896
235.00 C 20260821 -1.00 -1.00 2 13 0.6019 0.0212 0.002119
240.00 C 20260821 -1.00 -1.00 3 159 0.6864 0.0289 0.002417
245.00 C 20260821 -1.00 -1.00 4 8 0.6744 0.0184 0.001679
230.00 P 20260821 -1.00 -1.00 1 0 0.7367 -0.9365 0.004638
235.00 P 20260821 -1.00 -1.00 -1 0 0.6888 -0.9681 0.003212
240.00 P 20260821 -1.00 -1.00 1 0 0.7934 -0.9512 0.003567
245.00 P 20260821 -1.00 -1.00 -1 0 0.7556 -0.9728 0.002593
