# opt_chain EWY | epoch 1785777766 | 2026-08-03 13:22:46 | spot 156.88 | exps 20260807 20260814 20260821
# fuente polygon_snapshot_v3 | greeks polygon_directo | iv polygon_directo | oi polygon_directo | vol day.volume(-1 si no cotizo) | bid/ask NO_ENTITLED(-1) | spot_src ibkr_bridge spot_edad_s 247125 | band 0.6000 vencimientos 3 exp_hasta 2026-08-21
# strike right exp bid ask vol oi iv delta gamma
104.00 C 20260807 -1.00 -1.00 48 0 -1.0000 -1.0000 -1.000000
105.00 C 20260807 -1.00 -1.00 80 3 0.0005 0.9999 -0.000000
106.00 C 20260807 -1.00 -1.00 129 13 -1.0000 -1.0000 -1.000000
107.00 C 20260807 -1.00 -1.00 238 15 -1.0000 -1.0000 -1.000000
108.00 C 20260807 -1.00 -1.00 202 3 -1.0000 -1.0000 -1.000000
109.00 C 20260807 -1.00 -1.00 105 0 1.7728 0.9795 0.001630
110.00 C 20260807 -1.00 -1.00 109 4 -1.0000 -1.0000 -1.000000
111.00 C 20260807 -1.00 -1.00 66 0 1.6982 0.9787 0.001761
112.00 C 20260807 -1.00 -1.00 28 0 1.4557 0.9893 0.001131
113.00 C 20260807 -1.00 -1.00 29 0 -1.0000 -1.0000 -1.000000
114.00 C 20260807 -1.00 -1.00 79 0 -1.0000 -1.0000 -1.000000
115.00 C 20260807 -1.00 -1.00 32 0 -1.0000 -1.0000 -1.000000
116.00 C 20260807 -1.00 -1.00 108 0 -1.0000 -1.0000 -1.000000
117.00 C 20260807 -1.00 -1.00 20 0 -1.0000 -1.0000 -1.000000
118.00 C 20260807 -1.00 -1.00 45 0 1.4913 0.9719 0.002540
119.00 C 20260807 -1.00 -1.00 55 0 1.0918 0.9932 0.000985
120.00 C 20260807 -1.00 -1.00 45 0 -1.0000 -1.0000 -1.000000
121.00 C 20260807 -1.00 -1.00 36 7 1.2127 0.9822 0.002096
122.00 C 20260807 -1.00 -1.00 38 0 1.3381 0.9693 0.003042
123.00 C 20260807 -1.00 -1.00 53 0 0.9719 0.9927 0.001182
124.00 C 20260807 -1.00 -1.00 37 0 1.3285 0.9603 0.003766
125.00 C 20260807 -1.00 -1.00 31 102 0.0005 0.9999 -0.000000
126.00 C 20260807 -1.00 -1.00 27 0 1.1899 0.9661 0.003702
127.00 C 20260807 -1.00 -1.00 35 0 1.3143 0.9466 0.004889
128.00 C 20260807 -1.00 -1.00 35 0 1.2777 0.9452 0.005142
129.00 C 20260807 -1.00 -1.00 29 0 1.0819 0.9632 0.004347
130.00 C 20260807 -1.00 -1.00 29 2 1.0782 0.9576 0.004893
131.00 C 20260807 -1.00 -1.00 26 1 0.9796 0.9659 0.004516
132.00 C 20260807 -1.00 -1.00 26 0 1.0394 0.9506 0.005773
133.00 C 20260807 -1.00 -1.00 25 0 1.2175 0.9137 0.007590
134.00 C 20260807 -1.00 -1.00 25 3 1.1769 0.9111 0.008032
135.00 C 20260807 -1.00 -1.00 18 21 1.0283 0.9290 0.007781
136.00 C 20260807 -1.00 -1.00 18 2 1.0965 0.9053 0.009044
137.00 C 20260807 -1.00 -1.00 13 2 1.0209 0.9090 0.009424
138.00 C 20260807 -1.00 -1.00 8 0 0.9994 0.9022 0.010170
139.00 C 20260807 -1.00 -1.00 8 4 1.0314 0.8855 0.011167
140.00 C 20260807 -1.00 -1.00 13 161 1.0322 0.8725 0.012033
141.00 C 20260807 -1.00 -1.00 11 0 0.9980 0.8649 0.012896
142.00 C 20260807 -1.00 -1.00 10 14 1.0225 0.8431 0.013834
143.00 C 20260807 -1.00 -1.00 7 9 1.0703 0.8179 0.014601
144.00 C 20260807 -1.00 -1.00 -1 0 1.0711 0.8025 0.015433
145.00 C 20260807 -1.00 -1.00 11 126 0.9909 0.8011 0.016756
146.00 C 20260807 -1.00 -1.00 3 4 1.0152 0.7788 0.017458
147.00 C 20260807 -1.00 -1.00 1 1 1.0308 0.7553 0.018025
148.00 C 20260807 -1.00 -1.00 20 11 0.9938 0.7415 0.019204
149.00 C 20260807 -1.00 -1.00 4 3 0.9046 0.7365 0.021300
150.00 C 20260807 -1.00 -1.00 19 430 0.9901 0.7001 0.020800
151.00 C 20260807 -1.00 -1.00 1 5 0.9796 0.6804 0.021756
152.00 C 20260807 -1.00 -1.00 10 190 0.9726 0.6593 0.022582
153.00 C 20260807 -1.00 -1.00 41 24 0.9654 0.6360 0.023096
154.00 C 20260807 -1.00 -1.00 72 47 0.9282 0.6147 0.024353
155.00 C 20260807 -1.00 -1.00 195 792 0.9811 0.5869 0.023443
156.00 C 20260807 -1.00 -1.00 67 304 0.9142 0.5648 0.025497
157.00 C 20260807 -1.00 -1.00 98 362 0.9668 0.5393 0.024492
157.50 C 20260807 -1.00 -1.00 4 17 0.9707 0.5273 0.024572
158.00 C 20260807 -1.00 -1.00 36 13 0.9539 0.5149 0.025034
159.00 C 20260807 -1.00 -1.00 2 65 0.9404 0.4902 0.025188
160.00 C 20260807 -1.00 -1.00 303 959 0.9638 0.4676 0.024391
161.00 C 20260807 -1.00 -1.00 57 861 0.9503 0.4424 0.024529
162.00 C 20260807 -1.00 -1.00 23 15 0.9149 0.4135 0.025224
162.50 C 20260807 -1.00 -1.00 6 13 0.9594 0.4075 0.024009
163.00 C 20260807 -1.00 -1.00 5 15 0.9381 0.3922 0.024422
164.00 C 20260807 -1.00 -1.00 25 14 0.9161 0.3652 0.024534
165.00 C 20260807 -1.00 -1.00 202 4985 0.9370 0.3476 0.023418
166.00 C 20260807 -1.00 -1.00 4 41 0.9413 0.3275 0.022668
167.00 C 20260807 -1.00 -1.00 20 225 0.8304 0.2778 0.023890
167.50 C 20260807 -1.00 -1.00 12 33 0.8737 0.2785 0.022733
168.00 C 20260807 -1.00 -1.00 5 26 0.9374 0.2846 0.021387
169.00 C 20260807 -1.00 -1.00 4 1878 0.9334 0.2624 0.020764
170.00 C 20260807 -1.00 -1.00 93 2640 0.9540 0.2474 0.019848
171.00 C 20260807 -1.00 -1.00 50 11 0.9385 0.2277 0.019123
172.00 C 20260807 -1.00 -1.00 3 354 0.9582 0.2171 0.018147
172.50 C 20260807 -1.00 -1.00 10 37 0.8544 0.1788 0.018016
173.00 C 20260807 -1.00 -1.00 12 213 0.9251 0.1923 0.017402
174.00 C 20260807 -1.00 -1.00 3 9 0.9184 0.1742 0.016499
175.00 C 20260807 -1.00 -1.00 112 1013 0.9276 0.1610 0.015596
176.00 C 20260807 -1.00 -1.00 28 490 0.9193 0.1428 0.014671
177.00 C 20260807 -1.00 -1.00 2 224 0.8934 0.1257 0.013675
177.50 C 20260807 -1.00 -1.00 2 12 0.9703 0.1391 0.013613
178.00 C 20260807 -1.00 -1.00 3 25 0.9534 0.1301 0.013156
179.00 C 20260807 -1.00 -1.00 16 18 0.9197 0.1112 0.012109
180.00 C 20260807 -1.00 -1.00 26 1786 0.9483 0.1084 0.011529
181.00 C 20260807 -1.00 -1.00 6 36 0.9072 0.0863 0.010237
182.00 C 20260807 -1.00 -1.00 4 70 0.9664 0.0931 0.010137
182.50 C 20260807 -1.00 -1.00 3 11 0.9344 0.0787 0.009336
183.00 C 20260807 -1.00 -1.00 50 21 0.9485 0.0778 0.009129
184.00 C 20260807 -1.00 -1.00 5 33 0.9518 0.0715 0.008517
185.00 C 20260807 -1.00 -1.00 131 188 0.9754 0.0700 0.008160
186.00 C 20260807 -1.00 -1.00 1 13 0.8935 0.0479 0.006532
187.00 C 20260807 -1.00 -1.00 1 6 1.0220 0.0672 0.007520
187.50 C 20260807 -1.00 -1.00 4 4 0.9812 0.0570 0.006837
188.00 C 20260807 -1.00 -1.00 2 11 0.9535 0.0487 0.006194
189.00 C 20260807 -1.00 -1.00 7 5 0.9898 0.0503 0.006126
190.00 C 20260807 -1.00 -1.00 9 388 0.9869 0.0442 0.005545
191.00 C 20260807 -1.00 -1.00 4 28 1.0359 0.0484 0.005680
192.00 C 20260807 -1.00 -1.00 5 3 1.0199 0.0400 0.004969
192.50 C 20260807 -1.00 -1.00 3 2 1.0184 0.0370 0.004693
193.00 C 20260807 -1.00 -1.00 11 35 1.0126 0.0340 0.004415
194.00 C 20260807 -1.00 -1.00 9 5 1.0320 0.0334 0.004265
195.00 C 20260807 -1.00 -1.00 109 198 0.9743 0.0242 0.003403
196.00 C 20260807 -1.00 -1.00 6 25 1.0193 0.0267 0.003550
197.00 C 20260807 -1.00 -1.00 4 8 1.0897 0.0318 0.003864
197.50 C 20260807 -1.00 -1.00 4 23 1.0737 0.0289 0.003603
198.00 C 20260807 -1.00 -1.00 5 14 1.1343 0.0338 0.003922
199.00 C 20260807 -1.00 -1.00 9 6 1.1277 0.0308 0.003632
200.00 C 20260807 -1.00 -1.00 16 3777 1.0958 0.0251 0.003123
202.50 C 20260807 -1.00 -1.00 3 62 1.2920 0.0405 0.003970
205.00 C 20260807 -1.00 -1.00 9 29 1.2394 0.0283 0.003066
207.50 C 20260807 -1.00 -1.00 4 7 1.7577 0.0853 0.005270
210.00 C 20260807 -1.00 -1.00 5 89 1.5383 0.0497 0.003904
212.50 C 20260807 -1.00 -1.00 31 3 1.8862 0.0826 0.004811
215.00 C 20260807 -1.00 -1.00 1 19 1.9236 0.0796 0.004572
217.50 C 20260807 -1.00 -1.00 4 2 1.8253 0.0625 0.003946
104.00 P 20260807 -1.00 -1.00 73 11 2.2866 -0.0346 0.001961
105.00 P 20260807 -1.00 -1.00 2 1838 1.7150 -0.0094 0.000874
106.00 P 20260807 -1.00 -1.00 10 12 1.6782 -0.0096 0.000909
107.00 P 20260807 -1.00 -1.00 7 1 1.6412 -0.0098 0.000945
108.00 P 20260807 -1.00 -1.00 1019 1013 1.6046 -0.0100 0.000982
109.00 P 20260807 -1.00 -1.00 72 2 1.9450 -0.0299 0.002052
110.00 P 20260807 -1.00 -1.00 136 2919 1.5323 -0.0104 0.001065
111.00 P 20260807 -1.00 -1.00 154 3527 1.4967 -0.0107 0.001109
112.00 P 20260807 -1.00 -1.00 5 9 1.4614 -0.0109 0.001157
113.00 P 20260807 -1.00 -1.00 14 11258 1.4264 -0.0111 0.001207
114.00 P 20260807 -1.00 -1.00 25 39 1.4257 -0.0135 0.001419
115.00 P 20260807 -1.00 -1.00 2179 7750 1.3912 -0.0138 0.001483
116.00 P 20260807 -1.00 -1.00 29 0 1.4243 -0.0183 0.001845
117.00 P 20260807 -1.00 -1.00 6 5 1.5346 -0.0277 0.002456
118.00 P 20260807 -1.00 -1.00 34 0 1.4229 -0.0231 0.002272
119.00 P 20260807 -1.00 -1.00 43 20 1.3557 -0.0217 0.002253
120.00 P 20260807 -1.00 -1.00 61 2375 1.3223 -0.0222 0.002360
121.00 P 20260807 -1.00 -1.00 210 8 1.3647 -0.0286 0.002833
122.00 P 20260807 -1.00 -1.00 15 11 1.3436 -0.0312 0.003078
123.00 P 20260807 -1.00 -1.00 16 12 1.2900 -0.0301 0.003116
124.00 P 20260807 -1.00 -1.00 14 38 1.2694 -0.0328 0.003392
125.00 P 20260807 -1.00 -1.00 202 1485 1.2652 -0.0376 0.003793
126.00 P 20260807 -1.00 -1.00 31 23 1.2771 -0.0442 0.004293
127.00 P 20260807 -1.00 -1.00 16 525 1.2407 -0.0454 0.004519
128.00 P 20260807 -1.00 -1.00 33 690 1.3833 -0.0689 0.005660
129.00 P 20260807 -1.00 -1.00 181 135 1.2768 -0.0602 0.005578
130.00 P 20260807 -1.00 -1.00 838 1863 1.2446 -0.0635 0.005941
131.00 P 20260807 -1.00 -1.00 496 312 1.2035 -0.0653 0.006269
132.00 P 20260807 -1.00 -1.00 304 333 1.2539 -0.0830 0.007165
133.00 P 20260807 -1.00 -1.00 308 331 1.1768 -0.0793 0.007380
134.00 P 20260807 -1.00 -1.00 4 1032 1.1998 -0.0926 0.008137
135.00 P 20260807 -1.00 -1.00 2356 2307 1.1595 -0.0955 0.008622
136.00 P 20260807 -1.00 -1.00 4 37 1.1644 -0.1058 0.009310
137.00 P 20260807 -1.00 -1.00 501 539 1.1693 -0.1161 0.009987
138.00 P 20260807 -1.00 -1.00 507 559 1.1118 -0.1172 0.010576
139.00 P 20260807 -1.00 -1.00 512 501 1.1235 -0.1333 0.011358
140.00 P 20260807 -1.00 -1.00 835 7819 1.1066 -0.1443 0.012121
141.00 P 20260807 -1.00 -1.00 549 970 1.0840 -0.1545 0.012927
142.00 P 20260807 -1.00 -1.00 71 208 1.0674 -0.1662 0.013776
143.00 P 20260807 -1.00 -1.00 16 65 1.0625 -0.1806 0.014633
144.00 P 20260807 -1.00 -1.00 7 96 1.0926 -0.2010 0.015333
145.00 P 20260807 -1.00 -1.00 234 6090 1.0689 -0.2125 0.016283
146.00 P 20260807 -1.00 -1.00 106 447 1.0492 -0.2282 0.017140
147.00 P 20260807 -1.00 -1.00 4 6 1.0428 -0.2469 0.017904
148.00 P 20260807 -1.00 -1.00 270 39 1.0189 -0.2629 0.018899
149.00 P 20260807 -1.00 -1.00 1 8 1.0214 -0.2837 0.019598
150.00 P 20260807 -1.00 -1.00 233 5945 1.0283 -0.3050 0.020226
151.00 P 20260807 -1.00 -1.00 42 221 1.0350 -0.3260 0.020839
152.00 P 20260807 -1.00 -1.00 20 116 1.0133 -0.3454 0.021745
153.00 P 20260807 -1.00 -1.00 19 90 0.9985 -0.3671 0.022384
154.00 P 20260807 -1.00 -1.00 116 5751 1.0213 -0.3920 0.022233
155.00 P 20260807 -1.00 -1.00 791 688 0.9841 -0.4133 0.023386
156.00 P 20260807 -1.00 -1.00 448 1998 0.9770 -0.4368 0.023903
157.00 P 20260807 -1.00 -1.00 142 344 0.9922 -0.4607 0.023884
157.50 P 20260807 -1.00 -1.00 251 59 0.9738 -0.4728 0.024511
158.00 P 20260807 -1.00 -1.00 126 519 0.9718 -0.4847 0.024591
159.00 P 20260807 -1.00 -1.00 10 74 0.9730 -0.5083 0.024371
160.00 P 20260807 -1.00 -1.00 6 1061 0.9521 -0.5335 0.024701
161.00 P 20260807 -1.00 -1.00 1 236 1.0194 -0.5509 0.022934
162.00 P 20260807 -1.00 -1.00 1 1 0.9254 -0.5852 0.024973
162.50 P 20260807 -1.00 -1.00 3 8 0.9407 -0.5953 0.024485
163.00 P 20260807 -1.00 -1.00 1 20 0.9559 -0.6052 0.024016
164.00 P 20260807 -1.00 -1.00 1 17 1.0007 -0.6215 0.022824
165.00 P 20260807 -1.00 -1.00 3 172 0.9239 -0.6551 0.023695
166.00 P 20260807 -1.00 -1.00 2 3 0.9448 -0.6721 0.022630
167.00 P 20260807 -1.00 -1.00 1 219 1.0066 -0.6796 0.021011
167.50 P 20260807 -1.00 -1.00 1 3 0.8978 -0.7153 0.022374
168.00 P 20260807 -1.00 -1.00 1 19 0.9779 -0.7058 0.020832
169.00 P 20260807 -1.00 -1.00 6 16 0.9820 -0.7249 0.020166
170.00 P 20260807 -1.00 -1.00 3 436 0.9697 -0.7484 0.019698
171.00 P 20260807 -1.00 -1.00 1 6 0.9269 -0.7756 0.019228
172.00 P 20260807 -1.00 -1.00 2 2 0.9944 -0.7744 0.017974
172.50 P 20260807 -1.00 -1.00 1 3 0.9804 -0.7853 0.017655
173.00 P 20260807 -1.00 -1.00 2 7 0.9876 -0.7910 0.017227
174.00 P 20260807 -1.00 -1.00 3 4 1.0124 -0.7994 0.016375
175.00 P 20260807 -1.00 -1.00 10 56 0.9950 -0.8189 0.015648
176.00 P 20260807 -1.00 -1.00 8 8 1.0092 -0.8295 0.014882
177.00 P 20260807 -1.00 -1.00 1 44 1.0127 -0.8431 0.014137
177.50 P 20260807 -1.00 -1.00 8 2 1.0197 -0.8482 0.013781
178.00 P 20260807 -1.00 -1.00 1 38 1.0140 -0.8567 0.013397
179.00 P 20260807 -1.00 -1.00 4 6 0.9491 -0.8818 0.012372
180.00 P 20260807 -1.00 -1.00 4 70 1.0087 -0.8770 0.011981
181.00 P 20260807 -1.00 -1.00 1 2 1.0371 -0.8798 0.011454
182.00 P 20260807 -1.00 -1.00 250 250 1.0498 -0.8860 0.010876
182.50 P 20260807 -1.00 -1.00 3 5 1.0329 -0.8948 0.010431
183.00 P 20260807 -1.00 -1.00 2 12 1.0470 -0.8959 0.010210
184.00 P 20260807 -1.00 -1.00 3 4 1.0287 -0.9100 0.009389
185.00 P 20260807 -1.00 -1.00 4 27 1.0567 -0.9118 0.009012
186.00 P 20260807 -1.00 -1.00 40 40 1.0844 -0.9135 0.008663
187.00 P 20260807 -1.00 -1.00 1 1 0.8984 -0.9582 0.006005
187.50 P 20260807 -1.00 -1.00 1 1 1.0948 -0.9241 0.007873
188.00 P 20260807 -1.00 -1.00 -1 0 1.1070 -0.9248 0.007729
189.00 P 20260807 -1.00 -1.00 1 4 0.9720 -0.9542 0.005933
190.00 P 20260807 -1.00 -1.00 1 22 1.1267 -0.9314 0.007027
191.00 P 20260807 -1.00 -1.00 1 1 1.0447 -0.9508 0.005828
192.00 P 20260807 -1.00 -1.00 -1 0 1.0938 -0.9468 0.005903
192.50 P 20260807 -1.00 -1.00 -1 0 0.8831 -0.9816 0.003228
193.00 P 20260807 -1.00 -1.00 -1 0 1.0905 -0.9525 0.005432
194.00 P 20260807 -1.00 -1.00 2 2 0.9668 -0.9751 0.003717
195.00 P 20260807 -1.00 -1.00 8 11 0.9326 -0.9824 0.002947
196.00 P 20260807 -1.00 -1.00 1 0 1.1320 -0.9595 0.004639
197.00 P 20260807 -1.00 -1.00 1 2 1.1805 -0.9554 0.004775
197.50 P 20260807 -1.00 -1.00 1 0 1.1388 -0.9654 0.004115
198.00 P 20260807 -1.00 -1.00 -1 0 1.1490 -0.9657 0.004053
199.00 P 20260807 -1.00 -1.00 -1 0 1.2765 -0.9481 0.004947
200.00 P 20260807 -1.00 -1.00 1 0 1.2727 -0.9530 0.004604
202.50 P 20260807 -1.00 -1.00 11 0 1.1826 -0.9727 0.003247
205.00 P 20260807 -1.00 -1.00 4 0 1.3552 -0.9600 0.003832
207.50 P 20260807 -1.00 -1.00 2 0 1.2753 -0.9744 0.002850
210.00 P 20260807 -1.00 -1.00 -1 0 1.3714 -0.9705 0.002966
212.50 P 20260807 -1.00 -1.00 -1 0 1.4662 -0.9672 0.003034
215.00 P 20260807 -1.00 -1.00 -1 0 1.4603 -0.9720 0.002660
217.50 P 20260807 -1.00 -1.00 -1 0 1.5041 -0.9727 0.002529
100.00 C 20260814 -1.00 -1.00 -1 0 -1.0000 -1.0000 -1.000000
101.00 C 20260814 -1.00 -1.00 -1 0 0.9401 0.9974 0.000268
102.00 C 20260814 -1.00 -1.00 -1 0 1.0541 0.9931 0.000624
103.00 C 20260814 -1.00 -1.00 -1 0 0.8897 0.9975 0.000266
104.00 C 20260814 -1.00 -1.00 -1 0 0.0008 0.9996 0.000000
105.00 C 20260814 -1.00 -1.00 -1 0 1.2012 0.9799 0.001442
106.00 C 20260814 -1.00 -1.00 -1 0 1.0456 0.9891 0.000968
107.00 C 20260814 -1.00 -1.00 -1 0 1.1521 0.9792 0.001548
108.00 C 20260814 -1.00 -1.00 3 0 1.0415 0.9852 0.001262
109.00 C 20260814 -1.00 -1.00 -1 0 0.8946 0.9928 0.000765
110.00 C 20260814 -1.00 -1.00 1 1 1.0374 0.9813 0.001561
111.00 C 20260814 -1.00 -1.00 -1 0 1.0141 0.9810 0.001620
112.00 C 20260814 -1.00 -1.00 -1 0 0.9910 0.9807 0.001684
113.00 C 20260814 -1.00 -1.00 -1 0 1.1092 0.9655 0.002460
114.00 C 20260814 -1.00 -1.00 -1 0 1.0417 0.9705 0.002313
115.00 C 20260814 -1.00 -1.00 -1 0 1.0165 0.9699 0.002407
116.00 C 20260814 -1.00 -1.00 -1 0 0.9708 0.9724 0.002353
117.00 C 20260814 -1.00 -1.00 -1 0 1.0292 0.9599 0.003006
118.00 C 20260814 -1.00 -1.00 -1 0 1.0251 0.9563 0.003243
119.00 C 20260814 -1.00 -1.00 -1 0 1.0210 0.9527 0.003485
120.00 C 20260814 -1.00 -1.00 1 1 1.0375 0.9466 0.003813
121.00 C 20260814 -1.00 -1.00 -1 0 1.0449 0.9406 0.004123
122.00 C 20260814 -1.00 -1.00 -1 0 1.0407 0.9346 0.004433
123.00 C 20260814 -1.00 -1.00 -1 0 1.0132 0.9331 0.004629
124.00 C 20260814 -1.00 -1.00 1 1 0.9881 0.9311 0.004853
125.00 C 20260814 -1.00 -1.00 -1 0 1.0306 0.9159 0.005403
126.00 C 20260814 -1.00 -1.00 -1 0 0.9458 0.9253 0.005382
127.00 C 20260814 -1.00 -1.00 -1 0 0.9421 0.9187 0.005762
128.00 C 20260814 -1.00 -1.00 -1 0 0.9385 0.9119 0.006148
129.00 C 20260814 -1.00 -1.00 -1 0 0.9349 0.9052 0.006540
130.00 C 20260814 -1.00 -1.00 2 2 0.9314 0.8983 0.006937
131.00 C 20260814 -1.00 -1.00 -1 0 0.9165 0.8936 0.007313
132.00 C 20260814 -1.00 -1.00 -1 0 0.9395 0.8806 0.007776
133.00 C 20260814 -1.00 -1.00 -1 0 0.9839 0.8594 0.008225
134.00 C 20260814 -1.00 -1.00 1 1 0.9087 0.8664 0.008625
135.00 C 20260814 -1.00 -1.00 16 9 0.9084 0.8552 0.009083
136.00 C 20260814 -1.00 -1.00 -1 0 0.8932 0.8475 0.009556
137.00 C 20260814 -1.00 -1.00 -1 0 0.8856 0.8379 0.010043
138.00 C 20260814 -1.00 -1.00 -1 0 0.9220 0.8188 0.010415
139.00 C 20260814 -1.00 -1.00 -1 0 0.9070 0.8106 0.010921
140.00 C 20260814 -1.00 -1.00 10 11 0.8848 0.8036 0.011487
141.00 C 20260814 -1.00 -1.00 -1 0 0.8985 0.7882 0.011847
142.00 C 20260814 -1.00 -1.00 -1 0 0.8687 0.7804 0.012468
143.00 C 20260814 -1.00 -1.00 -1 0 0.8612 0.7672 0.012937
144.00 C 20260814 -1.00 -1.00 -1 0 0.8482 0.7548 0.013475
145.00 C 20260814 -1.00 -1.00 8 9 0.8572 0.7379 0.013794
146.00 C 20260814 -1.00 -1.00 -1 0 0.8117 0.7311 0.014763
147.00 C 20260814 -1.00 -1.00 -1 0 0.8479 0.7092 0.014735
147.50 C 20260814 -1.00 -1.00 -1 0 0.8849 0.6963 0.014463
148.00 C 20260814 -1.00 -1.00 -1 0 0.8622 0.6919 0.014958
148.50 C 20260814 -1.00 -1.00 -1 0 0.8559 0.6853 0.015251
149.00 C 20260814 -1.00 -1.00 -1 0 0.8172 0.6826 0.016040
150.00 C 20260814 -1.00 -1.00 1 57 0.8394 0.6634 0.016000
151.00 C 20260814 -1.00 -1.00 14 14 0.8248 0.6478 0.016468
152.00 C 20260814 -1.00 -1.00 -1 0 0.8337 0.6295 0.016502
152.50 C 20260814 -1.00 -1.00 3 3 0.8311 0.6211 0.016652
153.00 C 20260814 -1.00 -1.00 3 3 0.7866 0.6156 0.017662
154.00 C 20260814 -1.00 -1.00 1 19 0.8095 0.5961 0.017393
155.00 C 20260814 -1.00 -1.00 35 8 0.8367 0.5776 0.017039
156.00 C 20260814 -1.00 -1.00 1 27 0.8178 0.5605 0.017633
157.00 C 20260814 -1.00 -1.00 6 3 0.8495 0.5434 0.017175
157.50 C 20260814 -1.00 -1.00 58 1 0.8652 0.5354 0.016956
158.00 C 20260814 -1.00 -1.00 1 1103 0.8224 0.5256 0.017865
159.00 C 20260814 -1.00 -1.00 78 6 0.8452 0.5098 0.017302
160.00 C 20260814 -1.00 -1.00 40 172 0.7953 0.4892 0.018292
161.00 C 20260814 -1.00 -1.00 1 7 0.7955 0.4715 0.018197
162.00 C 20260814 -1.00 -1.00 2 7 0.8227 0.4573 0.017524
162.50 C 20260814 -1.00 -1.00 10 20 0.8047 0.4463 0.017860
163.00 C 20260814 -1.00 -1.00 1 1 0.7733 0.4328 0.018511
164.00 C 20260814 -1.00 -1.00 20 7 0.7736 0.4146 0.018407
165.00 C 20260814 -1.00 -1.00 309 454 0.8140 0.4044 0.017448
166.00 C 20260814 -1.00 -1.00 2 5 0.7809 0.3804 0.018007
167.00 C 20260814 -1.00 -1.00 6 5 0.8185 0.3729 0.017009
167.50 C 20260814 -1.00 -1.00 8 11 0.7613 0.3527 0.017829
168.00 C 20260814 -1.00 -1.00 5 17 0.7800 0.3494 0.017322
169.00 C 20260814 -1.00 -1.00 302 351 0.8073 0.3408 0.016546
170.00 C 20260814 -1.00 -1.00 41 66 0.8042 0.3251 0.016264
171.00 C 20260814 -1.00 -1.00 1 6 0.7662 0.2989 0.016463
172.00 C 20260814 -1.00 -1.00 4 5 0.7782 0.2871 0.015940
172.50 C 20260814 -1.00 -1.00 1 32 0.8266 0.2947 0.015173
173.00 C 20260814 -1.00 -1.00 3 15 0.8250 0.2870 0.015036
174.00 C 20260814 -1.00 -1.00 2 42 0.8170 0.2698 0.014811
175.00 C 20260814 -1.00 -1.00 14 265 0.8239 0.2575 0.014426
176.00 C 20260814 -1.00 -1.00 6 11 0.7686 0.2290 0.014392
177.00 C 20260814 -1.00 -1.00 1 4 0.8123 0.2311 0.013696
177.50 C 20260814 -1.00 -1.00 194 529 0.8228 0.2288 0.013432
178.00 C 20260814 -1.00 -1.00 1 24 0.8685 0.2368 0.013006
179.00 C 20260814 -1.00 -1.00 35 35 0.8158 0.2102 0.012835
180.00 C 20260814 -1.00 -1.00 584 305 0.8143 0.1987 0.012417
181.00 C 20260814 -1.00 -1.00 18 41 0.8224 0.1906 0.011986
182.00 C 20260814 -1.00 -1.00 5 298 0.8272 0.1815 0.011571
182.50 C 20260814 -1.00 -1.00 1 285 0.8154 0.1717 0.011361
183.00 C 20260814 -1.00 -1.00 18 282 0.7973 0.1590 0.011121
184.00 C 20260814 -1.00 -1.00 2 26 0.8526 0.1695 0.010788
185.00 C 20260814 -1.00 -1.00 83 37 0.8246 0.1485 0.010341
186.00 C 20260814 -1.00 -1.00 77 109 0.7756 0.1269 0.009746
187.00 C 20260814 -1.00 -1.00 3 3 0.8485 0.1412 0.009657
187.50 C 20260814 -1.00 -1.00 19 33 0.8661 0.1426 0.009531
188.00 C 20260814 -1.00 -1.00 5 5 0.8417 0.1324 0.009268
189.00 C 20260814 -1.00 -1.00 5 0 0.8023 0.1132 0.008654
190.00 C 20260814 -1.00 -1.00 3 52 0.8328 0.1158 0.008476
191.00 C 20260814 -1.00 -1.00 11 12 0.8584 0.1169 0.008276
192.00 C 20260814 -1.00 -1.00 1 12 0.7963 0.0892 0.007364
192.50 C 20260814 -1.00 -1.00 -1 0 0.8644 0.1086 0.007791
193.00 C 20260814 -1.00 -1.00 -1 0 0.8495 0.1004 0.007498
194.00 C 20260814 -1.00 -1.00 -1 0 0.8474 0.0929 0.007118
195.00 C 20260814 -1.00 -1.00 9 172 0.8452 0.0853 0.006733
196.00 C 20260814 -1.00 -1.00 5 8 0.8328 0.0760 0.006288
197.00 C 20260814 -1.00 -1.00 4 0 0.8384 0.0733 0.006055
197.50 C 20260814 -1.00 -1.00 4 18 0.8451 0.0728 0.005971
198.00 C 20260814 -1.00 -1.00 4 2 0.8597 0.0740 0.005949
199.00 C 20260814 -1.00 -1.00 6 5 0.8495 0.0679 0.005607
200.00 C 20260814 -1.00 -1.00 5 492 0.8784 0.0704 0.005585
202.50 C 20260814 -1.00 -1.00 5 13 0.8725 0.0598 0.004913
205.00 C 20260814 -1.00 -1.00 5 32 0.9129 0.0597 0.004687
210.00 C 20260814 -1.00 -1.00 5 28 0.9160 0.0427 0.003590
215.00 C 20260814 -1.00 -1.00 8 29 0.8577 0.0230 0.002277
100.00 P 20260814 -1.00 -1.00 326 290 1.2202 -0.0117 0.000900
101.00 P 20260814 -1.00 -1.00 4 0 1.2182 -0.0134 0.001012
102.00 P 20260814 -1.00 -1.00 2 0 1.2385 -0.0165 0.001195
103.00 P 20260814 -1.00 -1.00 6 0 1.1700 -0.0139 0.001090
104.00 P 20260814 -1.00 -1.00 -1 0 -1.0000 -1.0000 -1.000000
105.00 P 20260814 -1.00 -1.00 868 2943 1.2104 -0.0203 0.001470
106.00 P 20260814 -1.00 -1.00 -1 0 1.2085 -0.0221 0.001586
107.00 P 20260814 -1.00 -1.00 -1 0 1.2295 -0.0263 0.001807
108.00 P 20260814 -1.00 -1.00 -1 0 1.2247 -0.0293 0.001974
109.00 P 20260814 -1.00 -1.00 -1 0 1.1986 -0.0299 0.002050
110.00 P 20260814 -1.00 -1.00 17 2336 1.1154 -0.0239 0.001845
111.00 P 20260814 -1.00 -1.00 4 0 1.1363 -0.0299 0.002159
112.00 P 20260814 -1.00 -1.00 12 0 1.1214 -0.0318 0.002302
113.00 P 20260814 -1.00 -1.00 -1 0 1.2123 -0.0458 0.002881
114.00 P 20260814 -1.00 -1.00 12 0 1.1027 -0.0372 0.002657
115.00 P 20260814 -1.00 -1.00 5 2142 1.1196 -0.0431 0.002958
116.00 P 20260814 -1.00 -1.00 84 0 1.0948 -0.0440 0.003080
117.00 P 20260814 -1.00 -1.00 -1 0 1.1219 -0.0510 0.003410
118.00 P 20260814 -1.00 -1.00 7 1 1.0766 -0.0497 0.003476
119.00 P 20260814 -1.00 -1.00 -1 0 1.0933 -0.0555 0.003769
120.00 P 20260814 -1.00 -1.00 35 43 1.0849 -0.0602 0.004025
121.00 P 20260814 -1.00 -1.00 10 0 1.1044 -0.0702 0.004420
122.00 P 20260814 -1.00 -1.00 -1 0 1.0592 -0.0686 0.004531
123.00 P 20260814 -1.00 -1.00 2 13 1.1663 -0.0928 0.005182
124.00 P 20260814 -1.00 -1.00 3 0 1.0688 -0.0837 0.005213
125.00 P 20260814 -1.00 -1.00 234 115 1.0301 -0.0836 0.005404
126.00 P 20260814 -1.00 -1.00 -1 0 1.0726 -0.0976 0.005858
127.00 P 20260814 -1.00 -1.00 1 0 1.0169 -0.0951 0.006050
128.00 P 20260814 -1.00 -1.00 2 0 1.0075 -0.1005 0.006378
129.00 P 20260814 -1.00 -1.00 -1 0 0.9411 -0.0957 0.006566
130.00 P 20260814 -1.00 -1.00 12 100 0.9889 -0.1115 0.007064
131.00 P 20260814 -1.00 -1.00 -1 0 1.0197 -0.1277 0.007481
132.00 P 20260814 -1.00 -1.00 1 0 1.0116 -0.1361 0.007849
133.00 P 20260814 -1.00 -1.00 2 2 1.0072 -0.1453 0.008227
134.00 P 20260814 -1.00 -1.00 1 1 0.9918 -0.1524 0.008620
135.00 P 20260814 -1.00 -1.00 4 108 0.9838 -0.1611 0.009022
136.00 P 20260814 -1.00 -1.00 2 0 0.9501 -0.1648 0.009486
137.00 P 20260814 -1.00 -1.00 1 0 0.9203 -0.1695 0.009982
138.00 P 20260814 -1.00 -1.00 504 0 0.9347 -0.1834 0.010382
139.00 P 20260814 -1.00 -1.00 -1 0 1.0075 -0.2077 0.010468
140.00 P 20260814 -1.00 -1.00 9 162 0.9410 -0.2071 0.011203
141.00 P 20260814 -1.00 -1.00 -1 0 0.9611 -0.2249 0.011405
142.00 P 20260814 -1.00 -1.00 3 3 0.9146 -0.2294 0.012106
143.00 P 20260814 -1.00 -1.00 3 3 0.8905 -0.2388 0.012684
144.00 P 20260814 -1.00 -1.00 -1 0 0.9544 -0.2644 0.012464
145.00 P 20260814 -1.00 -1.00 27 217 0.9029 -0.2700 0.013319
146.00 P 20260814 -1.00 -1.00 2 2 0.9118 -0.2857 0.013594
147.00 P 20260814 -1.00 -1.00 11 11 0.8827 -0.2959 0.014312
147.50 P 20260814 -1.00 -1.00 -1 0 0.8817 -0.3031 0.014519
148.00 P 20260814 -1.00 -1.00 4 4 0.8753 -0.3096 0.014799
148.50 P 20260814 -1.00 -1.00 -1 0 0.9389 -0.3242 0.014171
149.00 P 20260814 -1.00 -1.00 51 52 0.9361 -0.3316 0.014291
150.00 P 20260814 -1.00 -1.00 897 11170 0.8836 -0.3417 0.015265
151.00 P 20260814 -1.00 -1.00 25 23 0.8550 -0.3554 0.015938
152.00 P 20260814 -1.00 -1.00 2 12 0.8638 -0.3729 0.015971
152.50 P 20260814 -1.00 -1.00 1 6 0.9078 -0.3840 0.015314
153.00 P 20260814 -1.00 -1.00 5 115 0.9051 -0.3918 0.015444
154.00 P 20260814 -1.00 -1.00 2 1472 0.8581 -0.4060 0.016454
155.00 P 20260814 -1.00 -1.00 191 166 0.8530 -0.4227 0.016743
156.00 P 20260814 -1.00 -1.00 68 3 0.8709 -0.4396 0.016590
157.00 P 20260814 -1.00 -1.00 1 48 0.8749 -0.4561 0.016700
157.50 P 20260814 -1.00 -1.00 2 18 0.8631 -0.4648 0.017024
158.00 P 20260814 -1.00 -1.00 3 29 0.8476 -0.4736 0.017358
159.00 P 20260814 -1.00 -1.00 30 34 0.8249 -0.4916 0.017755
160.00 P 20260814 -1.00 -1.00 2 161 0.8704 -0.5050 0.016756
161.00 P 20260814 -1.00 -1.00 5 71 0.8161 -0.5265 0.017776
162.00 P 20260814 -1.00 -1.00 2 1 0.8118 -0.5443 0.017784
162.50 P 20260814 -1.00 -1.00 1 2 0.8660 -0.5459 0.016663
163.00 P 20260814 -1.00 -1.00 1 2 0.8570 -0.5552 0.016796
164.00 P 20260814 -1.00 -1.00 6 8 0.8212 -0.5774 0.017423
165.00 P 20260814 -1.00 -1.00 4 51 0.8213 -0.5945 0.017339
166.00 P 20260814 -1.00 -1.00 4 8 0.8526 -0.6054 0.016659
167.00 P 20260814 -1.00 -1.00 2 6 0.8671 -0.6182 0.016266
167.50 P 20260814 -1.00 -1.00 11 12 0.8452 -0.6294 0.016461
168.00 P 20260814 -1.00 -1.00 18 18 0.8083 -0.6446 0.016894
169.00 P 20260814 -1.00 -1.00 7 18 0.8003 -0.6614 0.016694
170.00 P 20260814 -1.00 -1.00 1 741 0.8576 -0.6619 0.015560
171.00 P 20260814 -1.00 -1.00 43 6 0.8545 -0.6767 0.015315
172.00 P 20260814 -1.00 -1.00 1 4 0.8015 -0.7062 0.015690
172.50 P 20260814 -1.00 -1.00 1 1 0.8000 -0.7142 0.015544
173.00 P 20260814 -1.00 -1.00 2 2 0.8084 -0.7189 0.015278
174.00 P 20260814 -1.00 -1.00 2 38 0.8551 -0.7186 0.014452
175.00 P 20260814 -1.00 -1.00 1 30 0.8619 -0.7305 0.014101
176.00 P 20260814 -1.00 -1.00 6 18 0.8685 -0.7422 0.013760
177.00 P 20260814 -1.00 -1.00 1 15 0.8612 -0.7556 0.013461
177.50 P 20260814 -1.00 -1.00 1 18 0.8589 -0.7615 0.013288
178.00 P 20260814 -1.00 -1.00 4 2 0.8565 -0.7674 0.013112
179.00 P 20260814 -1.00 -1.00 3 7 0.8646 -0.7754 0.012701
180.00 P 20260814 -1.00 -1.00 1 343 0.8535 -0.7892 0.012367
181.00 P 20260814 -1.00 -1.00 1 0 0.8297 -0.8078 0.012032
182.00 P 20260814 -1.00 -1.00 1 2 0.8568 -0.8091 0.011603
182.50 P 20260814 -1.00 -1.00 5 61 0.8608 -0.8129 0.011411
183.00 P 20260814 -1.00 -1.00 1 1 0.8076 -0.8381 0.011206
184.00 P 20260814 -1.00 -1.00 3 23 0.8663 -0.8266 0.010854
185.00 P 20260814 -1.00 -1.00 1 126 0.8678 -0.8364 0.010489
186.00 P 20260814 -1.00 -1.00 4 8 0.8559 -0.8512 0.010089
187.00 P 20260814 -1.00 -1.00 1 1 0.8632 -0.8561 0.009754
187.50 P 20260814 -1.00 -1.00 -1 0 0.8340 -0.8677 0.009485
188.00 P 20260814 -1.00 -1.00 -1 0 0.8517 -0.8660 0.009369
189.00 P 20260814 -1.00 -1.00 -1 0 0.8495 -0.8735 0.009002
190.00 P 20260814 -1.00 -1.00 3 397 0.8754 -0.8728 0.008771
191.00 P 20260814 -1.00 -1.00 -1 0 0.8918 -0.8746 0.008513
192.00 P 20260814 -1.00 -1.00 -1 0 0.8803 -0.8846 0.008128
192.50 P 20260814 -1.00 -1.00 -1 0 0.8606 -0.8941 0.007833
193.00 P 20260814 -1.00 -1.00 -1 0 0.8781 -0.8919 0.007783
194.00 P 20260814 -1.00 -1.00 1 1 0.8943 -0.8934 0.007564
195.00 P 20260814 -1.00 -1.00 23 24 0.9012 -0.8978 0.007294
196.00 P 20260814 -1.00 -1.00 -1 0 0.9081 -0.9020 0.007030
197.00 P 20260814 -1.00 -1.00 1 1 0.9056 -0.9093 0.006700
197.50 P 20260814 -1.00 -1.00 -1 0 0.9043 -0.9129 0.006532
198.00 P 20260814 -1.00 -1.00 -1 0 0.9216 -0.9104 0.006527
199.00 P 20260814 -1.00 -1.00 2 2 0.8958 -0.9241 0.006015
200.00 P 20260814 -1.00 -1.00 2 9 0.9347 -0.9187 0.006045
202.50 P 20260814 -1.00 -1.00 4 14 0.9580 -0.9241 0.005609
205.00 P 20260814 -1.00 -1.00 1 25 0.9279 -0.9389 0.004885
210.00 P 20260814 -1.00 -1.00 -1 0 0.9926 -0.9421 0.004374
215.00 P 20260814 -1.00 -1.00 -1 0 1.0091 -0.9549 0.003589
95.00 C 20260821 -1.00 -1.00 78 78 1.0637 0.9883 0.000774
100.00 C 20260821 -1.00 -1.00 20 164 1.0293 0.9822 0.001168
105.00 C 20260821 -1.00 -1.00 1 24 0.8929 0.9840 0.001223
110.00 C 20260821 -1.00 -1.00 100 101 0.9407 0.9661 0.002232
115.00 C 20260821 -1.00 -1.00 5 11 1.0450 0.9299 0.003635
120.00 C 20260821 -1.00 -1.00 20 27 0.9302 0.9225 0.004406
125.00 C 20260821 -1.00 -1.00 5 43 0.8842 0.9005 0.005642
130.00 C 20260821 -1.00 -1.00 14 331 0.8587 0.8665 0.007144
135.00 C 20260821 -1.00 -1.00 30 38 0.8546 0.8202 0.008783
140.00 C 20260821 -1.00 -1.00 1 205 0.8572 0.7652 0.010227
145.00 C 20260821 -1.00 -1.00 3 116 0.8205 0.7107 0.011940
150.00 C 20260821 -1.00 -1.00 20 347 0.8192 0.6451 0.013015
151.00 C 20260821 -1.00 -1.00 1 12 0.7925 0.6333 0.013578
152.00 C 20260821 -1.00 -1.00 14 208 0.7769 0.6200 0.013987
153.00 C 20260821 -1.00 -1.00 1 108 0.7981 0.6045 0.013772
154.00 C 20260821 -1.00 -1.00 1 263 0.7863 0.5906 0.014120
155.00 C 20260821 -1.00 -1.00 4 266 0.8255 0.5760 0.013597
156.00 C 20260821 -1.00 -1.00 1 66 0.7956 0.5619 0.014247
157.00 C 20260821 -1.00 -1.00 2 7 0.8092 0.5481 0.014149
157.50 C 20260821 -1.00 -1.00 1 1 0.7853 0.5402 0.014654
158.00 C 20260821 -1.00 -1.00 1 6 0.7946 0.5335 0.014500
159.00 C 20260821 -1.00 -1.00 15 17 0.7871 0.5192 0.014593
160.00 C 20260821 -1.00 -1.00 249 4883 0.8046 0.5067 0.014230
161.00 C 20260821 -1.00 -1.00 2 17 0.7722 0.4898 0.014775
162.00 C 20260821 -1.00 -1.00 25 618 0.7612 0.4742 0.014933
162.50 C 20260821 -1.00 -1.00 4 509 0.7717 0.4684 0.014708
163.00 C 20260821 -1.00 -1.00 145 99 0.7680 0.4608 0.014752
164.00 C 20260821 -1.00 -1.00 3 70 0.7960 0.4508 0.014201
165.00 C 20260821 -1.00 -1.00 71 8596 0.7815 0.4345 0.014407
166.00 C 20260821 -1.00 -1.00 4 45 0.7567 0.4155 0.014809
167.00 C 20260821 -1.00 -1.00 38 86 0.7948 0.4092 0.014083
167.50 C 20260821 -1.00 -1.00 704 715 0.7703 0.3968 0.014484
168.00 C 20260821 -1.00 -1.00 150 17 0.7698 0.3897 0.014461
169.00 C 20260821 -1.00 -1.00 3 189 0.7551 0.3742 0.014471
170.00 C 20260821 -1.00 -1.00 821 15365 0.7840 0.3687 0.013838
171.00 C 20260821 -1.00 -1.00 4 70 0.7457 0.3469 0.014161
172.00 C 20260821 -1.00 -1.00 7 105 0.7863 0.3455 0.013403
173.00 C 20260821 -1.00 -1.00 81 132 0.7482 0.3226 0.013675
174.00 C 20260821 -1.00 -1.00 52 53 0.7339 0.3054 0.013626
175.00 C 20260821 -1.00 -1.00 10 2984 0.7779 0.3073 0.012889
176.00 C 20260821 -1.00 -1.00 10 12 0.7364 0.2808 0.013127
177.00 C 20260821 -1.00 -1.00 15 548 0.7763 0.2827 0.012491
178.00 C 20260821 -1.00 -1.00 26 26 0.7310 0.2540 0.012691
180.00 C 20260821 -1.00 -1.00 20 13016 0.7809 0.2509 0.011776
185.00 C 20260821 -1.00 -1.00 805 5983 0.7809 0.2065 0.010407
187.00 C 20260821 -1.00 -1.00 6 84 0.7191 0.1628 0.009827
188.00 C 20260821 -1.00 -1.00 3 287 0.7349 0.1603 0.009537
189.00 C 20260821 -1.00 -1.00 4 680 0.7872 0.1736 0.009317
190.00 C 20260821 -1.00 -1.00 1267 11303 0.7906 0.1662 0.009052
191.00 C 20260821 -1.00 -1.00 3 135 0.7915 0.1579 0.008788
192.00 C 20260821 -1.00 -1.00 1 23 0.7911 0.1506 0.008530
193.00 C 20260821 -1.00 -1.00 5 131 0.7855 0.1432 0.008266
194.00 C 20260821 -1.00 -1.00 1 54 0.7692 0.1323 0.007948
195.00 C 20260821 -1.00 -1.00 1 1643 0.7709 0.1270 0.007692
196.00 C 20260821 -1.00 -1.00 1 161 0.7869 0.1266 0.007514
197.00 C 20260821 -1.00 -1.00 1 59 0.7885 0.1214 0.007272
198.00 C 20260821 -1.00 -1.00 50 6024 0.7866 0.1151 0.007009
199.00 C 20260821 -1.00 -1.00 1 311 0.7740 0.1048 0.006663
200.00 C 20260821 -1.00 -1.00 16 6793 0.7757 0.0996 0.006416
205.00 C 20260821 -1.00 -1.00 18 4480 0.7947 0.0796 0.005367
210.00 C 20260821 -1.00 -1.00 6000 14075 0.7785 0.0596 0.004312
215.00 C 20260821 -1.00 -1.00 7 2080 0.8631 0.0654 0.004189
95.00 P 20260821 -1.00 -1.00 1 536 1.1124 -0.0145 0.000933
100.00 P 20260821 -1.00 -1.00 321 3586 1.0832 -0.0208 0.001324
105.00 P 20260821 -1.00 -1.00 1649 1104 1.0084 -0.0253 0.001677
110.00 P 20260821 -1.00 -1.00 65 2641 1.0231 -0.0441 0.002600
115.00 P 20260821 -1.00 -1.00 5 503 1.0121 -0.0636 0.003516
120.00 P 20260821 -1.00 -1.00 5229 3011 0.9557 -0.0818 0.004502
125.00 P 20260821 -1.00 -1.00 14 4919 0.9337 -0.1078 0.005736
130.00 P 20260821 -1.00 -1.00 206 1978 0.9069 -0.1445 0.007147
135.00 P 20260821 -1.00 -1.00 129 2167 0.8736 -0.1831 0.008734
140.00 P 20260821 -1.00 -1.00 81 28779 0.8545 -0.2339 0.010262
145.00 P 20260821 -1.00 -1.00 8 4265 0.8401 -0.2919 0.011745
150.00 P 20260821 -1.00 -1.00 3221 12588 0.8179 -0.3546 0.013057
151.00 P 20260821 -1.00 -1.00 4 27 0.8171 -0.3684 0.013208
152.00 P 20260821 -1.00 -1.00 335 1467 0.8274 -0.3828 0.013187
153.00 P 20260821 -1.00 -1.00 1 18 0.8265 -0.3965 0.013336
154.00 P 20260821 -1.00 -1.00 14 4174 0.8075 -0.4098 0.013785
155.00 P 20260821 -1.00 -1.00 1008 4587 0.8103 -0.4239 0.013878
156.00 P 20260821 -1.00 -1.00 1 794 0.8457 -0.4374 0.013433
157.00 P 20260821 -1.00 -1.00 72 93 0.8159 -0.4518 0.014064
157.50 P 20260821 -1.00 -1.00 1 386 0.8461 -0.4576 0.013625
158.00 P 20260821 -1.00 -1.00 5 763 0.8155 -0.4656 0.014157
159.00 P 20260821 -1.00 -1.00 18 417 0.7973 -0.4803 0.014439
160.00 P 20260821 -1.00 -1.00 151 16511 0.8077 -0.4932 0.014209
161.00 P 20260821 -1.00 -1.00 2 55 0.8252 -0.5051 0.013868
162.00 P 20260821 -1.00 -1.00 8 81 0.8036 -0.5209 0.014195
162.50 P 20260821 -1.00 -1.00 82 86 0.7822 -0.5305 0.014555
163.00 P 20260821 -1.00 -1.00 229 297 0.7856 -0.5371 0.014470
164.00 P 20260821 -1.00 -1.00 1 198 0.7818 -0.5517 0.014491
165.00 P 20260821 -1.00 -1.00 128 6968 0.7921 -0.5640 0.014263
166.00 P 20260821 -1.00 -1.00 3 4 0.8234 -0.5721 0.013699
167.00 P 20260821 -1.00 -1.00 3 13 0.7811 -0.5942 0.014367
167.50 P 20260821 -1.00 -1.00 50 0 0.7879 -0.5997 0.014226
168.00 P 20260821 -1.00 -1.00 2 266 0.7946 -0.6052 0.014089
169.00 P 20260821 -1.00 -1.00 1 264 0.7748 -0.6220 0.014222
170.00 P 20260821 -1.00 -1.00 9 16278 0.7879 -0.6309 0.013830
171.00 P 20260821 -1.00 -1.00 1 465 0.7931 -0.6415 0.013561
172.00 P 20260821 -1.00 -1.00 1 210 0.7747 -0.6582 0.013602
173.00 P 20260821 -1.00 -1.00 80 67 0.7681 -0.6723 0.013478
174.00 P 20260821 -1.00 -1.00 49 294 0.8045 -0.6736 0.012842
175.00 P 20260821 -1.00 -1.00 63 5444 0.7979 -0.6873 0.012725
176.00 P 20260821 -1.00 -1.00 -1 0 0.8068 -0.6962 0.012439
177.00 P 20260821 -1.00 -1.00 -1 0 0.7653 -0.7222 0.012668
178.00 P 20260821 -1.00 -1.00 -1 0 0.7625 -0.7356 0.012482
180.00 P 20260821 -1.00 -1.00 5 3365 0.8147 -0.7397 0.011619
185.00 P 20260821 -1.00 -1.00 29 1812 0.8062 -0.7857 0.010412
187.00 P 20260821 -1.00 -1.00 4 139 0.8082 -0.8023 0.009903
188.00 P 20260821 -1.00 -1.00 1 374 0.8042 -0.8124 0.009655
189.00 P 20260821 -1.00 -1.00 1 41 0.8002 -0.8227 0.009401
190.00 P 20260821 -1.00 -1.00 1 3195 0.8059 -0.8291 0.009147
191.00 P 20260821 -1.00 -1.00 6 6 0.8166 -0.8333 0.008905
192.00 P 20260821 -1.00 -1.00 2 2 0.8172 -0.8416 0.008659
193.00 P 20260821 -1.00 -1.00 2 35 0.8145 -0.8499 0.008409
194.00 P 20260821 -1.00 -1.00 3 14 0.8199 -0.8539 0.008189
195.00 P 20260821 -1.00 -1.00 8 368 0.8251 -0.8578 0.007974
196.00 P 20260821 -1.00 -1.00 1 38 0.8015 -0.8707 0.007668
197.00 P 20260821 -1.00 -1.00 5 22 0.7778 -0.8845 0.007304
198.00 P 20260821 -1.00 -1.00 29 34 0.8120 -0.8785 0.007241
199.00 P 20260821 -1.00 -1.00 60 61 0.8172 -0.8823 0.007035
200.00 P 20260821 -1.00 -1.00 1 1600 0.8223 -0.8861 0.006834
205.00 P 20260821 -1.00 -1.00 1 872 0.8402 -0.9070 0.005847
210.00 P 20260821 -1.00 -1.00 5 313 0.8666 -0.9220 0.005051
215.00 P 20260821 -1.00 -1.00 4 193 0.8674 -0.9365 0.004318
90.00 C 20260821 -1.00 -1.00 3 69 -1.0000 -1.0000 -1.000000
90.00 P 20260821 -1.00 -1.00 6 304 1.1620 -0.0097 0.000636
220.00 C 20260807 -1.00 -1.00 5 1020 1.6754 0.0370 0.002862
225.00 C 20260807 -1.00 -1.00 7 35 2.1274 0.0746 0.003909
230.00 C 20260807 -1.00 -1.00 3 68 1.7679 0.0291 0.002194
235.00 C 20260807 -1.00 -1.00 14 938 2.1570 0.0546 0.002995
240.00 C 20260807 -1.00 -1.00 8 32 2.3993 0.0675 0.003190
245.00 C 20260807 -1.00 -1.00 1 2 1.9569 0.0230 0.001618
250.00 C 20260807 -1.00 -1.00 1 132 2.0098 0.0207 0.001443
220.00 P 20260807 -1.00 -1.00 -1 0 1.7597 -0.9531 0.003315
225.00 P 20260807 -1.00 -1.00 1 0 1.3077 -0.9952 0.000830
230.00 P 20260807 -1.00 -1.00 -1 0 1.6066 -0.9845 0.001519
235.00 P 20260807 -1.00 -1.00 -1 0 1.8354 -0.9736 0.002009
240.00 P 20260807 -1.00 -1.00 -1 0 1.7660 -0.9856 0.001307
245.00 P 20260807 -1.00 -1.00 -1 0 1.9925 -0.9753 0.001752
250.00 P 20260807 -1.00 -1.00 -1 0 1.9016 -0.9865 0.001151
220.00 C 20260814 -1.00 -1.00 14 167 0.9707 0.0299 0.002519
225.00 C 20260814 -1.00 -1.00 1 1 1.3013 0.0735 0.003887
230.00 C 20260814 -1.00 -1.00 8 13 1.0001 0.0180 0.001594
235.00 C 20260814 -1.00 -1.00 27 27 1.0936 0.0229 0.001777
240.00 C 20260814 -1.00 -1.00 19 100 1.2425 0.0332 0.002154
245.00 C 20260814 -1.00 -1.00 54 56 1.5299 0.0657 0.003009
250.00 C 20260814 -1.00 -1.00 38 62 1.3351 0.0312 0.001896
220.00 P 20260814 -1.00 -1.00 -1 0 1.0094 -0.9676 0.002828
225.00 P 20260814 -1.00 -1.00 -1 0 1.0926 -0.9654 0.002744
230.00 P 20260814 -1.00 -1.00 -1 0 1.1133 -0.9701 0.002398
235.00 P 20260814 -1.00 -1.00 -1 0 1.1328 -0.9747 0.002079
240.00 P 20260814 -1.00 -1.00 -1 0 1.2128 -0.9720 0.002081
245.00 P 20260814 -1.00 -1.00 2 0 1.2306 -0.9763 0.001821
250.00 P 20260814 -1.00 -1.00 -1 0 1.2780 -0.9770 0.001716
220.00 C 20260821 -1.00 -1.00 8 36186 0.8172 0.0387 0.002944
225.00 C 20260821 -1.00 -1.00 3 874 0.8763 0.0402 0.002827
230.00 C 20260821 -1.00 -1.00 26 1150 0.8648 0.0308 0.002280
235.00 C 20260821 -1.00 -1.00 1 804 0.9261 0.0329 0.002249
240.00 C 20260821 -1.00 -1.00 2 6893 0.8462 0.0148 0.001261
245.00 C 20260821 -1.00 -1.00 1006 8393 1.0118 0.0322 0.002019
250.00 C 20260821 -1.00 -1.00 10 3961 0.8595 0.0100 0.000867
220.00 P 20260821 -1.00 -1.00 4 20 0.9037 -0.9420 0.003874
225.00 P 20260821 -1.00 -1.00 7 9 0.9147 -0.9532 0.003296
230.00 P 20260821 -1.00 -1.00 2 8 0.9363 -0.9613 0.002836
235.00 P 20260821 -1.00 -1.00 7 7 0.8608 -0.9814 0.001935
240.00 P 20260821 -1.00 -1.00 5 0 0.9522 -0.9737 0.002142
245.00 P 20260821 -1.00 -1.00 1 0 0.9385 -0.9825 0.001701
250.00 P 20260821 -1.00 -1.00 1 2 1.0522 -0.9718 0.002019
