# opt_chain INTC | epoch 1785788426 | 2026-08-03 16:20:26 | spot 91.00 | exps 20260803 20260805 20260807 20260810 20260812 20260814 20260817 20260821
# fuente polygon_snapshot_v3 | greeks polygon_directo | iv polygon_directo | oi polygon_directo | vol day.volume(-1 si no cotizo) | bid/ask NO_ENTITLED(-1) | spot_src ibkr_bridge spot_edad_s 1045 | band 0.6000 vencimientos 8 exp_hasta 2026-08-21
# strike right exp bid ask vol oi iv delta gamma
55.00 C 20260803 -1.00 -1.00 17 0 -1.0000 -1.0000 -1.000000
60.00 C 20260803 -1.00 -1.00 33 1 -1.0000 -1.0000 -1.000000
65.00 C 20260803 -1.00 -1.00 25 0 -1.0000 -1.0000 -1.000000
67.00 C 20260803 -1.00 -1.00 248 0 -1.0000 -1.0000 -1.000000
68.00 C 20260803 -1.00 -1.00 231 2 -1.0000 -1.0000 -1.000000
69.00 C 20260803 -1.00 -1.00 55 1 -1.0000 -1.0000 -1.000000
70.00 C 20260803 -1.00 -1.00 63 8 -1.0000 -1.0000 -1.000000
71.00 C 20260803 -1.00 -1.00 77 19 -1.0000 -1.0000 -1.000000
72.00 C 20260803 -1.00 -1.00 49 9 -1.0000 -1.0000 -1.000000
73.00 C 20260803 -1.00 -1.00 48 28 -1.0000 -1.0000 -1.000000
74.00 C 20260803 -1.00 -1.00 792 707 -1.0000 -1.0000 -1.000000
75.00 C 20260803 -1.00 -1.00 1930 523 -1.0000 -1.0000 -1.000000
76.00 C 20260803 -1.00 -1.00 518 106 -1.0000 -1.0000 -1.000000
77.00 C 20260803 -1.00 -1.00 269 200 -1.0000 -1.0000 -1.000000
78.00 C 20260803 -1.00 -1.00 69 43 -1.0000 -1.0000 -1.000000
79.00 C 20260803 -1.00 -1.00 53 51 -1.0000 -1.0000 -1.000000
80.00 C 20260803 -1.00 -1.00 94 33 -1.0000 -1.0000 -1.000000
81.00 C 20260803 -1.00 -1.00 25 18 -1.0000 -1.0000 -1.000000
82.00 C 20260803 -1.00 -1.00 43 21 -1.0000 -1.0000 -1.000000
83.00 C 20260803 -1.00 -1.00 33 122 -1.0000 -1.0000 -1.000000
84.00 C 20260803 -1.00 -1.00 236 175 -1.0000 -1.0000 -1.000000
85.00 C 20260803 -1.00 -1.00 639 292 -1.0000 -1.0000 -1.000000
86.00 C 20260803 -1.00 -1.00 1150 543 1.9883 0.9247 0.038689
87.00 C 20260803 -1.00 -1.00 2597 621 0.9161 0.9933 0.010885
88.00 C 20260803 -1.00 -1.00 8792 4521 -1.0000 -1.0000 -1.000000
89.00 C 20260803 -1.00 -1.00 5747 742 -1.0000 -1.0000 -1.000000
90.00 C 20260803 -1.00 -1.00 36130 8428 -1.0000 -1.0000 -1.000000
91.00 C 20260803 -1.00 -1.00 24154 364 0.1203 0.5820 1.758602
92.00 C 20260803 -1.00 -1.00 37002 835 0.3248 0.0573 0.191111
93.00 C 20260803 -1.00 -1.00 7854 723 0.5801 0.0347 0.071616
94.00 C 20260803 -1.00 -1.00 2850 1465 0.8092 0.0259 0.040051
95.00 C 20260803 -1.00 -1.00 3342 3720 1.0252 0.0209 0.026188
96.00 C 20260803 -1.00 -1.00 921 1824 1.2900 0.0220 0.021802
97.00 C 20260803 -1.00 -1.00 660 790 1.4504 0.0154 0.014316
98.00 C 20260803 -1.00 -1.00 492 2157 1.7104 0.0171 0.013289
99.00 C 20260803 -1.00 -1.00 264 519 1.8619 0.0124 0.009383
100.00 C 20260803 -1.00 -1.00 2351 4619 2.0412 0.0114 0.007896
101.00 C 20260803 -1.00 -1.00 2160 5204 2.2188 0.0105 0.006758
102.00 C 20260803 -1.00 -1.00 55 594 3.1331 0.0386 0.014413
103.00 C 20260803 -1.00 -1.00 77 1217 3.3121 0.0335 0.012255
104.00 C 20260803 -1.00 -1.00 7 189 3.3153 0.0256 0.009676
105.00 C 20260803 -1.00 -1.00 43 2471 3.4596 0.0228 0.008370
106.00 C 20260803 -1.00 -1.00 10 563 3.6512 0.0217 0.007611
107.00 C 20260803 -1.00 -1.00 15 300 3.5884 0.0130 0.005053
108.00 C 20260803 -1.00 -1.00 261 323 3.7529 0.0125 0.004646
109.00 C 20260803 -1.00 -1.00 4 131 4.0713 0.0150 0.005003
110.00 C 20260803 -1.00 -1.00 86 1442 3.9657 0.0100 0.003581
111.00 C 20260803 -1.00 -1.00 1 36 4.3487 0.0126 0.004039
112.00 C 20260803 -1.00 -1.00 1 92 4.9545 0.0220 0.005664
113.00 C 20260803 -1.00 -1.00 5 135 4.9917 0.0179 0.004733
114.00 C 20260803 -1.00 -1.00 4 92 4.9288 0.0127 0.003595
115.00 C 20260803 -1.00 -1.00 4 110 5.4868 0.0202 0.004746
116.00 C 20260803 -1.00 -1.00 1 46 5.2347 0.0120 0.003214
117.00 C 20260803 -1.00 -1.00 3 43 5.1689 0.0093 0.002573
118.00 C 20260803 -1.00 -1.00 2 59 5.3195 0.0090 0.002442
119.00 C 20260803 -1.00 -1.00 2 46 5.4689 0.0088 0.002323
120.00 C 20260803 -1.00 -1.00 1 772 5.2959 0.0049 0.001437
121.00 C 20260803 -1.00 -1.00 2 66 6.3741 0.0147 0.003154
122.00 C 20260803 -1.00 -1.00 1 5 6.9958 0.0230 0.004168
123.00 C 20260803 -1.00 -1.00 6 34 7.0229 0.0202 0.003708
124.00 C 20260803 -1.00 -1.00 6 169 7.0950 0.0181 0.003362
125.00 C 20260803 -1.00 -1.00 3 2763 6.1299 0.0055 0.001383
126.00 C 20260803 -1.00 -1.00 1 2674 6.0761 0.0043 0.001113
127.00 C 20260803 -1.00 -1.00 10 20 8.0672 0.0254 0.003919
55.00 P 20260803 -1.00 -1.00 1 453 10.1911 -0.0053 0.000790
60.00 P 20260803 -1.00 -1.00 3 591 8.7266 -0.0069 0.001184
65.00 P 20260803 -1.00 -1.00 1 1173 7.7756 -0.0128 0.002281
67.00 P 20260803 -1.00 -1.00 1 52 6.6718 -0.0090 0.001970
68.00 P 20260803 -1.00 -1.00 1 17 6.6484 -0.0120 0.002528
69.00 P 20260803 -1.00 -1.00 5 16 6.5867 -0.0159 0.003235
70.00 P 20260803 -1.00 -1.00 132 370 5.5769 -0.0082 0.002152
71.00 P 20260803 -1.00 -1.00 49 126 5.5705 -0.0107 0.002757
72.00 P 20260803 -1.00 -1.00 7 77 4.7809 -0.0065 0.002034
73.00 P 20260803 -1.00 -1.00 22 68 4.9949 -0.0118 0.003327
74.00 P 20260803 -1.00 -1.00 15 443 4.4160 -0.0086 0.002851
75.00 P 20260803 -1.00 -1.00 152 383 4.3050 -0.0105 0.003512
76.00 P 20260803 -1.00 -1.00 60 163 5.0480 -0.0343 0.008109
77.00 P 20260803 -1.00 -1.00 659 368 3.5529 -0.0086 0.003537
78.00 P 20260803 -1.00 -1.00 99 338 3.3170 -0.0092 0.004024
79.00 P 20260803 -1.00 -1.00 597 1872 2.9522 -0.0079 0.003907
80.00 P 20260803 -1.00 -1.00 2051 1281 2.8542 -0.0107 0.005345
81.00 P 20260803 -1.00 -1.00 646 624 2.4969 -0.0092 0.005343
82.00 P 20260803 -1.00 -1.00 1412 580 2.2735 -0.0101 0.006373
83.00 P 20260803 -1.00 -1.00 1584 881 2.0527 -0.0111 0.007729
84.00 P 20260803 -1.00 -1.00 2631 2260 1.8688 -0.0155 0.011165
85.00 P 20260803 -1.00 -1.00 5917 1074 1.5706 -0.0141 0.012254
86.00 P 20260803 -1.00 -1.00 7053 6365 1.3302 -0.0163 0.016356
87.00 P 20260803 -1.00 -1.00 6717 4748 1.0925 -0.0195 0.023164
88.00 P 20260803 -1.00 -1.00 13909 6134 0.8575 -0.0243 0.035840
89.00 P 20260803 -1.00 -1.00 8194 1598 0.6170 -0.0327 0.064220
90.00 P 20260803 -1.00 -1.00 23809 5150 0.3526 -0.0530 0.165257
91.00 P 20260803 -1.00 -1.00 8646 789 0.2306 -0.4567 0.935586
92.00 P 20260803 -1.00 -1.00 1312 3009 0.6631 -0.7792 0.245019
93.00 P 20260803 -1.00 -1.00 1404 1527 -1.0000 -1.0000 -1.000000
94.00 P 20260803 -1.00 -1.00 78 233 0.9918 -0.9427 0.062819
95.00 P 20260803 -1.00 -1.00 152 2338 1.2409 -0.9529 0.042692
96.00 P 20260803 -1.00 -1.00 95 289 1.8311 -0.9214 0.043510
97.00 P 20260803 -1.00 -1.00 27 84 1.7310 -0.9644 0.024556
98.00 P 20260803 -1.00 -1.00 35 79 1.9713 -0.9680 0.019911
99.00 P 20260803 -1.00 -1.00 16 42 3.1191 -0.9006 0.030195
100.00 P 20260803 -1.00 -1.00 2234 69 3.1765 -0.9248 0.024380
101.00 P 20260803 -1.00 -1.00 9 57 2.9317 -0.9571 0.016761
102.00 P 20260803 -1.00 -1.00 7 63 2.7820 -0.9766 0.010672
103.00 P 20260803 -1.00 -1.00 1 10 3.3907 -0.9619 0.013212
104.00 P 20260803 -1.00 -1.00 1 14 -1.0000 -1.0000 -1.000000
105.00 P 20260803 -1.00 -1.00 83 89 5.5127 -0.8871 0.018747
106.00 P 20260803 -1.00 -1.00 1 19 4.3069 -0.9553 0.011773
107.00 P 20260803 -1.00 -1.00 15 15 5.7416 -0.9077 0.015561
108.00 P 20260803 -1.00 -1.00 1 0 4.4241 -0.9696 0.008434
109.00 P 20260803 -1.00 -1.00 1 0 5.0775 -0.9553 0.009986
110.00 P 20260803 -1.00 -1.00 3 8 5.2897 -0.9568 0.009340
111.00 P 20260803 -1.00 -1.00 1 3 -1.0000 -1.0000 -1.000000
112.00 P 20260803 -1.00 -1.00 40 0 -1.0000 -1.0000 -1.000000
113.00 P 20260803 -1.00 -1.00 43 0 5.3311 -0.9742 0.006036
114.00 P 20260803 -1.00 -1.00 1 0 5.5077 -0.9750 0.005698
115.00 P 20260803 -1.00 -1.00 2 0 5.6829 -0.9756 0.005392
116.00 P 20260803 -1.00 -1.00 3 0 5.3609 -0.9867 0.003465
117.00 P 20260803 -1.00 -1.00 4 0 5.5115 -0.9870 0.003290
118.00 P 20260803 -1.00 -1.00 2 0 5.6609 -0.9873 0.003131
119.00 P 20260803 -1.00 -1.00 9 0 5.8090 -0.9876 0.002985
120.00 P 20260803 -1.00 -1.00 55 0 5.9559 -0.9879 0.002850
121.00 P 20260803 -1.00 -1.00 42 0 6.1016 -0.9882 0.002726
122.00 P 20260803 -1.00 -1.00 64 0 7.3237 -0.9714 0.004805
123.00 P 20260803 -1.00 -1.00 63 0 7.4857 -0.9719 0.004622
124.00 P 20260803 -1.00 -1.00 45 0 6.5316 -0.9889 0.002405
125.00 P 20260803 -1.00 -1.00 46 0 6.6727 -0.9891 0.002313
126.00 P 20260803 -1.00 -1.00 4 0 6.8127 -0.9893 0.002227
127.00 P 20260803 -1.00 -1.00 4 0 6.9516 -0.9895 0.002147
55.00 C 20260805 -1.00 -1.00 2 1 0.0005 1.0000 0.000000
60.00 C 20260805 -1.00 -1.00 5 2 -1.0000 -1.0000 -1.000000
64.00 C 20260805 -1.00 -1.00 20 0 0.0005 1.0000 0.000000
65.00 C 20260805 -1.00 -1.00 22 8 0.0005 1.0000 0.000000
66.00 C 20260805 -1.00 -1.00 2050 0 0.0005 1.0000 0.000000
67.00 C 20260805 -1.00 -1.00 5644 0 0.0005 1.0000 0.000000
68.00 C 20260805 -1.00 -1.00 3618 0 -1.0000 -1.0000 -1.000000
69.00 C 20260805 -1.00 -1.00 2619 0 -1.0000 -1.0000 -1.000000
70.00 C 20260805 -1.00 -1.00 2619 2 0.0005 1.0000 0.000000
71.00 C 20260805 -1.00 -1.00 12 0 0.0005 1.0000 0.000000
72.00 C 20260805 -1.00 -1.00 8 0 -1.0000 -1.0000 -1.000000
73.00 C 20260805 -1.00 -1.00 8 0 1.3284 0.9883 0.003298
74.00 C 20260805 -1.00 -1.00 6 0 0.0005 1.0000 -0.000000
75.00 C 20260805 -1.00 -1.00 8 23 0.0005 1.0000 0.000000
76.00 C 20260805 -1.00 -1.00 20 11 1.1815 0.9801 0.005824
77.00 C 20260805 -1.00 -1.00 29 17 1.2282 0.9679 0.008420
78.00 C 20260805 -1.00 -1.00 33 24 -1.0000 -1.0000 -1.000000
79.00 C 20260805 -1.00 -1.00 10 1 1.1397 0.9531 0.012324
80.00 C 20260805 -1.00 -1.00 53 61 0.9836 0.9612 0.012226
81.00 C 20260805 -1.00 -1.00 33 9 1.0919 0.9266 0.018371
82.00 C 20260805 -1.00 -1.00 120 68 1.0425 0.9119 0.022001
83.00 C 20260805 -1.00 -1.00 32 35 1.0151 0.8916 0.026496
84.00 C 20260805 -1.00 -1.00 53 68 0.9244 0.8821 0.031075
85.00 C 20260805 -1.00 -1.00 324 560 0.8850 0.8538 0.037367
86.00 C 20260805 -1.00 -1.00 316 148 1.0165 0.7832 0.042319
87.00 C 20260805 -1.00 -1.00 504 110 0.9825 0.7400 0.047616
88.00 C 20260805 -1.00 -1.00 1123 289 0.9700 0.6905 0.052659
89.00 C 20260805 -1.00 -1.00 1050 192 0.9758 0.6352 0.055929
90.00 C 20260805 -1.00 -1.00 2239 252 0.9607 0.5776 0.058774
91.00 C 20260805 -1.00 -1.00 2549 141 0.9801 0.5186 0.059586
92.00 C 20260805 -1.00 -1.00 2253 444 0.9695 0.4605 0.059114
93.00 C 20260805 -1.00 -1.00 2335 808 0.9674 0.4023 0.057961
94.00 C 20260805 -1.00 -1.00 1100 212 0.9710 0.3484 0.055336
95.00 C 20260805 -1.00 -1.00 9765 950 0.9651 0.2971 0.051670
96.00 C 20260805 -1.00 -1.00 1746 195 0.9794 0.2506 0.047350
97.00 C 20260805 -1.00 -1.00 671 295 0.9751 0.2099 0.042668
98.00 C 20260805 -1.00 -1.00 912 293 0.9708 0.1711 0.037685
99.00 C 20260805 -1.00 -1.00 965 190 0.9869 0.1395 0.032834
100.00 C 20260805 -1.00 -1.00 12675 1280 0.9708 0.1111 0.028029
101.00 C 20260805 -1.00 -1.00 274 383 0.9780 0.0882 0.023528
102.00 C 20260805 -1.00 -1.00 220 3207 0.9910 0.0700 0.019657
103.00 C 20260805 -1.00 -1.00 587 271 0.9790 0.0539 0.015993
104.00 C 20260805 -1.00 -1.00 11640 278 0.9802 0.0400 0.012621
105.00 C 20260805 -1.00 -1.00 9747 3078 1.0203 0.0343 0.010801
106.00 C 20260805 -1.00 -1.00 238 330 0.9708 0.0218 0.007623
107.00 C 20260805 -1.00 -1.00 168 208 0.9829 0.0162 0.005894
108.00 C 20260805 -1.00 -1.00 130 130 0.9975 0.0125 0.004653
109.00 C 20260805 -1.00 -1.00 38 84 0.9519 0.0068 0.002832
110.00 C 20260805 -1.00 -1.00 773 591 1.0249 0.0083 0.003132
111.00 C 20260805 -1.00 -1.00 1033 45 1.1267 0.0111 0.003710
112.00 C 20260805 -1.00 -1.00 28 107 1.0810 0.0061 0.002264
113.00 C 20260805 -1.00 -1.00 1 15 1.1817 0.0090 0.002912
114.00 C 20260805 -1.00 -1.00 11 70 1.3378 0.0139 0.003834
115.00 C 20260805 -1.00 -1.00 14 117 1.2935 0.0098 0.002878
116.00 C 20260805 -1.00 -1.00 50 55 1.4812 0.0176 0.004173
117.00 C 20260805 -1.00 -1.00 19 26 1.5766 0.0211 0.004569
118.00 C 20260805 -1.00 -1.00 108 140 1.5485 0.0147 0.003453
119.00 C 20260805 -1.00 -1.00 1 3 1.7163 0.0237 0.004634
120.00 C 20260805 -1.00 -1.00 41 519 1.6077 0.0130 0.002992
121.00 C 20260805 -1.00 -1.00 9 63 1.8779 0.0275 0.004820
122.00 C 20260805 -1.00 -1.00 2 2 1.8610 0.0231 0.004172
123.00 C 20260805 -1.00 -1.00 1 1 1.9286 0.0242 0.004192
124.00 C 20260805 -1.00 -1.00 8 1 1.9236 0.0206 0.003668
125.00 C 20260805 -1.00 -1.00 266 4597 2.1697 0.0324 0.004807
126.00 C 20260805 -1.00 -1.00 10 30 1.9971 0.0191 0.003316
127.00 C 20260805 -1.00 -1.00 1 1 1.8996 0.0122 0.002387
55.00 P 20260805 -1.00 -1.00 2 191 2.5862 -0.0033 0.000557
60.00 P 20260805 -1.00 -1.00 7 94 2.7075 -0.0167 0.002185
64.00 P 20260805 -1.00 -1.00 2 11 1.8470 -0.0046 0.001026
65.00 P 20260805 -1.00 -1.00 6 229 1.8493 -0.0066 0.001424
66.00 P 20260805 -1.00 -1.00 16 0 1.6971 -0.0050 0.001197
67.00 P 20260805 -1.00 -1.00 5 172 1.7388 -0.0081 0.001825
68.00 P 20260805 -1.00 -1.00 49 27 1.7540 -0.0112 0.002401
69.00 P 20260805 -1.00 -1.00 13 19 1.5183 -0.0068 0.001766
70.00 P 20260805 -1.00 -1.00 30 234 1.4105 -0.0059 0.001682
71.00 P 20260805 -1.00 -1.00 123 10 1.4159 -0.0086 0.002353
72.00 P 20260805 -1.00 -1.00 55 32 1.4536 -0.0144 0.003577
73.00 P 20260805 -1.00 -1.00 78 97 1.3301 -0.0118 0.003323
74.00 P 20260805 -1.00 -1.00 423 71 1.2395 -0.0112 0.003424
75.00 P 20260805 -1.00 -1.00 570 250 1.2587 -0.0191 0.005269
76.00 P 20260805 -1.00 -1.00 447 141 1.1852 -0.0202 0.005879
77.00 P 20260805 -1.00 -1.00 499 392 1.2074 -0.0293 0.007990
78.00 P 20260805 -1.00 -1.00 304 519 1.1861 -0.0395 0.010295
79.00 P 20260805 -1.00 -1.00 838 88 1.1499 -0.0482 0.012508
80.00 P 20260805 -1.00 -1.00 1627 496 1.1368 -0.0603 0.015294
81.00 P 20260805 -1.00 -1.00 2786 185 1.1067 -0.0764 0.018663
82.00 P 20260805 -1.00 -1.00 850 275 1.0874 -0.0969 0.022671
83.00 P 20260805 -1.00 -1.00 848 487 1.0812 -0.1202 0.027021
84.00 P 20260805 -1.00 -1.00 487 96 1.0527 -0.1486 0.031728
85.00 P 20260805 -1.00 -1.00 1434 703 1.0325 -0.1817 0.036880
86.00 P 20260805 -1.00 -1.00 1444 247 1.0369 -0.2215 0.041887
87.00 P 20260805 -1.00 -1.00 1233 488 1.0029 -0.2641 0.047008
88.00 P 20260805 -1.00 -1.00 1379 358 1.0093 -0.3152 0.051120
89.00 P 20260805 -1.00 -1.00 1169 309 0.9990 -0.3674 0.054739
90.00 P 20260805 -1.00 -1.00 6807 2152 0.9892 -0.4239 0.057161
91.00 P 20260805 -1.00 -1.00 2073 87 1.0103 -0.4813 0.057847
92.00 P 20260805 -1.00 -1.00 185 135 0.9850 -0.5387 0.058244
93.00 P 20260805 -1.00 -1.00 192 280 0.9900 -0.5951 0.056748
94.00 P 20260805 -1.00 -1.00 465 266 0.9944 -0.6482 0.054360
95.00 P 20260805 -1.00 -1.00 303 60 0.9965 -0.6965 0.050602
96.00 P 20260805 -1.00 -1.00 83 273 0.9986 -0.7448 0.046885
97.00 P 20260805 -1.00 -1.00 54 187 0.9997 -0.7846 0.042435
98.00 P 20260805 -1.00 -1.00 86 74 1.0890 -0.7988 0.037271
99.00 P 20260805 -1.00 -1.00 31 13 1.1255 -0.8229 0.033303
100.00 P 20260805 -1.00 -1.00 24 238 1.1487 -0.8490 0.029724
101.00 P 20260805 -1.00 -1.00 1 21 1.1210 -0.8786 0.026092
102.00 P 20260805 -1.00 -1.00 1 62 1.0389 -0.9202 0.020881
103.00 P 20260805 -1.00 -1.00 4 18 1.0838 -0.9292 0.018377
104.00 P 20260805 -1.00 -1.00 1 22 1.0448 -0.9486 0.014695
105.00 P 20260805 -1.00 -1.00 3 9 1.1370 -0.9454 0.014139
106.00 P 20260805 -1.00 -1.00 2 9 1.2932 -0.9334 0.014583
107.00 P 20260805 -1.00 -1.00 1 5 1.1553 -0.9662 0.009687
108.00 P 20260805 -1.00 -1.00 2 26 1.2790 -0.9566 0.010502
109.00 P 20260805 -1.00 -1.00 40 1 1.3035 -0.9632 0.009112
110.00 P 20260805 -1.00 -1.00 1 30 1.1759 -0.9820 0.005706
111.00 P 20260805 -1.00 -1.00 1 2 1.4162 -0.9656 0.007987
112.00 P 20260805 -1.00 -1.00 20 36 1.4661 -0.9666 0.007520
113.00 P 20260805 -1.00 -1.00 20 20 1.4498 -0.9724 0.006466
114.00 P 20260805 -1.00 -1.00 40 0 1.4969 -0.9731 0.006111
115.00 P 20260805 -1.00 -1.00 1 9 2.1516 -0.9114 0.010817
116.00 P 20260805 -1.00 -1.00 10 0 1.5267 -0.9795 0.004809
117.00 P 20260805 -1.00 -1.00 1 3 1.9316 -0.9485 0.007899
118.00 P 20260805 -1.00 -1.00 1 0 1.6184 -0.9805 0.004353
119.00 P 20260805 -1.00 -1.00 2 0 1.5994 -0.9861 0.003404
120.00 P 20260805 -1.00 -1.00 2 10 -1.0000 -1.0000 -1.000000
121.00 P 20260805 -1.00 -1.00 16 0 1.8772 -0.9731 0.004846
122.00 P 20260805 -1.00 -1.00 4 0 1.9210 -0.9736 0.004655
123.00 P 20260805 -1.00 -1.00 4 0 1.6148 -0.9927 0.002014
124.00 P 20260805 -1.00 -1.00 -1 0 2.1288 -0.9675 0.005010
125.00 P 20260805 -1.00 -1.00 -1 0 2.2768 -0.9617 0.005361
126.00 P 20260805 -1.00 -1.00 -1 0 2.5365 -0.9431 0.006482
127.00 P 20260805 -1.00 -1.00 -1 0 2.0745 -0.9796 0.003486
55.00 C 20260807 -1.00 -1.00 1 22 -1.0000 -1.0000 -1.000000
60.00 C 20260807 -1.00 -1.00 1 22 0.0007 1.0000 0.000000
62.00 C 20260807 -1.00 -1.00 8800 200 -1.0000 -1.0000 -1.000000
63.00 C 20260807 -1.00 -1.00 15200 200 -1.0000 -1.0000 -1.000000
64.00 C 20260807 -1.00 -1.00 8401 2 1.3788 0.9939 0.001280
65.00 C 20260807 -1.00 -1.00 2004 119 0.0007 1.0000 -0.000000
66.00 C 20260807 -1.00 -1.00 1 0 1.4485 0.9856 0.002594
67.00 C 20260807 -1.00 -1.00 1 50 1.2102 0.9933 0.001573
68.00 C 20260807 -1.00 -1.00 2 51 1.1556 0.9931 0.001693
69.00 C 20260807 -1.00 -1.00 1 0 1.1019 0.9929 0.001826
70.00 C 20260807 -1.00 -1.00 17 1447 -1.0000 -1.0000 -1.000000
71.00 C 20260807 -1.00 -1.00 1 102 0.7200 0.9997 0.000171
72.00 C 20260807 -1.00 -1.00 1 3 1.2065 0.9734 0.005330
73.00 C 20260807 -1.00 -1.00 2 3 1.0941 0.9763 0.005292
74.00 C 20260807 -1.00 -1.00 1 1 1.1077 0.9669 0.006887
75.00 C 20260807 -1.00 -1.00 4 66 1.1014 0.9573 0.008499
76.00 C 20260807 -1.00 -1.00 15 15 1.2025 0.9320 0.011352
77.00 C 20260807 -1.00 -1.00 4 2 1.0832 0.9379 0.011832
78.00 C 20260807 -1.00 -1.00 13 21 1.0766 0.9212 0.014109
79.00 C 20260807 -1.00 -1.00 2 11 1.0384 0.9103 0.016128
80.00 C 20260807 -1.00 -1.00 120 468 0.9382 0.9113 0.017692
81.00 C 20260807 -1.00 -1.00 74 12 1.0590 0.8650 0.021358
82.00 C 20260807 -1.00 -1.00 65 320 1.0093 0.8488 0.024070
83.00 C 20260807 -1.00 -1.00 91 375 1.0013 0.8222 0.027002
84.00 C 20260807 -1.00 -1.00 86 6402 0.9933 0.7952 0.030020
85.00 C 20260807 -1.00 -1.00 609 810 0.9843 0.7624 0.032737
86.00 C 20260807 -1.00 -1.00 173 1713 0.9737 0.7271 0.035422
87.00 C 20260807 -1.00 -1.00 565 5671 0.9708 0.6899 0.037978
88.00 C 20260807 -1.00 -1.00 820 1116 0.9694 0.6509 0.040054
89.00 C 20260807 -1.00 -1.00 769 5406 0.9636 0.6090 0.041391
90.00 C 20260807 -1.00 -1.00 14376 1487 0.9579 0.5666 0.042751
91.00 C 20260807 -1.00 -1.00 2608 2286 0.9718 0.5240 0.043245
91.50 C 20260807 -1.00 -1.00 438 184 0.9616 0.5028 0.043481
92.00 C 20260807 -1.00 -1.00 1324 1713 0.9563 0.4815 0.043418
92.50 C 20260807 -1.00 -1.00 241 632 0.9575 0.4605 0.043062
93.00 C 20260807 -1.00 -1.00 780 921 0.9471 0.4383 0.043213
94.00 C 20260807 -1.00 -1.00 567 686 0.9636 0.3982 0.041903
95.00 C 20260807 -1.00 -1.00 5010 4738 0.9624 0.3590 0.040696
96.00 C 20260807 -1.00 -1.00 4019 2738 0.9569 0.3218 0.038885
97.00 C 20260807 -1.00 -1.00 1273 1678 0.9573 0.2856 0.036881
98.00 C 20260807 -1.00 -1.00 1357 1379 0.9719 0.2535 0.034591
99.00 C 20260807 -1.00 -1.00 602 706 0.9646 0.2231 0.032265
100.00 C 20260807 -1.00 -1.00 13651 10981 0.9622 0.1954 0.029712
101.00 C 20260807 -1.00 -1.00 2112 658 0.9727 0.1715 0.027143
102.00 C 20260807 -1.00 -1.00 423 1203 0.9849 0.1487 0.024691
103.00 C 20260807 -1.00 -1.00 481 688 0.9785 0.1285 0.022322
104.00 C 20260807 -1.00 -1.00 969 916 0.9768 0.1107 0.019977
105.00 C 20260807 -1.00 -1.00 4226 5997 0.9833 0.0950 0.017766
106.00 C 20260807 -1.00 -1.00 531 1116 0.9924 0.0803 0.015671
107.00 C 20260807 -1.00 -1.00 1219 773 0.9990 0.0697 0.013954
108.00 C 20260807 -1.00 -1.00 329 523 0.9986 0.0599 0.012304
109.00 C 20260807 -1.00 -1.00 164 304 0.9981 0.0501 0.010651
110.00 C 20260807 -1.00 -1.00 1653 4623 1.0023 0.0413 0.009112
111.00 C 20260807 -1.00 -1.00 189 334 1.0200 0.0354 0.007975
112.00 C 20260807 -1.00 -1.00 449 674 1.0383 0.0324 0.007266
113.00 C 20260807 -1.00 -1.00 138 438 0.9914 0.0225 0.005518
114.00 C 20260807 -1.00 -1.00 10 1019 1.0075 0.0197 0.004851
115.00 C 20260807 -1.00 -1.00 1144 2212 1.0145 0.0158 0.004034
116.00 C 20260807 -1.00 -1.00 42 128 1.0220 0.0132 0.003438
117.00 C 20260807 -1.00 -1.00 335 215 0.9892 0.0093 0.002578
118.00 C 20260807 -1.00 -1.00 28 296 1.0386 0.0103 0.002686
119.00 C 20260807 -1.00 -1.00 5 73 1.0059 0.0063 0.001807
120.00 C 20260807 -1.00 -1.00 956 3235 1.0548 0.0074 0.001979
121.00 C 20260807 -1.00 -1.00 40 283 1.0413 0.0048 0.001375
122.00 C 20260807 -1.00 -1.00 17 421 1.2525 0.0144 0.003031
123.00 C 20260807 -1.00 -1.00 7 296 1.1188 0.0058 0.001504
124.00 C 20260807 -1.00 -1.00 125 292 1.1465 0.0057 0.001442
125.00 C 20260807 -1.00 -1.00 137 1994 1.1388 0.0044 0.001160
126.00 C 20260807 -1.00 -1.00 221 1232 1.2607 0.0086 0.001891
127.00 C 20260807 -1.00 -1.00 148 6053 1.2479 0.0064 0.001475
55.00 P 20260807 -1.00 -1.00 129 22081 1.8023 -0.0026 0.000465
60.00 P 20260807 -1.00 -1.00 883 3583 1.5240 -0.0031 0.000644
62.00 P 20260807 -1.00 -1.00 595 266 1.4129 -0.0034 0.000740
63.00 P 20260807 -1.00 -1.00 71 168 1.4141 -0.0053 0.001095
64.00 P 20260807 -1.00 -1.00 15 15 1.4719 -0.0088 0.001673
65.00 P 20260807 -1.00 -1.00 767 2304 1.3602 -0.0075 0.001561
66.00 P 20260807 -1.00 -1.00 30 122 1.3339 -0.0087 0.001819
67.00 P 20260807 -1.00 -1.00 56 260 1.3341 -0.0115 0.002331
68.00 P 20260807 -1.00 -1.00 522 122 1.2633 -0.0111 0.002399
69.00 P 20260807 -1.00 -1.00 290 175 1.2285 -0.0134 0.002870
70.00 P 20260807 -1.00 -1.00 3917 6178 1.1943 -0.0157 0.003390
71.00 P 20260807 -1.00 -1.00 66 813 1.1720 -0.0191 0.004086
72.00 P 20260807 -1.00 -1.00 369 418 1.1501 -0.0226 0.004832
73.00 P 20260807 -1.00 -1.00 581 154 1.1484 -0.0286 0.005924
74.00 P 20260807 -1.00 -1.00 1477 430 1.1196 -0.0348 0.007084
75.00 P 20260807 -1.00 -1.00 4532 7558 1.1248 -0.0458 0.008819
76.00 P 20260807 -1.00 -1.00 777 921 1.1021 -0.0532 0.010232
77.00 P 20260807 -1.00 -1.00 356 207 1.0939 -0.0643 0.012008
78.00 P 20260807 -1.00 -1.00 1489 461 1.0683 -0.0772 0.014011
79.00 P 20260807 -1.00 -1.00 2858 399 1.0526 -0.0925 0.016285
80.00 P 20260807 -1.00 -1.00 5108 3666 1.0465 -0.1098 0.018741
81.00 P 20260807 -1.00 -1.00 653 542 1.0395 -0.1305 0.021321
82.00 P 20260807 -1.00 -1.00 1109 3641 1.0169 -0.1530 0.024080
83.00 P 20260807 -1.00 -1.00 835 922 1.0049 -0.1786 0.026997
84.00 P 20260807 -1.00 -1.00 513 668 1.0113 -0.2081 0.029835
85.00 P 20260807 -1.00 -1.00 2269 2077 0.9918 -0.2393 0.032612
86.00 P 20260807 -1.00 -1.00 1136 616 0.9797 -0.2741 0.035297
87.00 P 20260807 -1.00 -1.00 781 1205 0.9830 -0.3119 0.037643
88.00 P 20260807 -1.00 -1.00 1213 1321 0.9800 -0.3505 0.039683
89.00 P 20260807 -1.00 -1.00 1793 2853 0.9729 -0.3919 0.041048
90.00 P 20260807 -1.00 -1.00 1720 3106 0.9725 -0.4341 0.042162
91.00 P 20260807 -1.00 -1.00 329 347 0.9732 -0.4764 0.043230
91.50 P 20260807 -1.00 -1.00 86 301 0.9694 -0.4973 0.043177
92.00 P 20260807 -1.00 -1.00 1181 1127 0.9641 -0.5184 0.043116
92.50 P 20260807 -1.00 -1.00 49 201 0.9653 -0.5393 0.042768
93.00 P 20260807 -1.00 -1.00 156 823 0.9665 -0.5600 0.042423
94.00 P 20260807 -1.00 -1.00 117 276 0.9753 -0.6005 0.041482
95.00 P 20260807 -1.00 -1.00 198 1688 0.9754 -0.6394 0.040320
96.00 P 20260807 -1.00 -1.00 51 658 0.9685 -0.6764 0.038607
97.00 P 20260807 -1.00 -1.00 99 294 0.9688 -0.7122 0.036661
98.00 P 20260807 -1.00 -1.00 73 304 0.9761 -0.7460 0.034578
99.00 P 20260807 -1.00 -1.00 34 173 0.9734 -0.7755 0.032239
100.00 P 20260807 -1.00 -1.00 47 1347 0.9895 -0.7980 0.029641
101.00 P 20260807 -1.00 -1.00 2 105 0.9870 -0.8251 0.027221
102.00 P 20260807 -1.00 -1.00 88 201 0.9934 -0.8495 0.024813
103.00 P 20260807 -1.00 -1.00 8 176 0.9850 -0.8709 0.022457
104.00 P 20260807 -1.00 -1.00 6 96 1.0215 -0.8793 0.020578
105.00 P 20260807 -1.00 -1.00 75 3419 1.0031 -0.9008 0.018192
106.00 P 20260807 -1.00 -1.00 4 100 1.0798 -0.8977 0.017259
107.00 P 20260807 -1.00 -1.00 2 22 1.1422 -0.8980 0.016270
108.00 P 20260807 -1.00 -1.00 3 35 1.0022 -0.9408 0.012472
109.00 P 20260807 -1.00 -1.00 14 97 1.0431 -0.9428 0.011653
110.00 P 20260807 -1.00 -1.00 91 1135 1.0372 -0.9532 0.010035
111.00 P 20260807 -1.00 -1.00 1 17 1.1008 -0.9504 0.009877
112.00 P 20260807 -1.00 -1.00 4 31 1.0704 -0.9652 0.007863
113.00 P 20260807 -1.00 -1.00 4 33 1.0638 -0.9710 0.006841
114.00 P 20260807 -1.00 -1.00 1 95 1.0512 -0.9769 0.005771
115.00 P 20260807 -1.00 -1.00 10 293 1.1314 -0.9725 0.006137
116.00 P 20260807 -1.00 -1.00 4 148 1.1185 -0.9781 0.005183
117.00 P 20260807 -1.00 -1.00 1 409 1.2435 -0.9694 0.006064
118.00 P 20260807 -1.00 -1.00 2 144 1.5297 -0.9361 0.008591
119.00 P 20260807 -1.00 -1.00 1 21 1.3535 -0.9667 0.005938
120.00 P 20260807 -1.00 -1.00 14 236 1.2496 -0.9801 0.004288
121.00 P 20260807 -1.00 -1.00 1 67 1.2341 -0.9856 0.003462
122.00 P 20260807 -1.00 -1.00 2 41 1.1688 -0.9917 0.002502
123.00 P 20260807 -1.00 -1.00 2 7 1.3907 -0.9769 0.004295
124.00 P 20260807 -1.00 -1.00 1 8 1.2245 -0.9920 0.002309
125.00 P 20260807 -1.00 -1.00 5 24 1.3599 -0.9867 0.002954
126.00 P 20260807 -1.00 -1.00 1 0 1.7304 -0.9553 0.005763
127.00 P 20260807 -1.00 -1.00 83 8 1.4171 -0.9871 0.002754
55.00 C 20260810 -1.00 -1.00 1 2 1.9398 0.9788 0.002081
60.00 C 20260810 -1.00 -1.00 2 3 -1.0000 -1.0000 -1.000000
62.00 C 20260810 -1.00 -1.00 -1 0 0.0009 1.0000 -0.000000
63.00 C 20260810 -1.00 -1.00 -1 0 0.9839 0.9975 0.000615
64.00 C 20260810 -1.00 -1.00 -1 0 -1.0000 -1.0000 -1.000000
65.00 C 20260810 -1.00 -1.00 20 20 -1.0000 -1.0000 -1.000000
66.00 C 20260810 -1.00 -1.00 -1 0 1.1139 0.9848 0.002680
67.00 C 20260810 -1.00 -1.00 -1 0 -1.0000 -1.0000 -1.000000
68.00 C 20260810 -1.00 -1.00 -1 0 -1.0000 -1.0000 -1.000000
69.00 C 20260810 -1.00 -1.00 2 0 -1.0000 -1.0000 -1.000000
70.00 C 20260810 -1.00 -1.00 6 2 1.2873 0.9430 0.007103
71.00 C 20260810 -1.00 -1.00 -1 0 0.6320 0.9983 0.000678
72.00 C 20260810 -1.00 -1.00 -1 0 0.5908 0.9984 0.000659
73.00 C 20260810 -1.00 -1.00 -1 0 -1.0000 -1.0000 -1.000000
74.00 C 20260810 -1.00 -1.00 -1 0 1.1292 0.9190 0.010467
75.00 C 20260810 -1.00 -1.00 2 0 0.8423 0.9570 0.008521
76.00 C 20260810 -1.00 -1.00 -1 0 0.8587 0.9440 0.010451
77.00 C 20260810 -1.00 -1.00 5 5 0.8638 0.9282 0.012514
78.00 C 20260810 -1.00 -1.00 1 1 0.8585 0.9123 0.014612
79.00 C 20260810 -1.00 -1.00 20 24 0.9015 0.8863 0.017060
80.00 C 20260810 -1.00 -1.00 2 12 0.8466 0.8799 0.018955
81.00 C 20260810 -1.00 -1.00 22 10 0.7243 0.8890 0.020808
82.00 C 20260810 -1.00 -1.00 4 2 0.8335 0.8317 0.023827
83.00 C 20260810 -1.00 -1.00 51 321 0.8271 0.8071 0.026368
84.00 C 20260810 -1.00 -1.00 2 34 0.8486 0.7729 0.028295
85.00 C 20260810 -1.00 -1.00 7 31 0.8164 0.7469 0.030991
86.00 C 20260810 -1.00 -1.00 52 1352 0.8198 0.7122 0.032960
87.00 C 20260810 -1.00 -1.00 73 33 0.8114 0.6794 0.035295
88.00 C 20260810 -1.00 -1.00 41 40 0.7961 0.6441 0.037295
89.00 C 20260810 -1.00 -1.00 92 19 0.8066 0.6041 0.037786
90.00 C 20260810 -1.00 -1.00 346 1834 0.8270 0.5648 0.037795
91.00 C 20260810 -1.00 -1.00 125 23 0.8422 0.5274 0.038004
92.00 C 20260810 -1.00 -1.00 70 87 0.8151 0.4891 0.038875
93.00 C 20260810 -1.00 -1.00 114 271 0.8166 0.4516 0.038353
94.00 C 20260810 -1.00 -1.00 25 68 0.7907 0.4097 0.039081
95.00 C 20260810 -1.00 -1.00 206 261 0.7845 0.3707 0.038603
96.00 C 20260810 -1.00 -1.00 52 46 0.8375 0.3491 0.035121
97.00 C 20260810 -1.00 -1.00 103 20 0.7661 0.2980 0.035768
98.00 C 20260810 -1.00 -1.00 87 13 0.8143 0.2793 0.032742
99.00 C 20260810 -1.00 -1.00 80 25 0.8305 0.2524 0.030832
100.00 C 20260810 -1.00 -1.00 438 326 0.8219 0.2252 0.029002
101.00 C 20260810 -1.00 -1.00 88 25 0.8113 0.1977 0.027035
102.00 C 20260810 -1.00 -1.00 32 16 0.8176 0.1756 0.024957
103.00 C 20260810 -1.00 -1.00 38 18 0.8169 0.1511 0.022908
104.00 C 20260810 -1.00 -1.00 25 140 0.8687 0.1475 0.021269
105.00 C 20260810 -1.00 -1.00 73 234 0.8366 0.1236 0.019288
106.00 C 20260810 -1.00 -1.00 6 3 0.8249 0.1045 0.017274
107.00 C 20260810 -1.00 -1.00 6 9 0.8336 0.0917 0.015583
108.00 C 20260810 -1.00 -1.00 288 20 0.8503 0.0820 0.014149
109.00 C 20260810 -1.00 -1.00 407 4 0.8014 0.0604 0.011756
110.00 C 20260810 -1.00 -1.00 96 180 0.8183 0.0553 0.010707
111.00 C 20260810 -1.00 -1.00 2 33 0.9007 0.0649 0.011087
112.00 C 20260810 -1.00 -1.00 2 11 0.8758 0.0513 0.009416
113.00 C 20260810 -1.00 -1.00 -1 0 0.9811 0.0654 0.010240
114.00 C 20260810 -1.00 -1.00 195 195 0.9083 0.0424 0.007831
115.00 C 20260810 -1.00 -1.00 4 5 0.8130 0.0223 0.005085
116.00 C 20260810 -1.00 -1.00 3 81 0.9193 0.0325 0.006258
117.00 C 20260810 -1.00 -1.00 3 3 0.8435 0.0182 0.004133
118.00 C 20260810 -1.00 -1.00 6 1 0.9489 0.0286 0.005408
119.00 C 20260810 -1.00 -1.00 -1 0 1.0201 0.0334 0.005770
120.00 C 20260810 -1.00 -1.00 4 44 0.9381 0.0197 0.003976
121.00 C 20260810 -1.00 -1.00 4 0 0.8553 0.0096 0.002330
122.00 C 20260810 -1.00 -1.00 -1 0 1.2971 0.0635 0.007544
123.00 C 20260810 -1.00 -1.00 -1 0 1.3572 0.0674 0.007566
124.00 C 20260810 -1.00 -1.00 -1 0 1.3018 0.0536 0.006560
125.00 C 20260810 -1.00 -1.00 -1 0 1.3712 0.0594 0.006759
55.00 P 20260810 -1.00 -1.00 215 215 1.6065 -0.0081 0.001086
60.00 P 20260810 -1.00 -1.00 4 4 2.3336 -0.0743 0.004741
62.00 P 20260810 -1.00 -1.00 -1 0 1.4225 -0.0199 0.002673
63.00 P 20260810 -1.00 -1.00 -1 0 1.4192 -0.0232 0.003068
64.00 P 20260810 -1.00 -1.00 54 0 1.1563 -0.0102 0.001861
65.00 P 20260810 -1.00 -1.00 45 46 1.1184 -0.0114 0.002096
66.00 P 20260810 -1.00 -1.00 -1 0 1.3843 -0.0385 0.004736
67.00 P 20260810 -1.00 -1.00 7 0 1.0625 -0.0154 0.002841
68.00 P 20260810 -1.00 -1.00 -1 0 1.0801 -0.0210 0.003684
69.00 P 20260810 -1.00 -1.00 1 35 1.0956 -0.0271 0.004537
70.00 P 20260810 -1.00 -1.00 13 231 1.1070 -0.0369 0.005715
71.00 P 20260810 -1.00 -1.00 12 11 0.9774 -0.0268 0.005040
72.00 P 20260810 -1.00 -1.00 14 134 0.9328 -0.0287 0.005575
73.00 P 20260810 -1.00 -1.00 5 0 0.9234 -0.0367 0.006830
74.00 P 20260810 -1.00 -1.00 17 1 1.0159 -0.0592 0.009282
75.00 P 20260810 -1.00 -1.00 57 241 0.9180 -0.0550 0.009639
76.00 P 20260810 -1.00 -1.00 15 7 0.8708 -0.0578 0.010608
77.00 P 20260810 -1.00 -1.00 12 394 0.9491 -0.0910 0.013600
78.00 P 20260810 -1.00 -1.00 73 41 0.8684 -0.0900 0.014744
79.00 P 20260810 -1.00 -1.00 165 13 0.8707 -0.1076 0.016901
80.00 P 20260810 -1.00 -1.00 79 252 0.8646 -0.1256 0.019065
81.00 P 20260810 -1.00 -1.00 36 3 0.8771 -0.1540 0.021361
82.00 P 20260810 -1.00 -1.00 274 207 0.8438 -0.1710 0.023802
83.00 P 20260810 -1.00 -1.00 4 321 0.8360 -0.1951 0.026304
84.00 P 20260810 -1.00 -1.00 11 227 0.8031 -0.2156 0.029224
85.00 P 20260810 -1.00 -1.00 91 110 0.8610 -0.2628 0.029960
86.00 P 20260810 -1.00 -1.00 217 87 0.7857 -0.2816 0.034019
87.00 P 20260810 -1.00 -1.00 14 20 0.8546 -0.3268 0.033913
88.00 P 20260810 -1.00 -1.00 176 1429 0.8214 -0.3593 0.036263
89.00 P 20260810 -1.00 -1.00 26 53 0.8007 -0.3959 0.038111
90.00 P 20260810 -1.00 -1.00 73 136 0.8282 -0.4356 0.037798
91.00 P 20260810 -1.00 -1.00 127 28 0.8185 -0.4738 0.039177
92.00 P 20260810 -1.00 -1.00 169 90 0.8261 -0.5108 0.038431
93.00 P 20260810 -1.00 -1.00 12 39 0.8227 -0.5484 0.038148
94.00 P 20260810 -1.00 -1.00 70 97 0.7998 -0.5895 0.038746
95.00 P 20260810 -1.00 -1.00 11 75 0.8077 -0.6258 0.037784
96.00 P 20260810 -1.00 -1.00 34 48 0.8022 -0.6597 0.036378
97.00 P 20260810 -1.00 -1.00 9 10 0.8188 -0.6882 0.034273
98.00 P 20260810 -1.00 -1.00 4 5 0.8515 -0.7108 0.031918
99.00 P 20260810 -1.00 -1.00 1 28 0.8348 -0.7474 0.030853
100.00 P 20260810 -1.00 -1.00 26 37 0.8298 -0.7737 0.029019
101.00 P 20260810 -1.00 -1.00 1 50 0.8277 -0.7983 0.027059
102.00 P 20260810 -1.00 -1.00 4 0 0.8535 -0.8134 0.025023
103.00 P 20260810 -1.00 -1.00 20 21 0.9138 -0.8161 0.023157
104.00 P 20260810 -1.00 -1.00 4 24 0.8589 -0.8567 0.021344
105.00 P 20260810 -1.00 -1.00 1 2 0.7930 -0.8917 0.018859
106.00 P 20260810 -1.00 -1.00 -1 0 0.8823 -0.8801 0.018180
107.00 P 20260810 -1.00 -1.00 1 2 0.9298 -0.8812 0.017119
108.00 P 20260810 -1.00 -1.00 25 25 0.8844 -0.9089 0.014982
109.00 P 20260810 -1.00 -1.00 1 0 0.9004 -0.9183 0.013694
110.00 P 20260810 -1.00 -1.00 1 1 1.0085 -0.8994 0.014015
111.00 P 20260810 -1.00 -1.00 -1 0 1.0240 -0.9077 0.013017
112.00 P 20260810 -1.00 -1.00 -1 0 0.9520 -0.9348 0.010935
113.00 P 20260810 -1.00 -1.00 -1 0 0.9294 -0.9473 0.009525
114.00 P 20260810 -1.00 -1.00 -1 0 0.9239 -0.9565 0.008343
115.00 P 20260810 -1.00 -1.00 1 2 0.9889 -0.9499 0.008599
116.00 P 20260810 -1.00 -1.00 -1 0 0.9649 -0.9627 0.007170
117.00 P 20260810 -1.00 -1.00 -1 0 1.0121 -0.9596 0.007210
118.00 P 20260810 -1.00 -1.00 -1 0 -1.0000 -1.0000 -1.000000
119.00 P 20260810 -1.00 -1.00 -1 0 1.0513 -0.9651 0.006258
120.00 P 20260810 -1.00 -1.00 1 4 0.8836 -0.9903 0.003268
121.00 P 20260810 -1.00 -1.00 -1 0 1.1026 -0.9665 0.005773
122.00 P 20260810 -1.00 -1.00 -1 0 1.1267 -0.9671 0.005559
123.00 P 20260810 -1.00 -1.00 -1 0 1.1813 -0.9642 0.005647
124.00 P 20260810 -1.00 -1.00 -1 0 1.2609 -0.9551 0.006167
125.00 P 20260810 -1.00 -1.00 3 3 1.2313 -0.9654 0.005269
55.00 C 20260812 -1.00 -1.00 -1 0 0.0011 1.0000 -0.000000
59.00 C 20260812 -1.00 -1.00 -1 0 -1.0000 -1.0000 -1.000000
60.00 C 20260812 -1.00 -1.00 -1 0 -1.0000 -1.0000 -1.000000
61.00 C 20260812 -1.00 -1.00 -1 0 1.4529 0.9697 0.003282
62.00 C 20260812 -1.00 -1.00 -1 0 1.3055 0.9773 0.002894
63.00 C 20260812 -1.00 -1.00 -1 0 1.2872 0.9743 0.003262
64.00 C 20260812 -1.00 -1.00 -1 0 0.0011 1.0000 0.000000
65.00 C 20260812 -1.00 -1.00 20 20 1.3711 0.9534 0.004976
66.00 C 20260812 -1.00 -1.00 -1 0 1.3413 0.9499 0.005410
67.00 C 20260812 -1.00 -1.00 -1 0 0.9217 0.9863 0.002619
68.00 C 20260812 -1.00 -1.00 -1 0 0.9601 0.9786 0.003721
69.00 C 20260812 -1.00 -1.00 -1 0 0.9982 0.9684 0.004947
70.00 C 20260812 -1.00 -1.00 2 0 0.9918 0.9614 0.005861
71.00 C 20260812 -1.00 -1.00 10 0 1.1358 0.9316 0.008105
72.00 C 20260812 -1.00 -1.00 1 1 0.9406 0.9523 0.007372
73.00 C 20260812 -1.00 -1.00 1 1 0.9655 0.9396 0.008741
74.00 C 20260812 -1.00 -1.00 -1 0 0.9042 0.9395 0.009348
75.00 C 20260812 -1.00 -1.00 11 9 0.7338 0.9593 0.008265
76.00 C 20260812 -1.00 -1.00 -1 0 0.9037 0.9103 0.012495
77.00 C 20260812 -1.00 -1.00 -1 0 0.7683 0.9271 0.012572
78.00 C 20260812 -1.00 -1.00 -1 0 0.8818 0.8850 0.015583
79.00 C 20260812 -1.00 -1.00 -1 0 0.8782 0.8649 0.017328
80.00 C 20260812 -1.00 -1.00 2 61 0.8575 0.8480 0.019144
81.00 C 20260812 -1.00 -1.00 1 1 0.7809 0.8449 0.021296
82.00 C 20260812 -1.00 -1.00 1 0 0.8863 0.7971 0.022586
83.00 C 20260812 -1.00 -1.00 1 1 0.8451 0.7797 0.024732
84.00 C 20260812 -1.00 -1.00 23 26 0.8474 0.7500 0.026224
85.00 C 20260812 -1.00 -1.00 8 518 0.8444 0.7213 0.027825
86.00 C 20260812 -1.00 -1.00 8 7 0.8467 0.6917 0.029305
87.00 C 20260812 -1.00 -1.00 5 3 0.8366 0.6627 0.030931
88.00 C 20260812 -1.00 -1.00 74 19 0.8452 0.6288 0.031341
89.00 C 20260812 -1.00 -1.00 12 29 0.8226 0.5973 0.032902
90.00 C 20260812 -1.00 -1.00 359 1522 0.8046 0.5639 0.034382
91.00 C 20260812 -1.00 -1.00 151 50 0.8397 0.5305 0.033679
92.00 C 20260812 -1.00 -1.00 34 20 0.8153 0.4966 0.034408
93.00 C 20260812 -1.00 -1.00 17 41 0.8291 0.4649 0.033521
94.00 C 20260812 -1.00 -1.00 19 22 0.7910 0.4264 0.034738
95.00 C 20260812 -1.00 -1.00 62 80 0.8109 0.3961 0.033586
96.00 C 20260812 -1.00 -1.00 25 21 0.8201 0.3674 0.032443
97.00 C 20260812 -1.00 -1.00 47 45 0.8681 0.3499 0.029949
98.00 C 20260812 -1.00 -1.00 10 209 0.7767 0.2983 0.031204
99.00 C 20260812 -1.00 -1.00 5350 9 0.8196 0.2823 0.028905
100.00 C 20260812 -1.00 -1.00 60 170 0.8115 0.2512 0.027875
101.00 C 20260812 -1.00 -1.00 14 11 0.8217 0.2327 0.026170
102.00 C 20260812 -1.00 -1.00 5 2 0.8317 0.2148 0.024546
103.00 C 20260812 -1.00 -1.00 4 9 0.8085 0.1858 0.023087
104.00 C 20260812 -1.00 -1.00 3 5 0.8161 0.1672 0.021492
105.00 C 20260812 -1.00 -1.00 3 28 0.8116 0.1455 0.019905
106.00 C 20260812 -1.00 -1.00 1 1 0.8316 0.1373 0.018561
107.00 C 20260812 -1.00 -1.00 -1 0 0.9201 0.1475 0.017722
108.00 C 20260812 -1.00 -1.00 11 6 0.8336 0.1106 0.015750
109.00 C 20260812 -1.00 -1.00 60 30 0.8568 0.1046 0.014709
110.00 C 20260812 -1.00 -1.00 12 185 0.8603 0.0925 0.013441
111.00 C 20260812 -1.00 -1.00 3 5 0.8902 0.0894 0.012690
112.00 C 20260812 -1.00 -1.00 37 22 0.9006 0.0803 0.011667
113.00 C 20260812 -1.00 -1.00 1 1 0.9090 0.0742 0.010853
114.00 C 20260812 -1.00 -1.00 3 3 0.9379 0.0730 0.010372
115.00 C 20260812 -1.00 -1.00 10 36 0.9606 0.0708 0.009861
116.00 C 20260812 -1.00 -1.00 1 1 0.9861 0.0692 0.009426
117.00 C 20260812 -1.00 -1.00 41 41 1.0411 0.0732 0.009352
118.00 C 20260812 -1.00 -1.00 1 1 0.9741 0.0540 0.007791
119.00 C 20260812 -1.00 -1.00 -1 0 1.3473 0.1258 0.010684
120.00 C 20260812 -1.00 -1.00 2 22 1.0799 0.0627 0.007927
121.00 C 20260812 -1.00 -1.00 1 1 1.3973 0.1205 0.009976
122.00 C 20260812 -1.00 -1.00 3 2 1.0410 0.0433 0.006142
123.00 C 20260812 -1.00 -1.00 2 4 1.0886 0.0473 0.006282
124.00 C 20260812 -1.00 -1.00 -1 0 1.0808 0.0400 0.005575
125.00 C 20260812 -1.00 -1.00 21 16 1.1164 0.0417 0.005568
55.00 P 20260812 -1.00 -1.00 257 1 -1.0000 -1.0000 -1.000000
59.00 P 20260812 -1.00 -1.00 -1 0 -1.0000 -1.0000 -1.000000
60.00 P 20260812 -1.00 -1.00 -1 0 2.0267 -0.0714 0.004679
61.00 P 20260812 -1.00 -1.00 -1 0 -1.0000 -1.0000 -1.000000
62.00 P 20260812 -1.00 -1.00 -1 0 -1.0000 -1.0000 -1.000000
63.00 P 20260812 -1.00 -1.00 -1 0 1.4423 -0.0410 0.004244
64.00 P 20260812 -1.00 -1.00 -1 0 1.2768 -0.0310 0.003811
65.00 P 20260812 -1.00 -1.00 2 1 1.2158 -0.0308 0.003976
66.00 P 20260812 -1.00 -1.00 -1 0 1.1435 -0.0289 0.004028
67.00 P 20260812 -1.00 -1.00 1 1 1.1446 -0.0362 0.004810
68.00 P 20260812 -1.00 -1.00 4 0 1.1775 -0.0470 0.005819
69.00 P 20260812 -1.00 -1.00 1 1 1.2187 -0.0595 0.006832
70.00 P 20260812 -1.00 -1.00 57 1125 0.9948 -0.0391 0.005902
71.00 P 20260812 -1.00 -1.00 784 398 0.9931 -0.0469 0.006880
72.00 P 20260812 -1.00 -1.00 8 40 0.9759 -0.0526 0.007731
73.00 P 20260812 -1.00 -1.00 6 0 0.9398 -0.0561 0.008474
74.00 P 20260812 -1.00 -1.00 1 11 0.9184 -0.0639 0.009569
75.00 P 20260812 -1.00 -1.00 50 30 0.9590 -0.0868 0.011488
76.00 P 20260812 -1.00 -1.00 3 0 0.9120 -0.0915 0.012578
77.00 P 20260812 -1.00 -1.00 6 25 0.9694 -0.1168 0.014351
78.00 P 20260812 -1.00 -1.00 12 8 0.9280 -0.1268 0.015763
79.00 P 20260812 -1.00 -1.00 2 2 0.9510 -0.1531 0.017343
80.00 P 20260812 -1.00 -1.00 248 808 0.9145 -0.1658 0.019024
81.00 P 20260812 -1.00 -1.00 4 410 0.8098 -0.1631 0.021244
82.00 P 20260812 -1.00 -1.00 52 14 0.9413 -0.2150 0.021948
83.00 P 20260812 -1.00 -1.00 8 11 0.8258 -0.2157 0.025090
84.00 P 20260812 -1.00 -1.00 3 9 0.8085 -0.2417 0.027057
85.00 P 20260812 -1.00 -1.00 26 45 0.8592 -0.2816 0.027518
86.00 P 20260812 -1.00 -1.00 52 27 0.8066 -0.3025 0.030460
87.00 P 20260812 -1.00 -1.00 4 65 0.8989 -0.3452 0.028960
88.00 P 20260812 -1.00 -1.00 16 9 0.8007 -0.3674 0.033051
89.00 P 20260812 -1.00 -1.00 2 26 0.8443 -0.4044 0.032131
90.00 P 20260812 -1.00 -1.00 70 632 0.8043 -0.4366 0.034459
91.00 P 20260812 -1.00 -1.00 144 78 0.8305 -0.4704 0.034123
92.00 P 20260812 -1.00 -1.00 15 64 0.8367 -0.5027 0.033602
93.00 P 20260812 -1.00 -1.00 42 61 0.8245 -0.5364 0.033778
94.00 P 20260812 -1.00 -1.00 2 5 0.8815 -0.5613 0.031369
95.00 P 20260812 -1.00 -1.00 10 5 0.8304 -0.6011 0.032927
96.00 P 20260812 -1.00 -1.00 -1 0 0.8576 -0.6264 0.031380
97.00 P 20260812 -1.00 -1.00 19 11 0.8279 -0.6602 0.031132
98.00 P 20260812 -1.00 -1.00 -1 0 0.8853 -0.6736 0.028583
99.00 P 20260812 -1.00 -1.00 11 1 0.8221 -0.7182 0.028961
100.00 P 20260812 -1.00 -1.00 12 10 0.8597 -0.7340 0.027074
101.00 P 20260812 -1.00 -1.00 160 42 0.8590 -0.7583 0.025856
102.00 P 20260812 -1.00 -1.00 2 1 0.8627 -0.7774 0.024416
103.00 P 20260812 -1.00 -1.00 -1 1 0.8480 -0.8023 0.023091
104.00 P 20260812 -1.00 -1.00 -1 0 0.9129 -0.8013 0.021496
105.00 P 20260812 -1.00 -1.00 1 1 0.7697 -0.8688 0.019800
106.00 P 20260812 -1.00 -1.00 1 0 0.7572 -0.8879 0.017971
107.00 P 20260812 -1.00 -1.00 -1 0 0.8447 -0.8746 0.017409
108.00 P 20260812 -1.00 -1.00 -1 0 0.8862 -0.8758 0.016461
109.00 P 20260812 -1.00 -1.00 -1 0 0.9813 -0.8628 0.015955
110.00 P 20260812 -1.00 -1.00 1 1 0.8872 -0.9011 0.014016
111.00 P 20260812 -1.00 -1.00 -1 0 0.9548 -0.8930 0.013721
112.00 P 20260812 -1.00 -1.00 -1 0 0.9593 -0.9035 0.012731
113.00 P 20260812 -1.00 -1.00 -1 0 0.9217 -0.9257 0.011145
114.00 P 20260812 -1.00 -1.00 -1 0 1.0746 -0.8933 0.012144
115.00 P 20260812 -1.00 -1.00 1 1 0.9583 -0.9321 0.009968
116.00 P 20260812 -1.00 -1.00 -1 0 0.8432 -0.9660 0.006974
117.00 P 20260812 -1.00 -1.00 -1 0 0.9485 -0.9476 0.008283
118.00 P 20260812 -1.00 -1.00 1 0 0.9739 -0.9487 0.007932
119.00 P 20260812 -1.00 -1.00 -1 0 0.9991 -0.9498 0.007609
120.00 P 20260812 -1.00 -1.00 -1 0 1.0394 -0.9476 0.007528
121.00 P 20260812 -1.00 -1.00 -1 0 1.0944 -0.9426 0.007630
122.00 P 20260812 -1.00 -1.00 -1 0 1.0582 -0.9558 0.006555
123.00 P 20260812 -1.00 -1.00 -1 0 1.1580 -0.9418 0.007268
124.00 P 20260812 -1.00 -1.00 2 0 1.0509 -0.9673 0.005336
125.00 P 20260812 -1.00 -1.00 1 1 1.0996 -0.9645 0.005422
55.00 C 20260814 -1.00 -1.00 -1 0 0.0012 1.0000 -0.000000
57.00 C 20260814 -1.00 -1.00 -1 0 0.0012 1.0000 0.000000
58.00 C 20260814 -1.00 -1.00 -1 0 1.0018 0.9970 0.000571
59.00 C 20260814 -1.00 -1.00 -1 0 0.9573 0.9971 0.000582
60.00 C 20260814 -1.00 -1.00 29 150 1.0964 0.9901 0.001521
61.00 C 20260814 -1.00 -1.00 2 3 0.9765 0.9933 0.001206
62.00 C 20260814 -1.00 -1.00 -1 0 1.0129 0.9897 0.001705
63.00 C 20260814 -1.00 -1.00 1 1 1.0851 0.9805 0.002757
64.00 C 20260814 -1.00 -1.00 2 2 1.1116 0.9747 0.003381
65.00 C 20260814 -1.00 -1.00 2 97 1.0039 0.9792 0.003143
66.00 C 20260814 -1.00 -1.00 -1 0 1.0010 0.9757 0.003633
67.00 C 20260814 -1.00 -1.00 -1 0 0.8523 0.9846 0.002841
68.00 C 20260814 -1.00 -1.00 -1 0 0.8506 0.9805 0.003506
69.00 C 20260814 -1.00 -1.00 -1 0 0.6794 0.9926 0.001886
70.00 C 20260814 -1.00 -1.00 22 925 0.9068 0.9602 0.005956
71.00 C 20260814 -1.00 -1.00 -1 0 0.9540 0.9457 0.007371
72.00 C 20260814 -1.00 -1.00 4 4 0.7723 0.9664 0.006090
73.00 C 20260814 -1.00 -1.00 4 2 0.9196 0.9293 0.009299
74.00 C 20260814 -1.00 -1.00 2 0 0.9337 0.9132 0.010683
75.00 C 20260814 -1.00 -1.00 9 119 0.9277 0.9013 0.011886
76.00 C 20260814 -1.00 -1.00 -1 0 0.8232 0.9094 0.012516
77.00 C 20260814 -1.00 -1.00 6 2 0.9219 0.8719 0.014442
78.00 C 20260814 -1.00 -1.00 1 3 0.9020 0.8575 0.015802
79.00 C 20260814 -1.00 -1.00 -1 0 0.8631 0.8470 0.017300
80.00 C 20260814 -1.00 -1.00 177 323 0.8949 0.8197 0.018658
81.00 C 20260814 -1.00 -1.00 1 4 0.8883 0.8012 0.020143
82.00 C 20260814 -1.00 -1.00 31 3 0.8865 0.7778 0.021417
83.00 C 20260814 -1.00 -1.00 2 610 0.8687 0.7559 0.022887
84.00 C 20260814 -1.00 -1.00 55 44 0.8654 0.7306 0.024169
85.00 C 20260814 -1.00 -1.00 120 437 0.8621 0.7051 0.025467
86.00 C 20260814 -1.00 -1.00 273 85 0.8683 0.6782 0.026549
87.00 C 20260814 -1.00 -1.00 100 83 0.8623 0.6504 0.027385
88.00 C 20260814 -1.00 -1.00 469 425 0.8574 0.6216 0.028115
89.00 C 20260814 -1.00 -1.00 23 41 0.8565 0.5924 0.028724
90.00 C 20260814 -1.00 -1.00 791 1776 0.8557 0.5631 0.029335
91.00 C 20260814 -1.00 -1.00 129 74 0.8668 0.5342 0.029532
91.50 C 20260814 -1.00 -1.00 417 38 0.8599 0.5197 0.029695
92.00 C 20260814 -1.00 -1.00 498 224 0.8560 0.5052 0.029718
92.50 C 20260814 -1.00 -1.00 34 110 0.8522 0.4906 0.029740
93.00 C 20260814 -1.00 -1.00 471 303 0.8522 0.4763 0.029624
94.00 C 20260814 -1.00 -1.00 55 267 0.8485 0.4470 0.029524
95.00 C 20260814 -1.00 -1.00 2953 1486 0.8526 0.4189 0.029161
96.00 C 20260814 -1.00 -1.00 201 261 0.8604 0.3917 0.028685
97.00 C 20260814 -1.00 -1.00 88 282 0.8593 0.3665 0.027975
98.00 C 20260814 -1.00 -1.00 225 391 0.8530 0.3407 0.027263
99.00 C 20260814 -1.00 -1.00 69 312 0.8520 0.3159 0.026410
100.00 C 20260814 -1.00 -1.00 4533 2087 0.8571 0.2929 0.025436
101.00 C 20260814 -1.00 -1.00 115 568 0.8621 0.2701 0.024487
102.00 C 20260814 -1.00 -1.00 228 181 0.8700 0.2502 0.023444
103.00 C 20260814 -1.00 -1.00 93 239 0.8607 0.2296 0.022407
104.00 C 20260814 -1.00 -1.00 75 1020 0.8614 0.2118 0.021264
105.00 C 20260814 -1.00 -1.00 2026 1204 0.8643 0.1946 0.020121
106.00 C 20260814 -1.00 -1.00 58 339 0.8683 0.1780 0.018994
107.00 C 20260814 -1.00 -1.00 61 349 0.8744 0.1624 0.017894
108.00 C 20260814 -1.00 -1.00 325 1083 0.8861 0.1499 0.016860
109.00 C 20260814 -1.00 -1.00 17 674 0.8791 0.1366 0.015819
110.00 C 20260814 -1.00 -1.00 1390 6301 0.8786 0.1249 0.014797
111.00 C 20260814 -1.00 -1.00 17 254 0.8764 0.1128 0.013755
112.00 C 20260814 -1.00 -1.00 49 318 0.8855 0.1041 0.012853
113.00 C 20260814 -1.00 -1.00 26 345 0.8897 0.0941 0.011915
114.00 C 20260814 -1.00 -1.00 29 1634 0.9003 0.0862 0.011102
115.00 C 20260814 -1.00 -1.00 3739 1371 0.9076 0.0786 0.010324
116.00 C 20260814 -1.00 -1.00 6 124 0.9008 0.0709 0.009540
117.00 C 20260814 -1.00 -1.00 5 102 0.9048 0.0655 0.008886
118.00 C 20260814 -1.00 -1.00 2 90 0.9034 0.0589 0.008160
119.00 C 20260814 -1.00 -1.00 260 2003 0.9100 0.0541 0.007569
120.00 C 20260814 -1.00 -1.00 902 1883 0.9192 0.0500 0.007042
121.00 C 20260814 -1.00 -1.00 8 135 0.9230 0.0447 0.006436
122.00 C 20260814 -1.00 -1.00 10 152 0.9295 0.0402 0.005893
123.00 C 20260814 -1.00 -1.00 3 268 0.9396 0.0369 0.005473
124.00 C 20260814 -1.00 -1.00 8 131 0.9321 0.0331 0.004998
125.00 C 20260814 -1.00 -1.00 43 524 0.9246 0.0291 0.004507
126.00 C 20260814 -1.00 -1.00 14 85 0.9379 0.0279 0.004284
127.00 C 20260814 -1.00 -1.00 3 102 0.9357 0.0247 0.003862
55.00 P 20260814 -1.00 -1.00 701 3742 1.1937 -0.0053 0.000788
57.00 P 20260814 -1.00 -1.00 1002 70 1.1531 -0.0069 0.001041
58.00 P 20260814 -1.00 -1.00 10 10 1.1977 -0.0105 0.001467
59.00 P 20260814 -1.00 -1.00 2 0 1.1636 -0.0114 0.001618
60.00 P 20260814 -1.00 -1.00 259 2295 1.1454 -0.0135 0.001891
61.00 P 20260814 -1.00 -1.00 12 12 1.1429 -0.0167 0.002279
62.00 P 20260814 -1.00 -1.00 10 10 1.1025 -0.0173 0.002435
63.00 P 20260814 -1.00 -1.00 10 14 1.0402 -0.0162 0.002437
64.00 P 20260814 -1.00 -1.00 3 11 1.0908 -0.0235 0.003235
65.00 P 20260814 -1.00 -1.00 153 1548 1.0611 -0.0254 0.003551
66.00 P 20260814 -1.00 -1.00 19 18 1.0547 -0.0314 0.004223
67.00 P 20260814 -1.00 -1.00 4 21 1.0228 -0.0342 0.004657
68.00 P 20260814 -1.00 -1.00 61 12 1.0095 -0.0396 0.005320
69.00 P 20260814 -1.00 -1.00 38 15 0.9893 -0.0441 0.005949
70.00 P 20260814 -1.00 -1.00 327 2296 0.9871 -0.0512 0.006771
71.00 P 20260814 -1.00 -1.00 19 51 0.9802 -0.0584 0.007604
72.00 P 20260814 -1.00 -1.00 84 29 0.9600 -0.0666 0.008529
73.00 P 20260814 -1.00 -1.00 51 183 0.9462 -0.0765 0.009580
74.00 P 20260814 -1.00 -1.00 70 32 0.9345 -0.0870 0.010700
75.00 P 20260814 -1.00 -1.00 253 3285 0.9309 -0.0994 0.011915
76.00 P 20260814 -1.00 -1.00 75 12 0.9294 -0.1121 0.013154
77.00 P 20260814 -1.00 -1.00 107 16 0.9166 -0.1269 0.014450
78.00 P 20260814 -1.00 -1.00 165 50 0.9022 -0.1427 0.015822
79.00 P 20260814 -1.00 -1.00 28 35 0.8957 -0.1609 0.017248
80.00 P 20260814 -1.00 -1.00 596 3459 0.8957 -0.1806 0.018675
81.00 P 20260814 -1.00 -1.00 88 647 0.8995 -0.2011 0.020073
82.00 P 20260814 -1.00 -1.00 232 742 0.8882 -0.2229 0.021425
83.00 P 20260814 -1.00 -1.00 92 111 0.8754 -0.2457 0.022808
84.00 P 20260814 -1.00 -1.00 85 277 0.8713 -0.2708 0.024089
85.00 P 20260814 -1.00 -1.00 493 950 0.8748 -0.2971 0.025225
86.00 P 20260814 -1.00 -1.00 161 145 0.8847 -0.3241 0.026196
87.00 P 20260814 -1.00 -1.00 173 697 0.8684 -0.3508 0.027251
88.00 P 20260814 -1.00 -1.00 143 610 0.8636 -0.3793 0.027970
89.00 P 20260814 -1.00 -1.00 46 73 0.8588 -0.4082 0.028702
90.00 P 20260814 -1.00 -1.00 1174 1463 0.8621 -0.4375 0.029176
91.00 P 20260814 -1.00 -1.00 220 209 0.8692 -0.4665 0.029518
91.50 P 20260814 -1.00 -1.00 36 41 0.8621 -0.4810 0.029682
92.00 P 20260814 -1.00 -1.00 35 156 0.8543 -0.4957 0.029843
92.50 P 20260814 -1.00 -1.00 21 40 0.8505 -0.5103 0.029863
93.00 P 20260814 -1.00 -1.00 1 93 0.8507 -0.5247 0.029746
94.00 P 20260814 -1.00 -1.00 42 256 0.8510 -0.5535 0.029515
95.00 P 20260814 -1.00 -1.00 30 357 0.8551 -0.5816 0.029160
96.00 P 20260814 -1.00 -1.00 49 144 0.8668 -0.6081 0.028574
97.00 P 20260814 -1.00 -1.00 9 99 0.8618 -0.6342 0.027993
98.00 P 20260814 -1.00 -1.00 1 274 0.8565 -0.6597 0.027268
99.00 P 20260814 -1.00 -1.00 212 158 0.8556 -0.6844 0.026429
100.00 P 20260814 -1.00 -1.00 262 789 0.8503 -0.7105 0.025673
101.00 P 20260814 -1.00 -1.00 32 234 0.8622 -0.7314 0.024597
102.00 P 20260814 -1.00 -1.00 32 193 0.8683 -0.7518 0.023565
103.00 P 20260814 -1.00 -1.00 1 750 0.8658 -0.7705 0.022475
104.00 P 20260814 -1.00 -1.00 2 121 0.8632 -0.7894 0.021372
105.00 P 20260814 -1.00 -1.00 7 262 0.8606 -0.8085 0.020256
106.00 P 20260814 -1.00 -1.00 40 275 0.8689 -0.8237 0.019127
107.00 P 20260814 -1.00 -1.00 49 131 0.8770 -0.8387 0.018035
108.00 P 20260814 -1.00 -1.00 12 72 0.8806 -0.8537 0.016968
109.00 P 20260814 -1.00 -1.00 42 189 0.8769 -0.8663 0.015942
110.00 P 20260814 -1.00 -1.00 7 1393 0.8812 -0.8766 0.014963
111.00 P 20260814 -1.00 -1.00 45 59 0.8773 -0.8894 0.013914
112.00 P 20260814 -1.00 -1.00 2 31 0.8895 -0.8972 0.013055
113.00 P 20260814 -1.00 -1.00 3 30 0.8934 -0.9075 0.012125
114.00 P 20260814 -1.00 -1.00 1 13 0.8094 -0.9393 0.009979
115.00 P 20260814 -1.00 -1.00 3 131 0.9245 -0.9196 0.010708
116.00 P 20260814 -1.00 -1.00 6 77 0.9120 -0.9296 0.009832
117.00 P 20260814 -1.00 -1.00 44 32 0.9488 -0.9283 0.009573
118.00 P 20260814 -1.00 -1.00 1 52 0.9990 -0.9244 0.009456
119.00 P 20260814 -1.00 -1.00 24 26 0.9394 -0.9425 0.008190
120.00 P 20260814 -1.00 -1.00 24 161 0.9343 -0.9498 0.007472
121.00 P 20260814 -1.00 -1.00 4 28 0.9568 -0.9508 0.007191
122.00 P 20260814 -1.00 -1.00 20 31 0.9929 -0.9486 0.007130
123.00 P 20260814 -1.00 -1.00 4 37 0.9588 -0.9624 0.005974
124.00 P 20260814 -1.00 -1.00 8 6 0.9951 -0.9596 0.006019
125.00 P 20260814 -1.00 -1.00 1 115 0.9541 -0.9708 0.005053
126.00 P 20260814 -1.00 -1.00 44 16 1.0240 -0.9642 0.005388
127.00 P 20260814 -1.00 -1.00 1 5 0.9915 -0.9717 0.004734
55.00 C 20260817 -1.00 -1.00 -1 0 0.0013 1.0000 -0.000000
60.00 C 20260817 -1.00 -1.00 -1 0 0.0013 1.0000 0.000000
65.00 C 20260817 -1.00 -1.00 -1 0 0.9321 0.9759 0.003441
70.00 C 20260817 -1.00 -1.00 6 0 0.9169 0.9431 0.007082
75.00 C 20260817 -1.00 -1.00 -1 0 0.8343 0.8994 0.011922
80.00 C 20260817 -1.00 -1.00 10 0 0.8470 0.8087 0.018259
85.00 C 20260817 -1.00 -1.00 72 0 0.8255 0.6965 0.024009
90.00 C 20260817 -1.00 -1.00 364 0 0.8325 0.5638 0.026779
95.00 C 20260817 -1.00 -1.00 42 0 0.8314 0.4326 0.026657
100.00 C 20260817 -1.00 -1.00 94 0 0.8126 0.3097 0.024375
105.00 C 20260817 -1.00 -1.00 16 0 0.7936 0.2048 0.020063
110.00 C 20260817 -1.00 -1.00 43 0 0.8261 0.1395 0.015179
115.00 C 20260817 -1.00 -1.00 35 0 0.7831 0.0737 0.010061
120.00 C 20260817 -1.00 -1.00 6 0 0.7731 0.0384 0.006084
125.00 C 20260817 -1.00 -1.00 -1 0 0.9593 0.0565 0.006592
55.00 P 20260817 -1.00 -1.00 -1 0 1.0937 -0.0064 0.000918
60.00 P 20260817 -1.00 -1.00 -1 0 1.4208 -0.0487 0.004026
65.00 P 20260817 -1.00 -1.00 -1 0 1.1331 -0.0498 0.005126
70.00 P 20260817 -1.00 -1.00 17 0 0.9218 -0.0581 0.007150
75.00 P 20260817 -1.00 -1.00 4 0 0.8680 -0.1075 0.012093
80.00 P 20260817 -1.00 -1.00 42 0 0.8110 -0.1838 0.018545
85.00 P 20260817 -1.00 -1.00 33 0 0.8074 -0.3013 0.024473
90.00 P 20260817 -1.00 -1.00 14 0 0.7919 -0.4370 0.028212
95.00 P 20260817 -1.00 -1.00 1 0 0.8027 -0.5733 0.027668
100.00 P 20260817 -1.00 -1.00 27 0 0.8806 -0.6731 0.023145
105.00 P 20260817 -1.00 -1.00 -1 0 0.7972 -0.7962 0.020199
110.00 P 20260817 -1.00 -1.00 -1 0 0.8455 -0.8576 0.015431
115.00 P 20260817 -1.00 -1.00 -1 0 0.8624 -0.9051 0.011429
120.00 P 20260817 -1.00 -1.00 -1 0 0.8749 -0.9393 0.008254
125.00 P 20260817 -1.00 -1.00 -1 0 0.9236 -0.9559 0.006240
55.00 C 20260821 -1.00 -1.00 17 1901 1.1437 0.9834 0.001782
57.50 C 20260821 -1.00 -1.00 3 707 1.1124 0.9783 0.002325
60.00 C 20260821 -1.00 -1.00 1 1933 1.0382 0.9748 0.002815
62.50 C 20260821 -1.00 -1.00 4 335 1.0039 0.9648 0.003809
65.00 C 20260821 -1.00 -1.00 1 2307 0.9419 0.9579 0.004715
67.50 C 20260821 -1.00 -1.00 1 955 0.9389 0.9408 0.006258
70.00 C 20260821 -1.00 -1.00 34 8728 0.8580 0.9316 0.007614
72.50 C 20260821 -1.00 -1.00 2 244 0.8915 0.8971 0.010053
75.00 C 20260821 -1.00 -1.00 15 2692 0.8856 0.8626 0.012306
77.50 C 20260821 -1.00 -1.00 4 118 0.8667 0.8267 0.014717
80.00 C 20260821 -1.00 -1.00 100 2830 0.8626 0.7830 0.017009
82.00 C 20260821 -1.00 -1.00 5 38 0.8439 0.7451 0.018873
82.50 C 20260821 -1.00 -1.00 1 139 0.8534 0.7330 0.019131
83.00 C 20260821 -1.00 -1.00 3 109 0.8516 0.7229 0.019565
84.00 C 20260821 -1.00 -1.00 13 85 0.8331 0.7045 0.020724
85.00 C 20260821 -1.00 -1.00 1624 10109 0.8510 0.6811 0.021176
86.00 C 20260821 -1.00 -1.00 28 346 0.8429 0.6587 0.021765
87.00 C 20260821 -1.00 -1.00 806 184 0.8349 0.6360 0.022367
87.50 C 20260821 -1.00 -1.00 61 276 0.8277 0.6246 0.022758
88.00 C 20260821 -1.00 -1.00 132 1823 0.8301 0.6126 0.022898
89.00 C 20260821 -1.00 -1.00 26 95 0.8287 0.5889 0.023349
90.00 C 20260821 -1.00 -1.00 1849 13286 0.8241 0.5652 0.023892
91.00 C 20260821 -1.00 -1.00 269 395 0.8414 0.5419 0.023801
91.50 C 20260821 -1.00 -1.00 52 223 0.8325 0.5301 0.024024
92.00 C 20260821 -1.00 -1.00 272 2533 0.8290 0.5184 0.024065
92.50 C 20260821 -1.00 -1.00 148 1538 0.8256 0.5066 0.024105
93.00 C 20260821 -1.00 -1.00 103 275 0.8253 0.4950 0.024054
94.00 C 20260821 -1.00 -1.00 54 855 0.8216 0.4714 0.024040
95.00 C 20260821 -1.00 -1.00 848 10489 0.8240 0.4485 0.023850
96.00 C 20260821 -1.00 -1.00 12 2287 0.8264 0.4258 0.023662
97.00 C 20260821 -1.00 -1.00 19 736 0.8349 0.4045 0.023317
97.50 C 20260821 -1.00 -1.00 20 3074 0.8404 0.3943 0.023110
98.00 C 20260821 -1.00 -1.00 35 217 0.8276 0.3820 0.023134
99.00 C 20260821 -1.00 -1.00 250 656 0.8159 0.3596 0.022844
100.00 C 20260821 -1.00 -1.00 5194 17695 0.8213 0.3412 0.022178
101.00 C 20260821 -1.00 -1.00 101 892 0.8299 0.3239 0.021469
102.00 C 20260821 -1.00 -1.00 219 566 0.8311 0.3047 0.020911
103.00 C 20260821 -1.00 -1.00 263 616 0.8370 0.2871 0.020287
104.00 C 20260821 -1.00 -1.00 145 637 0.8428 0.2698 0.019679
105.00 C 20260821 -1.00 -1.00 5328 11743 0.8393 0.2524 0.019090
106.00 C 20260821 -1.00 -1.00 557 1038 0.8383 0.2378 0.018391
107.00 C 20260821 -1.00 -1.00 184 119 0.8382 0.2234 0.017684
108.00 C 20260821 -1.00 -1.00 82 393 0.8380 0.2090 0.016976
109.00 C 20260821 -1.00 -1.00 91 182 0.8396 0.1952 0.016265
110.00 C 20260821 -1.00 -1.00 3307 32936 0.8420 0.1818 0.015560
111.00 C 20260821 -1.00 -1.00 13 484 0.8468 0.1695 0.014869
112.00 C 20260821 -1.00 -1.00 23 811 0.8533 0.1580 0.014199
113.00 C 20260821 -1.00 -1.00 57 2165 0.8525 0.1479 0.013551
114.00 C 20260821 -1.00 -1.00 67 1075 0.8502 0.1382 0.012899
115.00 C 20260821 -1.00 -1.00 1118 8695 0.8455 0.1276 0.012221
116.00 C 20260821 -1.00 -1.00 12 80 0.8506 0.1201 0.011617
117.00 C 20260821 -1.00 -1.00 12 971 0.8533 0.1118 0.011003
118.00 C 20260821 -1.00 -1.00 5 187 0.8571 0.1041 0.010411
119.00 C 20260821 -1.00 -1.00 4 26 0.8597 0.0960 0.009813
120.00 C 20260821 -1.00 -1.00 2982 42328 0.8683 0.0900 0.009309
121.00 C 20260821 -1.00 -1.00 10 180 0.8769 0.0842 0.008824
122.00 C 20260821 -1.00 -1.00 16 166 0.8757 0.0785 0.008349
123.00 C 20260821 -1.00 -1.00 7 94 0.8761 0.0737 0.007911
124.00 C 20260821 -1.00 -1.00 2 29 0.8724 0.0679 0.007424
125.00 C 20260821 -1.00 -1.00 272 18789 0.8707 0.0625 0.006955
126.00 C 20260821 -1.00 -1.00 2 30 0.8772 0.0591 0.006600
127.00 C 20260821 -1.00 -1.00 7 29 0.8876 0.0567 0.006314
55.00 P 20260821 -1.00 -1.00 32 22274 1.0989 -0.0137 0.001564
57.50 P 20260821 -1.00 -1.00 4 4676 1.0495 -0.0176 0.002036
60.00 P 20260821 -1.00 -1.00 355 15048 1.0313 -0.0243 0.002758
62.50 P 20260821 -1.00 -1.00 11 5996 0.9909 -0.0335 0.003709
65.00 P 20260821 -1.00 -1.00 290 6840 0.9609 -0.0447 0.004862
67.50 P 20260821 -1.00 -1.00 103 6553 0.9412 -0.0597 0.006288
70.00 P 20260821 -1.00 -1.00 1415 25846 0.9119 -0.0800 0.008063
72.50 P 20260821 -1.00 -1.00 133 9183 0.9029 -0.1051 0.010102
75.00 P 20260821 -1.00 -1.00 583 9760 0.8792 -0.1361 0.012327
77.50 P 20260821 -1.00 -1.00 300 1774 0.8705 -0.1743 0.014724
80.00 P 20260821 -1.00 -1.00 1195 17735 0.8612 -0.2171 0.017059
82.00 P 20260821 -1.00 -1.00 362 738 0.8461 -0.2557 0.018878
82.50 P 20260821 -1.00 -1.00 28 1866 0.8482 -0.2666 0.019254
83.00 P 20260821 -1.00 -1.00 24 1928 0.8503 -0.2774 0.019627
84.00 P 20260821 -1.00 -1.00 17 1035 0.8508 -0.2984 0.020435
85.00 P 20260821 -1.00 -1.00 605 8534 0.8531 -0.3198 0.021176
86.00 P 20260821 -1.00 -1.00 99 849 0.8420 -0.3419 0.021839
87.00 P 20260821 -1.00 -1.00 22 2447 0.8342 -0.3647 0.022440
87.50 P 20260821 -1.00 -1.00 398 4584 0.8304 -0.3763 0.022746
88.00 P 20260821 -1.00 -1.00 65 801 0.8329 -0.3882 0.022884
89.00 P 20260821 -1.00 -1.00 50 335 0.8284 -0.4118 0.023420
90.00 P 20260821 -1.00 -1.00 3254 9811 0.8334 -0.4356 0.023694
91.00 P 20260821 -1.00 -1.00 843 689 0.8381 -0.4592 0.023973
91.50 P 20260821 -1.00 -1.00 56 38 0.8353 -0.4708 0.024015
92.00 P 20260821 -1.00 -1.00 100 1883 0.8288 -0.4827 0.024147
92.50 P 20260821 -1.00 -1.00 47 3730 0.8316 -0.4940 0.024007
93.00 P 20260821 -1.00 -1.00 23 240 0.8252 -0.5061 0.024136
94.00 P 20260821 -1.00 -1.00 3 280 0.8217 -0.5298 0.024122
95.00 P 20260821 -1.00 -1.00 106 13765 0.8273 -0.5522 0.023847
96.00 P 20260821 -1.00 -1.00 4 960 0.8298 -0.5749 0.023666
97.00 P 20260821 -1.00 -1.00 2 400 0.8382 -0.5963 0.023332
97.50 P 20260821 -1.00 -1.00 61 5332 0.8369 -0.6080 0.023286
98.00 P 20260821 -1.00 -1.00 6 307 0.8345 -0.6182 0.023079
99.00 P 20260821 -1.00 -1.00 8 258 0.8297 -0.6388 0.022654
100.00 P 20260821 -1.00 -1.00 170 21567 0.8283 -0.6587 0.022149
101.00 P 20260821 -1.00 -1.00 2 229 0.8303 -0.6778 0.021578
102.00 P 20260821 -1.00 -1.00 2 175 0.8289 -0.6979 0.021074
103.00 P 20260821 -1.00 -1.00 20 365 0.8308 -0.7170 0.020515
104.00 P 20260821 -1.00 -1.00 6 367 0.8391 -0.7337 0.019866
105.00 P 20260821 -1.00 -1.00 82 7869 0.8511 -0.7465 0.019107
106.00 P 20260821 -1.00 -1.00 5 155 0.8355 -0.7654 0.018546
107.00 P 20260821 -1.00 -1.00 3 2 0.8329 -0.7808 0.017854
108.00 P 20260821 -1.00 -1.00 44 8 0.8346 -0.7948 0.017139
109.00 P 20260821 -1.00 -1.00 40 3 0.8532 -0.8025 0.016391
110.00 P 20260821 -1.00 -1.00 62 12425 0.8334 -0.8244 0.015724
111.00 P 20260821 -1.00 -1.00 10 26 0.8431 -0.8350 0.015031
112.00 P 20260821 -1.00 -1.00 1 16 0.8524 -0.8456 0.014359
113.00 P 20260821 -1.00 -1.00 41 16 0.8694 -0.8504 0.013765
114.00 P 20260821 -1.00 -1.00 40 5 0.8908 -0.8533 0.013232
115.00 P 20260821 -1.00 -1.00 26 3917 0.8497 -0.8746 0.012431
116.00 P 20260821 -1.00 -1.00 41 7 0.8959 -0.8693 0.012110
117.00 P 20260821 -1.00 -1.00 40 42 0.8548 -0.8914 0.011212
118.00 P 20260821 -1.00 -1.00 37 28 0.8696 -0.8955 0.010741
119.00 P 20260821 -1.00 -1.00 16 3 0.8780 -0.9016 0.010230
120.00 P 20260821 -1.00 -1.00 11 4036 0.8799 -0.9099 0.009658
121.00 P 20260821 -1.00 -1.00 4 3 0.8646 -0.9231 0.008890
122.00 P 20260821 -1.00 -1.00 20 0 0.8819 -0.9244 0.008601
123.00 P 20260821 -1.00 -1.00 15 56 0.8671 -0.9329 0.008029
124.00 P 20260821 -1.00 -1.00 20 1 0.8948 -0.9314 0.007884
125.00 P 20260821 -1.00 -1.00 12 5598 0.9011 -0.9349 0.007536
126.00 P 20260821 -1.00 -1.00 4 1 0.8966 -0.9409 0.007074
127.00 P 20260821 -1.00 -1.00 1 1 0.9027 -0.9444 0.006734
50.00 C 20260803 -1.00 -1.00 3 4 -1.0000 -1.0000 -1.000000
50.00 P 20260803 -1.00 -1.00 1 9 10.9923 -0.0023 0.000344
50.00 C 20260805 -1.00 -1.00 -1 0 -1.0000 -1.0000 -1.000000
50.00 P 20260805 -1.00 -1.00 1 2 4.5079 -0.0274 0.002006
45.00 C 20260807 -1.00 -1.00 1 6 -1.0000 -1.0000 -1.000000
50.00 C 20260807 -1.00 -1.00 1 0 -1.0000 -1.0000 -1.000000
45.00 P 20260807 -1.00 -1.00 3 843 2.6023 -0.0029 0.000357
50.00 P 20260807 -1.00 -1.00 22 69 2.2296 -0.0034 0.000474
50.00 C 20260810 -1.00 -1.00 5 5 -1.0000 -1.0000 -1.000000
50.00 P 20260810 -1.00 -1.00 1 1 2.9672 -0.0470 0.002634
45.00 C 20260812 -1.00 -1.00 1 3 -1.0000 -1.0000 -1.000000
50.00 C 20260812 -1.00 -1.00 -1 0 -1.0000 -1.0000 -1.000000
45.00 P 20260812 -1.00 -1.00 10 10 3.1363 -0.0459 0.002151
50.00 P 20260812 -1.00 -1.00 -1 0 -1.0000 -1.0000 -1.000000
45.00 C 20260814 -1.00 -1.00 5 11 0.0012 1.0000 0.000000
50.00 C 20260814 -1.00 -1.00 2 12 0.0012 1.0000 -0.000000
45.00 P 20260814 -1.00 -1.00 10 166 1.5887 -0.0029 0.000356
50.00 P 20260814 -1.00 -1.00 4525 781 1.3416 -0.0029 0.000412
50.00 C 20260817 -1.00 -1.00 -1 0 0.0013 1.0000 -0.000000
50.00 P 20260817 -1.00 -1.00 11 0 1.2088 -0.0034 0.000473
37.00 C 20260821 -1.00 -1.00 5 39 2.1797 0.9836 0.000935
38.00 C 20260821 -1.00 -1.00 1 42 1.8111 0.9921 0.000588
39.00 C 20260821 -1.00 -1.00 1 25 0.0015 1.0000 -0.000000
40.00 C 20260821 -1.00 -1.00 6 723 0.0015 1.0000 -0.000000
41.00 C 20260821 -1.00 -1.00 6 1535 1.4231 0.9969 0.000324
42.00 C 20260821 -1.00 -1.00 1 836 1.1425 0.9994 0.000084
43.00 C 20260821 -1.00 -1.00 2 1890 1.3297 0.9970 0.000334
44.00 C 20260821 -1.00 -1.00 1 425 1.2846 0.9971 0.000338
45.00 C 20260821 -1.00 -1.00 1 2243 1.4050 0.9930 0.000685
46.00 C 20260821 -1.00 -1.00 1 1131 1.1974 0.9973 0.000343
47.00 C 20260821 -1.00 -1.00 5 579 1.2359 0.9950 0.000572
48.00 C 20260821 -1.00 -1.00 1 527 1.2733 0.9928 0.000774
49.00 C 20260821 -1.00 -1.00 3 1429 1.2314 0.9928 0.000806
50.00 C 20260821 -1.00 -1.00 14 5163 1.2777 0.9887 0.001142
52.50 C 20260821 -1.00 -1.00 2 715 1.1766 0.9882 0.001288
37.00 P 20260821 -1.00 -1.00 18 2631 1.5744 -0.0023 0.000230
38.00 P 20260821 -1.00 -1.00 1 3724 1.5318 -0.0024 0.000243
39.00 P 20260821 -1.00 -1.00 25 1477 1.4883 -0.0025 0.000256
40.00 P 20260821 -1.00 -1.00 16 10423 1.4454 -0.0025 0.000270
41.00 P 20260821 -1.00 -1.00 5 2258 1.4208 -0.0030 0.000320
42.00 P 20260821 -1.00 -1.00 5 989 1.3968 -0.0035 0.000372
43.00 P 20260821 -1.00 -1.00 650 3248 1.3733 -0.0041 0.000427
44.00 P 20260821 -1.00 -1.00 23 2865 1.3006 -0.0033 0.000377
45.00 P 20260821 -1.00 -1.00 1 6774 1.2788 -0.0039 0.000439
46.00 P 20260821 -1.00 -1.00 11 3827 1.2575 -0.0044 0.000505
47.00 P 20260821 -1.00 -1.00 2225 4667 1.1884 -0.0036 0.000446
48.00 P 20260821 -1.00 -1.00 2 514 1.2163 -0.0056 0.000648
49.00 P 20260821 -1.00 -1.00 4 1721 1.1649 -0.0053 0.000643
50.00 P 20260821 -1.00 -1.00 128 4558 1.2319 -0.0086 0.000945
52.50 P 20260821 -1.00 -1.00 77 2518 1.1768 -0.0119 0.001291
128.00 C 20260803 -1.00 -1.00 12 10 8.0009 0.0214 0.003422
129.00 C 20260803 -1.00 -1.00 20 7 7.8461 0.0159 0.002731
130.00 C 20260803 -1.00 -1.00 19 109 7.4466 0.0108 0.002036
131.00 C 20260803 -1.00 -1.00 8 57 7.4782 0.0097 0.001849
132.00 C 20260803 -1.00 -1.00 7 5 11.6574 0.0731 0.006431
133.00 C 20260803 -1.00 -1.00 4 1 9.2476 0.0269 0.003594
134.00 C 20260803 -1.00 -1.00 8 5 8.7861 0.0175 0.002646
135.00 C 20260803 -1.00 -1.00 11 362 7.7034 0.0065 0.001269
136.00 C 20260803 -1.00 -1.00 7 56 10.9789 0.0439 0.004571
137.00 C 20260803 -1.00 -1.00 16 55 8.9682 0.0142 0.002169
138.00 C 20260803 -1.00 -1.00 14 22 12.3034 0.0623 0.005346
140.00 C 20260803 -1.00 -1.00 2 90 8.8447 0.0101 0.001615
141.00 C 20260803 -1.00 -1.00 10 0 14.9691 0.0970 0.006222
142.00 C 20260803 -1.00 -1.00 9 0 -1.0000 -1.0000 -1.000000
143.00 C 20260803 -1.00 -1.00 16 26 15.3297 0.0951 0.006000
144.00 C 20260803 -1.00 -1.00 15 0 -1.0000 -1.0000 -1.000000
145.00 C 20260803 -1.00 -1.00 20 32 13.3526 0.0570 0.004593
128.00 P 20260803 -1.00 -1.00 4 0 7.0897 -0.9897 0.002072
129.00 P 20260803 -1.00 -1.00 5 0 7.2264 -0.9898 0.002001
130.00 P 20260803 -1.00 -1.00 7 0 7.3621 -0.9900 0.001935
131.00 P 20260803 -1.00 -1.00 11 0 7.4968 -0.9902 0.001873
132.00 P 20260803 -1.00 -1.00 36 0 7.6305 -0.9903 0.001814
133.00 P 20260803 -1.00 -1.00 59 0 7.7632 -0.9905 0.001759
134.00 P 20260803 -1.00 -1.00 51 0 7.8949 -0.9906 0.001707
135.00 P 20260803 -1.00 -1.00 25 0 8.0256 -0.9907 0.001658
136.00 P 20260803 -1.00 -1.00 5 0 8.1554 -0.9909 0.001611
137.00 P 20260803 -1.00 -1.00 11 0 8.2842 -0.9910 0.001567
138.00 P 20260803 -1.00 -1.00 9 0 8.4121 -0.9911 0.001525
140.00 P 20260803 -1.00 -1.00 64 0 8.6653 -0.9913 0.001447
141.00 P 20260803 -1.00 -1.00 71 0 8.7905 -0.9914 0.001411
142.00 P 20260803 -1.00 -1.00 13 0 8.9148 -0.9915 0.001376
143.00 P 20260803 -1.00 -1.00 16 0 9.0383 -0.9916 0.001343
144.00 P 20260803 -1.00 -1.00 14 0 9.1609 -0.9917 0.001312
145.00 P 20260803 -1.00 -1.00 9 0 9.2827 -0.9918 0.001282
128.00 C 20260805 -1.00 -1.00 1 1 2.2231 0.0270 0.003993
129.00 C 20260805 -1.00 -1.00 4 0 2.3466 0.0310 0.004271
130.00 C 20260805 -1.00 -1.00 3 13 2.0902 0.0141 0.002467
131.00 C 20260805 -1.00 -1.00 22 22 2.3454 0.0258 0.003636
132.00 C 20260805 -1.00 -1.00 4 0 2.2574 0.0180 0.002804
133.00 C 20260805 -1.00 -1.00 5 0 2.4021 0.0238 0.003315
134.00 C 20260805 -1.00 -1.00 22 22 2.3608 0.0189 0.002785
135.00 C 20260805 -1.00 -1.00 6 56 2.2107 0.0116 0.001947
136.00 C 20260805 -1.00 -1.00 -1 0 2.6121 0.0276 0.003460
137.00 C 20260805 -1.00 -1.00 -1 0 3.1208 0.0553 0.005105
138.00 C 20260805 -1.00 -1.00 12 22 2.4456 0.0147 0.002186
140.00 C 20260805 -1.00 -1.00 6 26 3.9494 0.0993 0.006373
141.00 C 20260805 -1.00 -1.00 4 0 4.0258 0.1007 0.006311
142.00 C 20260805 -1.00 -1.00 -1 0 3.2976 0.0496 0.004446
143.00 C 20260805 -1.00 -1.00 -1 0 3.3401 0.0491 0.004357
144.00 C 20260805 -1.00 -1.00 -1 0 3.3710 0.0479 0.004233
145.00 C 20260805 -1.00 -1.00 4 0 4.1997 0.0955 0.005850
128.00 P 20260805 -1.00 -1.00 -1 0 2.4831 -0.9578 0.005278
129.00 P 20260805 -1.00 -1.00 -1 0 2.3372 -0.9700 0.004250
130.00 P 20260805 -1.00 -1.00 -1 0 2.1993 -0.9806 0.003161
131.00 P 20260805 -1.00 -1.00 2 0 2.2402 -0.9809 0.003066
132.00 P 20260805 -1.00 -1.00 -1 0 2.5758 -0.9654 0.004343
133.00 P 20260805 -1.00 -1.00 -1 0 2.3212 -0.9814 0.002891
134.00 P 20260805 -1.00 -1.00 -1 0 3.0270 -0.9402 0.005639
135.00 P 20260805 -1.00 -1.00 -1 0 2.6931 -0.9667 0.004015
136.00 P 20260805 -1.00 -1.00 2 0 2.3730 -0.9857 0.002311
137.00 P 20260805 -1.00 -1.00 2 0 2.4070 -0.9859 0.002252
138.00 P 20260805 -1.00 -1.00 -1 0 2.8079 -0.9679 0.003731
140.00 P 20260805 -1.00 -1.00 -1 0 2.8832 -0.9686 0.003563
141.00 P 20260805 -1.00 -1.00 4 0 2.7492 -0.9771 0.002876
142.00 P 20260805 -1.00 -1.00 4 0 2.6712 -0.9834 0.002303
143.00 P 20260805 -1.00 -1.00 -1 0 2.7087 -0.9836 0.002252
144.00 P 20260805 -1.00 -1.00 -1 0 2.7460 -0.9837 0.002204
145.00 P 20260805 -1.00 -1.00 -1 0 2.7829 -0.9839 0.002157
128.00 C 20260807 -1.00 -1.00 1 334 1.2549 0.0052 0.001238
129.00 C 20260807 -1.00 -1.00 10 149 1.3011 0.0062 0.001373
130.00 C 20260807 -1.00 -1.00 186 1052 1.3079 0.0051 0.001156
131.00 C 20260807 -1.00 -1.00 11 175 1.3731 0.0070 0.001438
132.00 C 20260807 -1.00 -1.00 2 5885 1.4378 0.0087 0.001667
133.00 C 20260807 -1.00 -1.00 5 200 1.4245 0.0067 0.001350
134.00 C 20260807 -1.00 -1.00 50 138 1.5660 0.0117 0.002005
135.00 C 20260807 -1.00 -1.00 5 571 1.5523 0.0100 0.001747
136.00 C 20260807 -1.00 -1.00 2 292 1.5579 0.0090 0.001591
137.00 C 20260807 -1.00 -1.00 1 64 1.5252 0.0064 0.001200
138.00 C 20260807 -1.00 -1.00 2 96 1.7407 0.0140 0.002117
139.00 C 20260807 -1.00 -1.00 5 27 1.6315 0.0087 0.001466
140.00 C 20260807 -1.00 -1.00 2 980 1.6178 0.0069 0.001220
141.00 C 20260807 -1.00 -1.00 1 133 1.6608 0.0077 0.001293
142.00 C 20260807 -1.00 -1.00 1 94 1.6847 0.0076 0.001261
143.00 C 20260807 -1.00 -1.00 1 169 1.6896 0.0067 0.001132
144.00 C 20260807 -1.00 -1.00 1 60 1.7133 0.0066 0.001106
145.00 C 20260807 -1.00 -1.00 29 349 1.7181 0.0058 0.000982
128.00 P 20260807 -1.00 -1.00 5 0 1.3331 -0.9926 0.001998
129.00 P 20260807 -1.00 -1.00 3 0 1.4701 -0.9875 0.002581
130.00 P 20260807 -1.00 -1.00 4 3 1.9972 -0.9428 0.005996
131.00 P 20260807 -1.00 -1.00 1 0 1.7635 -0.9697 0.004168
132.00 P 20260807 -1.00 -1.00 11 0 1.6181 -0.9839 0.002803
133.00 P 20260807 -1.00 -1.00 2 0 1.8212 -0.9705 0.003943
134.00 P 20260807 -1.00 -1.00 4 0 2.1717 -0.9413 0.005624
135.00 P 20260807 -1.00 -1.00 2 0 1.7049 -0.9845 0.002578
136.00 P 20260807 -1.00 -1.00 1 0 1.7334 -0.9847 0.002511
137.00 P 20260807 -1.00 -1.00 1 0 1.5656 -0.9935 0.001527
138.00 P 20260807 -1.00 -1.00 4 0 1.5905 -0.9936 0.001488
139.00 P 20260807 -1.00 -1.00 2 0 2.1138 -0.9646 0.003933
140.00 P 20260807 -1.00 -1.00 2 1 2.3212 -0.9491 0.004713
141.00 P 20260807 -1.00 -1.00 15 0 1.8722 -0.9856 0.002219
142.00 P 20260807 -1.00 -1.00 1 0 1.8961 -0.9858 0.002171
143.00 P 20260807 -1.00 -1.00 2 0 1.9196 -0.9859 0.002124
144.00 P 20260807 -1.00 -1.00 1 0 1.9430 -0.9861 0.002080
145.00 P 20260807 -1.00 -1.00 1 0 1.9662 -0.9862 0.002038
130.00 C 20260810 -1.00 -1.00 -1 0 1.5048 0.0557 0.005843
135.00 C 20260810 -1.00 -1.00 2 1 1.6556 0.0557 0.005314
140.00 C 20260810 -1.00 -1.00 -1 0 1.8912 0.0670 0.005383
145.00 C 20260810 -1.00 -1.00 2 2 -1.0000 -1.0000 -1.000000
130.00 P 20260810 -1.00 -1.00 -1 0 1.2784 -0.9744 0.003986
135.00 P 20260810 -1.00 -1.00 -1 0 1.4876 -0.9670 0.004149
140.00 P 20260810 -1.00 -1.00 -1 0 1.5285 -0.9744 0.003303
145.00 P 20260810 -1.00 -1.00 -1 0 -1.0000 -1.0000 -1.000000
130.00 C 20260812 -1.00 -1.00 -1 0 1.4377 0.0722 0.006667
135.00 C 20260812 -1.00 -1.00 1 0 1.7374 0.0945 0.006792
130.00 P 20260812 -1.00 -1.00 2 2 1.1731 -0.9702 0.004417
135.00 P 20260812 -1.00 -1.00 2 0 1.2999 -0.9691 0.004075
128.00 C 20260814 -1.00 -1.00 67 597 0.9437 0.0229 0.003588
129.00 C 20260814 -1.00 -1.00 11 163 0.9516 0.0211 0.003324
130.00 C 20260814 -1.00 -1.00 139 1294 0.9494 0.0179 0.002910
131.00 C 20260814 -1.00 -1.00 26 45 0.9623 0.0169 0.002741
132.00 C 20260814 -1.00 -1.00 81 98 0.9701 0.0152 0.002501
133.00 C 20260814 -1.00 -1.00 13 465 0.9738 0.0142 0.002347
134.00 C 20260814 -1.00 -1.00 2 15 1.0307 0.0182 0.002725
135.00 C 20260814 -1.00 -1.00 22 773 0.9691 0.0116 0.001952
136.00 C 20260814 -1.00 -1.00 14 10 1.0074 0.0129 0.002076
137.00 C 20260814 -1.00 -1.00 6 20 1.0107 0.0120 0.001936
138.00 C 20260814 -1.00 -1.00 3 41 0.9794 0.0088 0.001508
139.00 C 20260814 -1.00 -1.00 7 18 0.9943 0.0087 0.001468
140.00 C 20260814 -1.00 -1.00 56 550 0.9976 0.0078 0.001329
141.00 C 20260814 -1.00 -1.00 1 44 1.0123 0.0077 0.001296
142.00 C 20260814 -1.00 -1.00 56 100 1.0611 0.0099 0.001541
143.00 C 20260814 -1.00 -1.00 1 1 1.1322 0.0132 0.001880
144.00 C 20260814 -1.00 -1.00 -1 0 1.1690 0.0143 0.001963
145.00 C 20260814 -1.00 -1.00 11 130 1.1603 0.0129 0.001797
128.00 P 20260814 -1.00 -1.00 1 6 1.0099 -0.9721 0.004589
129.00 P 20260814 -1.00 -1.00 20 4 1.0283 -0.9725 0.004452
130.00 P 20260814 -1.00 -1.00 2 19 1.0465 -0.9729 0.004323
131.00 P 20260814 -1.00 -1.00 1 2 1.0365 -0.9769 0.003911
132.00 P 20260814 -1.00 -1.00 1 2 1.0545 -0.9772 0.003801
133.00 P 20260814 -1.00 -1.00 -1 0 1.1988 -0.9618 0.004778
134.00 P 20260814 -1.00 -1.00 1 1 1.0900 -0.9778 0.003598
135.00 P 20260814 -1.00 -1.00 3 3 1.1075 -0.9781 0.003504
136.00 P 20260814 -1.00 -1.00 1 4 1.1249 -0.9784 0.003415
137.00 P 20260814 -1.00 -1.00 20 0 1.1699 -0.9752 0.003594
138.00 P 20260814 -1.00 -1.00 30 0 1.1593 -0.9789 0.003250
139.00 P 20260814 -1.00 -1.00 3 1 1.1763 -0.9791 0.003174
140.00 P 20260814 -1.00 -1.00 2 2 1.1933 -0.9793 0.003101
141.00 P 20260814 -1.00 -1.00 -1 0 1.0843 -0.9919 0.001961
142.00 P 20260814 -1.00 -1.00 -1 0 1.2267 -0.9798 0.002965
143.00 P 20260814 -1.00 -1.00 -1 0 1.2433 -0.9800 0.002902
144.00 P 20260814 -1.00 -1.00 -1 0 1.4669 -0.9566 0.004228
145.00 P 20260814 -1.00 -1.00 1 0 1.2473 -0.9839 0.002526
130.00 C 20260817 -1.00 -1.00 -1 0 -1.0000 -1.0000 -1.000000
135.00 C 20260817 -1.00 -1.00 -1 0 -1.0000 -1.0000 -1.000000
140.00 C 20260817 -1.00 -1.00 1 0 -1.0000 -1.0000 -1.000000
130.00 P 20260817 -1.00 -1.00 -1 0 0.9435 -0.9719 0.004542
135.00 P 20260817 -1.00 -1.00 -1 0 0.9708 -0.9811 0.003426
140.00 P 20260817 -1.00 -1.00 -1 0 1.0737 -0.9784 0.003280
128.00 C 20260821 -1.00 -1.00 9 43 0.8859 0.0515 0.005858
129.00 C 20260821 -1.00 -1.00 11 21 0.8903 0.0477 0.005498
130.00 C 20260821 -1.00 -1.00 1020 14812 0.8926 0.0434 0.005111
131.00 C 20260821 -1.00 -1.00 1 76 0.9028 0.0413 0.004869
132.00 C 20260821 -1.00 -1.00 6 27 0.8859 0.0355 0.004377
133.00 C 20260821 -1.00 -1.00 4 64 0.9112 0.0366 0.004374
134.00 C 20260821 -1.00 -1.00 1 3 0.9050 0.0335 0.004068
135.00 C 20260821 -1.00 -1.00 175 8712 0.9066 0.0314 0.003840
136.00 C 20260821 -1.00 -1.00 8 15 0.9082 0.0294 0.003613
137.00 C 20260821 -1.00 -1.00 2 5 0.9098 0.0273 0.003389
138.00 C 20260821 -1.00 -1.00 1 1 0.9153 0.0258 0.003213
139.00 C 20260821 -1.00 -1.00 12 14 0.9168 0.0238 0.002993
140.00 C 20260821 -1.00 -1.00 258 16302 0.9184 0.0218 0.002775
141.00 C 20260821 -1.00 -1.00 1 8 0.9276 0.0210 0.002660
142.00 C 20260821 -1.00 -1.00 1 2 0.9291 0.0190 0.002448
143.00 C 20260821 -1.00 -1.00 -1 0 0.9343 0.0176 0.002290
144.00 C 20260821 -1.00 -1.00 -1 0 0.9324 0.0156 0.002082
145.00 C 20260821 -1.00 -1.00 29 3681 0.9674 0.0184 0.002292
128.00 P 20260821 -1.00 -1.00 5 6 0.9086 -0.9478 0.006400
129.00 P 20260821 -1.00 -1.00 40 42 0.8809 -0.9602 0.005589
130.00 P 20260821 -1.00 -1.00 15 2607 0.8973 -0.9608 0.005431
131.00 P 20260821 -1.00 -1.00 -1 0 0.9359 -0.9553 0.005595
132.00 P 20260821 -1.00 -1.00 3 3 0.9410 -0.9588 0.005305
133.00 P 20260821 -1.00 -1.00 -1 0 0.9790 -0.9537 0.005451
134.00 P 20260821 -1.00 -1.00 -1 0 0.9730 -0.9598 0.005043
135.00 P 20260821 -1.00 -1.00 1 1093 0.8965 -0.9761 0.003968
136.00 P 20260821 -1.00 -1.00 -1 0 0.9769 -0.9666 0.004484
137.00 P 20260821 -1.00 -1.00 -1 0 0.9468 -0.9731 0.003996
138.00 P 20260821 -1.00 -1.00 -1 0 1.0464 -0.9590 0.004722
139.00 P 20260821 -1.00 -1.00 1 1 0.9737 -0.9736 0.003817
140.00 P 20260821 -1.00 -1.00 1 6577 0.9147 -0.9855 0.002987
141.00 P 20260821 -1.00 -1.00 -1 0 1.0644 -0.9655 0.004164
142.00 P 20260821 -1.00 -1.00 -1 0 1.1069 -0.9606 0.004342
143.00 P 20260821 -1.00 -1.00 -1 0 1.1102 -0.9636 0.004128
144.00 P 20260821 -1.00 -1.00 -1 0 1.1474 -0.9589 0.004286
145.00 P 20260821 -1.00 -1.00 2 49 1.1510 -0.9618 0.004096
