# opt_chain XLK | epoch 1785787113 | 2026-08-03 15:58:33 | spot 178.06 | exps 20260807 20260814 20260821
# fuente polygon_snapshot_v3 | greeks polygon_directo | iv polygon_directo | oi polygon_directo | vol day.volume(-1 si no cotizo) | bid/ask NO_ENTITLED(-1) | spot_src ibkr_bridge spot_edad_s 212 | band 0.4050 vencimientos 3 exp_hasta 2026-08-21
# strike right exp bid ask vol oi iv delta gamma
130.00 C 20260807 -1.00 -1.00 -1 0 1.4151 0.9857 0.001340
135.00 C 20260807 -1.00 -1.00 2 0 -1.0000 -1.0000 -1.000000
140.00 C 20260807 -1.00 -1.00 2 1 -1.0000 -1.0000 -1.000000
143.00 C 20260807 -1.00 -1.00 5 0 -1.0000 -1.0000 -1.000000
144.00 C 20260807 -1.00 -1.00 14 0 -1.0000 -1.0000 -1.000000
145.00 C 20260807 -1.00 -1.00 43 0 0.0006 0.9999 0.000000
146.00 C 20260807 -1.00 -1.00 99 0 -1.0000 -1.0000 -1.000000
147.00 C 20260807 -1.00 -1.00 103 0 -1.0000 -1.0000 -1.000000
148.00 C 20260807 -1.00 -1.00 40 3 -1.0000 -1.0000 -1.000000
149.00 C 20260807 -1.00 -1.00 16 3 0.0006 0.9999 0.000000
150.00 C 20260807 -1.00 -1.00 60 2 0.7482 0.9877 0.002236
151.00 C 20260807 -1.00 -1.00 72 0 0.7779 0.9802 0.003220
152.00 C 20260807 -1.00 -1.00 216 2 0.8261 0.9705 0.004307
152.50 C 20260807 -1.00 -1.00 191 3 -1.0000 -1.0000 -1.000000
153.00 C 20260807 -1.00 -1.00 36 2 -1.0000 -1.0000 -1.000000
154.00 C 20260807 -1.00 -1.00 42 4 -1.0000 -1.0000 -1.000000
155.00 C 20260807 -1.00 -1.00 105 3 0.7917 0.9560 0.006166
156.00 C 20260807 -1.00 -1.00 200 2 0.7896 0.9492 0.006974
157.00 C 20260807 -1.00 -1.00 173 1 0.6480 0.9722 0.005236
157.50 C 20260807 -1.00 -1.00 135 1 0.0006 0.9999 0.000000
158.00 C 20260807 -1.00 -1.00 84 2 -1.0000 -1.0000 -1.000000
159.00 C 20260807 -1.00 -1.00 21 2 -1.0000 -1.0000 -1.000000
160.00 C 20260807 -1.00 -1.00 3 12 0.5763 0.9649 0.007068
161.00 C 20260807 -1.00 -1.00 7 2 0.6023 0.9484 0.009253
162.00 C 20260807 -1.00 -1.00 14 4 0.6009 0.9395 0.010636
163.00 C 20260807 -1.00 -1.00 16 10 0.5964 0.9273 0.012271
164.00 C 20260807 -1.00 -1.00 7 4 -1.0000 -1.0000 -1.000000
165.00 C 20260807 -1.00 -1.00 9 5 0.5229 0.9233 0.014537
166.00 C 20260807 -1.00 -1.00 2 3 -1.0000 -1.0000 -1.000000
167.00 C 20260807 -1.00 -1.00 8 3 -1.0000 -1.0000 -1.000000
167.50 C 20260807 -1.00 -1.00 12 3 0.0006 0.9999 0.000000
168.00 C 20260807 -1.00 -1.00 4 8 0.3120 0.9664 0.012624
169.00 C 20260807 -1.00 -1.00 1 7 0.2849 0.9638 0.014636
170.00 C 20260807 -1.00 -1.00 9 31 0.4536 0.8443 0.027845
171.00 C 20260807 -1.00 -1.00 2 42 0.4361 0.8218 0.031593
172.00 C 20260807 -1.00 -1.00 3 7 0.3578 0.8322 0.037026
172.50 C 20260807 -1.00 -1.00 2 112 0.4243 0.7779 0.037679
173.00 C 20260807 -1.00 -1.00 3 14 0.4245 0.7562 0.039264
174.00 C 20260807 -1.00 -1.00 24 38 0.3863 0.7306 0.045230
175.00 C 20260807 -1.00 -1.00 20 729 0.3829 0.6846 0.049386
176.00 C 20260807 -1.00 -1.00 31 104 0.3764 0.6363 0.053264
177.00 C 20260807 -1.00 -1.00 20 258 0.3654 0.5830 0.056536
177.50 C 20260807 -1.00 -1.00 18 16 0.3632 0.5548 0.057756
178.00 C 20260807 -1.00 -1.00 36 65 0.3618 0.5262 0.058892
179.00 C 20260807 -1.00 -1.00 44 23 0.3507 0.4674 0.060192
180.00 C 20260807 -1.00 -1.00 270 352 0.3420 0.4056 0.060198
181.00 C 20260807 -1.00 -1.00 69 36 0.3416 0.3475 0.057756
182.00 C 20260807 -1.00 -1.00 118 99 0.3400 0.2936 0.053547
182.50 C 20260807 -1.00 -1.00 20 17 0.3474 0.2719 0.050643
183.00 C 20260807 -1.00 -1.00 47 27 0.3406 0.2409 0.049071
184.00 C 20260807 -1.00 -1.00 187 89 0.3359 0.1963 0.043570
185.00 C 20260807 -1.00 -1.00 740 146 0.3481 0.1652 0.037744
186.00 C 20260807 -1.00 -1.00 94 50 0.3460 0.1286 0.032330
187.00 C 20260807 -1.00 -1.00 77 96 0.3269 0.0883 0.025827
187.50 C 20260807 -1.00 -1.00 18 9 0.3311 0.0776 0.023309
188.00 C 20260807 -1.00 -1.00 48 158 0.3566 0.0836 0.022796
189.00 C 20260807 -1.00 -1.00 4 9 0.3205 0.0453 0.015589
190.00 C 20260807 -1.00 -1.00 49 238 0.3419 0.0413 0.013587
191.00 C 20260807 -1.00 -1.00 10 112 0.3236 0.0235 0.008966
192.00 C 20260807 -1.00 -1.00 3 52 0.4380 0.0587 0.014088
192.50 C 20260807 -1.00 -1.00 2 29 0.3882 0.0313 0.009647
193.00 C 20260807 -1.00 -1.00 2 32 0.4735 0.0606 0.013383
194.00 C 20260807 -1.00 -1.00 2 16 0.4820 0.0528 0.011737
195.00 C 20260807 -1.00 -1.00 4 87 0.3949 0.0165 0.005441
196.00 C 20260807 -1.00 -1.00 1 1 0.4989 0.0381 0.008756
197.00 C 20260807 -1.00 -1.00 2 13 0.5944 0.0608 0.010688
197.50 C 20260807 -1.00 -1.00 1 142 0.6348 0.0678 0.010968
198.00 C 20260807 -1.00 -1.00 32 2 0.5808 0.0479 0.008997
199.00 C 20260807 -1.00 -1.00 -1 0 0.5937 0.0433 0.008127
200.00 C 20260807 -1.00 -1.00 5 448 0.4520 0.0086 0.002676
202.50 C 20260807 -1.00 -1.00 1 2 0.6957 0.0459 0.007265
205.00 C 20260807 -1.00 -1.00 5 5 0.6992 0.0312 0.005330
207.50 C 20260807 -1.00 -1.00 2 5 0.7600 0.0315 0.004934
210.00 C 20260807 -1.00 -1.00 2 4 0.8701 0.0414 0.005361
215.00 C 20260807 -1.00 -1.00 2 2 0.7861 0.0126 0.002186
220.00 C 20260807 -1.00 -1.00 8 1 1.0869 0.0368 0.003928
225.00 C 20260807 -1.00 -1.00 -1 0 1.1761 0.0339 0.003399
130.00 P 20260807 -1.00 -1.00 1 160 1.4675 -0.0174 0.001532
135.00 P 20260807 -1.00 -1.00 377 542 1.3927 -0.0240 0.002149
140.00 P 20260807 -1.00 -1.00 34 17 1.2097 -0.0244 0.002515
143.00 P 20260807 -1.00 -1.00 1 2 -1.0000 -1.0000 -1.000000
144.00 P 20260807 -1.00 -1.00 1 2 -1.0000 -1.0000 -1.000000
145.00 P 20260807 -1.00 -1.00 1 18 1.5261 -0.0881 0.005525
146.00 P 20260807 -1.00 -1.00 -1 0 -1.0000 -1.0000 -1.000000
147.00 P 20260807 -1.00 -1.00 3 1 -1.0000 -1.0000 -1.000000
148.00 P 20260807 -1.00 -1.00 112 7 0.7611 -0.0088 0.001649
149.00 P 20260807 -1.00 -1.00 -1 0 0.8388 -0.0194 0.002946
150.00 P 20260807 -1.00 -1.00 12 222 0.7386 -0.0110 0.002074
151.00 P 20260807 -1.00 -1.00 -1 0 0.8308 -0.0255 0.003797
152.00 P 20260807 -1.00 -1.00 3 3 0.8919 -0.0417 0.005243
152.50 P 20260807 -1.00 -1.00 12 0 0.8740 -0.0418 0.005368
153.00 P 20260807 -1.00 -1.00 1 1 0.8506 -0.0410 0.005425
154.00 P 20260807 -1.00 -1.00 1 3 0.7705 -0.0323 0.004960
155.00 P 20260807 -1.00 -1.00 13 308 0.6873 -0.0243 0.004387
156.00 P 20260807 -1.00 -1.00 2 20 0.7309 -0.0390 0.006062
157.00 P 20260807 -1.00 -1.00 20 51 0.7320 -0.0470 0.007051
157.50 P 20260807 -1.00 -1.00 24 34 0.5628 -0.0172 0.003963
158.00 P 20260807 -1.00 -1.00 3 96 0.5669 -0.0204 0.004556
159.00 P 20260807 -1.00 -1.00 19 35 0.6135 -0.0360 0.006777
160.00 P 20260807 -1.00 -1.00 40 855 0.5116 -0.0213 0.005228
161.00 P 20260807 -1.00 -1.00 3 45 0.5035 -0.0253 0.006199
162.00 P 20260807 -1.00 -1.00 17 96 0.4928 -0.0294 0.007235
163.00 P 20260807 -1.00 -1.00 36 461 0.4702 -0.0329 0.008254
164.00 P 20260807 -1.00 -1.00 8 160 0.4696 -0.0444 0.010496
165.00 P 20260807 -1.00 -1.00 143 638 0.4338 -0.0440 0.011268
166.00 P 20260807 -1.00 -1.00 23 119 0.4586 -0.0652 0.014813
167.00 P 20260807 -1.00 -1.00 53 170 0.4483 -0.0807 0.017616
167.50 P 20260807 -1.00 -1.00 20 150 0.4261 -0.0799 0.018406
168.00 P 20260807 -1.00 -1.00 16 138 0.4287 -0.0924 0.020351
169.00 P 20260807 -1.00 -1.00 3 594 0.4340 -0.1168 0.024098
170.00 P 20260807 -1.00 -1.00 105 496 0.4104 -0.1299 0.027578
171.00 P 20260807 -1.00 -1.00 27 1842 0.3942 -0.1543 0.031880
172.00 P 20260807 -1.00 -1.00 263 51 0.3903 -0.1878 0.036588
172.50 P 20260807 -1.00 -1.00 10 33 0.3859 -0.2035 0.039091
173.00 P 20260807 -1.00 -1.00 21 779 0.3888 -0.2240 0.041322
174.00 P 20260807 -1.00 -1.00 22 583 0.3608 -0.2559 0.047312
175.00 P 20260807 -1.00 -1.00 140 404 0.3622 -0.3072 0.051554
176.00 P 20260807 -1.00 -1.00 21 131 0.3535 -0.3565 0.056575
177.00 P 20260807 -1.00 -1.00 6 151 0.3500 -0.4146 0.059050
177.50 P 20260807 -1.00 -1.00 1 90 0.3413 -0.4433 0.061533
178.00 P 20260807 -1.00 -1.00 2 14 0.3418 -0.4739 0.062466
179.00 P 20260807 -1.00 -1.00 8 11 0.3359 -0.5357 0.062957
180.00 P 20260807 -1.00 -1.00 11 286 0.3220 -0.6024 0.063981
181.00 P 20260807 -1.00 -1.00 13 282 0.3156 -0.6663 0.061671
182.00 P 20260807 -1.00 -1.00 2 11 0.3327 -0.7125 0.054591
182.50 P 20260807 -1.00 -1.00 2 13 0.3056 -0.7611 0.055049
183.00 P 20260807 -1.00 -1.00 18 31 0.3096 -0.7818 0.051346
184.00 P 20260807 -1.00 -1.00 2 8 0.3199 -0.8181 0.044269
185.00 P 20260807 -1.00 -1.00 4 54 0.2995 -0.8764 0.037323
186.00 P 20260807 -1.00 -1.00 2 116 0.3135 -0.8964 0.031359
187.00 P 20260807 -1.00 -1.00 7 11 0.2638 -0.9591 0.019996
187.50 P 20260807 -1.00 -1.00 13 4 0.2758 -0.9607 0.018536
188.00 P 20260807 -1.00 -1.00 6 13 0.2733 -0.9726 0.015011
189.00 P 20260807 -1.00 -1.00 2 4 0.3757 -0.9306 0.019914
190.00 P 20260807 -1.00 -1.00 1 4 0.4696 -0.8947 0.020900
191.00 P 20260807 -1.00 -1.00 1 9 0.4900 -0.9033 0.018843
192.00 P 20260807 -1.00 -1.00 8 0 0.5103 -0.9111 0.017050
192.50 P 20260807 -1.00 -1.00 2 0 0.5240 -0.9130 0.016355
193.00 P 20260807 -1.00 -1.00 -1 0 0.5377 -0.9148 0.015709
194.00 P 20260807 -1.00 -1.00 -1 0 0.5577 -0.9216 0.014319
195.00 P 20260807 -1.00 -1.00 1 0 0.5992 -0.9177 0.013734
196.00 P 20260807 -1.00 -1.00 -1 0 0.5891 -0.9339 0.011968
197.00 P 20260807 -1.00 -1.00 6 0 0.6241 -0.9327 0.011438
197.50 P 20260807 -1.00 -1.00 6 0 0.6109 -0.9406 0.010584
198.00 P 20260807 -1.00 -1.00 4 0 0.6794 -0.9255 0.011323
199.00 P 20260807 -1.00 -1.00 4 0 0.6570 -0.9399 0.009901
200.00 P 20260807 -1.00 -1.00 4 0 0.6916 -0.9385 0.009568
202.50 P 20260807 -1.00 -1.00 4 0 0.7471 -0.9424 0.008380
205.00 P 20260807 -1.00 -1.00 4 0 0.8260 -0.9403 0.007771
207.50 P 20260807 -1.00 -1.00 12 0 0.8679 -0.9461 0.006823
210.00 P 20260807 -1.00 -1.00 8 0 0.8730 -0.9594 0.005474
215.00 P 20260807 -1.00 -1.00 -1 0 1.0260 -0.9531 0.005161
220.00 P 20260807 -1.00 -1.00 -1 0 1.1519 -0.9523 0.004642
225.00 P 20260807 -1.00 -1.00 -1 0 1.2046 -0.9636 0.003636
130.00 C 20260814 -1.00 -1.00 -1 0 -1.0000 -1.0000 -1.000000
135.00 C 20260814 -1.00 -1.00 -1 0 -1.0000 -1.0000 -1.000000
140.00 C 20260814 -1.00 -1.00 -1 0 -1.0000 -1.0000 -1.000000
141.00 C 20260814 -1.00 -1.00 -1 0 -1.0000 -1.0000 -1.000000
142.00 C 20260814 -1.00 -1.00 -1 0 -1.0000 -1.0000 -1.000000
143.00 C 20260814 -1.00 -1.00 -1 0 -1.0000 -1.0000 -1.000000
144.00 C 20260814 -1.00 -1.00 -1 0 -1.0000 -1.0000 -1.000000
145.00 C 20260814 -1.00 -1.00 -1 0 -1.0000 -1.0000 -1.000000
146.00 C 20260814 -1.00 -1.00 -1 0 -1.0000 -1.0000 -1.000000
147.00 C 20260814 -1.00 -1.00 -1 0 -1.0000 -1.0000 -1.000000
148.00 C 20260814 -1.00 -1.00 -1 0 0.0010 0.9998 -0.000000
149.00 C 20260814 -1.00 -1.00 -1 0 -1.0000 -1.0000 -1.000000
150.00 C 20260814 -1.00 -1.00 1 26 0.4080 0.9937 0.001360
151.00 C 20260814 -1.00 -1.00 -1 0 -1.0000 -1.0000 -1.000000
152.00 C 20260814 -1.00 -1.00 -1 0 0.0010 0.9998 -0.000000
152.50 C 20260814 -1.00 -1.00 -1 0 -1.0000 -1.0000 -1.000000
153.00 C 20260814 -1.00 -1.00 -1 0 -1.0000 -1.0000 -1.000000
154.00 C 20260814 -1.00 -1.00 -1 0 -1.0000 -1.0000 -1.000000
155.00 C 20260814 -1.00 -1.00 1 2 0.0010 0.9998 0.000000
156.00 C 20260814 -1.00 -1.00 -1 0 0.0010 0.9998 0.000000
157.00 C 20260814 -1.00 -1.00 -1 0 0.3866 0.9747 0.004917
157.50 C 20260814 -1.00 -1.00 -1 0 0.0010 0.9998 -0.000000
158.00 C 20260814 -1.00 -1.00 2 0 0.0010 0.9998 -0.000000
159.00 C 20260814 -1.00 -1.00 2 0 0.0010 0.9998 -0.000000
160.00 C 20260814 -1.00 -1.00 4 3 0.3555 0.9639 0.007133
161.00 C 20260814 -1.00 -1.00 -1 0 0.4026 0.9355 0.010178
162.00 C 20260814 -1.00 -1.00 3 0 0.4405 0.9022 0.012634
162.50 C 20260814 -1.00 -1.00 5 0 0.4447 0.8937 0.013355
163.00 C 20260814 -1.00 -1.00 12 0 0.4297 0.8937 0.013824
164.00 C 20260814 -1.00 -1.00 3 0 0.4045 0.8913 0.014934
165.00 C 20260814 -1.00 -1.00 4 4 0.4163 0.8691 0.016613
166.00 C 20260814 -1.00 -1.00 1 3 0.4210 0.8456 0.018205
167.00 C 20260814 -1.00 -1.00 1 3 0.3908 0.8420 0.019915
167.50 C 20260814 -1.00 -1.00 1 1 0.3947 0.8286 0.020788
168.00 C 20260814 -1.00 -1.00 1 4 0.3892 0.8207 0.021731
169.00 C 20260814 -1.00 -1.00 1 4 0.3720 0.8075 0.023863
170.00 C 20260814 -1.00 -1.00 8 21 0.3580 0.7915 0.026220
171.00 C 20260814 -1.00 -1.00 2 4 0.3517 0.7662 0.028345
172.00 C 20260814 -1.00 -1.00 2 1 0.3685 0.7258 0.029210
172.50 C 20260814 -1.00 -1.00 2 2 0.3614 0.7138 0.030432
173.00 C 20260814 -1.00 -1.00 2 6 0.3757 0.6925 0.030395
174.00 C 20260814 -1.00 -1.00 1 23 0.3545 0.6698 0.033467
175.00 C 20260814 -1.00 -1.00 7 84 0.3485 0.6370 0.035050
176.00 C 20260814 -1.00 -1.00 5 10 0.3457 0.6012 0.036116
177.00 C 20260814 -1.00 -1.00 16 15 0.3429 0.5648 0.037210
177.50 C 20260814 -1.00 -1.00 5 40 0.3354 0.5467 0.038444
178.00 C 20260814 -1.00 -1.00 4 10 0.3401 0.5277 0.038331
179.00 C 20260814 -1.00 -1.00 15 9 0.3348 0.4900 0.038774
180.00 C 20260814 -1.00 -1.00 22 132 0.3245 0.4500 0.039438
181.00 C 20260814 -1.00 -1.00 19 57 0.3255 0.4113 0.038767
182.00 C 20260814 -1.00 -1.00 4 21 0.3172 0.3690 0.039050
182.50 C 20260814 -1.00 -1.00 4 371 0.3066 0.3464 0.039158
183.00 C 20260814 -1.00 -1.00 3 20 0.3147 0.3329 0.037432
184.00 C 20260814 -1.00 -1.00 3 37 0.3105 0.2951 0.035900
185.00 C 20260814 -1.00 -1.00 43 99 0.3104 0.2594 0.033993
186.00 C 20260814 -1.00 -1.00 13 283 0.3128 0.2300 0.031670
187.00 C 20260814 -1.00 -1.00 6 114 0.3114 0.2021 0.029222
187.50 C 20260814 -1.00 -1.00 3 4 0.2979 0.1769 0.028104
188.00 C 20260814 -1.00 -1.00 7 53 0.3088 0.1728 0.026731
189.00 C 20260814 -1.00 -1.00 1 16 0.3104 0.1471 0.024207
190.00 C 20260814 -1.00 -1.00 17 51 0.3083 0.1259 0.021756
191.00 C 20260814 -1.00 -1.00 1 6 0.2645 0.0705 0.016601
192.00 C 20260814 -1.00 -1.00 8 8 0.2958 0.0787 0.016133
192.50 C 20260814 -1.00 -1.00 1 15 0.2714 0.0566 0.013470
193.00 C 20260814 -1.00 -1.00 1 4 0.2727 0.0515 0.012411
194.00 C 20260814 -1.00 -1.00 1 16 0.3309 0.0740 0.013828
195.00 C 20260814 -1.00 -1.00 32 29 0.2953 0.0436 0.010042
196.00 C 20260814 -1.00 -1.00 1 4 0.3065 0.0401 0.009068
197.00 C 20260814 -1.00 -1.00 2 3 0.3409 0.0505 0.009771
197.50 C 20260814 -1.00 -1.00 20 24 0.3464 0.0488 0.009363
198.00 C 20260814 -1.00 -1.00 6 7 0.3461 0.0441 0.008638
199.00 C 20260814 -1.00 -1.00 1 12 0.3527 0.0386 0.007661
200.00 C 20260814 -1.00 -1.00 6 63 0.3036 0.0148 0.003980
202.50 C 20260814 -1.00 -1.00 20 21 0.5849 0.1173 0.010846
205.00 C 20260814 -1.00 -1.00 3 12 0.4386 0.0348 0.005699
207.50 C 20260814 -1.00 -1.00 1 2 0.4861 0.0390 0.005605
210.00 C 20260814 -1.00 -1.00 1 5 0.4482 0.0195 0.003371
215.00 C 20260814 -1.00 -1.00 -1 0 0.5932 0.0374 0.004450
220.00 C 20260814 -1.00 -1.00 1 1 0.6086 0.0266 0.003238
225.00 C 20260814 -1.00 -1.00 -1 0 0.7519 0.0425 0.003873
130.00 P 20260814 -1.00 -1.00 266 133 0.8941 -0.0170 0.001508
135.00 P 20260814 -1.00 -1.00 1 6 0.8051 -0.0193 0.001868
140.00 P 20260814 -1.00 -1.00 39 45 0.6580 -0.0142 0.001758
141.00 P 20260814 -1.00 -1.00 -1 0 0.6551 -0.0166 0.002013
142.00 P 20260814 -1.00 -1.00 -1 0 -1.0000 -1.0000 -1.000000
143.00 P 20260814 -1.00 -1.00 -1 0 0.7054 -0.0298 0.003101
144.00 P 20260814 -1.00 -1.00 -1 0 0.7053 -0.0349 0.003508
145.00 P 20260814 -1.00 -1.00 1 34 0.6048 -0.0210 0.002679
146.00 P 20260814 -1.00 -1.00 -1 0 0.6093 -0.0245 0.003061
147.00 P 20260814 -1.00 -1.00 -1 0 0.6031 -0.0267 0.003333
148.00 P 20260814 -1.00 -1.00 1 1 0.6248 -0.0379 0.004233
149.00 P 20260814 -1.00 -1.00 -1 0 0.6128 -0.0407 0.004573
150.00 P 20260814 -1.00 -1.00 3 32 0.4941 -0.0193 0.003046
151.00 P 20260814 -1.00 -1.00 -1 0 0.5597 -0.0389 0.004831
152.00 P 20260814 -1.00 -1.00 4 0 0.5117 -0.0313 0.004451
152.50 P 20260814 -1.00 -1.00 1 0 0.4887 -0.0273 0.004192
153.00 P 20260814 -1.00 -1.00 -1 0 0.5349 -0.0448 0.005677
154.00 P 20260814 -1.00 -1.00 -1 0 0.5183 -0.0468 0.006069
155.00 P 20260814 -1.00 -1.00 7 33 0.5413 -0.0594 0.007131
156.00 P 20260814 -1.00 -1.00 -1 0 0.5095 -0.0578 0.007392
157.00 P 20260814 -1.00 -1.00 5 0 0.4557 -0.0491 0.007186
157.50 P 20260814 -1.00 -1.00 1 0 0.4740 -0.0584 0.008014
158.00 P 20260814 -1.00 -1.00 -1 0 0.4362 -0.0503 0.007669
159.00 P 20260814 -1.00 -1.00 10 10 0.4305 -0.0563 0.008549
160.00 P 20260814 -1.00 -1.00 8 80 0.4259 -0.0635 0.009547
161.00 P 20260814 -1.00 -1.00 4 1 0.4279 -0.0783 0.011018
162.00 P 20260814 -1.00 -1.00 -1 0 0.4105 -0.0831 0.012007
162.50 P 20260814 -1.00 -1.00 4 2 0.4014 -0.0855 0.012535
163.00 P 20260814 -1.00 -1.00 5 36 0.3845 -0.0836 0.012873
164.00 P 20260814 -1.00 -1.00 49 59 0.3867 -0.0998 0.014644
165.00 P 20260814 -1.00 -1.00 23 479 0.3841 -0.1135 0.016314
166.00 P 20260814 -1.00 -1.00 9 11 0.3807 -0.1293 0.018077
167.00 P 20260814 -1.00 -1.00 2 3 0.3755 -0.1487 0.019964
167.50 P 20260814 -1.00 -1.00 4 200 0.3695 -0.1563 0.020950
168.00 P 20260814 -1.00 -1.00 1 48 0.3729 -0.1701 0.021931
169.00 P 20260814 -1.00 -1.00 4 18 0.3577 -0.1846 0.024152
170.00 P 20260814 -1.00 -1.00 92 52 0.3489 -0.2039 0.026525
171.00 P 20260814 -1.00 -1.00 2 67 0.3490 -0.2326 0.028558
172.00 P 20260814 -1.00 -1.00 12 87 0.3631 -0.2721 0.029588
172.50 P 20260814 -1.00 -1.00 5 361 0.3423 -0.2772 0.031689
173.00 P 20260814 -1.00 -1.00 1 122 0.3396 -0.2923 0.032814
174.00 P 20260814 -1.00 -1.00 30 38 0.3342 -0.3231 0.035170
175.00 P 20260814 -1.00 -1.00 31 198 0.3261 -0.3563 0.037432
176.00 P 20260814 -1.00 -1.00 7 43 0.3263 -0.3953 0.038314
177.00 P 20260814 -1.00 -1.00 20 12 0.3200 -0.4335 0.039984
177.50 P 20260814 -1.00 -1.00 6 26 0.3207 -0.4535 0.040376
178.00 P 20260814 -1.00 -1.00 7 11 0.3193 -0.4734 0.041035
179.00 P 20260814 -1.00 -1.00 15 8 0.3139 -0.5140 0.041555
180.00 P 20260814 -1.00 -1.00 2 51 0.3017 -0.5575 0.042609
181.00 P 20260814 -1.00 -1.00 4 155 0.3016 -0.5998 0.042023
182.00 P 20260814 -1.00 -1.00 1 8 0.2977 -0.6427 0.041441
182.50 P 20260814 -1.00 -1.00 2 21 0.2949 -0.6629 0.040711
183.00 P 20260814 -1.00 -1.00 -1 0 0.2944 -0.6821 0.039714
184.00 P 20260814 -1.00 -1.00 1 0 0.2911 -0.7226 0.037918
185.00 P 20260814 -1.00 -1.00 1 2 0.3012 -0.7521 0.035045
186.00 P 20260814 -1.00 -1.00 1 111 0.2807 -0.7994 0.033285
187.00 P 20260814 -1.00 -1.00 5 4 0.2779 -0.8328 0.030280
187.50 P 20260814 -1.00 -1.00 4 6 0.2733 -0.8535 0.028702
188.00 P 20260814 -1.00 -1.00 4 9 0.2866 -0.8543 0.027227
189.00 P 20260814 -1.00 -1.00 2 1 0.2631 -0.8981 0.023647
190.00 P 20260814 -1.00 -1.00 2 26 0.3202 -0.8711 0.022459
191.00 P 20260814 -1.00 -1.00 1 9 0.3657 -0.8573 0.020899
192.00 P 20260814 -1.00 -1.00 2 2 0.3628 -0.8759 0.019155
192.50 P 20260814 -1.00 -1.00 35 24 0.3625 -0.8839 0.018305
193.00 P 20260814 -1.00 -1.00 1 1 0.3576 -0.8951 0.017331
194.00 P 20260814 -1.00 -1.00 1 0 0.3187 -0.9394 0.013869
195.00 P 20260814 -1.00 -1.00 4 4 0.3000 -0.9624 0.011078
196.00 P 20260814 -1.00 -1.00 -1 0 0.3985 -0.9117 0.013812
197.00 P 20260814 -1.00 -1.00 -1 0 0.4104 -0.9175 0.012820
197.50 P 20260814 -1.00 -1.00 -1 0 0.4185 -0.9188 0.012432
198.00 P 20260814 -1.00 -1.00 -1 0 0.4266 -0.9200 0.012065
199.00 P 20260814 -1.00 -1.00 -1 0 0.4044 -0.9415 0.010366
200.00 P 20260814 -1.00 -1.00 14 0 0.4542 -0.9275 0.010648
202.50 P 20260814 -1.00 -1.00 -1 0 0.4902 -0.9320 0.009380
205.00 P 20260814 -1.00 -1.00 -1 0 0.5312 -0.9332 0.008484
207.50 P 20260814 -1.00 -1.00 -1 0 0.5494 -0.9416 0.007410
210.00 P 20260814 -1.00 -1.00 -1 0 0.5518 -0.9551 0.006127
215.00 P 20260814 -1.00 -1.00 -1 0 0.6161 -0.9590 0.005110
220.00 P 20260814 -1.00 -1.00 -1 0 0.7164 -0.9506 0.004944
225.00 P 20260814 -1.00 -1.00 -1 0 0.7400 -0.9647 0.003811
130.00 C 20260821 -1.00 -1.00 2 17 0.5586 0.9961 0.000494
131.00 C 20260821 -1.00 -1.00 2 16 0.0013 0.9997 0.000000
132.00 C 20260821 -1.00 -1.00 2 1 0.5971 0.9911 0.000994
133.00 C 20260821 -1.00 -1.00 5 5 0.6357 0.9846 0.001500
134.00 C 20260821 -1.00 -1.00 3 0 0.0013 0.9997 -0.000000
135.00 C 20260821 -1.00 -1.00 1 9 0.0013 0.9997 -0.000000
136.00 C 20260821 -1.00 -1.00 2 14 0.0013 0.9997 -0.000000
137.00 C 20260821 -1.00 -1.00 1 5 0.5219 0.9910 0.001142
138.00 C 20260821 -1.00 -1.00 5 21 0.6173 0.9756 0.002342
139.00 C 20260821 -1.00 -1.00 2 200 0.5880 0.9771 0.002318
140.00 C 20260821 -1.00 -1.00 1 112 0.6613 0.9579 0.003404
141.00 C 20260821 -1.00 -1.00 1 14 0.0013 0.9997 -0.000000
142.00 C 20260821 -1.00 -1.00 1 27 0.4494 0.9910 0.001326
143.00 C 20260821 -1.00 -1.00 42 68 0.4352 0.9910 0.001368
144.00 C 20260821 -1.00 -1.00 1 49 0.3878 0.9947 0.000940
145.00 C 20260821 -1.00 -1.00 8 19 0.3739 0.9948 0.000949
146.00 C 20260821 -1.00 -1.00 2 12 0.0013 0.9997 0.000000
147.00 C 20260821 -1.00 -1.00 2 13 0.3463 0.9952 0.000960
148.00 C 20260821 -1.00 -1.00 10 9 0.0013 0.9997 -0.000000
149.00 C 20260821 -1.00 -1.00 1 6 0.0013 0.9997 -0.000000
150.00 C 20260821 -1.00 -1.00 5 139 0.5098 0.9456 0.005481
151.00 C 20260821 -1.00 -1.00 1 63 0.0013 0.9997 -0.000000
152.00 C 20260821 -1.00 -1.00 5 80 0.4247 0.9600 0.005070
153.00 C 20260821 -1.00 -1.00 1 190 0.2615 0.9967 0.000884
154.00 C 20260821 -1.00 -1.00 1 95 0.3350 0.9788 0.003782
155.00 C 20260821 -1.00 -1.00 4 91 0.4637 0.9226 0.007879
156.00 C 20260821 -1.00 -1.00 1 27 0.3224 0.9741 0.004718
157.00 C 20260821 -1.00 -1.00 1 20 0.3174 0.9698 0.005430
158.00 C 20260821 -1.00 -1.00 1 35 0.3371 0.9524 0.007393
159.00 C 20260821 -1.00 -1.00 1 380 0.3228 0.9508 0.007942
160.00 C 20260821 -1.00 -1.00 304 719 0.4111 0.8938 0.011326
163.00 C 20260821 -1.00 -1.00 1 1 0.3508 0.8873 0.013905
164.00 C 20260821 -1.00 -1.00 1 1 0.3774 0.8537 0.015373
165.00 C 20260821 -1.00 -1.00 3 148 0.3584 0.8475 0.016620
166.00 C 20260821 -1.00 -1.00 -1 0 0.3722 0.8206 0.017834
167.00 C 20260821 -1.00 -1.00 1 2 0.3183 0.8351 0.019703
168.00 C 20260821 -1.00 -1.00 2 9 0.3571 0.7916 0.020639
169.00 C 20260821 -1.00 -1.00 1 11 0.3681 0.7616 0.021393
170.00 C 20260821 -1.00 -1.00 3 557 0.3586 0.7426 0.022795
171.00 C 20260821 -1.00 -1.00 1 20 0.3604 0.7173 0.023787
172.00 C 20260821 -1.00 -1.00 5 22 0.3603 0.6929 0.024856
172.50 C 20260821 -1.00 -1.00 -1 0 0.3416 0.6879 0.026443
173.00 C 20260821 -1.00 -1.00 6 4 0.3565 0.6698 0.026140
174.00 C 20260821 -1.00 -1.00 1 13 0.3474 0.6453 0.027373
175.00 C 20260821 -1.00 -1.00 35 2399 0.3467 0.6168 0.027943
176.00 C 20260821 -1.00 -1.00 11 166 0.3379 0.5895 0.029169
177.00 C 20260821 -1.00 -1.00 1 131 0.3373 0.5601 0.029769
177.50 C 20260821 -1.00 -1.00 6 36 0.3345 0.5455 0.030284
178.00 C 20260821 -1.00 -1.00 6 26 0.3334 0.5306 0.030663
179.00 C 20260821 -1.00 -1.00 2 73 0.3244 0.5001 0.031434
180.00 C 20260821 -1.00 -1.00 28 2137 0.3241 0.4695 0.031147
181.00 C 20260821 -1.00 -1.00 125 195 0.3160 0.4366 0.031602
182.00 C 20260821 -1.00 -1.00 7 1152 0.3099 0.4028 0.031867
182.50 C 20260821 -1.00 -1.00 3 30 0.3146 0.3890 0.031241
183.00 C 20260821 -1.00 -1.00 32 1242 0.3030 0.3684 0.031963
184.00 C 20260821 -1.00 -1.00 7 372 0.3042 0.3407 0.030657
185.00 C 20260821 -1.00 -1.00 32 1026 0.3073 0.3142 0.029252
186.00 C 20260821 -1.00 -1.00 8 646 0.2980 0.2791 0.028652
187.00 C 20260821 -1.00 -1.00 4 96 0.3031 0.2545 0.027129
188.00 C 20260821 -1.00 -1.00 8 228 0.3089 0.2351 0.025458
189.00 C 20260821 -1.00 -1.00 2 100 0.2924 0.2003 0.024246
190.00 C 20260821 -1.00 -1.00 106 2687 0.3021 0.1866 0.022455
191.00 C 20260821 -1.00 -1.00 1 154 0.2880 0.1507 0.020767
192.00 C 20260821 -1.00 -1.00 85 85 0.3057 0.1468 0.019281
193.00 C 20260821 -1.00 -1.00 397 91 0.3018 0.1289 0.017715
194.00 C 20260821 -1.00 -1.00 3 266 0.2684 0.0846 0.014662
195.00 C 20260821 -1.00 -1.00 9 1922 0.3046 0.1023 0.014773
196.00 C 20260821 -1.00 -1.00 3 621 0.2674 0.0612 0.011412
197.00 C 20260821 -1.00 -1.00 2 195 0.2830 0.0619 0.010898
198.00 C 20260821 -1.00 -1.00 1 145 0.2703 0.0442 0.008698
199.00 C 20260821 -1.00 -1.00 2 96 0.3081 0.0601 0.009757
200.00 C 20260821 -1.00 -1.00 133 941 0.2976 0.0452 0.008041
205.00 C 20260821 -1.00 -1.00 162 5236 0.2902 0.0158 0.003429
210.00 C 20260821 -1.00 -1.00 111 2710 0.3680 0.0253 0.004023
215.00 C 20260821 -1.00 -1.00 2 3478 0.3789 0.0134 0.002296
220.00 C 20260821 -1.00 -1.00 40 613 0.4803 0.0277 0.003330
225.00 C 20260821 -1.00 -1.00 1 642 0.6382 0.0592 0.004643
130.00 P 20260821 -1.00 -1.00 5 684 0.6548 -0.0110 0.001116
131.00 P 20260821 -1.00 -1.00 1 16 0.7050 -0.0194 0.001686
132.00 P 20260821 -1.00 -1.00 2 130 0.6317 -0.0123 0.001268
133.00 P 20260821 -1.00 -1.00 4 28 0.7614 -0.0335 0.002466
134.00 P 20260821 -1.00 -1.00 6 35 0.7302 -0.0314 0.002439
135.00 P 20260821 -1.00 -1.00 1 459 0.6382 -0.0200 0.001911
136.00 P 20260821 -1.00 -1.00 2 18 0.7003 -0.0333 0.002668
137.00 P 20260821 -1.00 -1.00 1 70 0.6012 -0.0197 0.002002
138.00 P 20260821 -1.00 -1.00 2 13 0.5987 -0.0217 0.002195
139.00 P 20260821 -1.00 -1.00 2 234 0.6262 -0.0296 0.002718
140.00 P 20260821 -1.00 -1.00 1 1279 0.5253 -0.0157 0.001876
141.00 P 20260821 -1.00 -1.00 1 62 0.5792 -0.0269 0.002732
142.00 P 20260821 -1.00 -1.00 1 419 0.5665 -0.0283 0.002906
143.00 P 20260821 -1.00 -1.00 3 76 0.5497 -0.0286 0.003019
144.00 P 20260821 -1.00 -1.00 2 301 0.5372 -0.0301 0.003216
145.00 P 20260821 -1.00 -1.00 3 1086 0.4670 -0.0194 0.002540
146.00 P 20260821 -1.00 -1.00 1 354 0.5432 -0.0420 0.004158
147.00 P 20260821 -1.00 -1.00 2 256 0.5058 -0.0368 0.004005
148.00 P 20260821 -1.00 -1.00 10 2089 0.4965 -0.0395 0.004321
149.00 P 20260821 -1.00 -1.00 6 729 0.5024 -0.0467 0.004909
150.00 P 20260821 -1.00 -1.00 54 4305 0.4407 -0.0330 0.004212
151.00 P 20260821 -1.00 -1.00 4 951 0.4151 -0.0298 0.004135
152.00 P 20260821 -1.00 -1.00 37 104 0.4310 -0.0420 0.005233
153.00 P 20260821 -1.00 -1.00 5 506 0.4152 -0.0428 0.005521
154.00 P 20260821 -1.00 -1.00 2 534 0.4200 -0.0509 0.006315
155.00 P 20260821 -1.00 -1.00 73 1398 0.4112 -0.0544 0.006829
156.00 P 20260821 -1.00 -1.00 5 2526 0.4154 -0.0638 0.007684
157.00 P 20260821 -1.00 -1.00 39 902 0.4130 -0.0736 0.008557
158.00 P 20260821 -1.00 -1.00 7 551 0.3928 -0.0741 0.009038
159.00 P 20260821 -1.00 -1.00 1 384 0.4098 -0.0944 0.010385
160.00 P 20260821 -1.00 -1.00 111 3114 0.3767 -0.0890 0.010801
163.00 P 20260821 -1.00 -1.00 27 791 0.3707 -0.1238 0.014162
164.00 P 20260821 -1.00 -1.00 16 171 0.3675 -0.1400 0.015398
165.00 P 20260821 -1.00 -1.00 91 3668 0.3563 -0.1512 0.016680
166.00 P 20260821 -1.00 -1.00 587 118 0.3486 -0.1655 0.018075
167.00 P 20260821 -1.00 -1.00 229 60 0.3506 -0.1860 0.019457
168.00 P 20260821 -1.00 -1.00 2 221 0.3490 -0.2045 0.020891
169.00 P 20260821 -1.00 -1.00 26 130 0.3542 -0.2309 0.021961
170.00 P 20260821 -1.00 -1.00 103 2943 0.3404 -0.2478 0.023646
171.00 P 20260821 -1.00 -1.00 2 6 0.3567 -0.2817 0.024060
172.00 P 20260821 -1.00 -1.00 4 126 0.3392 -0.2989 0.026110
172.50 P 20260821 -1.00 -1.00 10 10 0.3400 -0.3122 0.026669
173.00 P 20260821 -1.00 -1.00 6 19 0.3407 -0.3255 0.027230
174.00 P 20260821 -1.00 -1.00 12 93 0.3387 -0.3531 0.028176
175.00 P 20260821 -1.00 -1.00 77 1076 0.3268 -0.3794 0.029716
176.00 P 20260821 -1.00 -1.00 72 646 0.3214 -0.4089 0.030795
177.00 P 20260821 -1.00 -1.00 2 66 0.3225 -0.4401 0.031313
177.50 P 20260821 -1.00 -1.00 12 30 0.3357 -0.4563 0.030380
178.00 P 20260821 -1.00 -1.00 2 356 0.3218 -0.4713 0.032004
179.00 P 20260821 -1.00 -1.00 1 178 0.3126 -0.5034 0.032860
180.00 P 20260821 -1.00 -1.00 38 3265 0.3046 -0.5369 0.033393
181.00 P 20260821 -1.00 -1.00 1 235 0.3013 -0.5707 0.033421
182.00 P 20260821 -1.00 -1.00 1 913 0.3026 -0.6034 0.032952
182.50 P 20260821 -1.00 -1.00 -1 0 0.3048 -0.6191 0.032565
183.00 P 20260821 -1.00 -1.00 4 1079 0.3098 -0.6320 0.031710
184.00 P 20260821 -1.00 -1.00 3 308 0.2930 -0.6700 0.031956
185.00 P 20260821 -1.00 -1.00 1 907 0.2957 -0.6979 0.030496
186.00 P 20260821 -1.00 -1.00 3 787 0.2840 -0.7378 0.030072
187.00 P 20260821 -1.00 -1.00 10 60 0.2837 -0.7668 0.028566
188.00 P 20260821 -1.00 -1.00 4 38 0.3311 -0.7544 0.025065
189.00 P 20260821 -1.00 -1.00 3 60 0.3391 -0.7698 0.023552
190.00 P 20260821 -1.00 -1.00 2 2726 0.2744 -0.8485 0.023249
191.00 P 20260821 -1.00 -1.00 1 68 0.3344 -0.8127 0.021132
192.00 P 20260821 -1.00 -1.00 1 12 0.3365 -0.8310 0.019837
193.00 P 20260821 -1.00 -1.00 10 12 0.3407 -0.8471 0.018575
194.00 P 20260821 -1.00 -1.00 9 9 0.3399 -0.8654 0.017341
195.00 P 20260821 -1.00 -1.00 6 1099 0.2822 -0.9289 0.014472
196.00 P 20260821 -1.00 -1.00 -1 0 0.2646 -0.9541 0.012111
197.00 P 20260821 -1.00 -1.00 2 2 0.2824 -0.9507 0.011706
198.00 P 20260821 -1.00 -1.00 3 1 0.3535 -0.9071 0.013071
199.00 P 20260821 -1.00 -1.00 -1 0 0.3662 -0.9097 0.012361
200.00 P 20260821 -1.00 -1.00 2 0 0.3718 -0.9176 0.011525
205.00 P 20260821 -1.00 -1.00 4 0 0.3750 -0.9569 0.007704
210.00 P 20260821 -1.00 -1.00 1 0 0.4582 -0.9463 0.006958
215.00 P 20260821 -1.00 -1.00 65 0 -1.0000 -1.0000 -1.000000
220.00 P 20260821 -1.00 -1.00 1 0 0.5458 -0.9593 0.004818
225.00 P 20260821 -1.00 -1.00 1 0 0.5939 -0.9620 0.004204
110.00 C 20260807 -1.00 -1.00 23 0 -1.0000 -1.0000 -1.000000
115.00 C 20260807 -1.00 -1.00 12 0 -1.0000 -1.0000 -1.000000
120.00 C 20260807 -1.00 -1.00 9 0 -1.0000 -1.0000 -1.000000
125.00 C 20260807 -1.00 -1.00 3 0 -1.0000 -1.0000 -1.000000
110.00 P 20260807 -1.00 -1.00 -1 0 2.1164 -0.0111 0.000725
115.00 P 20260807 -1.00 -1.00 19 19 1.9630 -0.0132 0.000902
120.00 P 20260807 -1.00 -1.00 17901 2 1.4527 -0.0033 0.000364
125.00 P 20260807 -1.00 -1.00 1 253 1.6324 -0.0161 0.001287
110.00 C 20260814 -1.00 -1.00 -1 0 -1.0000 -1.0000 -1.000000
115.00 C 20260814 -1.00 -1.00 -1 0 -1.0000 -1.0000 -1.000000
120.00 C 20260814 -1.00 -1.00 -1 0 -1.0000 -1.0000 -1.000000
125.00 C 20260814 -1.00 -1.00 -1 0 -1.0000 -1.0000 -1.000000
110.00 P 20260814 -1.00 -1.00 -1 0 1.3182 -0.0126 0.000789
115.00 P 20260814 -1.00 -1.00 -1 0 1.2242 -0.0147 0.000972
120.00 P 20260814 -1.00 -1.00 -1 0 1.2041 -0.0217 0.001394
125.00 P 20260814 -1.00 -1.00 28 173 1.0176 -0.0176 0.001366
110.00 C 20260821 -1.00 -1.00 1 7 1.0286 0.9876 0.000768
115.00 C 20260821 -1.00 -1.00 4 223 0.8437 0.9929 0.000567
120.00 C 20260821 -1.00 -1.00 1 61 0.0013 0.9997 0.000000
125.00 C 20260821 -1.00 -1.00 1 27 0.0013 0.9997 -0.000000
110.00 P 20260821 -1.00 -1.00 2 225 1.1336 -0.0194 0.001051
115.00 P 20260821 -1.00 -1.00 367 394 0.7826 -0.0038 0.000365
120.00 P 20260821 -1.00 -1.00 1 100 0.7400 -0.0058 0.000559
125.00 P 20260821 -1.00 -1.00 1 496 0.9222 -0.0322 0.001969
230.00 C 20260807 -1.00 -1.00 -1 0 -1.0000 -1.0000 -1.000000
235.00 C 20260807 -1.00 -1.00 -1 0 -1.0000 -1.0000 -1.000000
240.00 C 20260807 -1.00 -1.00 -1 0 1.2402 0.0130 0.001424
245.00 C 20260807 -1.00 -1.00 -1 0 -1.0000 -1.0000 -1.000000
230.00 P 20260807 -1.00 -1.00 2 0 1.3243 -0.9620 0.003410
235.00 P 20260807 -1.00 -1.00 2 0 1.4430 -0.9604 0.003221
240.00 P 20260807 -1.00 -1.00 2 0 1.5364 -0.9622 0.002920
245.00 P 20260807 -1.00 -1.00 2 0 1.5587 -0.9688 0.002458
230.00 C 20260814 -1.00 -1.00 -1 0 -1.0000 -1.0000 -1.000000
235.00 C 20260814 -1.00 -1.00 -1 0 -1.0000 -1.0000 -1.000000
240.00 C 20260814 -1.00 -1.00 -1 0 -1.0000 -1.0000 -1.000000
245.00 C 20260814 -1.00 -1.00 -1 0 -1.0000 -1.0000 -1.000000
230.00 P 20260814 -1.00 -1.00 -1 0 0.7983 -0.9670 0.003364
235.00 P 20260814 -1.00 -1.00 -1 0 0.9020 -0.9570 0.003516
240.00 P 20260814 -1.00 -1.00 -1 0 0.9592 -0.9590 0.003190
245.00 P 20260814 -1.00 -1.00 -1 0 0.9476 -0.9714 0.002511
230.00 C 20260821 -1.00 -1.00 30 397 0.5282 0.0162 0.001931
235.00 C 20260821 -1.00 -1.00 2 13 0.5954 0.0214 0.002153
240.00 C 20260821 -1.00 -1.00 3 159 0.6801 0.0291 0.002451
245.00 C 20260821 -1.00 -1.00 4 8 0.6681 0.0185 0.001701
250.00 C 20260821 -1.00 -1.00 10 12 0.6429 0.0105 0.001076
230.00 P 20260821 -1.00 -1.00 1 0 0.6462 -0.9622 0.003811
235.00 P 20260821 -1.00 -1.00 -1 0 -1.0000 -1.0000 -1.000000
240.00 P 20260821 -1.00 -1.00 1 0 -1.0000 -1.0000 -1.000000
245.00 P 20260821 -1.00 -1.00 -1 0 0.7573 -0.9712 0.002683
250.00 P 20260821 -1.00 -1.00 -1 0 -1.0000 -1.0000 -1.000000
