# opt_chain EWY | epoch 1785787114 | 2026-08-03 15:58:34 | spot 156.88 | exps 20260807 20260814 20260821
# fuente polygon_snapshot_v3 | greeks polygon_directo | iv polygon_directo | oi polygon_directo | vol day.volume(-1 si no cotizo) | bid/ask NO_ENTITLED(-1) | spot_src ibkr_bridge spot_edad_s 256473 | band 0.6000 vencimientos 3 exp_hasta 2026-08-21
# strike right exp bid ask vol oi iv delta gamma
104.00 C 20260807 -1.00 -1.00 55 0 1.9898 0.9842 0.001149
105.00 C 20260807 -1.00 -1.00 93 3 1.8790 0.9869 0.001033
106.00 C 20260807 -1.00 -1.00 135 13 1.9110 0.9837 0.001234
107.00 C 20260807 -1.00 -1.00 249 15 1.8723 0.9834 0.001280
108.00 C 20260807 -1.00 -1.00 223 3 1.8338 0.9831 0.001327
109.00 C 20260807 -1.00 -1.00 119 0 1.7958 0.9827 0.001378
110.00 C 20260807 -1.00 -1.00 122 4 1.2167 0.9987 0.000184
111.00 C 20260807 -1.00 -1.00 110 0 -1.0000 -1.0000 -1.000000
112.00 C 20260807 -1.00 -1.00 65 0 -1.0000 -1.0000 -1.000000
113.00 C 20260807 -1.00 -1.00 29 0 -1.0000 -1.0000 -1.000000
114.00 C 20260807 -1.00 -1.00 79 0 -1.0000 -1.0000 -1.000000
115.00 C 20260807 -1.00 -1.00 32 0 -1.0000 -1.0000 -1.000000
116.00 C 20260807 -1.00 -1.00 108 0 1.2830 0.9928 0.000894
117.00 C 20260807 -1.00 -1.00 20 0 1.5035 0.9798 0.001887
118.00 C 20260807 -1.00 -1.00 45 0 1.4685 0.9794 0.001968
119.00 C 20260807 -1.00 -1.00 57 0 1.5435 0.9720 0.002444
120.00 C 20260807 -1.00 -1.00 51 0 1.4657 0.9748 0.002367
121.00 C 20260807 -1.00 -1.00 40 7 1.4659 0.9708 0.002662
122.00 C 20260807 -1.00 -1.00 38 0 1.4276 0.9701 0.002782
123.00 C 20260807 -1.00 -1.00 57 0 1.2975 0.9770 0.002456
124.00 C 20260807 -1.00 -1.00 41 0 1.4173 0.9617 0.003418
125.00 C 20260807 -1.00 -1.00 31 102 1.3797 0.9608 0.003580
126.00 C 20260807 -1.00 -1.00 27 0 1.3423 0.9599 0.003754
127.00 C 20260807 -1.00 -1.00 35 0 1.3699 0.9521 0.004268
128.00 C 20260807 -1.00 -1.00 35 0 1.3329 0.9509 0.004480
129.00 C 20260807 -1.00 -1.00 42 0 1.2641 0.9530 0.004544
130.00 C 20260807 -1.00 -1.00 42 2 1.1640 0.9595 0.004365
131.00 C 20260807 -1.00 -1.00 39 1 1.3043 0.9371 0.005611
132.00 C 20260807 -1.00 -1.00 39 0 1.2812 0.9323 0.006019
133.00 C 20260807 -1.00 -1.00 28 0 1.2582 0.9273 0.006452
134.00 C 20260807 -1.00 -1.00 28 3 1.1990 0.9284 0.006697
135.00 C 20260807 -1.00 -1.00 18 21 1.1947 0.9198 0.007302
136.00 C 20260807 -1.00 -1.00 18 2 1.0459 0.9387 0.006890
137.00 C 20260807 -1.00 -1.00 14 2 1.2041 0.8997 0.008601
138.00 C 20260807 -1.00 -1.00 9 0 1.0922 0.9088 0.008806
139.00 C 20260807 -1.00 -1.00 8 4 1.1419 0.8905 0.009723
140.00 C 20260807 -1.00 -1.00 20 161 1.1201 0.8841 0.010373
141.00 C 20260807 -1.00 -1.00 11 0 1.1526 0.8644 0.011157
142.00 C 20260807 -1.00 -1.00 10 14 1.1297 0.8549 0.011882
143.00 C 20260807 -1.00 -1.00 7 9 1.0131 0.8658 0.012626
144.00 C 20260807 -1.00 -1.00 -1 0 1.1077 0.8301 0.013433
145.00 C 20260807 -1.00 -1.00 17 126 1.0503 0.8262 0.014387
146.00 C 20260807 -1.00 -1.00 3 4 0.9816 0.8243 0.015503
147.00 C 20260807 -1.00 -1.00 1 1 1.0523 0.7949 0.016100
148.00 C 20260807 -1.00 -1.00 20 11 1.0595 0.7757 0.016799
149.00 C 20260807 -1.00 -1.00 4 3 1.0486 0.7580 0.017589
150.00 C 20260807 -1.00 -1.00 32 430 1.0291 0.7415 0.018509
151.00 C 20260807 -1.00 -1.00 1 5 0.9487 0.7350 0.020329
152.00 C 20260807 -1.00 -1.00 11 190 0.9731 0.7093 0.020780
153.00 C 20260807 -1.00 -1.00 41 24 1.0147 0.6826 0.020887
154.00 C 20260807 -1.00 -1.00 72 47 0.9783 0.6660 0.022276
155.00 C 20260807 -1.00 -1.00 199 792 0.9727 0.6430 0.022779
156.00 C 20260807 -1.00 -1.00 67 304 0.9130 0.6241 0.024567
157.00 C 20260807 -1.00 -1.00 98 362 0.9510 0.5963 0.023998
157.50 C 20260807 -1.00 -1.00 7 17 0.9624 0.5835 0.023902
158.00 C 20260807 -1.00 -1.00 41 13 0.9738 0.5711 0.023805
159.00 C 20260807 -1.00 -1.00 2 65 0.9370 0.5474 0.025094
160.00 C 20260807 -1.00 -1.00 1080 959 0.9745 0.5232 0.024487
161.00 C 20260807 -1.00 -1.00 60 861 0.9034 0.4966 0.026235
162.00 C 20260807 -1.00 -1.00 51 15 0.9269 0.4729 0.025363
162.50 C 20260807 -1.00 -1.00 9 13 0.8835 0.4567 0.026464
163.00 C 20260807 -1.00 -1.00 5 15 0.9209 0.4476 0.025309
164.00 C 20260807 -1.00 -1.00 35 14 0.8638 0.4151 0.026674
165.00 C 20260807 -1.00 -1.00 209 4985 0.9382 0.4005 0.024443
166.00 C 20260807 -1.00 -1.00 4 41 0.9239 0.3737 0.024559
167.00 C 20260807 -1.00 -1.00 20 225 0.8580 0.3396 0.025258
167.50 C 20260807 -1.00 -1.00 6 33 0.9180 0.3406 0.023632
168.00 C 20260807 -1.00 -1.00 380 26 0.9243 0.3312 0.023163
169.00 C 20260807 -1.00 -1.00 8 1878 0.9163 0.3080 0.022606
170.00 C 20260807 -1.00 -1.00 152 2640 0.9206 0.2876 0.021833
171.00 C 20260807 -1.00 -1.00 50 11 0.8719 0.2519 0.021813
172.00 C 20260807 -1.00 -1.00 6 354 0.9292 0.2474 0.020330
172.50 C 20260807 -1.00 -1.00 10 37 0.8752 0.2253 0.020336
173.00 C 20260807 -1.00 -1.00 12 213 0.8985 0.2231 0.019676
174.00 C 20260807 -1.00 -1.00 4 9 0.8814 0.2017 0.018790
175.00 C 20260807 -1.00 -1.00 130 1013 0.9118 0.1940 0.017723
176.00 C 20260807 -1.00 -1.00 1 490 0.8790 0.1672 0.016790
177.00 C 20260807 -1.00 -1.00 1 224 0.9407 0.1708 0.015889
177.50 C 20260807 -1.00 -1.00 2 12 0.8955 0.1478 0.015348
178.00 C 20260807 -1.00 -1.00 9 25 0.9288 0.1511 0.014987
179.00 C 20260807 -1.00 -1.00 16 18 0.7966 0.1020 0.013098
180.00 C 20260807 -1.00 -1.00 33 1786 0.9036 0.1213 0.013135
181.00 C 20260807 -1.00 -1.00 1 36 0.9168 0.1141 0.012363
182.00 C 20260807 -1.00 -1.00 4 70 0.8989 0.0984 0.011313
182.50 C 20260807 -1.00 -1.00 3 11 0.9210 0.0994 0.011121
183.00 C 20260807 -1.00 -1.00 50 21 0.9120 0.0915 0.010589
184.00 C 20260807 -1.00 -1.00 5 33 0.9328 0.0871 0.010002
185.00 C 20260807 -1.00 -1.00 157 188 0.9458 0.0806 0.009357
186.00 C 20260807 -1.00 -1.00 11 13 0.9430 0.0719 0.008627
187.00 C 20260807 -1.00 -1.00 19 6 0.9402 0.0656 0.008000
187.50 C 20260807 -1.00 -1.00 7 4 0.9388 0.0624 0.007683
188.00 C 20260807 -1.00 -1.00 4 11 0.9637 0.0642 0.007664
189.00 C 20260807 -1.00 -1.00 11 5 0.9477 0.0553 0.006897
190.00 C 20260807 -1.00 -1.00 20 388 0.9580 0.0516 0.006448
191.00 C 20260807 -1.00 -1.00 8 28 0.9552 0.0453 0.005829
192.00 C 20260807 -1.00 -1.00 5 3 0.9524 0.0389 0.005202
192.50 C 20260807 -1.00 -1.00 3 2 0.9640 0.0385 0.005103
193.00 C 20260807 -1.00 -1.00 11 35 0.9625 0.0354 0.004794
194.00 C 20260807 -1.00 -1.00 9 5 0.9856 0.0347 0.004619
195.00 C 20260807 -1.00 -1.00 111 198 0.9796 0.0313 0.004235
196.00 C 20260807 -1.00 -1.00 6 25 0.9734 0.0278 0.003840
197.00 C 20260807 -1.00 -1.00 5 8 1.0443 0.0329 0.004159
197.50 C 20260807 -1.00 -1.00 5 23 1.0283 0.0299 0.003880
198.00 C 20260807 -1.00 -1.00 5 14 1.0893 0.0350 0.004207
199.00 C 20260807 -1.00 -1.00 10 6 1.0828 0.0319 0.003895
200.00 C 20260807 -1.00 -1.00 20 3777 0.9998 0.0200 0.002819
202.50 C 20260807 -1.00 -1.00 3 62 1.2407 0.0417 0.004219
205.00 C 20260807 -1.00 -1.00 9 29 1.1960 0.0292 0.003256
207.50 C 20260807 -1.00 -1.00 4 7 1.6996 0.0872 0.005517
210.00 C 20260807 -1.00 -1.00 5 89 1.4896 0.0509 0.004101
212.50 C 20260807 -1.00 -1.00 31 3 1.8297 0.0842 0.005010
215.00 C 20260807 -1.00 -1.00 1 19 1.8776 0.0810 0.004751
217.50 C 20260807 -1.00 -1.00 4 2 1.7792 0.0636 0.004104
104.00 P 20260807 -1.00 -1.00 73 11 2.3797 -0.0333 0.001822
105.00 P 20260807 -1.00 -1.00 2 1838 1.7854 -0.0090 0.000807
106.00 P 20260807 -1.00 -1.00 10 12 1.7511 -0.0092 0.000837
107.00 P 20260807 -1.00 -1.00 7 1 1.7172 -0.0094 0.000869
108.00 P 20260807 -1.00 -1.00 1019 1013 1.6819 -0.0096 0.000903
109.00 P 20260807 -1.00 -1.00 72 2 2.0345 -0.0287 0.001894
110.00 P 20260807 -1.00 -1.00 11412 2919 1.6088 -0.0100 0.000976
111.00 P 20260807 -1.00 -1.00 213 3527 1.5039 -0.0082 0.000868
112.00 P 20260807 -1.00 -1.00 34 9 1.4719 -0.0083 0.000905
113.00 P 20260807 -1.00 -1.00 14 11258 1.4402 -0.0085 0.000943
114.00 P 20260807 -1.00 -1.00 58 39 1.4663 -0.0109 0.001147
115.00 P 20260807 -1.00 -1.00 2225 7750 1.4315 -0.0111 0.001196
116.00 P 20260807 -1.00 -1.00 57 0 1.3970 -0.0113 0.001249
117.00 P 20260807 -1.00 -1.00 7 5 1.6195 -0.0264 0.002237
118.00 P 20260807 -1.00 -1.00 34 0 1.3625 -0.0141 0.001535
119.00 P 20260807 -1.00 -1.00 50 20 1.3621 -0.0166 0.001766
120.00 P 20260807 -1.00 -1.00 143 2375 1.3285 -0.0170 0.001848
121.00 P 20260807 -1.00 -1.00 214 8 1.3283 -0.0196 0.002091
122.00 P 20260807 -1.00 -1.00 19 11 1.3281 -0.0221 0.002334
123.00 P 20260807 -1.00 -1.00 29 12 1.3719 -0.0285 0.002801
124.00 P 20260807 -1.00 -1.00 21 38 1.3509 -0.0310 0.003042
125.00 P 20260807 -1.00 -1.00 231 1485 1.2975 -0.0299 0.003078
126.00 P 20260807 -1.00 -1.00 38 23 1.2932 -0.0345 0.003459
127.00 P 20260807 -1.00 -1.00 19 525 1.2728 -0.0373 0.003743
128.00 P 20260807 -1.00 -1.00 53 690 1.2847 -0.0439 0.004236
129.00 P 20260807 -1.00 -1.00 197 135 1.2805 -0.0486 0.004631
130.00 P 20260807 -1.00 -1.00 869 1863 1.2125 -0.0463 0.004694
131.00 P 20260807 -1.00 -1.00 498 312 1.2563 -0.0565 0.005370
132.00 P 20260807 -1.00 -1.00 304 333 1.2360 -0.0598 0.005728
133.00 P 20260807 -1.00 -1.00 311 331 1.2042 -0.0631 0.006108
134.00 P 20260807 -1.00 -1.00 9 1032 1.1818 -0.0684 0.006584
135.00 P 20260807 -1.00 -1.00 2865 2307 1.1595 -0.0738 0.007091
136.00 P 20260807 -1.00 -1.00 5 37 1.1464 -0.0811 0.007686
137.00 P 20260807 -1.00 -1.00 503 539 1.1515 -0.0916 0.008394
138.00 P 20260807 -1.00 -1.00 512 559 1.1206 -0.0961 0.008949
139.00 P 20260807 -1.00 -1.00 533 501 1.1257 -0.1068 0.009679
140.00 P 20260807 -1.00 -1.00 910 7819 1.1130 -0.1147 0.010360
141.00 P 20260807 -1.00 -1.00 805 970 1.1006 -0.1241 0.011086
142.00 P 20260807 -1.00 -1.00 72 208 1.0957 -0.1378 0.011871
143.00 P 20260807 -1.00 -1.00 18 65 1.0790 -0.1492 0.012673
144.00 P 20260807 -1.00 -1.00 9 96 1.0683 -0.1621 0.013508
145.00 P 20260807 -1.00 -1.00 301 6090 1.0519 -0.1741 0.014389
146.00 P 20260807 -1.00 -1.00 107 447 1.0588 -0.1908 0.015220
147.00 P 20260807 -1.00 -1.00 4 6 1.0656 -0.2072 0.016029
148.00 P 20260807 -1.00 -1.00 279 39 1.0520 -0.2228 0.016876
149.00 P 20260807 -1.00 -1.00 2 8 1.0324 -0.2389 0.017767
150.00 P 20260807 -1.00 -1.00 268 5945 1.0174 -0.2564 0.018657
151.00 P 20260807 -1.00 -1.00 46 221 1.0156 -0.2765 0.019413
152.00 P 20260807 -1.00 -1.00 25 116 1.0095 -0.2961 0.020239
153.00 P 20260807 -1.00 -1.00 22 90 1.0077 -0.3165 0.021011
154.00 P 20260807 -1.00 -1.00 208 5751 1.0190 -0.3387 0.021491
155.00 P 20260807 -1.00 -1.00 948 688 0.9967 -0.3595 0.022275
156.00 P 20260807 -1.00 -1.00 559 1998 0.9970 -0.3829 0.022603
157.00 P 20260807 -1.00 -1.00 269 344 0.9899 -0.4059 0.023099
157.50 P 20260807 -1.00 -1.00 377 59 0.9639 -0.4166 0.023879
158.00 P 20260807 -1.00 -1.00 146 519 0.9679 -0.4288 0.023961
159.00 P 20260807 -1.00 -1.00 13 74 0.9757 -0.4529 0.024122
160.00 P 20260807 -1.00 -1.00 9 1061 0.9687 -0.4770 0.024652
161.00 P 20260807 -1.00 -1.00 1 236 0.9418 -0.5019 0.025191
162.00 P 20260807 -1.00 -1.00 1 1 0.9432 -0.5261 0.024952
162.50 P 20260807 -1.00 -1.00 2 8 0.9365 -0.5388 0.025023
163.00 P 20260807 -1.00 -1.00 1 20 0.9372 -0.5509 0.024902
164.00 P 20260807 -1.00 -1.00 1 17 0.9458 -0.5743 0.024478
165.00 P 20260807 -1.00 -1.00 3 172 0.9253 -0.6016 0.024787
166.00 P 20260807 -1.00 -1.00 2 3 0.9411 -0.6236 0.024190
167.00 P 20260807 -1.00 -1.00 1 219 0.9135 -0.6498 0.024099
167.50 P 20260807 -1.00 -1.00 1 3 0.8538 -0.6732 0.024969
168.00 P 20260807 -1.00 -1.00 1 19 0.9426 -0.6654 0.022852
169.00 P 20260807 -1.00 -1.00 6 16 0.9223 -0.6909 0.022530
170.00 P 20260807 -1.00 -1.00 79 436 0.9266 -0.7112 0.021768
171.00 P 20260807 -1.00 -1.00 1 6 0.8982 -0.7405 0.021475
172.00 P 20260807 -1.00 -1.00 2 2 0.9351 -0.7512 0.020290
172.50 P 20260807 -1.00 -1.00 1 3 0.9465 -0.7575 0.019787
173.00 P 20260807 -1.00 -1.00 2 7 0.9644 -0.7611 0.019220
174.00 P 20260807 -1.00 -1.00 3 4 0.9259 -0.7863 0.018611
175.00 P 20260807 -1.00 -1.00 10 56 0.8982 -0.8105 0.017791
176.00 P 20260807 -1.00 -1.00 8 8 0.9233 -0.8192 0.016817
177.00 P 20260807 -1.00 -1.00 1 44 0.9272 -0.8340 0.015917
177.50 P 20260807 -1.00 -1.00 8 2 0.9449 -0.8363 0.015494
178.00 P 20260807 -1.00 -1.00 1 38 0.8325 -0.8761 0.014607
179.00 P 20260807 -1.00 -1.00 4 6 0.8930 -0.8712 0.014004
180.00 P 20260807 -1.00 -1.00 4 70 0.8751 -0.8871 0.012954
181.00 P 20260807 -1.00 -1.00 1 2 0.9974 -0.8666 0.012863
182.00 P 20260807 -1.00 -1.00 250 250 0.9016 -0.9015 0.011388
182.50 P 20260807 -1.00 -1.00 3 5 0.9159 -0.9028 0.011109
183.00 P 20260807 -1.00 -1.00 2 12 0.9147 -0.9085 0.010665
184.00 P 20260807 -1.00 -1.00 3 4 0.8963 -0.9249 0.009530
185.00 P 20260807 -1.00 -1.00 4 27 0.9224 -0.9267 0.009095
186.00 P 20260807 -1.00 -1.00 40 40 0.8930 -0.9384 0.008139
187.00 P 20260807 -1.00 -1.00 1 1 1.0277 -0.9163 0.008923
187.50 P 20260807 -1.00 -1.00 1 1 0.8754 -0.9517 0.006867
188.00 P 20260807 -1.00 -1.00 -1 0 0.9140 -0.9465 0.007109
189.00 P 20260807 -1.00 -1.00 1 4 0.8842 -0.9592 0.005981
190.00 P 20260807 -1.00 -1.00 1 22 0.8804 -0.9665 0.005219
191.00 P 20260807 -1.00 -1.00 1 1 0.8486 -0.9739 0.004411
192.00 P 20260807 -1.00 -1.00 7 0 0.8143 -0.9822 0.003424
192.50 P 20260807 -1.00 -1.00 7 0 0.8789 -0.9747 0.004147
193.00 P 20260807 -1.00 -1.00 -1 0 0.8889 -0.9750 0.004066
194.00 P 20260807 -1.00 -1.00 2 2 0.7627 -0.9925 0.002033
195.00 P 20260807 -1.00 -1.00 8 11 0.7804 -0.9926 0.001953
196.00 P 20260807 -1.00 -1.00 1 0 0.8944 -0.9836 0.002926
197.00 P 20260807 -1.00 -1.00 1 2 -1.0000 -1.0000 -1.000000
197.50 P 20260807 -1.00 -1.00 1 0 -1.0000 -1.0000 -1.000000
198.00 P 20260807 -1.00 -1.00 -1 0 0.8329 -0.9930 0.001745
199.00 P 20260807 -1.00 -1.00 -1 0 -1.0000 -1.0000 -1.000000
200.00 P 20260807 -1.00 -1.00 1 0 -1.0000 -1.0000 -1.000000
202.50 P 20260807 -1.00 -1.00 11 0 -1.0000 -1.0000 -1.000000
205.00 P 20260807 -1.00 -1.00 4 0 -1.0000 -1.0000 -1.000000
207.50 P 20260807 -1.00 -1.00 2 0 -1.0000 -1.0000 -1.000000
210.00 P 20260807 -1.00 -1.00 -1 0 -1.0000 -1.0000 -1.000000
212.50 P 20260807 -1.00 -1.00 -1 0 -1.0000 -1.0000 -1.000000
215.00 P 20260807 -1.00 -1.00 -1 0 -1.0000 -1.0000 -1.000000
217.50 P 20260807 -1.00 -1.00 -1 0 -1.0000 -1.0000 -1.000000
100.00 C 20260814 -1.00 -1.00 -1 0 1.3775 0.9816 0.001152
101.00 C 20260814 -1.00 -1.00 -1 0 1.0306 0.9965 0.000330
102.00 C 20260814 -1.00 -1.00 -1 0 1.4128 0.9764 0.001409
103.00 C 20260814 -1.00 -1.00 -1 0 1.3001 0.9807 0.001271
104.00 C 20260814 -1.00 -1.00 -1 0 1.3565 0.9757 0.001505
105.00 C 20260814 -1.00 -1.00 -1 0 1.3288 0.9753 0.001556
106.00 C 20260814 -1.00 -1.00 -1 0 1.3013 0.9749 0.001610
107.00 C 20260814 -1.00 -1.00 -1 0 1.2741 0.9745 0.001666
108.00 C 20260814 -1.00 -1.00 3 0 1.2687 0.9716 0.001817
109.00 C 20260814 -1.00 -1.00 -1 0 1.2634 0.9688 0.001970
110.00 C 20260814 -1.00 -1.00 1 1 1.2154 0.9707 0.001950
111.00 C 20260814 -1.00 -1.00 -1 0 1.2104 0.9677 0.002116
112.00 C 20260814 -1.00 -1.00 -1 0 1.1842 0.9671 0.002195
113.00 C 20260814 -1.00 -1.00 -1 0 1.1794 0.9640 0.002372
114.00 C 20260814 -1.00 -1.00 -1 0 1.1746 0.9610 0.002551
115.00 C 20260814 -1.00 -1.00 -1 0 1.1490 0.9602 0.002649
116.00 C 20260814 -1.00 -1.00 -1 0 1.1443 0.9570 0.002839
117.00 C 20260814 -1.00 -1.00 -1 0 1.1191 0.9562 0.002951
118.00 C 20260814 -1.00 -1.00 -1 0 1.0322 0.9631 0.002767
119.00 C 20260814 -1.00 -1.00 -1 0 1.0077 0.9624 0.002881
120.00 C 20260814 -1.00 -1.00 1 1 1.0854 0.9486 0.003492
121.00 C 20260814 -1.00 -1.00 -1 0 1.0989 0.9429 0.003772
122.00 C 20260814 -1.00 -1.00 -1 0 1.0828 0.9395 0.003990
123.00 C 20260814 -1.00 -1.00 -1 0 1.0669 0.9360 0.004218
124.00 C 20260814 -1.00 -1.00 1 1 1.1092 0.9219 0.004699
125.00 C 20260814 -1.00 -1.00 -1 0 0.9776 0.9403 0.004383
126.00 C 20260814 -1.00 -1.00 -1 0 0.9623 0.9364 0.004656
127.00 C 20260814 -1.00 -1.00 -1 0 0.9472 0.9324 0.004944
128.00 C 20260814 -1.00 -1.00 -1 0 0.9321 0.9283 0.005246
129.00 C 20260814 -1.00 -1.00 -1 0 0.9741 0.9125 0.005838
130.00 C 20260814 -1.00 -1.00 2 2 0.9931 0.9019 0.006264
131.00 C 20260814 -1.00 -1.00 -1 0 0.9103 0.9104 0.006361
132.00 C 20260814 -1.00 -1.00 -1 0 0.9069 0.9035 0.006768
133.00 C 20260814 -1.00 -1.00 -1 0 0.9596 0.8863 0.007298
134.00 C 20260814 -1.00 -1.00 1 1 0.9689 0.8741 0.007710
135.00 C 20260814 -1.00 -1.00 16 9 0.9313 0.8727 0.008081
136.00 C 20260814 -1.00 -1.00 -1 0 0.9604 0.8551 0.008509
137.00 C 20260814 -1.00 -1.00 -1 0 0.9452 0.8479 0.008928
138.00 C 20260814 -1.00 -1.00 -1 0 0.9227 0.8421 0.009378
139.00 C 20260814 -1.00 -1.00 -1 0 0.9224 0.8312 0.009814
140.00 C 20260814 -1.00 -1.00 10 11 0.9220 0.8203 0.010251
141.00 C 20260814 -1.00 -1.00 -1 0 0.9289 0.8081 0.010661
142.00 C 20260814 -1.00 -1.00 -1 0 0.9213 0.7986 0.011128
143.00 C 20260814 -1.00 -1.00 -1 0 0.9119 0.7876 0.011572
144.00 C 20260814 -1.00 -1.00 -1 0 0.9262 0.7706 0.011819
145.00 C 20260814 -1.00 -1.00 8 9 0.8804 0.7659 0.012563
146.00 C 20260814 -1.00 -1.00 -1 0 0.8838 0.7507 0.012913
147.00 C 20260814 -1.00 -1.00 -1 0 0.8384 0.7448 0.013776
147.50 C 20260814 -1.00 -1.00 -1 0 0.8429 0.7363 0.013935
148.00 C 20260814 -1.00 -1.00 -1 0 0.8420 0.7289 0.014153
148.50 C 20260814 -1.00 -1.00 -1 0 0.8410 0.7214 0.014372
149.00 C 20260814 -1.00 -1.00 3 0 0.8562 0.7114 0.014389
150.00 C 20260814 -1.00 -1.00 4 57 0.8382 0.6990 0.015035
151.00 C 20260814 -1.00 -1.00 14 14 0.8311 0.6847 0.015560
152.00 C 20260814 -1.00 -1.00 -1 0 0.8222 0.6702 0.016099
152.50 C 20260814 -1.00 -1.00 3 3 0.8243 0.6612 0.016161
153.00 C 20260814 -1.00 -1.00 3 3 0.8356 0.6513 0.016052
154.00 C 20260814 -1.00 -1.00 5 19 0.8305 0.6347 0.016342
155.00 C 20260814 -1.00 -1.00 35 8 0.7978 0.6200 0.017190
156.00 C 20260814 -1.00 -1.00 1 27 0.8066 0.6017 0.017217
157.00 C 20260814 -1.00 -1.00 6 3 0.8245 0.5834 0.017054
157.50 C 20260814 -1.00 -1.00 58 1 0.8174 0.5749 0.017299
158.00 C 20260814 -1.00 -1.00 1 1103 0.7967 0.5664 0.017848
159.00 C 20260814 -1.00 -1.00 78 6 0.7918 0.5485 0.018171
160.00 C 20260814 -1.00 -1.00 52 172 0.8367 0.5319 0.017392
161.00 C 20260814 -1.00 -1.00 1 7 0.8016 0.5134 0.018092
162.00 C 20260814 -1.00 -1.00 5 7 0.7972 0.4957 0.018101
162.50 C 20260814 -1.00 -1.00 10 20 0.7793 0.4854 0.018465
163.00 C 20260814 -1.00 -1.00 1 1 0.7839 0.4770 0.018311
164.00 C 20260814 -1.00 -1.00 20 7 0.7752 0.4581 0.018418
165.00 C 20260814 -1.00 -1.00 309 454 0.7666 0.4389 0.018522
166.00 C 20260814 -1.00 -1.00 2 5 0.7713 0.4215 0.018316
167.00 C 20260814 -1.00 -1.00 6 5 0.7848 0.4061 0.017920
167.50 C 20260814 -1.00 -1.00 8 11 0.8070 0.4016 0.017409
168.00 C 20260814 -1.00 -1.00 5 17 0.7718 0.3855 0.018110
169.00 C 20260814 -1.00 -1.00 302 351 0.8011 0.3757 0.017273
170.00 C 20260814 -1.00 -1.00 47 66 0.7881 0.3580 0.017166
171.00 C 20260814 -1.00 -1.00 1 6 0.7602 0.3358 0.017286
172.00 C 20260814 -1.00 -1.00 4 5 0.7523 0.3178 0.017045
172.50 C 20260814 -1.00 -1.00 1 32 0.7559 0.3110 0.016804
173.00 C 20260814 -1.00 -1.00 4 15 0.8041 0.3172 0.015931
174.00 C 20260814 -1.00 -1.00 2 42 0.7714 0.2924 0.016040
175.00 C 20260814 -1.00 -1.00 18 265 0.7982 0.2857 0.015358
176.00 C 20260814 -1.00 -1.00 6 11 0.7583 0.2567 0.015485
177.00 C 20260814 -1.00 -1.00 1 4 0.7996 0.2564 0.014687
177.50 C 20260814 -1.00 -1.00 488 529 0.8129 0.2538 0.014393
178.00 C 20260814 -1.00 -1.00 1 24 0.7989 0.2440 0.014291
179.00 C 20260814 -1.00 -1.00 35 35 0.7848 0.2286 0.013938
180.00 C 20260814 -1.00 -1.00 691 305 0.7961 0.2209 0.013440
181.00 C 20260814 -1.00 -1.00 18 41 0.7947 0.2093 0.013009
182.00 C 20260814 -1.00 -1.00 5 298 0.7713 0.1896 0.012613
182.50 C 20260814 -1.00 -1.00 1 285 0.7848 0.1889 0.012367
183.00 C 20260814 -1.00 -1.00 18 282 0.7448 0.1674 0.012133
184.00 C 20260814 -1.00 -1.00 2 26 0.7530 0.1590 0.011650
185.00 C 20260814 -1.00 -1.00 84 37 0.8049 0.1685 0.011273
186.00 C 20260814 -1.00 -1.00 77 109 0.7942 0.1531 0.010823
187.00 C 20260814 -1.00 -1.00 3 3 0.8146 0.1505 0.010453
187.50 C 20260814 -1.00 -1.00 19 33 0.8198 0.1479 0.010268
188.00 C 20260814 -1.00 -1.00 1 5 0.8001 0.1388 0.010016
189.00 C 20260814 -1.00 -1.00 5 0 0.7749 0.1238 0.009479
190.00 C 20260814 -1.00 -1.00 13 52 0.8146 0.1288 0.009289
191.00 C 20260814 -1.00 -1.00 11 12 0.7987 0.1167 0.008800
192.00 C 20260814 -1.00 -1.00 2 12 0.7876 0.1057 0.008303
192.50 C 20260814 -1.00 -1.00 1 0 0.8188 0.1124 0.008352
193.00 C 20260814 -1.00 -1.00 1 0 0.8131 0.1070 0.008116
194.00 C 20260814 -1.00 -1.00 -1 0 0.8020 0.0961 0.007621
195.00 C 20260814 -1.00 -1.00 102 172 0.8000 0.0882 0.007199
196.00 C 20260814 -1.00 -1.00 13 8 0.8253 0.0901 0.007081
197.00 C 20260814 -1.00 -1.00 9 0 0.8142 0.0790 0.006575
197.50 C 20260814 -1.00 -1.00 10 18 0.8222 0.0785 0.006481
198.00 C 20260814 -1.00 -1.00 10 2 0.8211 0.0762 0.006333
199.00 C 20260814 -1.00 -1.00 10 5 0.8110 0.0700 0.005968
200.00 C 20260814 -1.00 -1.00 5 492 0.8400 0.0725 0.005929
202.50 C 20260814 -1.00 -1.00 5 13 0.8343 0.0615 0.005208
205.00 C 20260814 -1.00 -1.00 6 32 0.8749 0.0613 0.004950
210.00 C 20260814 -1.00 -1.00 5 28 0.8785 0.0437 0.003774
215.00 C 20260814 -1.00 -1.00 14 29 0.8255 0.0236 0.002391
100.00 P 20260814 -1.00 -1.00 330 290 1.2381 -0.0098 0.000757
101.00 P 20260814 -1.00 -1.00 8 0 1.2360 -0.0114 0.000864
102.00 P 20260814 -1.00 -1.00 2 0 1.2784 -0.0159 0.001108
103.00 P 20260814 -1.00 -1.00 10 0 1.1878 -0.0119 0.000929
104.00 P 20260814 -1.00 -1.00 -1 0 1.1860 -0.0136 0.001045
105.00 P 20260814 -1.00 -1.00 873 2943 1.1842 -0.0154 0.001162
106.00 P 20260814 -1.00 -1.00 1 0 1.2260 -0.0199 0.001410
107.00 P 20260814 -1.00 -1.00 4 0 1.1374 -0.0160 0.001251
108.00 P 20260814 -1.00 -1.00 13 0 1.2221 -0.0233 0.001632
109.00 P 20260814 -1.00 -1.00 13 0 1.1344 -0.0196 0.001506
110.00 P 20260814 -1.00 -1.00 26 2336 1.1116 -0.0200 0.001564
111.00 P 20260814 -1.00 -1.00 10 0 1.1495 -0.0247 0.001823
112.00 P 20260814 -1.00 -1.00 13 0 1.1664 -0.0304 0.002114
113.00 P 20260814 -1.00 -1.00 1 0 1.1621 -0.0336 0.002297
114.00 P 20260814 -1.00 -1.00 14 0 1.1054 -0.0304 0.002228
115.00 P 20260814 -1.00 -1.00 29 2142 1.0910 -0.0324 0.002375
116.00 P 20260814 -1.00 -1.00 93 0 1.0767 -0.0344 0.002529
117.00 P 20260814 -1.00 -1.00 -1 0 1.1556 -0.0476 0.003089
118.00 P 20260814 -1.00 -1.00 7 1 1.0691 -0.0413 0.002960
119.00 P 20260814 -1.00 -1.00 3 0 1.0756 -0.0460 0.003224
120.00 P 20260814 -1.00 -1.00 64 43 1.0514 -0.0470 0.003359
121.00 P 20260814 -1.00 -1.00 10 0 1.1089 -0.0586 0.003826
122.00 P 20260814 -1.00 -1.00 -1 0 1.0930 -0.0621 0.004044
123.00 P 20260814 -1.00 -1.00 2 13 1.1065 -0.0709 0.004400
124.00 P 20260814 -1.00 -1.00 9 0 1.0269 -0.0626 0.004334
125.00 P 20260814 -1.00 -1.00 244 115 1.0116 -0.0664 0.004590
126.00 P 20260814 -1.00 -1.00 70 0 0.9907 -0.0692 0.004828
127.00 P 20260814 -1.00 -1.00 37 0 0.9814 -0.0744 0.005140
128.00 P 20260814 -1.00 -1.00 17 0 0.9836 -0.0819 0.005515
129.00 P 20260814 -1.00 -1.00 80 0 0.9688 -0.0862 0.005821
130.00 P 20260814 -1.00 -1.00 54 100 0.9710 -0.0938 0.006202
131.00 P 20260814 -1.00 -1.00 48 0 0.9620 -0.0993 0.006549
132.00 P 20260814 -1.00 -1.00 25 0 0.9586 -0.1059 0.006920
133.00 P 20260814 -1.00 -1.00 4 2 0.9553 -0.1126 0.007297
134.00 P 20260814 -1.00 -1.00 1 1 0.9921 -0.1310 0.007736
135.00 P 20260814 -1.00 -1.00 6 108 0.9435 -0.1300 0.008100
136.00 P 20260814 -1.00 -1.00 2 0 0.9801 -0.1489 0.008507
137.00 P 20260814 -1.00 -1.00 3 0 0.9245 -0.1471 0.008949
138.00 P 20260814 -1.00 -1.00 1450 0 0.9170 -0.1564 0.009393
139.00 P 20260814 -1.00 -1.00 -1 0 0.9241 -0.1689 0.009819
140.00 P 20260814 -1.00 -1.00 10 162 0.9093 -0.1768 0.010297
141.00 P 20260814 -1.00 -1.00 -1 0 1.0007 -0.2044 0.010360
142.00 P 20260814 -1.00 -1.00 3 3 0.9542 -0.2078 0.010955
143.00 P 20260814 -1.00 -1.00 3 3 0.9300 -0.2162 0.011455
144.00 P 20260814 -1.00 -1.00 -1 0 0.9060 -0.2251 0.011989
145.00 P 20260814 -1.00 -1.00 69 217 0.8822 -0.2343 0.012560
146.00 P 20260814 -1.00 -1.00 2 2 0.8803 -0.2485 0.012960
147.00 P 20260814 -1.00 -1.00 4 11 0.8676 -0.2607 0.013477
147.50 P 20260814 -1.00 -1.00 20 0 0.8720 -0.2689 0.013624
148.00 P 20260814 -1.00 -1.00 14 4 0.8657 -0.2752 0.013891
148.50 P 20260814 -1.00 -1.00 50 0 0.8648 -0.2824 0.014100
149.00 P 20260814 -1.00 -1.00 51 52 0.8639 -0.2897 0.014309
150.00 P 20260814 -1.00 -1.00 938 11170 0.8621 -0.3043 0.014731
151.00 P 20260814 -1.00 -1.00 12 23 0.8602 -0.3189 0.015156
152.00 P 20260814 -1.00 -1.00 72 12 0.8568 -0.3343 0.015510
152.50 P 20260814 -1.00 -1.00 1 6 0.8589 -0.3429 0.015567
153.00 P 20260814 -1.00 -1.00 105 115 0.8517 -0.3504 0.015786
154.00 P 20260814 -1.00 -1.00 22 1472 0.8420 -0.3663 0.016150
155.00 P 20260814 -1.00 -1.00 192 166 0.8324 -0.3826 0.016525
156.00 P 20260814 -1.00 -1.00 68 3 0.8182 -0.3990 0.017003
157.00 P 20260814 -1.00 -1.00 1 48 0.8270 -0.4167 0.017027
157.50 P 20260814 -1.00 -1.00 2 18 0.8154 -0.4251 0.017367
158.00 P 20260814 -1.00 -1.00 1 29 0.8266 -0.4340 0.017234
159.00 P 20260814 -1.00 -1.00 30 34 0.8535 -0.4509 0.016886
160.00 P 20260814 -1.00 -1.00 4 161 0.8348 -0.4683 0.017462
161.00 P 20260814 -1.00 -1.00 5 71 0.8176 -0.4859 0.017765
162.00 P 20260814 -1.00 -1.00 2 1 0.8493 -0.5007 0.017027
162.50 P 20260814 -1.00 -1.00 1 2 0.8449 -0.5092 0.017079
163.00 P 20260814 -1.00 -1.00 2 2 0.8001 -0.5217 0.017980
164.00 P 20260814 -1.00 -1.00 6 8 0.7914 -0.5402 0.018085
165.00 P 20260814 -1.00 -1.00 1 51 0.7872 -0.5584 0.018088
166.00 P 20260814 -1.00 -1.00 4 8 0.7963 -0.5746 0.017800
167.00 P 20260814 -1.00 -1.00 2 6 0.7877 -0.5937 0.017898
167.50 P 20260814 -1.00 -1.00 11 12 0.8011 -0.5999 0.017571
168.00 P 20260814 -1.00 -1.00 18 18 0.7967 -0.6096 0.017619
169.00 P 20260814 -1.00 -1.00 7 18 0.8343 -0.6183 0.016747
170.00 P 20260814 -1.00 -1.00 251 741 0.7812 -0.6441 0.017324
171.00 P 20260814 -1.00 -1.00 43 6 0.7683 -0.6627 0.017194
172.00 P 20260814 -1.00 -1.00 1 4 0.7854 -0.6735 0.016576
172.50 P 20260814 -1.00 -1.00 1 1 0.8139 -0.6734 0.015996
173.00 P 20260814 -1.00 -1.00 2 2 0.8223 -0.6784 0.015724
174.00 P 20260814 -1.00 -1.00 2 38 0.7649 -0.7104 0.016181
175.00 P 20260814 -1.00 -1.00 1 30 0.7818 -0.7203 0.015611
176.00 P 20260814 -1.00 -1.00 6 18 0.8035 -0.7281 0.015021
177.00 P 20260814 -1.00 -1.00 1 15 0.8054 -0.7423 0.014681
177.50 P 20260814 -1.00 -1.00 1 18 0.8019 -0.7504 0.014533
178.00 P 20260814 -1.00 -1.00 4 2 0.8060 -0.7548 0.014290
179.00 P 20260814 -1.00 -1.00 3 7 0.8143 -0.7633 0.013818
180.00 P 20260814 -1.00 -1.00 1 343 0.7906 -0.7818 0.013519
181.00 P 20260814 -1.00 -1.00 1 0 0.7798 -0.7968 0.013114
182.00 P 20260814 -1.00 -1.00 1 2 0.7753 -0.8100 0.012670
182.50 P 20260814 -1.00 -1.00 5 61 0.7794 -0.8142 0.012436
183.00 P 20260814 -1.00 -1.00 1 1 0.7898 -0.8160 0.012201
184.00 P 20260814 -1.00 -1.00 3 23 0.7916 -0.8266 0.011762
185.00 P 20260814 -1.00 -1.00 1 126 0.7933 -0.8372 0.011327
186.00 P 20260814 -1.00 -1.00 1 8 0.8201 -0.8377 0.010940
187.00 P 20260814 -1.00 -1.00 1 1 0.7979 -0.8559 0.010477
187.50 P 20260814 -1.00 -1.00 -1 0 0.7782 -0.8654 0.010209
188.00 P 20260814 -1.00 -1.00 -1 0 0.7866 -0.8666 0.010032
189.00 P 20260814 -1.00 -1.00 -1 0 0.7940 -0.8717 0.009653
190.00 P 20260814 -1.00 -1.00 3 397 0.7734 -0.8858 0.009115
191.00 P 20260814 -1.00 -1.00 -1 0 0.8087 -0.8816 0.008936
192.00 P 20260814 -1.00 -1.00 -1 0 0.7973 -0.8926 0.008462
192.50 P 20260814 -1.00 -1.00 -1 0 0.8241 -0.8874 0.008460
193.00 P 20260814 -1.00 -1.00 -1 0 0.8138 -0.8943 0.008196
194.00 P 20260814 -1.00 -1.00 1 1 0.8487 -0.8899 0.008079
195.00 P 20260814 -1.00 -1.00 23 24 0.7813 -0.9207 0.007061
196.00 P 20260814 -1.00 -1.00 -1 0 0.7975 -0.9219 0.006848
197.00 P 20260814 -1.00 -1.00 1 1 0.8697 -0.9034 0.007205
197.50 P 20260814 -1.00 -1.00 -1 0 0.8050 -0.9271 0.006437
198.00 P 20260814 -1.00 -1.00 -1 0 0.7959 -0.9313 0.006216
199.00 P 20260814 -1.00 -1.00 2 2 0.7777 -0.9399 0.005734
200.00 P 20260814 -1.00 -1.00 2 9 0.7913 -0.9408 0.005572
202.50 P 20260814 -1.00 -1.00 4 14 0.8092 -0.9467 0.005029
205.00 P 20260814 -1.00 -1.00 1 25 0.7464 -0.9711 0.003563
210.00 P 20260814 -1.00 -1.00 -1 0 0.7355 -0.9844 0.002388
215.00 P 20260814 -1.00 -1.00 -1 0 -1.0000 -1.0000 -1.000000
95.00 C 20260821 -1.00 -1.00 78 78 1.1666 0.9839 0.000934
100.00 C 20260821 -1.00 -1.00 20 164 1.0945 0.9805 0.001186
105.00 C 20260821 -1.00 -1.00 1 24 1.1167 0.9659 0.001868
110.00 C 20260821 -1.00 -1.00 100 101 1.0586 0.9568 0.002408
115.00 C 20260821 -1.00 -1.00 5 11 1.0032 0.9468 0.003049
120.00 C 20260821 -1.00 -1.00 20 27 0.9597 0.9278 0.004000
125.00 C 20260821 -1.00 -1.00 5 43 0.9042 0.9087 0.005091
130.00 C 20260821 -1.00 -1.00 14 331 0.8987 0.8748 0.006473
135.00 C 20260821 -1.00 -1.00 30 38 0.8881 0.8323 0.007956
140.00 C 20260821 -1.00 -1.00 1 205 0.8516 0.7917 0.009593
145.00 C 20260821 -1.00 -1.00 3 116 0.8109 0.7394 0.011280
150.00 C 20260821 -1.00 -1.00 27 347 0.7969 0.6788 0.012888
151.00 C 20260821 -1.00 -1.00 1 12 0.7851 0.6662 0.013213
152.00 C 20260821 -1.00 -1.00 14 208 0.7880 0.6516 0.013311
153.00 C 20260821 -1.00 -1.00 1 108 0.7908 0.6372 0.013408
154.00 C 20260821 -1.00 -1.00 1 263 0.7973 0.6226 0.013444
155.00 C 20260821 -1.00 -1.00 7 266 0.7892 0.6090 0.013719
156.00 C 20260821 -1.00 -1.00 1 66 0.7776 0.5952 0.014065
157.00 C 20260821 -1.00 -1.00 2 7 0.7804 0.5808 0.014160
157.50 C 20260821 -1.00 -1.00 1 1 0.7926 0.5735 0.014016
158.00 C 20260821 -1.00 -1.00 5 6 0.7868 0.5664 0.014190
159.00 C 20260821 -1.00 -1.00 1 17 0.7825 0.5521 0.014413
160.00 C 20260821 -1.00 -1.00 411 4883 0.7924 0.5382 0.014374
161.00 C 20260821 -1.00 -1.00 4 17 0.7927 0.5245 0.014335
162.00 C 20260821 -1.00 -1.00 25 618 0.7676 0.5089 0.014755
162.50 C 20260821 -1.00 -1.00 50 509 0.7569 0.5009 0.014938
163.00 C 20260821 -1.00 -1.00 145 99 0.7427 0.4923 0.015194
164.00 C 20260821 -1.00 -1.00 3 70 0.7706 0.4809 0.014600
165.00 C 20260821 -1.00 -1.00 85 8596 0.7703 0.4668 0.014556
166.00 C 20260821 -1.00 -1.00 4 45 0.7770 0.4537 0.014386
167.00 C 20260821 -1.00 -1.00 38 86 0.7420 0.4336 0.014990
167.50 C 20260821 -1.00 -1.00 704 715 0.7627 0.4302 0.014572
168.00 C 20260821 -1.00 -1.00 154 17 0.7695 0.4243 0.014423
169.00 C 20260821 -1.00 -1.00 3 189 0.7451 0.4050 0.014822
170.00 C 20260821 -1.00 -1.00 882 15365 0.7655 0.3952 0.014395
171.00 C 20260821 -1.00 -1.00 4 70 0.7549 0.3800 0.014408
172.00 C 20260821 -1.00 -1.00 13 105 0.7678 0.3708 0.014002
173.00 C 20260821 -1.00 -1.00 81 132 0.7261 0.3479 0.014393
174.00 C 20260821 -1.00 -1.00 52 53 0.7236 0.3344 0.014194
175.00 C 20260821 -1.00 -1.00 10 2984 0.7520 0.3301 0.013581
176.00 C 20260821 -1.00 -1.00 10 12 0.7262 0.3096 0.013686
177.00 C 20260821 -1.00 -1.00 15 548 0.7583 0.3076 0.013072
178.00 C 20260821 -1.00 -1.00 1 26 0.7556 0.2945 0.012888
180.00 C 20260821 -1.00 -1.00 537 13016 0.7618 0.2723 0.012396
185.00 C 20260821 -1.00 -1.00 805 5983 0.7551 0.2211 0.011096
187.00 C 20260821 -1.00 -1.00 6 84 0.7499 0.2009 0.010530
188.00 C 20260821 -1.00 -1.00 3 287 0.7120 0.1759 0.010249
189.00 C 20260821 -1.00 -1.00 4 680 0.7520 0.1834 0.009945
190.00 C 20260821 -1.00 -1.00 1 11303 0.7555 0.1757 0.009656
191.00 C 20260821 -1.00 -1.00 3 135 0.7638 0.1701 0.009379
192.00 C 20260821 -1.00 -1.00 1 23 0.7889 0.1718 0.009131
193.00 C 20260821 -1.00 -1.00 5 131 0.7191 0.1383 0.008695
194.00 C 20260821 -1.00 -1.00 1 54 0.7497 0.1422 0.008516
195.00 C 20260821 -1.00 -1.00 2 1643 0.7586 0.1391 0.008276
196.00 C 20260821 -1.00 -1.00 1 161 0.7496 0.1303 0.007968
197.00 C 20260821 -1.00 -1.00 1 59 0.7834 0.1355 0.007852
198.00 C 20260821 -1.00 -1.00 50 6024 0.7495 0.1183 0.007421
199.00 C 20260821 -1.00 -1.00 1 311 0.7336 0.1064 0.007024
200.00 C 20260821 -1.00 -1.00 487 6793 0.7601 0.1103 0.006953
205.00 C 20260821 -1.00 -1.00 18 4480 0.7685 0.0844 0.005717
210.00 C 20260821 -1.00 -1.00 6000 14075 0.7712 0.0672 0.004745
215.00 C 20260821 -1.00 -1.00 7 2080 0.8320 0.0667 0.004366
95.00 P 20260821 -1.00 -1.00 34 536 1.1060 -0.0115 0.000762
100.00 P 20260821 -1.00 -1.00 374 3586 1.0595 -0.0166 0.001088
105.00 P 20260821 -1.00 -1.00 1656 1104 1.0424 -0.0243 0.001555
110.00 P 20260821 -1.00 -1.00 70 2641 0.9976 -0.0350 0.002171
115.00 P 20260821 -1.00 -1.00 13 503 0.9712 -0.0488 0.002948
120.00 P 20260821 -1.00 -1.00 5995 3011 0.9292 -0.0655 0.003870
125.00 P 20260821 -1.00 -1.00 22 4919 0.8988 -0.0897 0.005080
130.00 P 20260821 -1.00 -1.00 561 1978 0.8812 -0.1203 0.006464
135.00 P 20260821 -1.00 -1.00 202 2167 0.8545 -0.1599 0.008028
140.00 P 20260821 -1.00 -1.00 97 28779 0.8620 -0.2104 0.009542
145.00 P 20260821 -1.00 -1.00 505 4265 0.8175 -0.2615 0.011233
150.00 P 20260821 -1.00 -1.00 5232 12588 0.8178 -0.3238 0.012604
151.00 P 20260821 -1.00 -1.00 23 27 0.8170 -0.3374 0.012750
152.00 P 20260821 -1.00 -1.00 337 1467 0.8089 -0.3504 0.013008
153.00 P 20260821 -1.00 -1.00 1 18 0.8045 -0.3638 0.013214
154.00 P 20260821 -1.00 -1.00 19 4174 0.7965 -0.3773 0.013483
155.00 P 20260821 -1.00 -1.00 1009 4587 0.7921 -0.3911 0.013696
156.00 P 20260821 -1.00 -1.00 2 794 0.7878 -0.4051 0.013913
157.00 P 20260821 -1.00 -1.00 72 93 0.7872 -0.4193 0.014070
157.50 P 20260821 -1.00 -1.00 1 386 0.7886 -0.4264 0.014116
158.00 P 20260821 -1.00 -1.00 6 763 0.7865 -0.4336 0.014227
159.00 P 20260821 -1.00 -1.00 18 417 0.8215 -0.4470 0.013758
160.00 P 20260821 -1.00 -1.00 174 16511 0.7707 -0.4628 0.014819
161.00 P 20260821 -1.00 -1.00 65 55 0.7817 -0.4763 0.014572
162.00 P 20260821 -1.00 -1.00 8 81 0.7603 -0.4919 0.014934
162.50 P 20260821 -1.00 -1.00 82 86 0.8096 -0.4948 0.014004
163.00 P 20260821 -1.00 -1.00 229 297 0.8060 -0.5019 0.014047
164.00 P 20260821 -1.00 -1.00 1 198 0.7530 -0.5214 0.014976
165.00 P 20260821 -1.00 -1.00 129 6968 0.7669 -0.5339 0.014660
166.00 P 20260821 -1.00 -1.00 3 4 0.7597 -0.5492 0.014746
167.00 P 20260821 -1.00 -1.00 3 13 0.7874 -0.5589 0.014196
167.50 P 20260821 -1.00 -1.00 50 0 0.7873 -0.5658 0.014176
168.00 P 20260821 -1.00 -1.00 2 266 0.7941 -0.5715 0.014037
169.00 P 20260821 -1.00 -1.00 1 264 0.7696 -0.5902 0.014421
170.00 P 20260821 -1.00 -1.00 260 16278 0.7589 -0.6069 0.014566
171.00 P 20260821 -1.00 -1.00 1 465 0.7549 -0.6206 0.014455
172.00 P 20260821 -1.00 -1.00 1 210 0.7602 -0.6317 0.014163
173.00 P 20260821 -1.00 -1.00 80 67 0.7498 -0.6465 0.014100
174.00 P 20260821 -1.00 -1.00 49 294 0.7434 -0.6607 0.013972
175.00 P 20260821 -1.00 -1.00 63 5444 0.7486 -0.6716 0.013682
176.00 P 20260821 -1.00 -1.00 -1 0 0.7654 -0.6789 0.013256
177.00 P 20260821 -1.00 -1.00 -1 0 0.7705 -0.6894 0.012989
178.00 P 20260821 -1.00 -1.00 -1 0 0.7409 -0.7116 0.013116
180.00 P 20260821 -1.00 -1.00 5 3365 0.7625 -0.7285 0.012457
185.00 P 20260821 -1.00 -1.00 29 1812 0.7607 -0.7783 0.011146
187.00 P 20260821 -1.00 -1.00 4 139 0.7580 -0.7975 0.010590
188.00 P 20260821 -1.00 -1.00 1 374 0.7395 -0.8141 0.010331
189.00 P 20260821 -1.00 -1.00 1 41 0.7552 -0.8169 0.010027
190.00 P 20260821 -1.00 -1.00 2 3195 0.7562 -0.8257 0.009741
191.00 P 20260821 -1.00 -1.00 6 6 0.7523 -0.8366 0.009452
192.00 P 20260821 -1.00 -1.00 2 2 0.7679 -0.8389 0.009191
193.00 P 20260821 -1.00 -1.00 2 35 0.7684 -0.8477 0.008912
194.00 P 20260821 -1.00 -1.00 3 14 0.7460 -0.8610 0.008595
195.00 P 20260821 -1.00 -1.00 8 368 0.7587 -0.8629 0.008365
196.00 P 20260821 -1.00 -1.00 1 38 0.7208 -0.8822 0.007912
197.00 P 20260821 -1.00 -1.00 5 22 0.7479 -0.8785 0.007782
198.00 P 20260821 -1.00 -1.00 29 34 0.7388 -0.8879 0.007452
199.00 P 20260821 -1.00 -1.00 60 61 0.7585 -0.8867 0.007307
200.00 P 20260821 -1.00 -1.00 1 1600 0.7494 -0.8961 0.006976
205.00 P 20260821 -1.00 -1.00 1 872 0.7598 -0.9220 0.005730
210.00 P 20260821 -1.00 -1.00 5 313 0.7619 -0.9384 0.004785
215.00 P 20260821 -1.00 -1.00 4 193 0.7364 -0.9633 0.003506
90.00 C 20260821 -1.00 -1.00 3 69 1.2427 0.9869 0.000726
90.00 P 20260821 -1.00 -1.00 10 304 1.1681 -0.0082 0.000541
220.00 C 20260807 -1.00 -1.00 5 1020 1.6328 0.0377 0.002977
225.00 C 20260807 -1.00 -1.00 7 35 2.0834 0.0757 0.004036
230.00 C 20260807 -1.00 -1.00 3 68 1.7301 0.0296 0.002270
235.00 C 20260807 -1.00 -1.00 14 938 2.1146 0.0553 0.003080
240.00 C 20260807 -1.00 -1.00 8 32 2.3589 0.0683 0.003268
245.00 C 20260807 -1.00 -1.00 1 2 1.9220 0.0233 0.001661
250.00 C 20260807 -1.00 -1.00 1 132 1.9757 0.0209 0.001478
220.00 P 20260807 -1.00 -1.00 -1 0 -1.0000 -1.0000 -1.000000
225.00 P 20260807 -1.00 -1.00 1 0 -1.0000 -1.0000 -1.000000
230.00 P 20260807 -1.00 -1.00 -1 0 -1.0000 -1.0000 -1.000000
235.00 P 20260807 -1.00 -1.00 -1 0 -1.0000 -1.0000 -1.000000
240.00 P 20260807 -1.00 -1.00 -1 0 -1.0000 -1.0000 -1.000000
245.00 P 20260807 -1.00 -1.00 -1 0 -1.0000 -1.0000 -1.000000
250.00 P 20260807 -1.00 -1.00 -1 0 -1.0000 -1.0000 -1.000000
220.00 C 20260814 -1.00 -1.00 19 167 0.9384 0.0305 0.002627
225.00 C 20260814 -1.00 -1.00 1 1 1.2639 0.0746 0.004014
230.00 C 20260814 -1.00 -1.00 8 13 0.9686 0.0183 0.001652
235.00 C 20260814 -1.00 -1.00 27 27 1.0622 0.0232 0.001834
240.00 C 20260814 -1.00 -1.00 19 100 1.2110 0.0336 0.002213
245.00 C 20260814 -1.00 -1.00 54 56 1.4937 0.0663 0.003077
250.00 C 20260814 -1.00 -1.00 38 62 1.3041 0.0316 0.001941
220.00 P 20260814 -1.00 -1.00 -1 0 0.8533 -0.9848 0.001982
225.00 P 20260814 -1.00 -1.00 -1 0 -1.0000 -1.0000 -1.000000
230.00 P 20260814 -1.00 -1.00 -1 0 -1.0000 -1.0000 -1.000000
235.00 P 20260814 -1.00 -1.00 -1 0 -1.0000 -1.0000 -1.000000
240.00 P 20260814 -1.00 -1.00 -1 0 -1.0000 -1.0000 -1.000000
245.00 P 20260814 -1.00 -1.00 2 0 -1.0000 -1.0000 -1.000000
250.00 P 20260814 -1.00 -1.00 -1 0 -1.0000 -1.0000 -1.000000
220.00 C 20260821 -1.00 -1.00 118 36186 0.7809 0.0377 0.002988
225.00 C 20260821 -1.00 -1.00 6 874 0.8804 0.0499 0.003274
230.00 C 20260821 -1.00 -1.00 27 1150 0.8382 0.0313 0.002358
235.00 C 20260821 -1.00 -1.00 1 804 0.9220 0.0364 0.002443
240.00 C 20260821 -1.00 -1.00 2 6893 0.8229 0.0150 0.001299
245.00 C 20260821 -1.00 -1.00 1 8393 0.9854 0.0326 0.002071
250.00 C 20260821 -1.00 -1.00 10 3961 0.8367 0.0101 0.000890
220.00 P 20260821 -1.00 -1.00 4 20 0.7431 -0.9726 0.002854
225.00 P 20260821 -1.00 -1.00 7 9 0.7851 -0.9737 0.002607
230.00 P 20260821 -1.00 -1.00 2 8 0.7715 -0.9847 0.001962
235.00 P 20260821 -1.00 -1.00 7 7 -1.0000 -1.0000 -1.000000
240.00 P 20260821 -1.00 -1.00 5 0 -1.0000 -1.0000 -1.000000
245.00 P 20260821 -1.00 -1.00 1 0 -1.0000 -1.0000 -1.000000
250.00 P 20260821 -1.00 -1.00 1 2 -1.0000 -1.0000 -1.000000
