# opt_chain TSM | epoch 1785779627 | 2026-08-03 13:53:47 | spot 405.29 | exps 20260807 20260814 20260821
# fuente polygon_snapshot_v3 | greeks polygon_directo | iv polygon_directo | oi polygon_directo | vol day.volume(-1 si no cotizo) | bid/ask NO_ENTITLED(-1) | spot_src ibkr_bridge spot_edad_s 167 | band 0.4050 vencimientos 3 exp_hasta 2026-08-21
# strike right exp bid ask vol oi iv delta gamma
300.00 C 20260807 -1.00 -1.00 6 15 -1.0000 -1.0000 -1.000000
305.00 C 20260807 -1.00 -1.00 -1 0 -1.0000 -1.0000 -1.000000
307.50 C 20260807 -1.00 -1.00 -1 0 -1.0000 -1.0000 -1.000000
310.00 C 20260807 -1.00 -1.00 10 10 -1.0000 -1.0000 -1.000000
312.50 C 20260807 -1.00 -1.00 -1 0 -1.0000 -1.0000 -1.000000
315.00 C 20260807 -1.00 -1.00 1 1 -1.0000 -1.0000 -1.000000
317.50 C 20260807 -1.00 -1.00 -1 0 -1.0000 -1.0000 -1.000000
320.00 C 20260807 -1.00 -1.00 1 762 1.0006 0.9895 0.000635
322.50 C 20260807 -1.00 -1.00 -1 0 -1.0000 -1.0000 -1.000000
325.00 C 20260807 -1.00 -1.00 1 36 -1.0000 -1.0000 -1.000000
327.50 C 20260807 -1.00 -1.00 -1 0 -1.0000 -1.0000 -1.000000
330.00 C 20260807 -1.00 -1.00 1 3 -1.0000 -1.0000 -1.000000
332.50 C 20260807 -1.00 -1.00 -1 0 -1.0000 -1.0000 -1.000000
335.00 C 20260807 -1.00 -1.00 304 154 -1.0000 -1.0000 -1.000000
337.50 C 20260807 -1.00 -1.00 -1 0 -1.0000 -1.0000 -1.000000
340.00 C 20260807 -1.00 -1.00 6 8 0.0005 0.9999 0.000000
342.50 C 20260807 -1.00 -1.00 -1 0 0.4900 0.9994 0.000072
345.00 C 20260807 -1.00 -1.00 15 16 0.0005 0.9999 0.000000
347.50 C 20260807 -1.00 -1.00 -1 0 0.7581 0.9750 0.001766
350.00 C 20260807 -1.00 -1.00 1 492 -1.0000 -1.0000 -1.000000
352.50 C 20260807 -1.00 -1.00 30 20 0.5617 0.9913 0.000942
355.00 C 20260807 -1.00 -1.00 2 8 0.5637 0.9888 0.001197
357.50 C 20260807 -1.00 -1.00 1 1 0.5840 0.9799 0.001884
360.00 C 20260807 -1.00 -1.00 1 8 0.5441 0.9812 0.001912
362.50 C 20260807 -1.00 -1.00 1 1 0.4606 0.9901 0.001299
365.00 C 20260807 -1.00 -1.00 22 123 0.5715 0.9603 0.003413
367.50 C 20260807 -1.00 -1.00 -1 0 0.4739 0.9761 0.002708
370.00 C 20260807 -1.00 -1.00 30 72 0.5509 0.9443 0.004690
372.50 C 20260807 -1.00 -1.00 62 61 0.5521 0.9307 0.005571
375.00 C 20260807 -1.00 -1.00 50 45 0.5707 0.9048 0.006797
377.50 C 20260807 -1.00 -1.00 19 165 0.5858 0.8816 0.007850
380.00 C 20260807 -1.00 -1.00 73 1875 0.5640 0.8683 0.008785
382.50 C 20260807 -1.00 -1.00 2 541 0.5488 0.8475 0.009876
385.00 C 20260807 -1.00 -1.00 18 153 0.5715 0.8107 0.010925
387.50 C 20260807 -1.00 -1.00 6 1541 0.5785 0.7813 0.011926
390.00 C 20260807 -1.00 -1.00 29 819 0.5732 0.7486 0.012824
392.50 C 20260807 -1.00 -1.00 1 588 0.5409 0.7239 0.014218
395.00 C 20260807 -1.00 -1.00 70 787 0.5390 0.6874 0.015196
397.50 C 20260807 -1.00 -1.00 25 1296 0.5485 0.6472 0.015786
400.00 C 20260807 -1.00 -1.00 1108 2923 0.5444 0.6065 0.016285
402.50 C 20260807 -1.00 -1.00 371 478 0.5317 0.5658 0.017064
405.00 C 20260807 -1.00 -1.00 489 1197 0.5379 0.5232 0.017272
407.50 C 20260807 -1.00 -1.00 121 250 0.5309 0.4808 0.017376
410.00 C 20260807 -1.00 -1.00 692 2348 0.5221 0.4370 0.017374
412.50 C 20260807 -1.00 -1.00 216 245 0.5261 0.3950 0.016955
415.00 C 20260807 -1.00 -1.00 448 1349 0.5292 0.3552 0.016381
417.50 C 20260807 -1.00 -1.00 82 157 0.5218 0.3157 0.015694
420.00 C 20260807 -1.00 -1.00 5205 2605 0.5225 0.2786 0.014809
422.50 C 20260807 -1.00 -1.00 153 301 0.5264 0.2433 0.013881
425.00 C 20260807 -1.00 -1.00 383 875 0.5294 0.2155 0.012777
427.50 C 20260807 -1.00 -1.00 193 261 0.5254 0.1856 0.011691
430.00 C 20260807 -1.00 -1.00 1288 1940 0.5280 0.1589 0.010581
432.50 C 20260807 -1.00 -1.00 382 242 0.5348 0.1366 0.009527
435.00 C 20260807 -1.00 -1.00 2978 564 0.5212 0.1124 0.008410
437.50 C 20260807 -1.00 -1.00 93 540 0.5256 0.0957 0.007408
440.00 C 20260807 -1.00 -1.00 2721 2888 0.5306 0.0797 0.006447
442.50 C 20260807 -1.00 -1.00 85 507 0.5306 0.0661 0.005588
445.00 C 20260807 -1.00 -1.00 288 437 0.5301 0.0553 0.004822
447.50 C 20260807 -1.00 -1.00 33 101 0.5254 0.0430 0.003976
450.00 C 20260807 -1.00 -1.00 698 850 0.5385 0.0373 0.003472
452.50 C 20260807 -1.00 -1.00 62 66 0.5311 0.0286 0.002823
455.00 C 20260807 -1.00 -1.00 66 237 0.5375 0.0247 0.002450
457.50 C 20260807 -1.00 -1.00 2 36 0.5315 0.0182 0.001909
460.00 C 20260807 -1.00 -1.00 105 1297 0.5462 0.0162 0.001692
462.50 C 20260807 -1.00 -1.00 8 23 0.5491 0.0126 0.001364
465.00 C 20260807 -1.00 -1.00 99 534 0.5528 0.0108 0.001177
467.50 C 20260807 -1.00 -1.00 2 26 0.5757 0.0110 0.001144
470.00 C 20260807 -1.00 -1.00 260 907 0.5649 0.0078 0.000860
472.50 C 20260807 -1.00 -1.00 2 1 0.6020 0.0095 0.000958
475.00 C 20260807 -1.00 -1.00 1 147 0.5865 0.0060 0.000653
480.00 C 20260807 -1.00 -1.00 2 632 0.6125 0.0047 0.000513
485.00 C 20260807 -1.00 -1.00 22 337 0.5950 0.0025 0.000295
490.00 C 20260807 -1.00 -1.00 22 147 0.6260 0.0024 0.000269
495.00 C 20260807 -1.00 -1.00 2 83 0.6823 0.0033 0.000326
500.00 C 20260807 -1.00 -1.00 3 380 0.6997 0.0027 0.000265
505.00 C 20260807 -1.00 -1.00 15 144 0.7296 0.0026 0.000245
510.00 C 20260807 -1.00 -1.00 2 45 0.7720 0.0029 0.000259
300.00 P 20260807 -1.00 -1.00 289 671 1.0340 -0.0024 0.000166
305.00 P 20260807 -1.00 -1.00 9 193 1.0510 -0.0042 0.000270
307.50 P 20260807 -1.00 -1.00 6 6 0.9742 -0.0029 0.000210
310.00 P 20260807 -1.00 -1.00 4 1316 1.0190 -0.0056 0.000353
312.50 P 20260807 -1.00 -1.00 6 11 0.9672 -0.0046 0.000314
315.00 P 20260807 -1.00 -1.00 19 1140 0.9338 -0.0044 0.000314
317.50 P 20260807 -1.00 -1.00 4 17 0.9185 -0.0051 0.000365
320.00 P 20260807 -1.00 -1.00 18 338 0.8914 -0.0053 0.000386
322.50 P 20260807 -1.00 -1.00 4 52 0.9117 -0.0079 0.000538
325.00 P 20260807 -1.00 -1.00 105 1106 0.8555 -0.0066 0.000488
327.50 P 20260807 -1.00 -1.00 13 87 0.8466 -0.0077 0.000570
330.00 P 20260807 -1.00 -1.00 56 588 0.8203 -0.0080 0.000605
332.50 P 20260807 -1.00 -1.00 5 45 0.7825 -0.0075 0.000604
335.00 P 20260807 -1.00 -1.00 39 407 0.8159 -0.0116 0.000855
337.50 P 20260807 -1.00 -1.00 2 53 0.7967 -0.0132 0.000973
340.00 P 20260807 -1.00 -1.00 110 1499 0.7604 -0.0127 0.000988
342.50 P 20260807 -1.00 -1.00 5 37 0.7440 -0.0148 0.001143
345.00 P 20260807 -1.00 -1.00 82 449 0.7228 -0.0163 0.001278
347.50 P 20260807 -1.00 -1.00 307 30 0.7164 -0.0198 0.001527
350.00 P 20260807 -1.00 -1.00 208 1020 0.6931 -0.0212 0.001676
352.50 P 20260807 -1.00 -1.00 399 65 0.6917 -0.0255 0.001981
355.00 P 20260807 -1.00 -1.00 149 2488 0.6770 -0.0284 0.002225
357.50 P 20260807 -1.00 -1.00 40 159 0.6597 -0.0332 0.002577
360.00 P 20260807 -1.00 -1.00 436 1210 0.6414 -0.0381 0.002949
362.50 P 20260807 -1.00 -1.00 234 226 0.6399 -0.0473 0.003526
365.00 P 20260807 -1.00 -1.00 230 635 0.6254 -0.0535 0.004003
367.50 P 20260807 -1.00 -1.00 119 284 0.6216 -0.0624 0.004598
370.00 P 20260807 -1.00 -1.00 364 2324 0.6048 -0.0725 0.005254
372.50 P 20260807 -1.00 -1.00 113 1501 0.5935 -0.0856 0.006043
375.00 P 20260807 -1.00 -1.00 772 2276 0.5891 -0.1017 0.006934
377.50 P 20260807 -1.00 -1.00 93 270 0.5867 -0.1186 0.007858
380.00 P 20260807 -1.00 -1.00 309 1296 0.5767 -0.1376 0.008826
382.50 P 20260807 -1.00 -1.00 85 569 0.5656 -0.1598 0.009879
385.00 P 20260807 -1.00 -1.00 530 1482 0.5612 -0.1855 0.010980
387.50 P 20260807 -1.00 -1.00 108 282 0.5586 -0.2122 0.012100
390.00 P 20260807 -1.00 -1.00 294 849 0.5573 -0.2456 0.013059
392.50 P 20260807 -1.00 -1.00 31 1266 0.5504 -0.2793 0.014065
395.00 P 20260807 -1.00 -1.00 228 333 0.5385 -0.3126 0.015222
397.50 P 20260807 -1.00 -1.00 131 260 0.5464 -0.3525 0.015857
400.00 P 20260807 -1.00 -1.00 1326 2651 0.5352 -0.3923 0.016571
402.50 P 20260807 -1.00 -1.00 242 268 0.5284 -0.4341 0.017190
405.00 P 20260807 -1.00 -1.00 92 371 0.5418 -0.4771 0.017171
407.50 P 20260807 -1.00 -1.00 20 695 0.5376 -0.5191 0.017186
410.00 P 20260807 -1.00 -1.00 19 594 0.5259 -0.5628 0.017278
412.50 P 20260807 -1.00 -1.00 4 120 0.5257 -0.6056 0.017000
415.00 P 20260807 -1.00 -1.00 5 172 0.5464 -0.6407 0.015996
417.50 P 20260807 -1.00 -1.00 6 46 0.5389 -0.6789 0.015359
420.00 P 20260807 -1.00 -1.00 4 987 0.5315 -0.7182 0.014680
422.50 P 20260807 -1.00 -1.00 2 59 0.5402 -0.7508 0.013717
425.00 P 20260807 -1.00 -1.00 8 246 0.5664 -0.7703 0.012520
427.50 P 20260807 -1.00 -1.00 16 16 0.5295 -0.8134 0.011720
430.00 P 20260807 -1.00 -1.00 2 875 0.5513 -0.8299 0.010632
432.50 P 20260807 -1.00 -1.00 2 2 0.5058 -0.8767 0.009430
435.00 P 20260807 -1.00 -1.00 1 124 0.5857 -0.8630 0.008806
437.50 P 20260807 -1.00 -1.00 2 2 0.5749 -0.8839 0.007912
440.00 P 20260807 -1.00 -1.00 3 559 0.5485 -0.9130 0.006755
442.50 P 20260807 -1.00 -1.00 -1 0 0.5874 -0.9123 0.006336
445.00 P 20260807 -1.00 -1.00 26 44 0.6199 -0.9143 0.005907
447.50 P 20260807 -1.00 -1.00 -1 0 0.5970 -0.9356 0.004995
450.00 P 20260807 -1.00 -1.00 1 670 0.6270 -0.9363 0.004703
452.50 P 20260807 -1.00 -1.00 3 0 0.6034 -0.9524 0.003897
455.00 P 20260807 -1.00 -1.00 15 45 0.6652 -0.9432 0.004040
457.50 P 20260807 -1.00 -1.00 -1 0 0.6788 -0.9478 0.003704
460.00 P 20260807 -1.00 -1.00 2 115 0.6043 -0.9743 0.002459
462.50 P 20260807 -1.00 -1.00 -1 0 0.7322 -0.9494 0.003347
465.00 P 20260807 -1.00 -1.00 1 1 0.6011 -0.9843 0.001725
467.50 P 20260807 -1.00 -1.00 1 0 0.6445 -0.9804 0.001871
470.00 P 20260807 -1.00 -1.00 2 2 0.7716 -0.9612 0.002598
472.50 P 20260807 -1.00 -1.00 -1 0 0.7609 -0.9694 0.002213
475.00 P 20260807 -1.00 -1.00 2 0 0.8130 -0.9644 0.002315
480.00 P 20260807 -1.00 -1.00 4 0 0.7895 -0.9759 0.001755
485.00 P 20260807 -1.00 -1.00 1 0 0.8714 -0.9712 0.001825
490.00 P 20260807 -1.00 -1.00 3 0 0.9418 -0.9685 0.001811
495.00 P 20260807 -1.00 -1.00 2 0 0.8755 -0.9831 0.001202
500.00 P 20260807 -1.00 -1.00 1 0 1.0924 -0.9600 0.001862
505.00 P 20260807 -1.00 -1.00 2 0 1.1414 -0.9602 0.001772
510.00 P 20260807 -1.00 -1.00 2 0 1.2103 -0.9569 0.001773
297.50 C 20260814 -1.00 -1.00 -1 0 0.0008 0.9997 -0.000000
300.00 C 20260814 -1.00 -1.00 5 16 0.6655 0.9965 0.000205
302.50 C 20260814 -1.00 -1.00 -1 0 0.7627 0.9896 0.000498
305.00 C 20260814 -1.00 -1.00 1 2 0.7057 0.9916 0.000438
307.50 C 20260814 -1.00 -1.00 -1 0 0.8174 0.9784 0.000878
310.00 C 20260814 -1.00 -1.00 2 4 0.6479 0.9927 0.000419
312.50 C 20260814 -1.00 -1.00 -1 0 0.7124 0.9849 0.000733
315.00 C 20260814 -1.00 -1.00 -1 0 0.7001 0.9836 0.000801
317.50 C 20260814 -1.00 -1.00 -1 0 0.6721 0.9844 0.000802
320.00 C 20260814 -1.00 -1.00 1 1 0.6365 0.9863 0.000755
322.50 C 20260814 -1.00 -1.00 -1 0 0.6247 0.9849 0.000837
325.00 C 20260814 -1.00 -1.00 -1 0 0.6753 0.9751 0.001210
327.50 C 20260814 -1.00 -1.00 -1 0 0.6324 0.9775 0.001176
330.00 C 20260814 -1.00 -1.00 2 1 0.6129 0.9770 0.001238
332.50 C 20260814 -1.00 -1.00 -1 0 0.6337 0.9694 0.001531
335.00 C 20260814 -1.00 -1.00 15 20 0.5899 0.9737 0.001455
337.50 C 20260814 -1.00 -1.00 -1 0 0.6141 0.9618 0.001884
340.00 C 20260814 -1.00 -1.00 1 12 0.5930 0.9607 0.001995
342.50 C 20260814 -1.00 -1.00 -1 0 0.6365 0.9443 0.002499
345.00 C 20260814 -1.00 -1.00 1 14 0.5702 0.9534 0.002395
347.50 C 20260814 -1.00 -1.00 -1 0 0.5797 0.9444 0.002739
350.00 C 20260814 -1.00 -1.00 6 19 0.5553 0.9435 0.002896
352.50 C 20260814 -1.00 -1.00 -1 0 0.5659 0.9309 0.003318
355.00 C 20260814 -1.00 -1.00 20 259 0.5575 0.9226 0.003658
357.50 C 20260814 -1.00 -1.00 -1 0 0.5406 0.9173 0.003962
360.00 C 20260814 -1.00 -1.00 2 21 0.5474 0.9028 0.004426
362.50 C 20260814 -1.00 -1.00 -1 0 0.5392 0.8937 0.004818
365.00 C 20260814 -1.00 -1.00 4 36 0.5396 0.8815 0.005251
367.50 C 20260814 -1.00 -1.00 1 1 0.5519 0.8595 0.005721
370.00 C 20260814 -1.00 -1.00 54 176 0.5347 0.8494 0.006171
372.50 C 20260814 -1.00 -1.00 3 3 0.5456 0.8271 0.006622
375.00 C 20260814 -1.00 -1.00 2 108 0.5063 0.8247 0.007200
377.50 C 20260814 -1.00 -1.00 -1 0 0.5366 0.7948 0.007576
380.00 C 20260814 -1.00 -1.00 1 173 0.5244 0.7791 0.008096
382.50 C 20260814 -1.00 -1.00 145 86 0.5058 0.7628 0.008675
385.00 C 20260814 -1.00 -1.00 8 636 0.5094 0.7371 0.009053
387.50 C 20260814 -1.00 -1.00 1 68 0.5088 0.7130 0.009476
390.00 C 20260814 -1.00 -1.00 35 304 0.5083 0.6888 0.009901
392.50 C 20260814 -1.00 -1.00 3 37 0.5262 0.6602 0.009998
395.00 C 20260814 -1.00 -1.00 1 132 0.5043 0.6379 0.010587
397.50 C 20260814 -1.00 -1.00 42 37 0.4977 0.6112 0.010908
400.00 C 20260814 -1.00 -1.00 15 236 0.5011 0.5829 0.011026
402.50 C 20260814 -1.00 -1.00 48 23 0.5063 0.5548 0.011102
405.00 C 20260814 -1.00 -1.00 1157 280 0.4998 0.5272 0.011433
407.50 C 20260814 -1.00 -1.00 24 38 0.5040 0.4998 0.011302
410.00 C 20260814 -1.00 -1.00 110 386 0.4928 0.4711 0.011448
412.50 C 20260814 -1.00 -1.00 13 27 0.4887 0.4423 0.011431
415.00 C 20260814 -1.00 -1.00 28 303 0.4979 0.4164 0.011122
417.50 C 20260814 -1.00 -1.00 7 71 0.4947 0.3877 0.011082
420.00 C 20260814 -1.00 -1.00 181 485 0.4938 0.3617 0.010858
422.50 C 20260814 -1.00 -1.00 188 217 0.4849 0.3343 0.010650
425.00 C 20260814 -1.00 -1.00 117 263 0.4860 0.3102 0.010268
427.50 C 20260814 -1.00 -1.00 7 43 0.4850 0.2852 0.009916
430.00 C 20260814 -1.00 -1.00 676 1095 0.4910 0.2638 0.009481
432.50 C 20260814 -1.00 -1.00 11 25 0.4917 0.2412 0.009093
435.00 C 20260814 -1.00 -1.00 44 316 0.4881 0.2212 0.008647
437.50 C 20260814 -1.00 -1.00 9 32 0.4833 0.2002 0.008190
440.00 C 20260814 -1.00 -1.00 56 374 0.4861 0.1832 0.007704
442.50 C 20260814 -1.00 -1.00 5 19 0.4908 0.1675 0.007230
445.00 C 20260814 -1.00 -1.00 286 477 0.4961 0.1525 0.006774
447.50 C 20260814 -1.00 -1.00 39 27 0.5000 0.1393 0.006342
450.00 C 20260814 -1.00 -1.00 49 453 0.4925 0.1240 0.005886
452.50 C 20260814 -1.00 -1.00 11 22 0.4903 0.1109 0.005435
455.00 C 20260814 -1.00 -1.00 22 304 0.4896 0.0985 0.004990
457.50 C 20260814 -1.00 -1.00 1 20 0.4901 0.0866 0.004554
460.00 C 20260814 -1.00 -1.00 303 262 0.4960 0.0779 0.004188
462.50 C 20260814 -1.00 -1.00 2 5 0.4959 0.0698 0.003842
465.00 C 20260814 -1.00 -1.00 38 129 0.4984 0.0639 0.003547
467.50 C 20260814 -1.00 -1.00 39 10 0.4895 0.0538 0.003133
470.00 C 20260814 -1.00 -1.00 5 502 0.4913 0.0476 0.002830
475.00 C 20260814 -1.00 -1.00 64 176 0.4969 0.0362 0.002267
480.00 C 20260814 -1.00 -1.00 7 407 0.5031 0.0299 0.001905
485.00 C 20260814 -1.00 -1.00 1 131 0.5075 0.0243 0.001575
490.00 C 20260814 -1.00 -1.00 5 111 0.5169 0.0200 0.001308
495.00 C 20260814 -1.00 -1.00 1 64 0.5225 0.0149 0.001018
500.00 C 20260814 -1.00 -1.00 11 303 0.5208 0.0114 0.000805
505.00 C 20260814 -1.00 -1.00 10 220 0.5413 0.0110 0.000750
510.00 C 20260814 -1.00 -1.00 3 62 0.5476 0.0091 0.000626
297.50 P 20260814 -1.00 -1.00 1 0 0.7834 -0.0088 0.000429
300.00 P 20260814 -1.00 -1.00 48 144 0.7839 -0.0100 0.000482
302.50 P 20260814 -1.00 -1.00 -1 0 0.7639 -0.0102 0.000504
305.00 P 20260814 -1.00 -1.00 581 202 0.7440 -0.0105 0.000527
307.50 P 20260814 -1.00 -1.00 1 1 0.7468 -0.0135 0.000648
310.00 P 20260814 -1.00 -1.00 12 169 0.7224 -0.0132 0.000659
312.50 P 20260814 -1.00 -1.00 1 4 0.7156 -0.0152 0.000748
315.00 P 20260814 -1.00 -1.00 2 31 0.6900 -0.0148 0.000757
317.50 P 20260814 -1.00 -1.00 2 0 0.6740 -0.0156 0.000811
320.00 P 20260814 -1.00 -1.00 7 217 0.6691 -0.0179 0.000921
322.50 P 20260814 -1.00 -1.00 1 3 0.6611 -0.0198 0.001021
325.00 P 20260814 -1.00 -1.00 42 3123 0.6486 -0.0212 0.001104
327.50 P 20260814 -1.00 -1.00 1 2 0.6423 -0.0234 0.001220
330.00 P 20260814 -1.00 -1.00 49 512 0.6377 -0.0259 0.001346
332.50 P 20260814 -1.00 -1.00 30 18 0.6394 -0.0318 0.001574
335.00 P 20260814 -1.00 -1.00 105 147 0.6193 -0.0329 0.001671
337.50 P 20260814 -1.00 -1.00 31 3 0.6077 -0.0363 0.001840
340.00 P 20260814 -1.00 -1.00 1019 263 0.5954 -0.0396 0.002015
342.50 P 20260814 -1.00 -1.00 47 8 0.5901 -0.0447 0.002249
345.00 P 20260814 -1.00 -1.00 62 146 0.5901 -0.0513 0.002522
347.50 P 20260814 -1.00 -1.00 7 5 0.5856 -0.0567 0.002773
350.00 P 20260814 -1.00 -1.00 91 416 0.5805 -0.0632 0.003049
352.50 P 20260814 -1.00 -1.00 12 8 0.5679 -0.0697 0.003338
355.00 P 20260814 -1.00 -1.00 41 276 0.5581 -0.0774 0.003667
357.50 P 20260814 -1.00 -1.00 4 3 0.5530 -0.0872 0.004044
360.00 P 20260814 -1.00 -1.00 146 542 0.5493 -0.0977 0.004440
362.50 P 20260814 -1.00 -1.00 16 12 0.5498 -0.1097 0.004859
365.00 P 20260814 -1.00 -1.00 41 227 0.5436 -0.1196 0.005266
367.50 P 20260814 -1.00 -1.00 11 30 0.5392 -0.1346 0.005715
370.00 P 20260814 -1.00 -1.00 200 346 0.5314 -0.1490 0.006180
372.50 P 20260814 -1.00 -1.00 18 23 0.5277 -0.1655 0.006664
375.00 P 20260814 -1.00 -1.00 109 324 0.5234 -0.1821 0.007162
377.50 P 20260814 -1.00 -1.00 30 44 0.5219 -0.1999 0.007661
380.00 P 20260814 -1.00 -1.00 354 888 0.5163 -0.2174 0.008180
382.50 P 20260814 -1.00 -1.00 14 50 0.5126 -0.2400 0.008622
385.00 P 20260814 -1.00 -1.00 35 211 0.5069 -0.2621 0.009100
387.50 P 20260814 -1.00 -1.00 25 392 0.5085 -0.2870 0.009498
390.00 P 20260814 -1.00 -1.00 123 477 0.5059 -0.3106 0.009954
392.50 P 20260814 -1.00 -1.00 2 136 0.5123 -0.3367 0.010271
395.00 P 20260814 -1.00 -1.00 32 352 0.4995 -0.3614 0.010704
397.50 P 20260814 -1.00 -1.00 12 192 0.4949 -0.3887 0.010992
400.00 P 20260814 -1.00 -1.00 1124 801 0.4912 -0.4165 0.011268
402.50 P 20260814 -1.00 -1.00 22 9 0.4875 -0.4448 0.011551
405.00 P 20260814 -1.00 -1.00 44 328 0.5016 -0.4733 0.011424
407.50 P 20260814 -1.00 -1.00 2 16 0.4932 -0.5016 0.011579
410.00 P 20260814 -1.00 -1.00 25 149 0.4901 -0.5300 0.011544
412.50 P 20260814 -1.00 -1.00 15 20 0.4879 -0.5586 0.011487
415.00 P 20260814 -1.00 -1.00 3 191 0.4769 -0.5897 0.011631
417.50 P 20260814 -1.00 -1.00 3 8 0.4965 -0.6127 0.011087
420.00 P 20260814 -1.00 -1.00 7 644 0.5006 -0.6373 0.010780
422.50 P 20260814 -1.00 -1.00 -1 1 0.4778 -0.6697 0.010814
425.00 P 20260814 -1.00 -1.00 10 91 0.4947 -0.6874 0.010185
427.50 P 20260814 -1.00 -1.00 1 4 0.4948 -0.7115 0.009837
430.00 P 20260814 -1.00 -1.00 1 3983 0.4918 -0.7373 0.009526
432.50 P 20260814 -1.00 -1.00 -1 0 0.5033 -0.7553 0.009051
435.00 P 20260814 -1.00 -1.00 1 35 0.4950 -0.7773 0.008662
437.50 P 20260814 -1.00 -1.00 1 1 0.4953 -0.7954 0.008205
440.00 P 20260814 -1.00 -1.00 20 89 0.4955 -0.8136 0.007750
442.50 P 20260814 -1.00 -1.00 -1 0 0.5006 -0.8289 0.007293
445.00 P 20260814 -1.00 -1.00 3 37 0.5006 -0.8471 0.006848
447.50 P 20260814 -1.00 -1.00 -1 0 0.5115 -0.8581 0.006428
450.00 P 20260814 -1.00 -1.00 2 115 0.4877 -0.8809 0.005932
452.50 P 20260814 -1.00 -1.00 -1 0 0.5035 -0.8853 0.005589
455.00 P 20260814 -1.00 -1.00 1 42 0.5211 -0.8884 0.005288
457.50 P 20260814 -1.00 -1.00 -1 0 0.5216 -0.8997 0.004909
460.00 P 20260814 -1.00 -1.00 1 43 0.5239 -0.9100 0.004546
462.50 P 20260814 -1.00 -1.00 -1 0 0.5240 -0.9214 0.004166
465.00 P 20260814 -1.00 -1.00 2 2 0.5298 -0.9287 0.003863
467.50 P 20260814 -1.00 -1.00 1 1 0.5346 -0.9335 0.003622
470.00 P 20260814 -1.00 -1.00 20 25 0.5329 -0.9406 0.003342
475.00 P 20260814 -1.00 -1.00 2 0 0.5486 -0.9478 0.002951
480.00 P 20260814 -1.00 -1.00 1 0 0.5437 -0.9623 0.002379
485.00 P 20260814 -1.00 -1.00 1 0 0.5955 -0.9552 0.002425
490.00 P 20260814 -1.00 -1.00 2 0 0.5926 -0.9678 0.001966
495.00 P 20260814 -1.00 -1.00 10 0 0.6186 -0.9689 0.001831
500.00 P 20260814 -1.00 -1.00 62 0 0.6291 -0.9724 0.001650
505.00 P 20260814 -1.00 -1.00 10 0 0.6040 -0.9832 0.001254
510.00 P 20260814 -1.00 -1.00 10 0 0.6420 -0.9805 0.001262
300.00 C 20260821 -1.00 -1.00 1 415 0.6999 0.9786 0.000794
310.00 C 20260821 -1.00 -1.00 3 258 0.6320 0.9772 0.000933
320.00 C 20260821 -1.00 -1.00 3 440 0.5950 0.9696 0.001262
330.00 C 20260821 -1.00 -1.00 15 716 0.6106 0.9455 0.002005
335.00 C 20260821 -1.00 -1.00 2 1 0.5578 0.9470 0.002140
340.00 C 20260821 -1.00 -1.00 3 1211 0.5328 0.9419 0.002426
345.00 C 20260821 -1.00 -1.00 1 18 0.5562 0.9150 0.003080
350.00 C 20260821 -1.00 -1.00 2 979 0.5352 0.9035 0.003529
355.00 C 20260821 -1.00 -1.00 1 111 0.5129 0.8918 0.004034
360.00 C 20260821 -1.00 -1.00 3 1093 0.5355 0.8571 0.004671
365.00 C 20260821 -1.00 -1.00 1 22 0.4997 0.8434 0.005310
370.00 C 20260821 -1.00 -1.00 42 806 0.5032 0.8118 0.005976
375.00 C 20260821 -1.00 -1.00 14 44 0.4937 0.7833 0.006677
377.50 C 20260821 -1.00 -1.00 2 24 0.4962 0.7625 0.006934
380.00 C 20260821 -1.00 -1.00 96 973 0.4938 0.7438 0.007234
382.50 C 20260821 -1.00 -1.00 11 63 0.4906 0.7251 0.007547
385.00 C 20260821 -1.00 -1.00 5 145 0.4825 0.7077 0.007926
387.50 C 20260821 -1.00 -1.00 39 103 0.4884 0.6860 0.008141
390.00 C 20260821 -1.00 -1.00 11 2967 0.5010 0.6627 0.008212
392.50 C 20260821 -1.00 -1.00 10 135 0.4905 0.6429 0.008502
395.00 C 20260821 -1.00 -1.00 11 296 0.4929 0.6201 0.008590
397.50 C 20260821 -1.00 -1.00 6 63 0.4904 0.5982 0.008761
400.00 C 20260821 -1.00 -1.00 1314 17104 0.4808 0.5765 0.009062
402.50 C 20260821 -1.00 -1.00 86 89 0.4783 0.5537 0.009243
405.00 C 20260821 -1.00 -1.00 101 1211 0.4870 0.5310 0.009209
407.50 C 20260821 -1.00 -1.00 8 329 0.4831 0.5085 0.009266
410.00 C 20260821 -1.00 -1.00 37 8892 0.4796 0.4858 0.009269
412.50 C 20260821 -1.00 -1.00 1 111 0.4818 0.4636 0.009165
415.00 C 20260821 -1.00 -1.00 303 2136 0.4756 0.4399 0.009217
417.50 C 20260821 -1.00 -1.00 6 111 0.4743 0.4169 0.009176
420.00 C 20260821 -1.00 -1.00 179 13302 0.4846 0.3973 0.008926
422.50 C 20260821 -1.00 -1.00 30 426 0.4846 0.3757 0.008828
425.00 C 20260821 -1.00 -1.00 29 11560 0.4775 0.3540 0.008711
427.50 C 20260821 -1.00 -1.00 3 177 0.4695 0.3313 0.008591
430.00 C 20260821 -1.00 -1.00 281 4281 0.4725 0.3128 0.008321
435.00 C 20260821 -1.00 -1.00 33 1463 0.4737 0.2741 0.007848
440.00 C 20260821 -1.00 -1.00 1285 7083 0.4774 0.2400 0.007314
445.00 C 20260821 -1.00 -1.00 16 1081 0.4714 0.2075 0.006737
450.00 C 20260821 -1.00 -1.00 219 17328 0.4695 0.1765 0.006126
455.00 C 20260821 -1.00 -1.00 39 251 0.4763 0.1512 0.005524
460.00 C 20260821 -1.00 -1.00 332 4639 0.4739 0.1292 0.004947
465.00 C 20260821 -1.00 -1.00 36 1349 0.4742 0.1099 0.004381
470.00 C 20260821 -1.00 -1.00 215 2613 0.4773 0.0923 0.003841
475.00 C 20260821 -1.00 -1.00 5 12287 0.4820 0.0763 0.003339
480.00 C 20260821 -1.00 -1.00 61 14257 0.4752 0.0629 0.002877
490.00 C 20260821 -1.00 -1.00 22 3947 0.4812 0.0434 0.002111
500.00 C 20260821 -1.00 -1.00 144 4692 0.4882 0.0303 0.001553
510.00 C 20260821 -1.00 -1.00 30 12372 0.4934 0.0210 0.001122
300.00 P 20260821 -1.00 -1.00 55 7703 0.6571 -0.0157 0.000657
310.00 P 20260821 -1.00 -1.00 37 2741 0.6335 -0.0225 0.000938
320.00 P 20260821 -1.00 -1.00 100 8209 0.6029 -0.0319 0.001312
330.00 P 20260821 -1.00 -1.00 373 5479 0.5658 -0.0436 0.001804
335.00 P 20260821 -1.00 -1.00 29 841 0.5597 -0.0530 0.002152
340.00 P 20260821 -1.00 -1.00 80 4570 0.5486 -0.0629 0.002522
345.00 P 20260821 -1.00 -1.00 23 506 0.5316 -0.0753 0.002960
350.00 P 20260821 -1.00 -1.00 262 16732 0.5248 -0.0922 0.003494
355.00 P 20260821 -1.00 -1.00 113 305 0.5174 -0.1094 0.004052
360.00 P 20260821 -1.00 -1.00 160 10720 0.5109 -0.1314 0.004662
365.00 P 20260821 -1.00 -1.00 121 1236 0.5024 -0.1575 0.005319
370.00 P 20260821 -1.00 -1.00 181 10656 0.4986 -0.1862 0.006003
375.00 P 20260821 -1.00 -1.00 91 361 0.4961 -0.2177 0.006676
377.50 P 20260821 -1.00 -1.00 6 203 0.4955 -0.2371 0.006958
380.00 P 20260821 -1.00 -1.00 71 17454 0.4924 -0.2557 0.007265
382.50 P 20260821 -1.00 -1.00 7 351 0.4877 -0.2739 0.007597
385.00 P 20260821 -1.00 -1.00 62 352 0.4838 -0.2927 0.007931
387.50 P 20260821 -1.00 -1.00 2 203 0.4865 -0.3136 0.008187
390.00 P 20260821 -1.00 -1.00 46 6411 0.4892 -0.3348 0.008420
392.50 P 20260821 -1.00 -1.00 11 298 0.4825 -0.3558 0.008662
395.00 P 20260821 -1.00 -1.00 31 121 0.4722 -0.3769 0.008976
397.50 P 20260821 -1.00 -1.00 3 76 0.4798 -0.4010 0.008976
400.00 P 20260821 -1.00 -1.00 915 16050 0.4760 -0.4236 0.009183
402.50 P 20260821 -1.00 -1.00 68 117 0.4799 -0.4468 0.009246
405.00 P 20260821 -1.00 -1.00 70 228 0.4837 -0.4697 0.009309
407.50 P 20260821 -1.00 -1.00 3 274 0.4768 -0.4927 0.009424
410.00 P 20260821 -1.00 -1.00 16 4975 0.4721 -0.5160 0.009453
412.50 P 20260821 -1.00 -1.00 218 270 0.4681 -0.5396 0.009467
415.00 P 20260821 -1.00 -1.00 1 112 0.4683 -0.5627 0.009400
417.50 P 20260821 -1.00 -1.00 56 95 0.4719 -0.5849 0.009268
420.00 P 20260821 -1.00 -1.00 8 4468 0.4692 -0.6089 0.009257
422.50 P 20260821 -1.00 -1.00 12 54 0.4823 -0.6264 0.008910
425.00 P 20260821 -1.00 -1.00 8 74 0.4721 -0.6495 0.008839
427.50 P 20260821 -1.00 -1.00 1 1 0.4782 -0.6668 0.008528
430.00 P 20260821 -1.00 -1.00 4 1589 0.4781 -0.6864 0.008308
435.00 P 20260821 -1.00 -1.00 80 86 0.4708 -0.7296 0.007943
440.00 P 20260821 -1.00 -1.00 5 7148 0.4830 -0.7597 0.007342
445.00 P 20260821 -1.00 -1.00 4 28 0.4611 -0.8011 0.006844
450.00 P 20260821 -1.00 -1.00 1 2388 0.4838 -0.8178 0.006191
455.00 P 20260821 -1.00 -1.00 2 10 0.4852 -0.8463 0.005620
460.00 P 20260821 -1.00 -1.00 5 1659 0.4885 -0.8673 0.005076
465.00 P 20260821 -1.00 -1.00 1 6 0.4832 -0.8893 0.004526
470.00 P 20260821 -1.00 -1.00 1 708 0.4789 -0.9113 0.003952
475.00 P 20260821 -1.00 -1.00 1 6 0.4871 -0.9259 0.003482
480.00 P 20260821 -1.00 -1.00 1 92 0.5377 -0.9149 0.003413
490.00 P 20260821 -1.00 -1.00 2 42 0.5118 -0.9496 0.002513
500.00 P 20260821 -1.00 -1.00 3 0 0.5282 -0.9638 0.001983
510.00 P 20260821 -1.00 -1.00 2 0 0.5647 -0.9683 0.001701
245.00 C 20260807 -1.00 -1.00 -1 0 -1.0000 -1.0000 -1.000000
250.00 C 20260807 -1.00 -1.00 -1 0 -1.0000 -1.0000 -1.000000
255.00 C 20260807 -1.00 -1.00 171 171 -1.0000 -1.0000 -1.000000
260.00 C 20260807 -1.00 -1.00 -1 0 -1.0000 -1.0000 -1.000000
265.00 C 20260807 -1.00 -1.00 -1 0 -1.0000 -1.0000 -1.000000
270.00 C 20260807 -1.00 -1.00 3 3 -1.0000 -1.0000 -1.000000
275.00 C 20260807 -1.00 -1.00 5 172 -1.0000 -1.0000 -1.000000
280.00 C 20260807 -1.00 -1.00 1 422 -1.0000 -1.0000 -1.000000
285.00 C 20260807 -1.00 -1.00 -1 0 -1.0000 -1.0000 -1.000000
290.00 C 20260807 -1.00 -1.00 -1 0 -1.0000 -1.0000 -1.000000
295.00 C 20260807 -1.00 -1.00 -1 0 -1.0000 -1.0000 -1.000000
245.00 P 20260807 -1.00 -1.00 7 480 1.6056 -0.0010 0.000046
250.00 P 20260807 -1.00 -1.00 1 568 1.6356 -0.0020 0.000086
255.00 P 20260807 -1.00 -1.00 32 647 1.5008 -0.0012 0.000062
260.00 P 20260807 -1.00 -1.00 31 330 1.5132 -0.0021 0.000100
265.00 P 20260807 -1.00 -1.00 174 171 1.4896 -0.0026 0.000124
270.00 P 20260807 -1.00 -1.00 410 475 1.2875 -0.0009 0.000055
275.00 P 20260807 -1.00 -1.00 70 343 1.2856 -0.0017 0.000096
280.00 P 20260807 -1.00 -1.00 14 517 1.3170 -0.0030 0.000157
285.00 P 20260807 -1.00 -1.00 36 408 1.1925 -0.0021 0.000126
290.00 P 20260807 -1.00 -1.00 25 262 1.1558 -0.0025 0.000151
295.00 P 20260807 -1.00 -1.00 2 554 1.1197 -0.0029 0.000179
245.00 C 20260814 -1.00 -1.00 10 10 1.0633 0.9975 0.000089
250.00 C 20260814 -1.00 -1.00 24 25 1.1367 0.9945 0.000183
255.00 C 20260814 -1.00 -1.00 24 27 1.0482 0.9960 0.000146
260.00 C 20260814 -1.00 -1.00 28 28 1.1242 0.9915 0.000280
265.00 C 20260814 -1.00 -1.00 2 22 0.0008 0.9997 0.000000
270.00 C 20260814 -1.00 -1.00 10 13 0.8691 0.9972 0.000125
275.00 C 20260814 -1.00 -1.00 4 5 0.8693 0.9963 0.000166
280.00 C 20260814 -1.00 -1.00 4 4 0.8266 0.9963 0.000171
285.00 C 20260814 -1.00 -1.00 4 5 0.8236 0.9943 0.000258
290.00 C 20260814 -1.00 -1.00 1 5 0.8746 0.9896 0.000435
292.50 C 20260814 -1.00 -1.00 -1 0 0.8192 0.9913 0.000392
295.00 C 20260814 -1.00 -1.00 4 2 0.7796 0.9922 0.000371
245.00 P 20260814 -1.00 -1.00 7 183 1.1323 -0.0034 0.000126
250.00 P 20260814 -1.00 -1.00 21 4145 1.0892 -0.0035 0.000135
255.00 P 20260814 -1.00 -1.00 1 383 1.0138 -0.0028 0.000118
260.00 P 20260814 -1.00 -1.00 1 622 1.0015 -0.0036 0.000150
265.00 P 20260814 -1.00 -1.00 2 209 0.9649 -0.0039 0.000168
270.00 P 20260814 -1.00 -1.00 11 583 0.9450 -0.0050 0.000211
275.00 P 20260814 -1.00 -1.00 1 579 0.9532 -0.0073 0.000296
280.00 P 20260814 -1.00 -1.00 93 815 0.8711 -0.0056 0.000255
285.00 P 20260814 -1.00 -1.00 30 122 0.8254 -0.0054 0.000262
290.00 P 20260814 -1.00 -1.00 44 80 0.8191 -0.0073 0.000345
292.50 P 20260814 -1.00 -1.00 -1 0 0.8466 -0.0097 0.000435
295.00 P 20260814 -1.00 -1.00 1 40 0.8292 -0.0101 0.000459
250.00 C 20260821 -1.00 -1.00 2 149 0.9673 0.9913 0.000257
260.00 C 20260821 -1.00 -1.00 6 130 0.9402 0.9874 0.000367
270.00 C 20260821 -1.00 -1.00 1 197 0.8424 0.9889 0.000367
280.00 C 20260821 -1.00 -1.00 1 149 0.8211 0.9830 0.000549
290.00 C 20260821 -1.00 -1.00 10 143 0.7811 0.9787 0.000708
250.00 P 20260821 -1.00 -1.00 1 4386 0.8852 -0.0048 0.000174
260.00 P 20260821 -1.00 -1.00 1 3076 0.8286 -0.0057 0.000214
270.00 P 20260821 -1.00 -1.00 38 3623 0.7806 -0.0070 0.000273
280.00 P 20260821 -1.00 -1.00 10 3506 0.7529 -0.0094 0.000372
290.00 P 20260821 -1.00 -1.00 18 2767 0.7010 -0.0118 0.000485
515.00 C 20260807 -1.00 -1.00 3 175 1.0158 0.0143 0.000824
520.00 C 20260807 -1.00 -1.00 3 305 0.9187 0.0058 0.000408
530.00 C 20260807 -1.00 -1.00 2 168 0.9646 0.0046 0.000317
540.00 C 20260807 -1.00 -1.00 24 104 1.0462 0.0052 0.000327
550.00 C 20260807 -1.00 -1.00 12 871 1.1082 0.0050 0.000297
560.00 C 20260807 -1.00 -1.00 36 144 1.1037 0.0034 0.000208
515.00 P 20260807 -1.00 -1.00 -1 0 1.0955 -0.9774 0.001180
520.00 P 20260807 -1.00 -1.00 1 0 1.2034 -0.9707 0.001321
530.00 P 20260807 -1.00 -1.00 -1 0 1.2558 -0.9741 0.001145
540.00 P 20260807 -1.00 -1.00 12 0 1.2770 -0.9801 0.000911
550.00 P 20260807 -1.00 -1.00 -1 0 1.4460 -0.9719 0.001054
560.00 P 20260807 -1.00 -1.00 12 0 1.3855 -0.9847 0.000688
515.00 C 20260814 -1.00 -1.00 10 53 0.5693 0.0088 0.000584
520.00 C 20260814 -1.00 -1.00 1 72 0.5782 0.0074 0.000490
530.00 C 20260814 -1.00 -1.00 2 62 0.5983 0.0049 0.000333
540.00 C 20260814 -1.00 -1.00 2 47 0.6260 0.0043 0.000285
550.00 C 20260814 -1.00 -1.00 1 25 0.6595 0.0041 0.000259
560.00 C 20260814 -1.00 -1.00 1 58 0.6777 0.0034 0.000209
515.00 P 20260814 -1.00 -1.00 48 0 -1.0000 -1.0000 -1.000000
520.00 P 20260814 -1.00 -1.00 68 0 -1.0000 -1.0000 -1.000000
530.00 P 20260814 -1.00 -1.00 64 0 -1.0000 -1.0000 -1.000000
540.00 P 20260814 -1.00 -1.00 -1 0 0.7876 -0.9819 0.000956
550.00 P 20260814 -1.00 -1.00 2 0 0.8578 -0.9784 0.000986
560.00 P 20260814 -1.00 -1.00 -1 0 0.8737 -0.9833 0.000806
520.00 C 20260821 -1.00 -1.00 20 3885 0.5076 0.0142 0.000791
530.00 C 20260821 -1.00 -1.00 2 1235 0.5124 0.0105 0.000594
540.00 C 20260821 -1.00 -1.00 3 1605 0.5192 0.0071 0.000417
550.00 C 20260821 -1.00 -1.00 15 780 0.5448 0.0063 0.000356
560.00 C 20260821 -1.00 -1.00 8 15782 0.5429 0.0040 0.000236
520.00 P 20260821 -1.00 -1.00 1 0 -1.0000 -1.0000 -1.000000
530.00 P 20260821 -1.00 -1.00 2 0 -1.0000 -1.0000 -1.000000
540.00 P 20260821 -1.00 -1.00 2 0 0.5584 -0.9962 0.000549
550.00 P 20260821 -1.00 -1.00 20 0 0.6099 -0.9940 0.000641
560.00 P 20260821 -1.00 -1.00 1 0 -1.0000 -1.0000 -1.000000
