# opt_chain MSFT | epoch 1785770049 | 2026-08-03 11:14:09 | spot 483.07 | exps 20260803 20260805 20260807 20260810 20260812 20260814 20260817 20260821
# fuente polygon_snapshot_v3 | greeks polygon_directo | iv polygon_directo | oi polygon_directo | vol day.volume(-1 si no cotizo) | bid/ask NO_ENTITLED(-1) | spot_src ibkr_bridge spot_edad_s 140 | band 0.4050 vencimientos 8 exp_hasta 2026-08-21
# strike right exp bid ask vol oi iv delta gamma
355.00 C 20260803 -1.00 -1.00 4 2 -1.0000 -1.0000 -1.000000
357.50 C 20260803 -1.00 -1.00 1 0 3.0862 0.9994 0.000045
360.00 C 20260803 -1.00 -1.00 1 22 3.3809 0.9979 0.000123
362.50 C 20260803 -1.00 -1.00 1 5 -1.0000 -1.0000 -1.000000
365.00 C 20260803 -1.00 -1.00 1 13 -1.0000 -1.0000 -1.000000
367.50 C 20260803 -1.00 -1.00 1 6 -1.0000 -1.0000 -1.000000
370.00 C 20260803 -1.00 -1.00 5 51 -1.0000 -1.0000 -1.000000
372.50 C 20260803 -1.00 -1.00 2 6 -1.0000 -1.0000 -1.000000
375.00 C 20260803 -1.00 -1.00 4 23 2.6142 0.9993 0.000057
377.50 C 20260803 -1.00 -1.00 3 35 -1.0000 -1.0000 -1.000000
380.00 C 20260803 -1.00 -1.00 1 57 -1.0000 -1.0000 -1.000000
382.50 C 20260803 -1.00 -1.00 1 77 -1.0000 -1.0000 -1.000000
385.00 C 20260803 -1.00 -1.00 10 262 2.3544 0.9993 0.000067
387.50 C 20260803 -1.00 -1.00 1 231 -1.0000 -1.0000 -1.000000
390.00 C 20260803 -1.00 -1.00 1 1575 -1.0000 -1.0000 -1.000000
392.50 C 20260803 -1.00 -1.00 17 2236 -1.0000 -1.0000 -1.000000
395.00 C 20260803 -1.00 -1.00 19 587 2.5478 0.9956 0.000331
397.50 C 20260803 -1.00 -1.00 5 1128 -1.0000 -1.0000 -1.000000
400.00 C 20260803 -1.00 -1.00 18 1017 2.2587 0.9971 0.000256
402.50 C 20260803 -1.00 -1.00 35 157 -1.0000 -1.0000 -1.000000
405.00 C 20260803 -1.00 -1.00 27 401 2.2532 0.9951 0.000411
407.50 C 20260803 -1.00 -1.00 5 80 1.7937 0.9992 0.000102
410.00 C 20260803 -1.00 -1.00 28 374 1.7333 0.9991 0.000108
412.50 C 20260803 -1.00 -1.00 16 85 1.6733 0.9991 0.000114
415.00 C 20260803 -1.00 -1.00 19 205 -1.0000 -1.0000 -1.000000
417.50 C 20260803 -1.00 -1.00 10 72 -1.0000 -1.0000 -1.000000
420.00 C 20260803 -1.00 -1.00 34 548 -1.0000 -1.0000 -1.000000
422.50 C 20260803 -1.00 -1.00 32 138 -1.0000 -1.0000 -1.000000
425.00 C 20260803 -1.00 -1.00 36 539 1.7651 0.9914 0.000861
427.50 C 20260803 -1.00 -1.00 12 132 1.8820 0.9833 0.001432
430.00 C 20260803 -1.00 -1.00 37 399 1.9059 0.9775 0.001838
432.50 C 20260803 -1.00 -1.00 56 127 1.4793 0.9928 0.000870
435.00 C 20260803 -1.00 -1.00 602 527 -1.0000 -1.0000 -1.000000
437.50 C 20260803 -1.00 -1.00 16 174 -1.0000 -1.0000 -1.000000
440.00 C 20260803 -1.00 -1.00 26 276 -1.0000 -1.0000 -1.000000
442.50 C 20260803 -1.00 -1.00 18 96 -1.0000 -1.0000 -1.000000
445.00 C 20260803 -1.00 -1.00 38 350 1.4954 0.9649 0.003396
447.50 C 20260803 -1.00 -1.00 6 485 -1.0000 -1.0000 -1.000000
450.00 C 20260803 -1.00 -1.00 117 2335 1.0122 0.9899 0.001747
452.50 C 20260803 -1.00 -1.00 87 3747 -1.0000 -1.0000 -1.000000
455.00 C 20260803 -1.00 -1.00 127 784 -1.0000 -1.0000 -1.000000
457.50 C 20260803 -1.00 -1.00 69 511 -1.0000 -1.0000 -1.000000
460.00 C 20260803 -1.00 -1.00 364 1071 -1.0000 -1.0000 -1.000000
462.50 C 20260803 -1.00 -1.00 214 685 -1.0000 -1.0000 -1.000000
465.00 C 20260803 -1.00 -1.00 532 1531 -1.0000 -1.0000 -1.000000
467.50 C 20260803 -1.00 -1.00 338 1218 0.4870 0.9888 0.003989
470.00 C 20260803 -1.00 -1.00 2935 6000 0.5404 0.9558 0.011288
472.50 C 20260803 -1.00 -1.00 314 500 -1.0000 -1.0000 -1.000000
475.00 C 20260803 -1.00 -1.00 1173 1641 0.4694 0.8925 0.025931
477.50 C 20260803 -1.00 -1.00 658 821 0.4244 0.8354 0.038392
480.00 C 20260803 -1.00 -1.00 6558 1342 0.3883 0.7391 0.055234
482.50 C 20260803 -1.00 -1.00 4019 449 0.3774 0.5878 0.067984
485.00 C 20260803 -1.00 -1.00 9881 621 0.3797 0.4171 0.067763
487.50 C 20260803 -1.00 -1.00 13799 158 0.3879 0.2658 0.055821
490.00 C 20260803 -1.00 -1.00 41116 428 0.4001 0.1552 0.039319
492.50 C 20260803 -1.00 -1.00 17752 214 0.4157 0.0861 0.024809
495.00 C 20260803 -1.00 -1.00 13257 24 0.4367 0.0478 0.014891
497.50 C 20260803 -1.00 -1.00 8174 48 0.4593 0.0258 0.008576
500.00 C 20260803 -1.00 -1.00 18849 1682 0.4941 0.0163 0.005348
502.50 C 20260803 -1.00 -1.00 3293 9 0.5306 0.0106 0.003473
505.00 C 20260803 -1.00 -1.00 6154 134 0.5736 0.0083 0.002571
510.00 C 20260803 -1.00 -1.00 1572 57 0.6880 0.0071 0.001845
515.00 C 20260803 -1.00 -1.00 557 23 0.7868 0.0051 0.001220
520.00 C 20260803 -1.00 -1.00 3037 3 0.8681 0.0036 0.000810
525.00 C 20260803 -1.00 -1.00 944 107 1.0817 0.0080 0.001315
355.00 P 20260803 -1.00 -1.00 2 309 5.0237 -0.0203 0.000639
357.50 P 20260803 -1.00 -1.00 6 104 3.8336 -0.0046 0.000226
360.00 P 20260803 -1.00 -1.00 6 832 3.3019 -0.0016 0.000101
362.50 P 20260803 -1.00 -1.00 8 74 3.1818 -0.0014 0.000090
365.00 P 20260803 -1.00 -1.00 13 164 3.2045 -0.0020 0.000125
367.50 P 20260803 -1.00 -1.00 1 54 3.0384 -0.0014 0.000098
370.00 P 20260803 -1.00 -1.00 7 753 3.1085 -0.0023 0.000151
372.50 P 20260803 -1.00 -1.00 5 56 3.2250 -0.0035 0.000212
375.00 P 20260803 -1.00 -1.00 2 227 2.8737 -0.0018 0.000131
377.50 P 20260803 -1.00 -1.00 12 107 2.9902 -0.0031 0.000204
380.00 P 20260803 -1.00 -1.00 10 281 4.2511 -0.0291 0.001030
382.50 P 20260803 -1.00 -1.00 5 1309 3.1203 -0.0069 0.000401
385.00 P 20260803 -1.00 -1.00 8 226 2.7821 -0.0033 0.000235
387.50 P 20260803 -1.00 -1.00 4 250 3.0501 -0.0085 0.000496
390.00 P 20260803 -1.00 -1.00 198 474 2.4166 -0.0018 0.000150
392.50 P 20260803 -1.00 -1.00 12 292 2.3954 -0.0022 0.000184
395.00 P 20260803 -1.00 -1.00 30 2715 2.3289 -0.0022 0.000195
397.50 P 20260803 -1.00 -1.00 32 212 2.8299 -0.0107 0.000660
400.00 P 20260803 -1.00 -1.00 85 4157 2.2422 -0.0028 0.000246
402.50 P 20260803 -1.00 -1.00 18 25 2.3041 -0.0043 0.000359
405.00 P 20260803 -1.00 -1.00 151 186 2.0668 -0.0025 0.000244
407.50 P 20260803 -1.00 -1.00 3 22 2.1756 -0.0050 0.000427
410.00 P 20260803 -1.00 -1.00 81 472 1.8935 -0.0022 0.000236
412.50 P 20260803 -1.00 -1.00 83 118 2.0326 -0.0053 0.000483
415.00 P 20260803 -1.00 -1.00 24 262 1.9617 -0.0054 0.000515
417.50 P 20260803 -1.00 -1.00 13 44 2.1626 -0.0128 0.001003
420.00 P 20260803 -1.00 -1.00 47 650 1.7298 -0.0036 0.000404
422.50 P 20260803 -1.00 -1.00 22 199 2.0038 -0.0137 0.001145
425.00 P 20260803 -1.00 -1.00 233 765 1.4739 -0.0021 0.000295
427.50 P 20260803 -1.00 -1.00 20 134 1.7726 -0.0109 0.001073
430.00 P 20260803 -1.00 -1.00 434 1662 1.3519 -0.0023 0.000347
432.50 P 20260803 -1.00 -1.00 19 398 1.4614 -0.0066 0.000815
435.00 P 20260803 -1.00 -1.00 36 517 1.2313 -0.0025 0.000414
437.50 P 20260803 -1.00 -1.00 51 583 1.1715 -0.0027 0.000455
440.00 P 20260803 -1.00 -1.00 628 2263 1.1552 -0.0036 0.000605
442.50 P 20260803 -1.00 -1.00 50 582 1.1154 -0.0045 0.000768
445.00 P 20260803 -1.00 -1.00 289 2048 0.9942 -0.0031 0.000621
447.50 P 20260803 -1.00 -1.00 816 1153 0.9357 -0.0033 0.000697
450.00 P 20260803 -1.00 -1.00 1079 2015 0.8776 -0.0035 0.000788
452.50 P 20260803 -1.00 -1.00 181 962 0.8199 -0.0038 0.000898
455.00 P 20260803 -1.00 -1.00 562 1919 0.7592 -0.0040 0.001033
457.50 P 20260803 -1.00 -1.00 312 912 0.7723 -0.0097 0.002199
460.00 P 20260803 -1.00 -1.00 2069 1467 0.6625 -0.0072 0.001959
462.50 P 20260803 -1.00 -1.00 572 528 0.6451 -0.0115 0.003085
465.00 P 20260803 -1.00 -1.00 1592 899 0.5817 -0.0139 0.003999
467.50 P 20260803 -1.00 -1.00 1399 99 0.5497 -0.0231 0.006515
470.00 P 20260803 -1.00 -1.00 4402 518 0.5149 -0.0358 0.010034
472.50 P 20260803 -1.00 -1.00 1755 42 0.4759 -0.0567 0.015766
475.00 P 20260803 -1.00 -1.00 6571 30 0.4435 -0.0951 0.025010
477.50 P 20260803 -1.00 -1.00 4723 7 0.4172 -0.1602 0.038418
480.00 P 20260803 -1.00 -1.00 13945 3 0.4055 -0.2701 0.053757
482.50 P 20260803 -1.00 -1.00 6560 3 0.3965 -0.4163 0.064861
485.00 P 20260803 -1.00 -1.00 11295 11 0.3971 -0.5793 0.064947
487.50 P 20260803 -1.00 -1.00 5978 7 0.4029 -0.7262 0.054530
490.00 P 20260803 -1.00 -1.00 3428 0 0.4476 -0.8161 0.039135
492.50 P 20260803 -1.00 -1.00 252 0 0.5122 -0.8681 0.027885
495.00 P 20260803 -1.00 -1.00 365 0 0.5112 -0.9245 0.018499
497.50 P 20260803 -1.00 -1.00 43 0 0.5969 -0.9336 0.014421
500.00 P 20260803 -1.00 -1.00 379 0 0.8097 -0.8999 0.014254
502.50 P 20260803 -1.00 -1.00 8 0 -1.0000 -1.0000 -1.000000
505.00 P 20260803 -1.00 -1.00 101 0 -1.0000 -1.0000 -1.000000
510.00 P 20260803 -1.00 -1.00 71 0 0.9071 -0.9694 0.005097
515.00 P 20260803 -1.00 -1.00 -1 0 -1.0000 -1.0000 -1.000000
520.00 P 20260803 -1.00 -1.00 1 0 1.2847 -0.9630 0.004153
525.00 P 20260803 -1.00 -1.00 91 0 1.4300 -0.9661 0.003493
355.00 C 20260805 -1.00 -1.00 5 10 -1.0000 -1.0000 -1.000000
357.50 C 20260805 -1.00 -1.00 10 10 -1.0000 -1.0000 -1.000000
360.00 C 20260805 -1.00 -1.00 10 14 -1.0000 -1.0000 -1.000000
362.50 C 20260805 -1.00 -1.00 10 10 -1.0000 -1.0000 -1.000000
365.00 C 20260805 -1.00 -1.00 10 16 0.0004 0.9999 -0.000000
367.50 C 20260805 -1.00 -1.00 -1 0 -1.0000 -1.0000 -1.000000
370.00 C 20260805 -1.00 -1.00 5 24 -1.0000 -1.0000 -1.000000
372.50 C 20260805 -1.00 -1.00 2 1 1.0513 0.9993 0.000054
375.00 C 20260805 -1.00 -1.00 1 7 -1.0000 -1.0000 -1.000000
377.50 C 20260805 -1.00 -1.00 1 16 -1.0000 -1.0000 -1.000000
380.00 C 20260805 -1.00 -1.00 1 22 -1.0000 -1.0000 -1.000000
382.50 C 20260805 -1.00 -1.00 5 82 -1.0000 -1.0000 -1.000000
385.00 C 20260805 -1.00 -1.00 2 68 -1.0000 -1.0000 -1.000000
387.50 C 20260805 -1.00 -1.00 11 199 -1.0000 -1.0000 -1.000000
390.00 C 20260805 -1.00 -1.00 10 136 -1.0000 -1.0000 -1.000000
392.50 C 20260805 -1.00 -1.00 2 308 -1.0000 -1.0000 -1.000000
395.00 C 20260805 -1.00 -1.00 10 482 -1.0000 -1.0000 -1.000000
397.50 C 20260805 -1.00 -1.00 18 198 -1.0000 -1.0000 -1.000000
400.00 C 20260805 -1.00 -1.00 20 127 -1.0000 -1.0000 -1.000000
402.50 C 20260805 -1.00 -1.00 11 28 -1.0000 -1.0000 -1.000000
405.00 C 20260805 -1.00 -1.00 10 43 -1.0000 -1.0000 -1.000000
407.50 C 20260805 -1.00 -1.00 2 18 -1.0000 -1.0000 -1.000000
410.00 C 20260805 -1.00 -1.00 11 91 0.0004 0.9999 0.000000
412.50 C 20260805 -1.00 -1.00 19 27 -1.0000 -1.0000 -1.000000
415.00 C 20260805 -1.00 -1.00 4 106 -1.0000 -1.0000 -1.000000
417.50 C 20260805 -1.00 -1.00 10 7 -1.0000 -1.0000 -1.000000
420.00 C 20260805 -1.00 -1.00 30 73 -1.0000 -1.0000 -1.000000
422.50 C 20260805 -1.00 -1.00 10 95 -1.0000 -1.0000 -1.000000
425.00 C 20260805 -1.00 -1.00 25 296 -1.0000 -1.0000 -1.000000
427.50 C 20260805 -1.00 -1.00 12 57 0.0004 0.9999 0.000000
430.00 C 20260805 -1.00 -1.00 25 1187 -1.0000 -1.0000 -1.000000
432.50 C 20260805 -1.00 -1.00 11 40 -1.0000 -1.0000 -1.000000
435.00 C 20260805 -1.00 -1.00 19 109 0.0004 0.9999 -0.000000
437.50 C 20260805 -1.00 -1.00 12 100 -1.0000 -1.0000 -1.000000
440.00 C 20260805 -1.00 -1.00 24 153 -1.0000 -1.0000 -1.000000
442.50 C 20260805 -1.00 -1.00 26 125 0.0004 0.9999 0.000000
445.00 C 20260805 -1.00 -1.00 30 210 0.5614 0.9720 0.002971
447.50 C 20260805 -1.00 -1.00 21 275 0.4364 0.9891 0.001698
450.00 C 20260805 -1.00 -1.00 55 1223 0.5363 0.9562 0.004438
452.50 C 20260805 -1.00 -1.00 36 242 -1.0000 -1.0000 -1.000000
455.00 C 20260805 -1.00 -1.00 63 441 0.0004 0.9999 0.000000
457.50 C 20260805 -1.00 -1.00 70 324 0.3491 0.9784 0.003791
460.00 C 20260805 -1.00 -1.00 137 492 0.3965 0.9461 0.007124
462.50 C 20260805 -1.00 -1.00 52 545 0.4125 0.9161 0.009626
465.00 C 20260805 -1.00 -1.00 177 552 0.3742 0.9090 0.011268
467.50 C 20260805 -1.00 -1.00 86 822 0.3846 0.8731 0.014179
470.00 C 20260805 -1.00 -1.00 1065 2316 0.4068 0.8161 0.016909
472.50 C 20260805 -1.00 -1.00 291 1628 0.3935 0.7802 0.019746
475.00 C 20260805 -1.00 -1.00 432 382 0.3920 0.7251 0.022022
477.50 C 20260805 -1.00 -1.00 158 367 0.3927 0.6678 0.024182
480.00 C 20260805 -1.00 -1.00 2061 2598 0.3772 0.6090 0.026417
482.50 C 20260805 -1.00 -1.00 492 223 0.3753 0.5417 0.027516
485.00 C 20260805 -1.00 -1.00 1450 255 0.3794 0.4744 0.027309
487.50 C 20260805 -1.00 -1.00 1101 197 0.3768 0.4069 0.026725
490.00 C 20260805 -1.00 -1.00 4330 1183 0.3835 0.3453 0.025109
492.50 C 20260805 -1.00 -1.00 827 164 0.3841 0.2880 0.022983
495.00 C 20260805 -1.00 -1.00 2391 440 0.3919 0.2357 0.020658
497.50 C 20260805 -1.00 -1.00 397 126 0.3906 0.1919 0.018073
500.00 C 20260805 -1.00 -1.00 4220 181 0.3972 0.1536 0.015486
505.00 C 20260805 -1.00 -1.00 758 34 0.4078 0.0982 0.010937
510.00 C 20260805 -1.00 -1.00 1777 13 0.4311 0.0643 0.007574
515.00 C 20260805 -1.00 -1.00 708 1 0.4627 0.0477 0.005509
520.00 C 20260805 -1.00 -1.00 1193 2 0.4951 0.0337 0.003929
525.00 C 20260805 -1.00 -1.00 871 261 0.5164 0.0248 0.002884
355.00 P 20260805 -1.00 -1.00 32 133 2.4932 -0.0487 0.001050
357.50 P 20260805 -1.00 -1.00 4 7 1.4863 -0.0039 0.000201
360.00 P 20260805 -1.00 -1.00 1 153 1.7532 -0.0142 0.000529
362.50 P 20260805 -1.00 -1.00 2 88 1.8536 -0.0211 0.000704
365.00 P 20260805 -1.00 -1.00 1 120 1.4581 -0.0063 0.000312
367.50 P 20260805 -1.00 -1.00 3 56 1.5886 -0.0120 0.000507
370.00 P 20260805 -1.00 -1.00 6 315 1.2035 -0.0020 0.000136
372.50 P 20260805 -1.00 -1.00 7 26 1.4642 -0.0098 0.000464
375.00 P 20260805 -1.00 -1.00 64 211 1.2518 -0.0041 0.000245
377.50 P 20260805 -1.00 -1.00 1 51 1.3747 -0.0095 0.000477
380.00 P 20260805 -1.00 -1.00 3 110 1.2572 -0.0068 0.000383
382.50 P 20260805 -1.00 -1.00 2 34 1.2334 -0.0072 0.000412
385.00 P 20260805 -1.00 -1.00 6 132 1.2494 -0.0090 0.000501
387.50 P 20260805 -1.00 -1.00 204 51 1.1466 -0.0065 0.000405
390.00 P 20260805 -1.00 -1.00 3 476 1.1890 -0.0094 0.000550
392.50 P 20260805 -1.00 -1.00 32 196 1.0806 -0.0065 0.000433
395.00 P 20260805 -1.00 -1.00 112 271 0.9989 -0.0043 0.000323
397.50 P 20260805 -1.00 -1.00 16 47 1.1550 -0.0143 0.000804
400.00 P 20260805 -1.00 -1.00 196 161 0.8282 -0.0015 0.000152
402.50 P 20260805 -1.00 -1.00 11 160 1.0587 -0.0123 0.000777
405.00 P 20260805 -1.00 -1.00 6 57 1.1200 -0.0209 0.001151
407.50 P 20260805 -1.00 -1.00 8 9 0.9518 -0.0099 0.000718
410.00 P 20260805 -1.00 -1.00 2 163 0.9508 -0.0123 0.000863
412.50 P 20260805 -1.00 -1.00 87 140 0.9463 -0.0155 0.001054
415.00 P 20260805 -1.00 -1.00 1 178 0.9582 -0.0204 0.001318
417.50 P 20260805 -1.00 -1.00 52 140 0.7437 -0.0056 0.000550
420.00 P 20260805 -1.00 -1.00 56 384 0.7098 -0.0054 0.000554
422.50 P 20260805 -1.00 -1.00 64 176 0.6952 -0.0065 0.000667
425.00 P 20260805 -1.00 -1.00 56 510 0.6743 -0.0072 0.000754
427.50 P 20260805 -1.00 -1.00 18 105 0.6724 -0.0093 0.000953
430.00 P 20260805 -1.00 -1.00 181 642 0.6141 -0.0073 0.000838
432.50 P 20260805 -1.00 -1.00 17 209 0.5623 -0.0055 0.000707
435.00 P 20260805 -1.00 -1.00 34 313 0.5671 -0.0085 0.001040
437.50 P 20260805 -1.00 -1.00 38 86 0.5656 -0.0109 0.001321
440.00 P 20260805 -1.00 -1.00 513 429 0.5487 -0.0135 0.001619
442.50 P 20260805 -1.00 -1.00 35 138 0.5085 -0.0120 0.001592
445.00 P 20260805 -1.00 -1.00 208 716 0.4950 -0.0160 0.002069
447.50 P 20260805 -1.00 -1.00 167 321 0.4789 -0.0197 0.002552
450.00 P 20260805 -1.00 -1.00 2123 2170 0.4932 -0.0296 0.003554
452.50 P 20260805 -1.00 -1.00 88 258 0.4768 -0.0376 0.004423
455.00 P 20260805 -1.00 -1.00 266 563 0.4736 -0.0507 0.005672
457.50 P 20260805 -1.00 -1.00 123 113 0.4536 -0.0585 0.006688
460.00 P 20260805 -1.00 -1.00 858 465 0.4409 -0.0726 0.008125
462.50 P 20260805 -1.00 -1.00 365 336 0.4250 -0.0906 0.009898
465.00 P 20260805 -1.00 -1.00 1080 237 0.4159 -0.1134 0.012004
467.50 P 20260805 -1.00 -1.00 211 9 0.4082 -0.1426 0.014356
470.00 P 20260805 -1.00 -1.00 3783 29 0.3934 -0.1762 0.017015
472.50 P 20260805 -1.00 -1.00 2044 16 0.3989 -0.2225 0.019661
475.00 P 20260805 -1.00 -1.00 1183 20 0.3893 -0.2738 0.022144
477.50 P 20260805 -1.00 -1.00 415 3 0.3976 -0.3341 0.023976
480.00 P 20260805 -1.00 -1.00 1342 5 0.3912 -0.3948 0.025551
482.50 P 20260805 -1.00 -1.00 660 1 0.3876 -0.4596 0.026691
485.00 P 20260805 -1.00 -1.00 1951 0 0.3883 -0.5252 0.026729
487.50 P 20260805 -1.00 -1.00 908 5 0.3841 -0.5917 0.026286
490.00 P 20260805 -1.00 -1.00 941 10 0.3824 -0.6559 0.025213
492.50 P 20260805 -1.00 -1.00 135 0 0.3804 -0.7148 0.023187
495.00 P 20260805 -1.00 -1.00 319 1 0.3638 -0.7861 0.020983
497.50 P 20260805 -1.00 -1.00 97 1 0.3705 -0.8278 0.017951
500.00 P 20260805 -1.00 -1.00 110 2 0.3889 -0.8588 0.015218
505.00 P 20260805 -1.00 -1.00 13 0 0.4228 -0.8978 0.011042
510.00 P 20260805 -1.00 -1.00 4 0 0.3487 -0.9746 0.004873
515.00 P 20260805 -1.00 -1.00 1 0 -1.0000 -1.0000 -1.000000
520.00 P 20260805 -1.00 -1.00 3 0 0.4980 -0.9685 0.003928
525.00 P 20260805 -1.00 -1.00 4 0 -1.0000 -1.0000 -1.000000
355.00 C 20260807 -1.00 -1.00 3 144 1.3124 0.9882 0.000439
357.50 C 20260807 -1.00 -1.00 -1 0 1.2738 0.9888 0.000434
360.00 C 20260807 -1.00 -1.00 2 260 1.2786 0.9863 0.000512
362.50 C 20260807 -1.00 -1.00 3 3 1.1914 0.9901 0.000419
365.00 C 20260807 -1.00 -1.00 5 605 1.1163 0.9918 0.000376
367.50 C 20260807 -1.00 -1.00 3 6 1.0917 0.9917 0.000390
370.00 C 20260807 -1.00 -1.00 11 427 1.1166 0.9896 0.000467
372.50 C 20260807 -1.00 -1.00 3 28 1.1219 0.9868 0.000568
375.00 C 20260807 -1.00 -1.00 4 360 1.1802 0.9799 0.000775
377.50 C 20260807 -1.00 -1.00 1 29 1.0691 0.9863 0.000615
380.00 C 20260807 -1.00 -1.00 23 417 1.0956 0.9816 0.000774
382.50 C 20260807 -1.00 -1.00 2 164 1.1894 0.9713 0.001051
385.00 C 20260807 -1.00 -1.00 4 502 0.9238 0.9906 0.000513
387.50 C 20260807 -1.00 -1.00 1 312 0.9761 0.9841 0.000762
390.00 C 20260807 -1.00 -1.00 32 3061 0.9922 0.9800 0.000920
392.50 C 20260807 -1.00 -1.00 2 347 1.0777 0.9680 0.001263
395.00 C 20260807 -1.00 -1.00 6 943 0.9621 0.9772 0.001065
397.50 C 20260807 -1.00 -1.00 14 248 0.9370 0.9766 0.001117
400.00 C 20260807 -1.00 -1.00 35 3244 0.8812 0.9791 0.001076
402.50 C 20260807 -1.00 -1.00 11 116 0.8769 0.9765 0.001199
405.00 C 20260807 -1.00 -1.00 22 465 0.8828 0.9729 0.001354
407.50 C 20260807 -1.00 -1.00 36 125 0.8277 0.9753 0.001329
410.00 C 20260807 -1.00 -1.00 45 652 0.8135 0.9736 0.001437
412.50 C 20260807 -1.00 -1.00 7 551 0.8022 0.9707 0.001585
415.00 C 20260807 -1.00 -1.00 16 1392 0.8153 0.9618 0.001924
417.50 C 20260807 -1.00 -1.00 30 62 0.6910 0.9774 0.001468
420.00 C 20260807 -1.00 -1.00 97 2647 0.7211 0.9681 0.001884
422.50 C 20260807 -1.00 -1.00 1 74 0.4953 0.9948 0.000554
425.00 C 20260807 -1.00 -1.00 184 2031 0.6629 0.9673 0.002090
427.50 C 20260807 -1.00 -1.00 11 155 0.5002 0.9900 0.001003
430.00 C 20260807 -1.00 -1.00 172 4019 0.6350 0.9586 0.002633
432.50 C 20260807 -1.00 -1.00 5 145 0.4354 0.9918 0.000960
435.00 C 20260807 -1.00 -1.00 38 987 0.5977 0.9516 0.003183
437.50 C 20260807 -1.00 -1.00 20 149 0.5129 0.9671 0.002717
440.00 C 20260807 -1.00 -1.00 145 2320 0.5956 0.9342 0.004127
442.50 C 20260807 -1.00 -1.00 33 355 0.4570 0.9660 0.003130
445.00 C 20260807 -1.00 -1.00 112 579 0.4318 0.9644 0.003435
447.50 C 20260807 -1.00 -1.00 77 318 0.4842 0.9358 0.004995
450.00 C 20260807 -1.00 -1.00 473 2959 0.4303 0.9419 0.005157
452.50 C 20260807 -1.00 -1.00 185 967 0.4175 0.9337 0.005922
455.00 C 20260807 -1.00 -1.00 161 3925 0.4389 0.9025 0.007452
457.50 C 20260807 -1.00 -1.00 57 2015 0.4184 0.8925 0.008427
460.00 C 20260807 -1.00 -1.00 877 3560 0.4222 0.8690 0.009697
462.50 C 20260807 -1.00 -1.00 102 980 0.4304 0.8343 0.010998
465.00 C 20260807 -1.00 -1.00 381 1942 0.4092 0.8156 0.012409
467.50 C 20260807 -1.00 -1.00 379 1577 0.3991 0.7894 0.013931
470.00 C 20260807 -1.00 -1.00 2488 10375 0.3918 0.7551 0.015359
472.50 C 20260807 -1.00 -1.00 1595 2195 0.3825 0.7174 0.016847
475.00 C 20260807 -1.00 -1.00 590 2539 0.3828 0.6741 0.018101
477.50 C 20260807 -1.00 -1.00 188 907 0.3729 0.6308 0.019432
480.00 C 20260807 -1.00 -1.00 4377 5005 0.3701 0.5810 0.020129
482.50 C 20260807 -1.00 -1.00 570 761 0.3698 0.5304 0.020710
485.00 C 20260807 -1.00 -1.00 2230 1310 0.3719 0.4801 0.020551
490.00 C 20260807 -1.00 -1.00 4195 1839 0.3714 0.3795 0.019759
495.00 C 20260807 -1.00 -1.00 1442 863 0.3690 0.2889 0.017648
500.00 C 20260807 -1.00 -1.00 11977 2653 0.3766 0.2142 0.014827
505.00 C 20260807 -1.00 -1.00 2511 311 0.3833 0.1537 0.011831
510.00 C 20260807 -1.00 -1.00 2254 588 0.3866 0.1078 0.009107
515.00 C 20260807 -1.00 -1.00 847 329 0.3983 0.0736 0.006737
520.00 C 20260807 -1.00 -1.00 1578 415 0.4019 0.0508 0.004914
525.00 C 20260807 -1.00 -1.00 682 327 0.4175 0.0350 0.003534
530.00 C 20260807 -1.00 -1.00 972 129 0.4196 0.0232 0.002469
535.00 C 20260807 -1.00 -1.00 489 356 0.4310 0.0153 0.001690
540.00 C 20260807 -1.00 -1.00 1433 288 0.4326 0.0096 0.001116
545.00 C 20260807 -1.00 -1.00 280 896 0.4474 0.0070 0.000812
550.00 C 20260807 -1.00 -1.00 237 20 0.4523 0.0040 0.000495
560.00 C 20260807 -1.00 -1.00 741 51 0.4842 0.0026 0.000304
570.00 C 20260807 -1.00 -1.00 2 0 -1.0000 -1.0000 -1.000000
580.00 C 20260807 -1.00 -1.00 -1 0 0.8580 0.0279 0.001414
590.00 C 20260807 -1.00 -1.00 -1 0 -1.0000 -1.0000 -1.000000
600.00 C 20260807 -1.00 -1.00 53 0 0.6899 0.0019 0.000159
610.00 C 20260807 -1.00 -1.00 -1 0 -1.0000 -1.0000 -1.000000
355.00 P 20260807 -1.00 -1.00 90 963 1.0104 -0.0018 0.000106
357.50 P 20260807 -1.00 -1.00 1 74 1.0030 -0.0021 0.000123
360.00 P 20260807 -1.00 -1.00 68 798 0.9261 -0.0010 0.000071
362.50 P 20260807 -1.00 -1.00 22 32 1.0350 -0.0037 0.000200
365.00 P 20260807 -1.00 -1.00 18 1597 0.9259 -0.0020 0.000125
367.50 P 20260807 -1.00 -1.00 2 85 1.1434 -0.0102 0.000452
370.00 P 20260807 -1.00 -1.00 136 1856 0.8709 -0.0018 0.000120
372.50 P 20260807 -1.00 -1.00 1 92 0.9823 -0.0059 0.000319
375.00 P 20260807 -1.00 -1.00 2 521 0.8983 -0.0033 0.000210
377.50 P 20260807 -1.00 -1.00 1 85 1.0058 -0.0093 0.000471
380.00 P 20260807 -1.00 -1.00 45 6634 0.7900 -0.0019 0.000144
382.50 P 20260807 -1.00 -1.00 4 120 0.8869 -0.0062 0.000370
385.00 P 20260807 -1.00 -1.00 21 554 0.8646 -0.0063 0.000387
387.50 P 20260807 -1.00 -1.00 3 142 0.8474 -0.0068 0.000419
390.00 P 20260807 -1.00 -1.00 25 1370 0.7113 -0.0021 0.000176
392.50 P 20260807 -1.00 -1.00 62 196 0.6786 -0.0018 0.000158
395.00 P 20260807 -1.00 -1.00 10 1107 0.6860 -0.0026 0.000221
397.50 P 20260807 -1.00 -1.00 13 94 0.7411 -0.0063 0.000450
400.00 P 20260807 -1.00 -1.00 300 1862 0.6743 -0.0035 0.000297
402.50 P 20260807 -1.00 -1.00 2 158 0.6938 -0.0064 0.000484
405.00 P 20260807 -1.00 -1.00 51 1048 0.6536 -0.0052 0.000428
407.50 P 20260807 -1.00 -1.00 3 257 0.6518 -0.0067 0.000543
410.00 P 20260807 -1.00 -1.00 122 2204 0.6073 -0.0051 0.000456
412.50 P 20260807 -1.00 -1.00 11 168 0.6009 -0.0064 0.000564
415.00 P 20260807 -1.00 -1.00 62 3770 0.5992 -0.0082 0.000701
417.50 P 20260807 -1.00 -1.00 19 268 0.5694 -0.0077 0.000697
420.00 P 20260807 -1.00 -1.00 220 1644 0.5632 -0.0091 0.000825
422.50 P 20260807 -1.00 -1.00 49 1536 0.5242 -0.0078 0.000770
425.00 P 20260807 -1.00 -1.00 229 1431 0.5369 -0.0110 0.001028
427.50 P 20260807 -1.00 -1.00 19 3244 0.5766 -0.0223 0.001747
430.00 P 20260807 -1.00 -1.00 264 1922 0.5143 -0.0162 0.001479
432.50 P 20260807 -1.00 -1.00 31 265 0.5019 -0.0188 0.001722
435.00 P 20260807 -1.00 -1.00 168 928 0.4915 -0.0219 0.002010
437.50 P 20260807 -1.00 -1.00 152 323 0.4871 -0.0262 0.002383
440.00 P 20260807 -1.00 -1.00 698 2669 0.4709 -0.0285 0.002658
442.50 P 20260807 -1.00 -1.00 147 1956 0.4540 -0.0328 0.003072
445.00 P 20260807 -1.00 -1.00 312 916 0.4426 -0.0397 0.003658
447.50 P 20260807 -1.00 -1.00 209 633 0.4323 -0.0472 0.004319
450.00 P 20260807 -1.00 -1.00 1904 2924 0.4240 -0.0559 0.005069
452.50 P 20260807 -1.00 -1.00 330 369 0.4179 -0.0665 0.005937
455.00 P 20260807 -1.00 -1.00 449 1161 0.4042 -0.0793 0.006951
457.50 P 20260807 -1.00 -1.00 624 651 0.3939 -0.0949 0.008143
460.00 P 20260807 -1.00 -1.00 1627 1045 0.3899 -0.1144 0.009508
462.50 P 20260807 -1.00 -1.00 385 240 0.3834 -0.1366 0.010961
465.00 P 20260807 -1.00 -1.00 765 260 0.3738 -0.1636 0.012571
467.50 P 20260807 -1.00 -1.00 103 25 0.3675 -0.1939 0.014303
470.00 P 20260807 -1.00 -1.00 3734 419 0.3677 -0.2308 0.015953
472.50 P 20260807 -1.00 -1.00 484 47 0.3629 -0.2731 0.017475
475.00 P 20260807 -1.00 -1.00 2099 25 0.3621 -0.3181 0.018919
477.50 P 20260807 -1.00 -1.00 566 11 0.3631 -0.3666 0.019956
480.00 P 20260807 -1.00 -1.00 2244 72 0.3544 -0.4166 0.021027
482.50 P 20260807 -1.00 -1.00 786 1 0.3614 -0.4698 0.021235
485.00 P 20260807 -1.00 -1.00 8738 13 0.3562 -0.5223 0.021494
490.00 P 20260807 -1.00 -1.00 1116 11 0.3617 -0.6252 0.020321
495.00 P 20260807 -1.00 -1.00 111 0 0.3577 -0.7190 0.018086
500.00 P 20260807 -1.00 -1.00 100 19 0.3510 -0.8039 0.015185
505.00 P 20260807 -1.00 -1.00 5 0 0.3671 -0.8611 0.011841
510.00 P 20260807 -1.00 -1.00 11 3 0.3590 -0.9127 0.008689
515.00 P 20260807 -1.00 -1.00 2 0 0.3213 -0.9687 0.004800
520.00 P 20260807 -1.00 -1.00 7 1 -1.0000 -1.0000 -1.000000
525.00 P 20260807 -1.00 -1.00 7 0 -1.0000 -1.0000 -1.000000
530.00 P 20260807 -1.00 -1.00 1 1 -1.0000 -1.0000 -1.000000
535.00 P 20260807 -1.00 -1.00 -1 0 -1.0000 -1.0000 -1.000000
540.00 P 20260807 -1.00 -1.00 17 0 -1.0000 -1.0000 -1.000000
545.00 P 20260807 -1.00 -1.00 1 0 0.4728 -0.9934 0.001125
550.00 P 20260807 -1.00 -1.00 1 0 -1.0000 -1.0000 -1.000000
560.00 P 20260807 -1.00 -1.00 -1 0 -1.0000 -1.0000 -1.000000
570.00 P 20260807 -1.00 -1.00 -1 0 -1.0000 -1.0000 -1.000000
580.00 P 20260807 -1.00 -1.00 -1 0 -1.0000 -1.0000 -1.000000
590.00 P 20260807 -1.00 -1.00 -1 0 -1.0000 -1.0000 -1.000000
600.00 P 20260807 -1.00 -1.00 -1 0 -1.0000 -1.0000 -1.000000
610.00 P 20260807 -1.00 -1.00 -1 0 -1.0000 -1.0000 -1.000000
355.00 C 20260810 -1.00 -1.00 1 114 0.7755 0.9981 0.000103
357.50 C 20260810 -1.00 -1.00 2 1 0.8428 0.9958 0.000205
360.00 C 20260810 -1.00 -1.00 1 14 1.0278 0.9825 0.000604
362.50 C 20260810 -1.00 -1.00 16 16 0.8425 0.9937 0.000298
365.00 C 20260810 -1.00 -1.00 1 3 0.6948 0.9984 0.000098
367.50 C 20260810 -1.00 -1.00 -1 0 0.8421 0.9915 0.000391
370.00 C 20260810 -1.00 -1.00 22 21 0.8849 0.9869 0.000547
372.50 C 20260810 -1.00 -1.00 1 1 0.6886 0.9971 0.000176
375.00 C 20260810 -1.00 -1.00 -1 0 0.7077 0.9958 0.000244
377.50 C 20260810 -1.00 -1.00 2 1 0.6496 0.9972 0.000180
380.00 C 20260810 -1.00 -1.00 5 40 0.6702 0.9958 0.000257
382.50 C 20260810 -1.00 -1.00 2 6 0.6517 0.9958 0.000263
385.00 C 20260810 -1.00 -1.00 30 14 0.6522 0.9944 0.000341
387.50 C 20260810 -1.00 -1.00 2 8 0.6905 0.9906 0.000525
390.00 C 20260810 -1.00 -1.00 2 797 0.6533 0.9917 0.000494
392.50 C 20260810 -1.00 -1.00 3 8 0.6163 0.9929 0.000451
395.00 C 20260810 -1.00 -1.00 45 38 0.6170 0.9915 0.000536
397.50 C 20260810 -1.00 -1.00 1 16 0.4982 0.9977 0.000191
400.00 C 20260810 -1.00 -1.00 10 399 0.5997 0.9898 0.000650
402.50 C 20260810 -1.00 -1.00 1 13 0.5938 0.9883 0.000741
405.00 C 20260810 -1.00 -1.00 3 265 0.5827 0.9868 0.000838
407.50 C 20260810 -1.00 -1.00 1 5 0.5466 0.9893 0.000749
410.00 C 20260810 -1.00 -1.00 4 218 0.5108 0.9906 0.000706
412.50 C 20260810 -1.00 -1.00 1 28 0.5107 0.9889 0.000829
415.00 C 20260810 -1.00 -1.00 3 45 0.5157 0.9841 0.001108
417.50 C 20260810 -1.00 -1.00 2 2 0.5129 0.9808 0.001314
420.00 C 20260810 -1.00 -1.00 2 83 0.4556 0.9882 0.000979
422.50 C 20260810 -1.00 -1.00 5 28 0.4840 0.9782 0.001556
425.00 C 20260810 -1.00 -1.00 21 76 0.4272 0.9858 0.001218
427.50 C 20260810 -1.00 -1.00 2 33 0.4556 0.9753 0.001848
430.00 C 20260810 -1.00 -1.00 1 66 0.4453 0.9730 0.002051
432.50 C 20260810 -1.00 -1.00 13 10 0.4361 0.9691 0.002339
435.00 C 20260810 -1.00 -1.00 2 75 0.3944 0.9744 0.002205
437.50 C 20260810 -1.00 -1.00 1 108 0.4191 0.9576 0.003129
440.00 C 20260810 -1.00 -1.00 4 79 0.4106 0.9515 0.003569
442.50 C 20260810 -1.00 -1.00 2 9 0.3720 0.9571 0.003556
445.00 C 20260810 -1.00 -1.00 9 73 0.3826 0.9427 0.004410
447.50 C 20260810 -1.00 -1.00 6 46 0.3758 0.9343 0.005025
450.00 C 20260810 -1.00 -1.00 106 482 0.3663 0.9226 0.005786
452.50 C 20260810 -1.00 -1.00 1 31 0.3568 0.9104 0.006620
455.00 C 20260810 -1.00 -1.00 3 81 0.3517 0.8949 0.007584
457.50 C 20260810 -1.00 -1.00 4 52 0.3510 0.8767 0.008624
460.00 C 20260810 -1.00 -1.00 42 282 0.3343 0.8624 0.009698
462.50 C 20260810 -1.00 -1.00 6 33 0.3266 0.8389 0.010956
465.00 C 20260810 -1.00 -1.00 46 152 0.3316 0.8058 0.012210
467.50 C 20260810 -1.00 -1.00 34 408 0.3197 0.7832 0.013674
470.00 C 20260810 -1.00 -1.00 123 340 0.3112 0.7499 0.015022
472.50 C 20260810 -1.00 -1.00 35 90 0.3234 0.7027 0.015733
475.00 C 20260810 -1.00 -1.00 40 123 0.3312 0.6606 0.016477
477.50 C 20260810 -1.00 -1.00 368 27 0.3135 0.6231 0.017861
480.00 C 20260810 -1.00 -1.00 94 331 0.3188 0.5761 0.018040
482.50 C 20260810 -1.00 -1.00 13 45 0.3140 0.5311 0.018784
485.00 C 20260810 -1.00 -1.00 154 54 0.3111 0.4849 0.018935
490.00 C 20260810 -1.00 -1.00 507 44 0.3145 0.3939 0.018080
495.00 C 20260810 -1.00 -1.00 177 74 0.3138 0.3106 0.016513
500.00 C 20260810 -1.00 -1.00 747 120 0.3246 0.2398 0.014275
505.00 C 20260810 -1.00 -1.00 174 53 0.3181 0.1758 0.011899
510.00 C 20260810 -1.00 -1.00 66 20 0.3185 0.1241 0.009467
515.00 C 20260810 -1.00 -1.00 48 1 0.3155 0.0819 0.007046
520.00 C 20260810 -1.00 -1.00 376 2 0.3316 0.0634 0.005504
525.00 C 20260810 -1.00 -1.00 39 0 0.3364 0.0441 0.004037
355.00 P 20260810 -1.00 -1.00 1 8 1.5699 -0.0656 0.001192
357.50 P 20260810 -1.00 -1.00 2 2 1.1740 -0.0266 0.000774
360.00 P 20260810 -1.00 -1.00 5 16 1.0227 -0.0169 0.000594
362.50 P 20260810 -1.00 -1.00 5 3 1.1582 -0.0319 0.000902
365.00 P 20260810 -1.00 -1.00 17 13 1.6896 -0.0966 0.001492
367.50 P 20260810 -1.00 -1.00 6 24 0.9456 -0.0165 0.000632
370.00 P 20260810 -1.00 -1.00 1 112 0.9416 -0.0184 0.000697
372.50 P 20260810 -1.00 -1.00 8 10 1.7611 -0.1194 0.001668
375.00 P 20260810 -1.00 -1.00 4 98 1.0473 -0.0362 0.001104
377.50 P 20260810 -1.00 -1.00 45 51 0.8549 -0.0170 0.000715
380.00 P 20260810 -1.00 -1.00 23 185 0.7385 -0.0084 0.000450
382.50 P 20260810 -1.00 -1.00 16 43 0.8559 -0.0220 0.000895
385.00 P 20260810 -1.00 -1.00 84 105 0.8346 -0.0223 0.000930
387.50 P 20260810 -1.00 -1.00 1 5 0.7763 -0.0186 0.000852
390.00 P 20260810 -1.00 -1.00 2 724 0.7955 -0.0233 0.001016
392.50 P 20260810 -1.00 -1.00 2 3 0.7506 -0.0210 0.000982
395.00 P 20260810 -1.00 -1.00 34 80 0.7443 -0.0230 0.001074
397.50 P 20260810 -1.00 -1.00 1 210 0.7380 -0.0251 0.001169
400.00 P 20260810 -1.00 -1.00 16 191 0.6270 -0.0135 0.000801
402.50 P 20260810 -1.00 -1.00 16 16 0.7855 -0.0436 0.001714
405.00 P 20260810 -1.00 -1.00 1 68 0.5789 -0.0124 0.000811
407.50 P 20260810 -1.00 -1.00 42 75 0.6680 -0.0295 0.001479
410.00 P 20260810 -1.00 -1.00 3 488 0.5708 -0.0180 0.001124
412.50 P 20260810 -1.00 -1.00 6 5 0.5886 -0.0242 0.001416
415.00 P 20260810 -1.00 -1.00 5 16 0.6107 -0.0336 0.001789
417.50 P 20260810 -1.00 -1.00 17 15 0.5588 -0.0266 0.001628
420.00 P 20260810 -1.00 -1.00 30 206 0.4740 -0.0156 0.001196
422.50 P 20260810 -1.00 -1.00 81 62 0.5259 -0.0299 0.001897
425.00 P 20260810 -1.00 -1.00 15 92 0.5088 -0.0319 0.002063
427.50 P 20260810 -1.00 -1.00 2 117 0.4779 -0.0293 0.002059
430.00 P 20260810 -1.00 -1.00 12 99 0.4633 -0.0323 0.002290
432.50 P 20260810 -1.00 -1.00 27 49 0.3947 -0.0206 0.001829
435.00 P 20260810 -1.00 -1.00 54 661 0.4359 -0.0396 0.002854
437.50 P 20260810 -1.00 -1.00 11 82 0.4170 -0.0415 0.003101
440.00 P 20260810 -1.00 -1.00 24 194 0.3846 -0.0380 0.003133
442.50 P 20260810 -1.00 -1.00 66 1619 0.3690 -0.0415 0.003501
445.00 P 20260810 -1.00 -1.00 11 349 0.3558 -0.0462 0.003968
447.50 P 20260810 -1.00 -1.00 8 428 0.3758 -0.0645 0.004971
450.00 P 20260810 -1.00 -1.00 240 1877 0.3495 -0.0651 0.005381
452.50 P 20260810 -1.00 -1.00 49 91 0.3350 -0.0742 0.006150
455.00 P 20260810 -1.00 -1.00 33 190 0.3255 -0.0873 0.007130
457.50 P 20260810 -1.00 -1.00 18 42 0.3211 -0.1046 0.008290
460.00 P 20260810 -1.00 -1.00 185 419 0.3310 -0.1330 0.009612
462.50 P 20260810 -1.00 -1.00 75 46 0.3219 -0.1557 0.010887
465.00 P 20260810 -1.00 -1.00 51 37 0.3200 -0.1846 0.012240
467.50 P 20260810 -1.00 -1.00 14 5 0.3242 -0.2175 0.013532
470.00 P 20260810 -1.00 -1.00 94 3 0.3149 -0.2501 0.014868
472.50 P 20260810 -1.00 -1.00 1 26 0.3171 -0.2915 0.015911
475.00 P 20260810 -1.00 -1.00 68 4 0.3164 -0.3313 0.017048
477.50 P 20260810 -1.00 -1.00 131 0 0.3134 -0.3743 0.017873
480.00 P 20260810 -1.00 -1.00 393 0 0.3059 -0.4189 0.018793
482.50 P 20260810 -1.00 -1.00 27 0 0.3140 -0.4665 0.018807
485.00 P 20260810 -1.00 -1.00 133 1 0.3147 -0.5125 0.018808
490.00 P 20260810 -1.00 -1.00 998 5 0.3089 -0.6064 0.018499
495.00 P 20260810 -1.00 -1.00 2 0 0.3081 -0.6918 0.016898
500.00 P 20260810 -1.00 -1.00 39 98 0.3153 -0.7663 0.014644
505.00 P 20260810 -1.00 -1.00 -1 0 0.3092 -0.8327 0.012145
510.00 P 20260810 -1.00 -1.00 1 1 0.3169 -0.8790 0.009674
515.00 P 20260810 -1.00 -1.00 -1 0 0.3275 -0.9110 0.007570
520.00 P 20260810 -1.00 -1.00 -1 0 0.3417 -0.9351 0.005891
525.00 P 20260810 -1.00 -1.00 1 0 0.3529 -0.9507 0.004649
355.00 C 20260812 -1.00 -1.00 -1 0 0.0008 0.9998 0.000000
357.50 C 20260812 -1.00 -1.00 -1 0 0.0008 0.9998 0.000000
360.00 C 20260812 -1.00 -1.00 2 1 0.0008 0.9998 0.000000
362.50 C 20260812 -1.00 -1.00 -1 0 0.0008 0.9998 -0.000000
365.00 C 20260812 -1.00 -1.00 200 105 0.0008 0.9998 0.000000
367.50 C 20260812 -1.00 -1.00 -1 0 0.0008 0.9998 0.000000
370.00 C 20260812 -1.00 -1.00 1 7 0.0008 0.9998 0.000000
372.50 C 20260812 -1.00 -1.00 -1 0 0.5440 0.9989 0.000066
375.00 C 20260812 -1.00 -1.00 2 1 0.0008 0.9998 0.000000
377.50 C 20260812 -1.00 -1.00 2 0 0.0008 0.9998 -0.000000
380.00 C 20260812 -1.00 -1.00 3 4 0.0008 0.9998 0.000000
382.50 C 20260812 -1.00 -1.00 2 0 0.0008 0.9998 0.000000
385.00 C 20260812 -1.00 -1.00 3 1 0.0008 0.9998 0.000000
387.50 C 20260812 -1.00 -1.00 2 9 0.0008 0.9998 0.000000
390.00 C 20260812 -1.00 -1.00 1 28 0.0008 0.9998 0.000000
392.50 C 20260812 -1.00 -1.00 2 30 0.0008 0.9998 0.000000
395.00 C 20260812 -1.00 -1.00 5 8 0.0008 0.9998 -0.000000
397.50 C 20260812 -1.00 -1.00 2 2 0.0008 0.9998 0.000000
400.00 C 20260812 -1.00 -1.00 23 22 0.4059 0.9988 0.000108
402.50 C 20260812 -1.00 -1.00 2 3 0.3803 0.9990 0.000093
405.00 C 20260812 -1.00 -1.00 13 27 0.0008 0.9998 0.000000
407.50 C 20260812 -1.00 -1.00 -1 0 0.4284 0.9950 0.000412
410.00 C 20260812 -1.00 -1.00 3 20 0.4127 0.9951 0.000425
412.50 C 20260812 -1.00 -1.00 3 5 0.0008 0.9998 0.000000
415.00 C 20260812 -1.00 -1.00 3 3 0.0008 0.9998 0.000000
417.50 C 20260812 -1.00 -1.00 1 1 0.3826 0.9931 0.000625
420.00 C 20260812 -1.00 -1.00 5 41 0.3509 0.9952 0.000484
422.50 C 20260812 -1.00 -1.00 8 9 0.0008 0.9998 -0.000000
425.00 C 20260812 -1.00 -1.00 5 29 0.3825 0.9852 0.001246
427.50 C 20260812 -1.00 -1.00 18 13 0.3733 0.9830 0.001437
430.00 C 20260812 -1.00 -1.00 2 17 0.3574 0.9825 0.001538
432.50 C 20260812 -1.00 -1.00 31 27 0.3857 0.9702 0.002276
435.00 C 20260812 -1.00 -1.00 31 39 0.3531 0.9740 0.002212
437.50 C 20260812 -1.00 -1.00 3 7 0.3943 0.9492 0.003422
440.00 C 20260812 -1.00 -1.00 2 25 0.3564 0.9556 0.003381
442.50 C 20260812 -1.00 -1.00 4 17 0.3557 0.9464 0.003970
445.00 C 20260812 -1.00 -1.00 30 42 0.3551 0.9372 0.004562
447.50 C 20260812 -1.00 -1.00 32 34 0.3566 0.9201 0.005390
450.00 C 20260812 -1.00 -1.00 6 69 0.3481 0.9089 0.006088
452.50 C 20260812 -1.00 -1.00 2 27 0.3493 0.8915 0.006941
455.00 C 20260812 -1.00 -1.00 3 115 0.3559 0.8694 0.007816
457.50 C 20260812 -1.00 -1.00 2 56 0.3463 0.8519 0.008679
460.00 C 20260812 -1.00 -1.00 7 69 0.3329 0.8360 0.009634
462.50 C 20260812 -1.00 -1.00 255 117 0.3386 0.8065 0.010579
465.00 C 20260812 -1.00 -1.00 2 143 0.3413 0.7787 0.011478
467.50 C 20260812 -1.00 -1.00 4 36 0.3367 0.7485 0.012337
470.00 C 20260812 -1.00 -1.00 15 50 0.3302 0.7185 0.013290
472.50 C 20260812 -1.00 -1.00 3 11 0.3228 0.6878 0.014338
475.00 C 20260812 -1.00 -1.00 54 38 0.3336 0.6480 0.014650
477.50 C 20260812 -1.00 -1.00 7 6 0.3250 0.6119 0.015362
480.00 C 20260812 -1.00 -1.00 30 229 0.3231 0.5729 0.015809
482.50 C 20260812 -1.00 -1.00 46 15 0.3261 0.5332 0.016022
485.00 C 20260812 -1.00 -1.00 33 142 0.3202 0.4937 0.016349
490.00 C 20260812 -1.00 -1.00 43 61 0.3191 0.4138 0.015927
495.00 C 20260812 -1.00 -1.00 42 49 0.3231 0.3407 0.014849
500.00 C 20260812 -1.00 -1.00 86 171 0.3254 0.2737 0.013342
505.00 C 20260812 -1.00 -1.00 25 90 0.3146 0.2062 0.011799
510.00 C 20260812 -1.00 -1.00 200 2 0.3257 0.1625 0.009829
515.00 C 20260812 -1.00 -1.00 133 20 0.3313 0.1247 0.008090
520.00 C 20260812 -1.00 -1.00 245 1 0.3188 0.0808 0.006130
525.00 C 20260812 -1.00 -1.00 28 10 0.3294 0.0630 0.004886
355.00 P 20260812 -1.00 -1.00 1 4 1.3801 -0.0636 0.001175
357.50 P 20260812 -1.00 -1.00 -1 0 0.9046 -0.0144 0.000520
360.00 P 20260812 -1.00 -1.00 2 17 0.8727 -0.0133 0.000505
362.50 P 20260812 -1.00 -1.00 2 2 0.8661 -0.0148 0.000557
365.00 P 20260812 -1.00 -1.00 11 7 0.8301 -0.0133 0.000528
367.50 P 20260812 -1.00 -1.00 1 1 0.8340 -0.0159 0.000614
370.00 P 20260812 -1.00 -1.00 18 24 0.8159 -0.0162 0.000639
372.50 P 20260812 -1.00 -1.00 3 2 0.7979 -0.0166 0.000665
375.00 P 20260812 -1.00 -1.00 1 32 0.8063 -0.0198 0.000768
377.50 P 20260812 -1.00 -1.00 -1 0 0.7624 -0.0173 0.000722
380.00 P 20260812 -1.00 -1.00 14 116 0.7506 -0.0184 0.000773
382.50 P 20260812 -1.00 -1.00 2 10 0.7273 -0.0181 0.000787
385.00 P 20260812 -1.00 -1.00 18 16 0.7372 -0.0217 0.000914
387.50 P 20260812 -1.00 -1.00 1 1 0.6783 -0.0171 0.000802
390.00 P 20260812 -1.00 -1.00 13 77 0.6998 -0.0224 0.000989
392.50 P 20260812 -1.00 -1.00 18 27 0.7167 -0.0273 0.001149
395.00 P 20260812 -1.00 -1.00 2 8 0.7221 -0.0335 0.001335
397.50 P 20260812 -1.00 -1.00 2 41 0.7035 -0.0344 0.001402
400.00 P 20260812 -1.00 -1.00 6 10 0.6053 -0.0210 0.001078
402.50 P 20260812 -1.00 -1.00 204 135 0.6126 -0.0250 0.001244
405.00 P 20260812 -1.00 -1.00 3 3 0.6059 -0.0270 0.001349
407.50 P 20260812 -1.00 -1.00 -1 0 0.6426 -0.0418 0.001796
410.00 P 20260812 -1.00 -1.00 12 500 0.4767 -0.0120 0.000848
412.50 P 20260812 -1.00 -1.00 49 43 0.6336 -0.0508 0.002144
415.00 P 20260812 -1.00 -1.00 18 28 0.5783 -0.0433 0.002054
417.50 P 20260812 -1.00 -1.00 13 67 0.4928 -0.0259 0.001593
420.00 P 20260812 -1.00 -1.00 1 15 0.4948 -0.0319 0.001878
422.50 P 20260812 -1.00 -1.00 -1 0 0.5646 -0.0583 0.002703
425.00 P 20260812 -1.00 -1.00 4 31 0.4725 -0.0387 0.002295
427.50 P 20260812 -1.00 -1.00 2 15 0.4779 -0.0477 0.002694
430.00 P 20260812 -1.00 -1.00 20 53 0.4034 -0.0286 0.002121
432.50 P 20260812 -1.00 -1.00 2 4 0.4083 -0.0390 0.002669
435.00 P 20260812 -1.00 -1.00 22 51 0.3649 -0.0293 0.002389
437.50 P 20260812 -1.00 -1.00 5 82 0.3822 -0.0458 0.003256
440.00 P 20260812 -1.00 -1.00 4 33 0.3418 -0.0375 0.003094
442.50 P 20260812 -1.00 -1.00 6 5 0.3382 -0.0457 0.003672
445.00 P 20260812 -1.00 -1.00 2 30 0.3493 -0.0604 0.004497
447.50 P 20260812 -1.00 -1.00 3 6 0.3444 -0.0719 0.005189
450.00 P 20260812 -1.00 -1.00 9 189 0.3435 -0.0882 0.006036
452.50 P 20260812 -1.00 -1.00 2 19 0.3361 -0.1006 0.006820
455.00 P 20260812 -1.00 -1.00 623 115 0.3443 -0.1224 0.007771
457.50 P 20260812 -1.00 -1.00 9 10 0.3374 -0.1416 0.008680
460.00 P 20260812 -1.00 -1.00 18 27 0.3247 -0.1581 0.009667
462.50 P 20260812 -1.00 -1.00 4 44 0.3335 -0.1905 0.010643
465.00 P 20260812 -1.00 -1.00 9 17 0.3339 -0.2167 0.011632
467.50 P 20260812 -1.00 -1.00 3 0 0.3172 -0.2391 0.012818
470.00 P 20260812 -1.00 -1.00 20 8 0.3234 -0.2781 0.013514
472.50 P 20260812 -1.00 -1.00 2 1 0.3190 -0.3109 0.014507
475.00 P 20260812 -1.00 -1.00 16 7 0.3227 -0.3485 0.015155
477.50 P 20260812 -1.00 -1.00 4 0 0.3167 -0.3864 0.015797
480.00 P 20260812 -1.00 -1.00 17 0 0.3157 -0.4267 0.016228
482.50 P 20260812 -1.00 -1.00 5 0 0.3171 -0.4674 0.016541
485.00 P 20260812 -1.00 -1.00 45 0 0.3192 -0.5077 0.016470
490.00 P 20260812 -1.00 -1.00 43 1 0.3043 -0.5930 0.016758
495.00 P 20260812 -1.00 -1.00 10 5 0.3188 -0.6635 0.015092
500.00 P 20260812 -1.00 -1.00 6 10 0.3202 -0.7325 0.013591
505.00 P 20260812 -1.00 -1.00 3 6 0.3061 -0.8037 0.012008
510.00 P 20260812 -1.00 -1.00 -1 0 0.3157 -0.8504 0.009953
515.00 P 20260812 -1.00 -1.00 -1 0 0.3169 -0.8898 0.008087
520.00 P 20260812 -1.00 -1.00 -1 0 0.3384 -0.9081 0.006675
525.00 P 20260812 -1.00 -1.00 2 0 0.3459 -0.9337 0.005301
355.00 C 20260814 -1.00 -1.00 14 46 0.7759 0.9910 0.000357
357.50 C 20260814 -1.00 -1.00 -1 0 0.8939 0.9783 0.000677
360.00 C 20260814 -1.00 -1.00 1 169 0.7580 0.9900 0.000404
362.50 C 20260814 -1.00 -1.00 56 40 0.7506 0.9891 0.000441
365.00 C 20260814 -1.00 -1.00 1 45 0.7333 0.9890 0.000456
367.50 C 20260814 -1.00 -1.00 1 17 0.7228 0.9880 0.000497
370.00 C 20260814 -1.00 -1.00 10 82 0.7058 0.9879 0.000514
372.50 C 20260814 -1.00 -1.00 1 2 0.6822 0.9886 0.000504
375.00 C 20260814 -1.00 -1.00 5 69 0.7779 0.9750 0.000883
377.50 C 20260814 -1.00 -1.00 39 36 0.7476 0.9760 0.000886
380.00 C 20260814 -1.00 -1.00 5 189 0.6255 0.9892 0.000527
382.50 C 20260814 -1.00 -1.00 50 63 0.5813 0.9912 0.000466
385.00 C 20260814 -1.00 -1.00 2 236 0.6516 0.9803 0.000847
387.50 C 20260814 -1.00 -1.00 1 65 0.5960 0.9857 0.000701
390.00 C 20260814 -1.00 -1.00 62 643 0.5994 0.9824 0.000833
392.50 C 20260814 -1.00 -1.00 2 47 0.5702 0.9842 0.000799
395.00 C 20260814 -1.00 -1.00 109 645 0.0009 0.9997 0.000000
397.50 C 20260814 -1.00 -1.00 27 67 0.5641 0.9794 0.001019
400.00 C 20260814 -1.00 -1.00 19 751 0.4893 0.9894 0.000665
402.50 C 20260814 -1.00 -1.00 3 54 0.5004 0.9842 0.000911
405.00 C 20260814 -1.00 -1.00 4 1099 0.5296 0.9760 0.001246
407.50 C 20260814 -1.00 -1.00 2 21 0.5268 0.9734 0.001376
410.00 C 20260814 -1.00 -1.00 15 2133 0.4540 0.9832 0.001055
412.50 C 20260814 -1.00 -1.00 1 28 0.4831 0.9743 0.001453
415.00 C 20260814 -1.00 -1.00 3 506 0.4841 0.9693 0.001680
417.50 C 20260814 -1.00 -1.00 2 33 0.4671 0.9685 0.001776
420.00 C 20260814 -1.00 -1.00 29 532 0.4816 0.9570 0.002211
422.50 C 20260814 -1.00 -1.00 8 46 0.4335 0.9667 0.001998
425.00 C 20260814 -1.00 -1.00 24 488 0.4606 0.9504 0.002610
427.50 C 20260814 -1.00 -1.00 13 31 0.3972 0.9660 0.002221
430.00 C 20260814 -1.00 -1.00 10 679 0.3870 0.9623 0.002475
432.50 C 20260814 -1.00 -1.00 8 39 0.4017 0.9487 0.003076
435.00 C 20260814 -1.00 -1.00 13 305 0.3946 0.9435 0.003403
437.50 C 20260814 -1.00 -1.00 1 89 0.3876 0.9380 0.003750
440.00 C 20260814 -1.00 -1.00 63 949 0.3872 0.9249 0.004303
442.50 C 20260814 -1.00 -1.00 23 144 0.3757 0.9177 0.004743
445.00 C 20260814 -1.00 -1.00 69 295 0.3872 0.8975 0.005439
447.50 C 20260814 -1.00 -1.00 4 49 0.3758 0.8895 0.005947
450.00 C 20260814 -1.00 -1.00 61 1406 0.3679 0.8792 0.006521
452.50 C 20260814 -1.00 -1.00 41 267 0.3490 0.8727 0.007122
455.00 C 20260814 -1.00 -1.00 139 717 0.3703 0.8361 0.007860
457.50 C 20260814 -1.00 -1.00 46 117 0.3349 0.8371 0.008654
460.00 C 20260814 -1.00 -1.00 199 1012 0.3469 0.8064 0.009383
462.50 C 20260814 -1.00 -1.00 36 258 0.3416 0.7865 0.010201
465.00 C 20260814 -1.00 -1.00 87 1142 0.3359 0.7610 0.010953
467.50 C 20260814 -1.00 -1.00 39 120 0.3282 0.7350 0.011776
470.00 C 20260814 -1.00 -1.00 263 818 0.3275 0.7043 0.012473
472.50 C 20260814 -1.00 -1.00 218 308 0.3337 0.6707 0.012962
475.00 C 20260814 -1.00 -1.00 139 528 0.3323 0.6378 0.013424
477.50 C 20260814 -1.00 -1.00 91 56 0.3230 0.6051 0.014086
480.00 C 20260814 -1.00 -1.00 481 1105 0.3227 0.5692 0.014401
482.50 C 20260814 -1.00 -1.00 88 84 0.3284 0.5331 0.014453
485.00 C 20260814 -1.00 -1.00 1480 1315 0.3245 0.4976 0.014660
487.50 C 20260814 -1.00 -1.00 135 190 0.3187 0.4609 0.014729
490.00 C 20260814 -1.00 -1.00 1848 1804 0.3225 0.4258 0.014369
495.00 C 20260814 -1.00 -1.00 939 167 0.3233 0.3568 0.013770
500.00 C 20260814 -1.00 -1.00 1398 1328 0.3203 0.2926 0.012668
505.00 C 20260814 -1.00 -1.00 129 168 0.3301 0.2391 0.011256
510.00 C 20260814 -1.00 -1.00 4958 4264 0.3279 0.1911 0.009786
515.00 C 20260814 -1.00 -1.00 741 292 0.3345 0.1505 0.008312
520.00 C 20260814 -1.00 -1.00 2222 203 0.3323 0.1158 0.006918
525.00 C 20260814 -1.00 -1.00 362 45 0.3353 0.0877 0.005600
530.00 C 20260814 -1.00 -1.00 331 114 0.3404 0.0670 0.004516
535.00 C 20260814 -1.00 -1.00 252 49 0.3403 0.0498 0.003537
540.00 C 20260814 -1.00 -1.00 151 116 0.3523 0.0397 0.002860
545.00 C 20260814 -1.00 -1.00 171 424 0.3597 0.0308 0.002283
550.00 C 20260814 -1.00 -1.00 67 0 0.3570 0.0219 0.001709
560.00 C 20260814 -1.00 -1.00 8 1 0.3839 0.0151 0.001163
570.00 C 20260814 -1.00 -1.00 10 7 0.3785 0.0070 0.000597
580.00 C 20260814 -1.00 -1.00 64 6 0.4528 0.0117 0.000789
590.00 C 20260814 -1.00 -1.00 10 0 -1.0000 -1.0000 -1.000000
600.00 C 20260814 -1.00 -1.00 1 0 -1.0000 -1.0000 -1.000000
610.00 C 20260814 -1.00 -1.00 -1 0 -1.0000 -1.0000 -1.000000
355.00 P 20260814 -1.00 -1.00 17 249 0.6804 -0.0032 0.000168
357.50 P 20260814 -1.00 -1.00 -1 0 0.8472 -0.0170 0.000583
360.00 P 20260814 -1.00 -1.00 6 573 0.6450 -0.0031 0.000172
362.50 P 20260814 -1.00 -1.00 3 51 0.7798 -0.0141 0.000537
365.00 P 20260814 -1.00 -1.00 70 537 0.6723 -0.0068 0.000327
367.50 P 20260814 -1.00 -1.00 8 26 0.7627 -0.0165 0.000629
370.00 P 20260814 -1.00 -1.00 13 345 0.6247 -0.0057 0.000304
372.50 P 20260814 -1.00 -1.00 8 56 0.6848 -0.0115 0.000516
375.00 P 20260814 -1.00 -1.00 7 251 0.6025 -0.0065 0.000350
377.50 P 20260814 -1.00 -1.00 19 34 0.5946 -0.0071 0.000385
380.00 P 20260814 -1.00 -1.00 5 439 0.5745 -0.0068 0.000383
382.50 P 20260814 -1.00 -1.00 1 45 0.6198 -0.0123 0.000605
385.00 P 20260814 -1.00 -1.00 7 204 0.5468 -0.0071 0.000420
387.50 P 20260814 -1.00 -1.00 12 61 0.6734 -0.0247 0.001017
390.00 P 20260814 -1.00 -1.00 102 357 0.5287 -0.0082 0.000496
392.50 P 20260814 -1.00 -1.00 37 74 0.6059 -0.0210 0.000977
395.00 P 20260814 -1.00 -1.00 16 520 0.4926 -0.0078 0.000510
397.50 P 20260814 -1.00 -1.00 1 77 0.4823 -0.0083 0.000551
400.00 P 20260814 -1.00 -1.00 90 467 0.5203 -0.0160 0.000899
402.50 P 20260814 -1.00 -1.00 21 117 0.5233 -0.0196 0.001066
405.00 P 20260814 -1.00 -1.00 109 288 0.4866 -0.0162 0.000970
407.50 P 20260814 -1.00 -1.00 29 60 0.5089 -0.0234 0.001282
410.00 P 20260814 -1.00 -1.00 221 291 0.4674 -0.0192 0.001169
412.50 P 20260814 -1.00 -1.00 3 46 0.5005 -0.0295 0.001588
415.00 P 20260814 -1.00 -1.00 161 245 0.4573 -0.0241 0.001464
417.50 P 20260814 -1.00 -1.00 9 63 0.4315 -0.0226 0.001464
420.00 P 20260814 -1.00 -1.00 229 478 0.4259 -0.0252 0.001632
422.50 P 20260814 -1.00 -1.00 5 56 0.4179 -0.0273 0.001790
425.00 P 20260814 -1.00 -1.00 69 334 0.4043 -0.0290 0.001941
427.50 P 20260814 -1.00 -1.00 6 131 0.4087 -0.0384 0.002392
430.00 P 20260814 -1.00 -1.00 172 359 0.3888 -0.0383 0.002508
432.50 P 20260814 -1.00 -1.00 6 75 0.3906 -0.0467 0.002939
435.00 P 20260814 -1.00 -1.00 77 263 0.3796 -0.0505 0.003227
437.50 P 20260814 -1.00 -1.00 11 32 0.3773 -0.0578 0.003642
440.00 P 20260814 -1.00 -1.00 261 302 0.3717 -0.0652 0.004072
442.50 P 20260814 -1.00 -1.00 15 33 0.3644 -0.0750 0.004584
445.00 P 20260814 -1.00 -1.00 1800 223 0.3577 -0.0856 0.005144
447.50 P 20260814 -1.00 -1.00 86 64 0.3526 -0.0974 0.005756
450.00 P 20260814 -1.00 -1.00 402 650 0.3492 -0.1105 0.006414
452.50 P 20260814 -1.00 -1.00 17 102 0.3480 -0.1260 0.007115
455.00 P 20260814 -1.00 -1.00 181 741 0.3414 -0.1438 0.007858
457.50 P 20260814 -1.00 -1.00 39 150 0.3362 -0.1633 0.008651
460.00 P 20260814 -1.00 -1.00 522 370 0.3375 -0.1874 0.009448
462.50 P 20260814 -1.00 -1.00 57 97 0.3346 -0.2092 0.010282
465.00 P 20260814 -1.00 -1.00 153 246 0.3300 -0.2346 0.011080
467.50 P 20260814 -1.00 -1.00 61 16 0.3250 -0.2626 0.011867
470.00 P 20260814 -1.00 -1.00 129 15 0.3244 -0.2937 0.012577
472.50 P 20260814 -1.00 -1.00 82 18 0.3281 -0.3268 0.013160
475.00 P 20260814 -1.00 -1.00 153 66 0.3253 -0.3596 0.013733
477.50 P 20260814 -1.00 -1.00 32 11 0.3183 -0.3935 0.014327
480.00 P 20260814 -1.00 -1.00 414 11 0.3196 -0.4302 0.014586
482.50 P 20260814 -1.00 -1.00 194 21 0.3223 -0.4668 0.014780
485.00 P 20260814 -1.00 -1.00 186 0 0.3215 -0.5031 0.014868
487.50 P 20260814 -1.00 -1.00 178 2 0.3187 -0.5396 0.014807
490.00 P 20260814 -1.00 -1.00 205 2 0.3182 -0.5761 0.014646
495.00 P 20260814 -1.00 -1.00 48 0 0.3215 -0.6453 0.013934
500.00 P 20260814 -1.00 -1.00 100 2 0.3219 -0.7079 0.012748
505.00 P 20260814 -1.00 -1.00 6 3 0.3220 -0.7685 0.011504
510.00 P 20260814 -1.00 -1.00 12 2 0.3255 -0.8136 0.009945
515.00 P 20260814 -1.00 -1.00 1 2 0.3360 -0.8516 0.008470
520.00 P 20260814 -1.00 -1.00 2 0 0.3238 -0.8948 0.006995
525.00 P 20260814 -1.00 -1.00 1 0 0.3264 -0.9249 0.005615
530.00 P 20260814 -1.00 -1.00 22 0 0.3460 -0.9356 0.004762
535.00 P 20260814 -1.00 -1.00 -1 0 0.3399 -0.9568 0.003726
540.00 P 20260814 -1.00 -1.00 -1 0 0.3770 -0.9528 0.003482
545.00 P 20260814 -1.00 -1.00 -1 0 0.4079 -0.9525 0.003204
550.00 P 20260814 -1.00 -1.00 -1 0 0.4150 -0.9636 0.002668
560.00 P 20260814 -1.00 -1.00 -1 0 0.4576 -0.9697 0.002134
570.00 P 20260814 -1.00 -1.00 -1 0 0.4359 -0.9901 0.001189
580.00 P 20260814 -1.00 -1.00 -1 0 0.5187 -0.9795 0.001430
590.00 P 20260814 -1.00 -1.00 -1 0 0.5329 -0.9872 0.001078
600.00 P 20260814 -1.00 -1.00 -1 0 0.5794 -0.9863 0.001010
610.00 P 20260814 -1.00 -1.00 -1 0 0.6250 -0.9856 0.000945
385.00 C 20260817 -1.00 -1.00 -1 0 0.4908 0.9922 0.000433
390.00 C 20260817 -1.00 -1.00 -1 0 0.5047 0.9875 0.000651
395.00 C 20260817 -1.00 -1.00 -1 0 0.4211 0.9937 0.000415
400.00 C 20260817 -1.00 -1.00 -1 0 0.4705 0.9823 0.000947
405.00 C 20260817 -1.00 -1.00 -1 0 0.4308 0.9841 0.000942
410.00 C 20260817 -1.00 -1.00 -1 0 0.4145 0.9810 0.001146
415.00 C 20260817 -1.00 -1.00 -1 0 0.3983 0.9776 0.001379
420.00 C 20260817 -1.00 -1.00 1 0 0.3974 0.9692 0.001821
425.00 C 20260817 -1.00 -1.00 2 0 0.3871 0.9593 0.002338
430.00 C 20260817 -1.00 -1.00 -1 0 0.3742 0.9499 0.002877
435.00 C 20260817 -1.00 -1.00 3 0 0.3667 0.9377 0.003537
440.00 C 20260817 -1.00 -1.00 5 0 0.3492 0.9226 0.004335
445.00 C 20260817 -1.00 -1.00 3 0 0.3586 0.8905 0.005502
450.00 C 20260817 -1.00 -1.00 -1 0 0.3456 0.8670 0.006560
455.00 C 20260817 -1.00 -1.00 52 0 0.3267 0.8393 0.007819
460.00 C 20260817 -1.00 -1.00 8 0 0.3223 0.7991 0.009214
465.00 C 20260817 -1.00 -1.00 4 0 0.3205 0.7482 0.010460
470.00 C 20260817 -1.00 -1.00 12 0 0.3215 0.6911 0.011567
475.00 C 20260817 -1.00 -1.00 3 0 0.3108 0.6344 0.012783
480.00 C 20260817 -1.00 -1.00 23 0 0.3077 0.5685 0.013444
485.00 C 20260817 -1.00 -1.00 275 0 0.3068 0.5014 0.013796
490.00 C 20260817 -1.00 -1.00 420 0 0.3006 0.4327 0.013747
495.00 C 20260817 -1.00 -1.00 429 0 0.3006 0.3655 0.013317
500.00 C 20260817 -1.00 -1.00 38 0 0.3025 0.3072 0.012193
505.00 C 20260817 -1.00 -1.00 14 0 0.3021 0.2477 0.011142
510.00 C 20260817 -1.00 -1.00 11 0 0.3063 0.2050 0.009741
515.00 C 20260817 -1.00 -1.00 8 0 0.3131 0.1669 0.008392
520.00 C 20260817 -1.00 -1.00 10 0 0.3294 0.1409 0.007214
525.00 C 20260817 -1.00 -1.00 38 0 0.3156 0.1032 0.005945
530.00 C 20260817 -1.00 -1.00 27 0 0.3221 0.0803 0.004880
385.00 P 20260817 -1.00 -1.00 5 0 -1.0000 -1.0000 -1.000000
390.00 P 20260817 -1.00 -1.00 -1 0 -1.0000 -1.0000 -1.000000
395.00 P 20260817 -1.00 -1.00 -1 0 -1.0000 -1.0000 -1.000000
400.00 P 20260817 -1.00 -1.00 -1 0 0.4842 -0.0199 0.001039
405.00 P 20260817 -1.00 -1.00 -1 0 0.4713 -0.0236 0.001240
410.00 P 20260817 -1.00 -1.00 -1 0 0.4551 -0.0268 0.001441
415.00 P 20260817 -1.00 -1.00 -1 0 0.3929 -0.0209 0.001332
420.00 P 20260817 -1.00 -1.00 -1 0 0.3617 -0.0208 0.001445
425.00 P 20260817 -1.00 -1.00 4 0 0.3854 -0.0398 0.002321
430.00 P 20260817 -1.00 -1.00 -1 0 0.3489 -0.0392 0.002535
435.00 P 20260817 -1.00 -1.00 -1 0 0.3726 -0.0658 0.003633
440.00 P 20260817 -1.00 -1.00 109 0 0.3447 -0.0744 0.004284
445.00 P 20260817 -1.00 -1.00 7 0 0.3515 -0.1055 0.005468
450.00 P 20260817 -1.00 -1.00 8 0 0.3461 -0.1334 0.006581
455.00 P 20260817 -1.00 -1.00 46 0 0.3270 -0.1610 0.007842
460.00 P 20260817 -1.00 -1.00 8 0 0.3419 -0.2123 0.009057
465.00 P 20260817 -1.00 -1.00 6 0 0.3176 -0.2504 0.010557
470.00 P 20260817 -1.00 -1.00 22 0 0.3249 -0.3110 0.011519
475.00 P 20260817 -1.00 -1.00 211 0 0.3197 -0.3695 0.012503
480.00 P 20260817 -1.00 -1.00 77 0 0.3193 -0.4342 0.013030
485.00 P 20260817 -1.00 -1.00 140 0 0.3037 -0.5005 0.014020
490.00 P 20260817 -1.00 -1.00 26 0 0.3041 -0.5683 0.013690
495.00 P 20260817 -1.00 -1.00 31 0 0.3062 -0.6345 0.013219
500.00 P 20260817 -1.00 -1.00 4 0 0.2963 -0.7001 0.012500
505.00 P 20260817 -1.00 -1.00 -1 0 0.3037 -0.7548 0.011252
510.00 P 20260817 -1.00 -1.00 -1 0 0.3189 -0.7893 0.009769
515.00 P 20260817 -1.00 -1.00 1 0 0.3236 -0.8283 0.008531
520.00 P 20260817 -1.00 -1.00 -1 0 0.3274 -0.8654 0.007352
525.00 P 20260817 -1.00 -1.00 -1 0 0.3362 -0.8870 0.006332
530.00 P 20260817 -1.00 -1.00 -1 0 0.3445 -0.9078 0.005397
355.00 C 20260821 -1.00 -1.00 13 481 0.0011 0.9996 -0.000000
360.00 C 20260821 -1.00 -1.00 11 1996 0.4468 0.9987 0.000062
362.50 C 20260821 -1.00 -1.00 -1 0 0.4164 0.9989 0.000047
365.00 C 20260821 -1.00 -1.00 10 805 0.4513 0.9977 0.000119
367.50 C 20260821 -1.00 -1.00 4 41 0.5006 0.9942 0.000279
370.00 C 20260821 -1.00 -1.00 25 3890 0.4185 0.9982 0.000099
372.50 C 20260821 -1.00 -1.00 40 46 0.4022 0.9984 0.000085
375.00 C 20260821 -1.00 -1.00 444 2087 0.0011 0.9996 0.000000
377.50 C 20260821 -1.00 -1.00 38 279 0.4839 0.9912 0.000436
380.00 C 20260821 -1.00 -1.00 41 5477 0.4583 0.9923 0.000402
382.50 C 20260821 -1.00 -1.00 3 109 0.4452 0.9923 0.000411
385.00 C 20260821 -1.00 -1.00 8 5541 0.4923 0.9840 0.000729
387.50 C 20260821 -1.00 -1.00 2 368 0.4531 0.9889 0.000576
390.00 C 20260821 -1.00 -1.00 188 7440 0.4660 0.9836 0.000787
392.50 C 20260821 -1.00 -1.00 13 376 0.4426 0.9855 0.000744
395.00 C 20260821 -1.00 -1.00 71 7270 0.0011 0.9996 -0.000000
397.50 C 20260821 -1.00 -1.00 11 279 0.4271 0.9829 0.000888
400.00 C 20260821 -1.00 -1.00 480 18132 0.4246 0.9805 0.001005
402.50 C 20260821 -1.00 -1.00 2 356 0.4119 0.9802 0.001051
405.00 C 20260821 -1.00 -1.00 245 5928 0.3737 0.9859 0.000858
407.50 C 20260821 -1.00 -1.00 5 336 0.4204 0.9721 0.001404
410.00 C 20260821 -1.00 -1.00 250 12031 0.2936 0.9952 0.000399
412.50 C 20260821 -1.00 -1.00 2 243 0.3313 0.9869 0.000909
415.00 C 20260821 -1.00 -1.00 909 3626 0.3794 0.9703 0.001635
420.00 C 20260821 -1.00 -1.00 316 12436 0.3650 0.9633 0.002009
425.00 C 20260821 -1.00 -1.00 96 3392 0.3558 0.9537 0.002500
430.00 C 20260821 -1.00 -1.00 438 13364 0.3516 0.9416 0.003086
435.00 C 20260821 -1.00 -1.00 72 3482 0.3559 0.9173 0.003944
440.00 C 20260821 -1.00 -1.00 478 13437 0.3375 0.9043 0.004649
445.00 C 20260821 -1.00 -1.00 217 3311 0.3304 0.8835 0.005549
450.00 C 20260821 -1.00 -1.00 1733 33874 0.3228 0.8541 0.006573
455.00 C 20260821 -1.00 -1.00 449 7106 0.3234 0.8154 0.007663
460.00 C 20260821 -1.00 -1.00 9233 59187 0.3192 0.7772 0.008762
465.00 C 20260821 -1.00 -1.00 426 5441 0.3028 0.7366 0.010006
470.00 C 20260821 -1.00 -1.00 2844 14116 0.3112 0.6799 0.010779
475.00 C 20260821 -1.00 -1.00 712 4025 0.3060 0.6250 0.011542
480.00 C 20260821 -1.00 -1.00 1918 26248 0.3026 0.5658 0.012112
485.00 C 20260821 -1.00 -1.00 632 1581 0.3036 0.5057 0.012339
490.00 C 20260821 -1.00 -1.00 2368 10716 0.2991 0.4447 0.012270
495.00 C 20260821 -1.00 -1.00 1176 1341 0.3033 0.3860 0.011859
500.00 C 20260821 -1.00 -1.00 41025 62301 0.2995 0.3303 0.011253
505.00 C 20260821 -1.00 -1.00 636 2854 0.2985 0.2767 0.010443
510.00 C 20260821 -1.00 -1.00 2812 8046 0.3005 0.2304 0.009471
515.00 C 20260821 -1.00 -1.00 1175 2947 0.3000 0.1899 0.008379
520.00 C 20260821 -1.00 -1.00 1613 9329 0.3066 0.1564 0.007302
525.00 C 20260821 -1.00 -1.00 369 2542 0.3071 0.1267 0.006297
530.00 C 20260821 -1.00 -1.00 11358 1464 0.3082 0.1016 0.005324
535.00 C 20260821 -1.00 -1.00 280 511 0.3136 0.0806 0.004451
540.00 C 20260821 -1.00 -1.00 518 2938 0.3153 0.0647 0.003720
545.00 C 20260821 -1.00 -1.00 151 418 0.3180 0.0519 0.003074
550.00 C 20260821 -1.00 -1.00 2105 5968 0.3244 0.0415 0.002530
555.00 C 20260821 -1.00 -1.00 323 429 0.3339 0.0341 0.002118
560.00 C 20260821 -1.00 -1.00 189 1752 0.3350 0.0277 0.001755
565.00 C 20260821 -1.00 -1.00 116 400 0.3394 0.0225 0.001446
570.00 C 20260821 -1.00 -1.00 99 3307 0.3372 0.0151 0.001044
575.00 C 20260821 -1.00 -1.00 10 161 0.3575 0.0159 0.001029
580.00 C 20260821 -1.00 -1.00 260 1903 0.3604 0.0126 0.000834
585.00 C 20260821 -1.00 -1.00 13 102 0.3670 0.0110 0.000724
590.00 C 20260821 -1.00 -1.00 8 2473 0.3698 0.0089 0.000592
595.00 C 20260821 -1.00 -1.00 21 105 0.3835 0.0086 0.000554
600.00 C 20260821 -1.00 -1.00 217 6045 0.3880 0.0069 0.000450
605.00 C 20260821 -1.00 -1.00 21 113 0.3961 0.0058 0.000380
610.00 C 20260821 -1.00 -1.00 10 598 0.4168 0.0067 0.000413
355.00 P 20260821 -1.00 -1.00 85 2654 0.5916 -0.0073 0.000314
360.00 P 20260821 -1.00 -1.00 130 8182 0.5656 -0.0074 0.000333
362.50 P 20260821 -1.00 -1.00 6 78 0.5540 -0.0076 0.000346
365.00 P 20260821 -1.00 -1.00 141 1505 0.5475 -0.0081 0.000373
367.50 P 20260821 -1.00 -1.00 22 159 0.5360 -0.0083 0.000389
370.00 P 20260821 -1.00 -1.00 226 6471 0.5346 -0.0092 0.000431
372.50 P 20260821 -1.00 -1.00 6 155 0.5257 -0.0096 0.000455
375.00 P 20260821 -1.00 -1.00 167 4210 0.5185 -0.0102 0.000487
377.50 P 20260821 -1.00 -1.00 30 142 0.5112 -0.0114 0.000540
380.00 P 20260821 -1.00 -1.00 104 7977 0.5019 -0.0122 0.000583
382.50 P 20260821 -1.00 -1.00 26 440 0.5000 -0.0144 0.000673
385.00 P 20260821 -1.00 -1.00 186 8700 0.4835 -0.0140 0.000677
387.50 P 20260821 -1.00 -1.00 1 173 0.4817 -0.0163 0.000774
390.00 P 20260821 -1.00 -1.00 380 6494 0.4664 -0.0161 0.000791
392.50 P 20260821 -1.00 -1.00 8 242 0.4595 -0.0175 0.000863
395.00 P 20260821 -1.00 -1.00 179 2352 0.4516 -0.0187 0.000933
397.50 P 20260821 -1.00 -1.00 6 776 0.4478 -0.0208 0.001033
400.00 P 20260821 -1.00 -1.00 796 9606 0.4349 -0.0212 0.001079
402.50 P 20260821 -1.00 -1.00 20 289 0.4272 -0.0225 0.001162
405.00 P 20260821 -1.00 -1.00 164 1112 0.4256 -0.0252 0.001288
407.50 P 20260821 -1.00 -1.00 28 84 0.4222 -0.0282 0.001429
410.00 P 20260821 -1.00 -1.00 370 5988 0.4130 -0.0306 0.001555
412.50 P 20260821 -1.00 -1.00 16 230 0.4058 -0.0338 0.001712
415.00 P 20260821 -1.00 -1.00 193 2735 0.3992 -0.0374 0.001885
420.00 P 20260821 -1.00 -1.00 585 7770 0.3836 -0.0439 0.002238
425.00 P 20260821 -1.00 -1.00 626 1319 0.3756 -0.0538 0.002712
430.00 P 20260821 -1.00 -1.00 618 7659 0.3660 -0.0654 0.003255
435.00 P 20260821 -1.00 -1.00 424 1060 0.3527 -0.0805 0.003921
440.00 P 20260821 -1.00 -1.00 1582 5779 0.3442 -0.0994 0.004717
445.00 P 20260821 -1.00 -1.00 499 2246 0.3410 -0.1226 0.005612
450.00 P 20260821 -1.00 -1.00 1441 7143 0.3305 -0.1517 0.006602
455.00 P 20260821 -1.00 -1.00 396 889 0.3253 -0.1859 0.007679
460.00 P 20260821 -1.00 -1.00 1284 3568 0.3249 -0.2271 0.008715
465.00 P 20260821 -1.00 -1.00 597 922 0.3176 -0.2727 0.009739
470.00 P 20260821 -1.00 -1.00 406 1063 0.3199 -0.3244 0.010602
475.00 P 20260821 -1.00 -1.00 607 153 0.3135 -0.3784 0.011341
480.00 P 20260821 -1.00 -1.00 889 979 0.3137 -0.4368 0.011763
485.00 P 20260821 -1.00 -1.00 1007 92 0.3143 -0.4954 0.011996
490.00 P 20260821 -1.00 -1.00 511 312 0.3082 -0.5550 0.012012
495.00 P 20260821 -1.00 -1.00 80 68 0.3122 -0.6126 0.011648
500.00 P 20260821 -1.00 -1.00 297 403 0.3105 -0.6665 0.011065
505.00 P 20260821 -1.00 -1.00 65 0 0.3197 -0.7112 0.010104
510.00 P 20260821 -1.00 -1.00 41 11 0.3250 -0.7568 0.009294
515.00 P 20260821 -1.00 -1.00 1 18 0.3128 -0.8042 0.008472
520.00 P 20260821 -1.00 -1.00 1 0 0.3261 -0.8311 0.007467
525.00 P 20260821 -1.00 -1.00 3 0 0.3256 -0.8665 0.006561
530.00 P 20260821 -1.00 -1.00 5 1 0.3344 -0.8849 0.005761
535.00 P 20260821 -1.00 -1.00 9 1 0.3504 -0.8967 0.005101
540.00 P 20260821 -1.00 -1.00 1 0 0.3506 -0.9200 0.004371
545.00 P 20260821 -1.00 -1.00 36 0 0.3572 -0.9350 0.003769
550.00 P 20260821 -1.00 -1.00 1 0 0.3541 -0.9502 0.003224
555.00 P 20260821 -1.00 -1.00 1 0 0.3759 -0.9511 0.002974
560.00 P 20260821 -1.00 -1.00 61 0 0.3735 -0.9652 0.002436
565.00 P 20260821 -1.00 -1.00 10 0 0.4024 -0.9611 0.002393
570.00 P 20260821 -1.00 -1.00 1 0 0.4163 -0.9651 0.002149
575.00 P 20260821 -1.00 -1.00 8 0 0.4494 -0.9592 0.002168
580.00 P 20260821 -1.00 -1.00 2 0 0.4482 -0.9701 0.001809
585.00 P 20260821 -1.00 -1.00 -1 0 0.4716 -0.9685 0.001751
590.00 P 20260821 -1.00 -1.00 2 0 0.4689 -0.9760 0.001542
595.00 P 20260821 -1.00 -1.00 -1 0 0.4895 -0.9753 0.001479
600.00 P 20260821 -1.00 -1.00 2 0 0.4799 -0.9828 0.001255
605.00 P 20260821 -1.00 -1.00 2 0 0.5207 -0.9766 0.001333
610.00 P 20260821 -1.00 -1.00 2 0 0.5360 -0.9771 0.001270
300.00 C 20260803 -1.00 -1.00 5 6 -1.0000 -1.0000 -1.000000
305.00 C 20260803 -1.00 -1.00 9 1 -1.0000 -1.0000 -1.000000
310.00 C 20260803 -1.00 -1.00 11 2 -1.0000 -1.0000 -1.000000
315.00 C 20260803 -1.00 -1.00 16 2 -1.0000 -1.0000 -1.000000
320.00 C 20260803 -1.00 -1.00 9 1 4.6368 0.9984 0.000071
322.50 C 20260803 -1.00 -1.00 16 1 4.5538 0.9984 0.000073
325.00 C 20260803 -1.00 -1.00 13 2 -1.0000 -1.0000 -1.000000
327.50 C 20260803 -1.00 -1.00 27 18 3.9525 0.9994 0.000031
330.00 C 20260803 -1.00 -1.00 29 18 4.5578 0.9973 0.000117
332.50 C 20260803 -1.00 -1.00 9 1 -1.0000 -1.0000 -1.000000
335.00 C 20260803 -1.00 -1.00 6 1 4.1482 0.9983 0.000086
337.50 C 20260803 -1.00 -1.00 5 0 -1.0000 -1.0000 -1.000000
340.00 C 20260803 -1.00 -1.00 10 2 -1.0000 -1.0000 -1.000000
342.50 C 20260803 -1.00 -1.00 8 15 3.9121 0.9982 0.000095
345.00 C 20260803 -1.00 -1.00 9 24 -1.0000 -1.0000 -1.000000
347.50 C 20260803 -1.00 -1.00 10 8 -1.0000 -1.0000 -1.000000
350.00 C 20260803 -1.00 -1.00 9 6 3.2958 0.9994 0.000041
352.50 C 20260803 -1.00 -1.00 3 1 3.6054 0.9980 0.000110
300.00 P 20260803 -1.00 -1.00 7 34 6.4761 -0.0068 0.000190
305.00 P 20260803 -1.00 -1.00 8 14 5.2497 -0.0018 0.000070
310.00 P 20260803 -1.00 -1.00 7 27 6.3414 -0.0088 0.000248
315.00 P 20260803 -1.00 -1.00 8 26 5.0096 -0.0022 0.000091
320.00 P 20260803 -1.00 -1.00 9 19 5.5842 -0.0069 0.000225
322.50 P 20260803 -1.00 -1.00 7 38 5.8693 -0.0098 0.000294
325.00 P 20260803 -1.00 -1.00 8 75 5.8122 -0.0106 0.000318
327.50 P 20260803 -1.00 -1.00 4 46 6.2789 -0.0186 0.000475
330.00 P 20260803 -1.00 -1.00 6 184 5.5669 -0.0104 0.000325
332.50 P 20260803 -1.00 -1.00 7 78 5.1592 -0.0078 0.000272
335.00 P 20260803 -1.00 -1.00 1 129 5.6419 -0.0151 0.000439
337.50 P 20260803 -1.00 -1.00 1 84 4.6925 -0.0056 0.000222
340.00 P 20260803 -1.00 -1.00 4 349 5.6928 -0.0193 0.000540
342.50 P 20260803 -1.00 -1.00 5 52 5.8897 -0.0237 0.000627
345.00 P 20260803 -1.00 -1.00 2 163 3.6352 -0.0009 0.000056
347.50 P 20260803 -1.00 -1.00 2 31 4.0611 -0.0032 0.000158
350.00 P 20260803 -1.00 -1.00 4 941 4.5239 -0.0087 0.000342
352.50 P 20260803 -1.00 -1.00 86 139 3.4264 -0.0010 0.000063
300.00 C 20260805 -1.00 -1.00 -1 0 -1.0000 -1.0000 -1.000000
305.00 C 20260805 -1.00 -1.00 -1 0 -1.0000 -1.0000 -1.000000
310.00 C 20260805 -1.00 -1.00 1 1 -1.0000 -1.0000 -1.000000
315.00 C 20260805 -1.00 -1.00 -1 0 0.0004 0.9999 -0.000000
320.00 C 20260805 -1.00 -1.00 2 2 0.0004 0.9999 0.000000
322.50 C 20260805 -1.00 -1.00 1 1 -1.0000 -1.0000 -1.000000
325.00 C 20260805 -1.00 -1.00 118 17 -1.0000 -1.0000 -1.000000
327.50 C 20260805 -1.00 -1.00 54 10 -1.0000 -1.0000 -1.000000
330.00 C 20260805 -1.00 -1.00 118 17 -1.0000 -1.0000 -1.000000
332.50 C 20260805 -1.00 -1.00 54 10 -1.0000 -1.0000 -1.000000
335.00 C 20260805 -1.00 -1.00 1 1 -1.0000 -1.0000 -1.000000
337.50 C 20260805 -1.00 -1.00 1 1 0.0004 0.9999 0.000000
340.00 C 20260805 -1.00 -1.00 -1 0 -1.0000 -1.0000 -1.000000
342.50 C 20260805 -1.00 -1.00 1 2 -1.0000 -1.0000 -1.000000
345.00 C 20260805 -1.00 -1.00 2 1 -1.0000 -1.0000 -1.000000
347.50 C 20260805 -1.00 -1.00 -1 0 -1.0000 -1.0000 -1.000000
350.00 C 20260805 -1.00 -1.00 -1 0 -1.0000 -1.0000 -1.000000
352.50 C 20260805 -1.00 -1.00 -1 0 -1.0000 -1.0000 -1.000000
300.00 P 20260805 -1.00 -1.00 2 6 2.7289 -0.0097 0.000246
305.00 P 20260805 -1.00 -1.00 8 3 2.7685 -0.0138 0.000326
310.00 P 20260805 -1.00 -1.00 11 25 3.0006 -0.0226 0.000466
315.00 P 20260805 -1.00 -1.00 4 2 2.4723 -0.0107 0.000295
320.00 P 20260805 -1.00 -1.00 1 8 2.8132 -0.0238 0.000520
322.50 P 20260805 -1.00 -1.00 14 62 2.4369 -0.0144 0.000383
325.00 P 20260805 -1.00 -1.00 1 56 2.7160 -0.0245 0.000551
327.50 P 20260805 -1.00 -1.00 2 19 2.3266 -0.0139 0.000390
330.00 P 20260805 -1.00 -1.00 85 170 1.8638 -0.0034 0.000141
332.50 P 20260805 -1.00 -1.00 1 20 2.5049 -0.0230 0.000565
335.00 P 20260805 -1.00 -1.00 6 212 2.5001 -0.0244 0.000598
337.50 P 20260805 -1.00 -1.00 1 15 2.4982 -0.0274 0.000654
340.00 P 20260805 -1.00 -1.00 19 423 1.5335 -0.0014 0.000074
342.50 P 20260805 -1.00 -1.00 10 189 2.4841 -0.0328 0.000757
345.00 P 20260805 -1.00 -1.00 1 151 2.5378 -0.0387 0.000850
347.50 P 20260805 -1.00 -1.00 10 46 2.3060 -0.0286 0.000732
350.00 P 20260805 -1.00 -1.00 154 2826 1.5284 -0.0029 0.000148
352.50 P 20260805 -1.00 -1.00 5 23 2.7280 -0.0577 0.001104
290.00 C 20260807 -1.00 -1.00 3 3 -1.0000 -1.0000 -1.000000
300.00 C 20260807 -1.00 -1.00 11 155 0.0006 0.9999 0.000000
305.00 C 20260807 -1.00 -1.00 168 28 1.4950 0.9984 0.000061
310.00 C 20260807 -1.00 -1.00 5 30 1.4388 0.9984 0.000062
315.00 C 20260807 -1.00 -1.00 176 41 0.0006 0.9999 0.000000
320.00 C 20260807 -1.00 -1.00 1 7 0.0006 0.9999 -0.000000
322.50 C 20260807 -1.00 -1.00 -1 0 1.1364 0.9996 0.000016
325.00 C 20260807 -1.00 -1.00 1 130 0.0006 0.9999 -0.000000
327.50 C 20260807 -1.00 -1.00 100 8 0.0006 0.9999 -0.000000
330.00 C 20260807 -1.00 -1.00 1 62 0.0006 0.9999 -0.000000
332.50 C 20260807 -1.00 -1.00 112 6 0.0006 0.9999 -0.000000
335.00 C 20260807 -1.00 -1.00 1 26 0.0006 0.9999 -0.000000
337.50 C 20260807 -1.00 -1.00 70 5 0.0006 0.9999 -0.000000
340.00 C 20260807 -1.00 -1.00 7 48 0.0006 0.9999 -0.000000
342.50 C 20260807 -1.00 -1.00 -1 0 1.0942 0.9987 0.000067
345.00 C 20260807 -1.00 -1.00 1 89 0.0006 0.9999 0.000000
347.50 C 20260807 -1.00 -1.00 -1 0 0.0006 0.9999 -0.000000
350.00 C 20260807 -1.00 -1.00 15 213 1.2098 0.9946 0.000237
352.50 C 20260807 -1.00 -1.00 1 1 0.9948 0.9989 0.000066
290.00 P 20260807 -1.00 -1.00 19 181 1.7204 -0.0021 0.000071
300.00 P 20260807 -1.00 -1.00 59 779 2.0684 -0.0120 0.000285
305.00 P 20260807 -1.00 -1.00 10 95 1.8164 -0.0070 0.000202
310.00 P 20260807 -1.00 -1.00 2 329 1.6126 -0.0037 0.000129
315.00 P 20260807 -1.00 -1.00 9 324 1.3757 -0.0013 0.000060
320.00 P 20260807 -1.00 -1.00 4 280 1.3278 -0.0014 0.000064
322.50 P 20260807 -1.00 -1.00 12 12 1.8857 -0.0183 0.000451
325.00 P 20260807 -1.00 -1.00 100 299 1.5517 -0.0069 0.000233
327.50 P 20260807 -1.00 -1.00 61 61 1.8922 -0.0217 0.000523
330.00 P 20260807 -1.00 -1.00 11 2535 1.2342 -0.0015 0.000073
332.50 P 20260807 -1.00 -1.00 60 66 1.7141 -0.0173 0.000471
335.00 P 20260807 -1.00 -1.00 1 1268 1.1884 -0.0015 0.000078
337.50 P 20260807 -1.00 -1.00 1 30 1.3529 -0.0055 0.000216
340.00 P 20260807 -1.00 -1.00 21 763 1.1577 -0.0018 0.000094
342.50 P 20260807 -1.00 -1.00 2 1 1.8479 -0.0342 0.000775
345.00 P 20260807 -1.00 -1.00 17 989 1.7185 -0.0270 0.000693
347.50 P 20260807 -1.00 -1.00 1 16 1.9036 -0.0441 0.000931
350.00 P 20260807 -1.00 -1.00 36 3200 1.2177 -0.0056 0.000247
352.50 P 20260807 -1.00 -1.00 16 39 1.9236 -0.0514 0.001050
300.00 C 20260810 -1.00 -1.00 -1 0 0.0007 0.9998 -0.000000
305.00 C 20260810 -1.00 -1.00 -1 0 -1.0000 -1.0000 -1.000000
310.00 C 20260810 -1.00 -1.00 2 1 0.0007 0.9998 -0.000000
315.00 C 20260810 -1.00 -1.00 -1 0 0.0007 0.9998 -0.000000
320.00 C 20260810 -1.00 -1.00 1 1 0.0007 0.9998 0.000000
322.50 C 20260810 -1.00 -1.00 -1 0 1.3164 0.9895 0.000304
325.00 C 20260810 -1.00 -1.00 -1 0 -1.0000 -1.0000 -1.000000
327.50 C 20260810 -1.00 -1.00 -1 0 0.0007 0.9998 0.000000
330.00 C 20260810 -1.00 -1.00 -1 0 1.2453 0.9891 0.000332
332.50 C 20260810 -1.00 -1.00 3 2 -1.0000 -1.0000 -1.000000
335.00 C 20260810 -1.00 -1.00 2 2 0.0007 0.9998 0.000000
337.50 C 20260810 -1.00 -1.00 -1 0 -1.0000 -1.0000 -1.000000
340.00 C 20260810 -1.00 -1.00 2 1 0.0007 0.9998 0.000000
342.50 C 20260810 -1.00 -1.00 -1 0 -1.0000 -1.0000 -1.000000
345.00 C 20260810 -1.00 -1.00 -1 0 0.0007 0.9998 0.000000
347.50 C 20260810 -1.00 -1.00 -1 0 -1.0000 -1.0000 -1.000000
350.00 C 20260810 -1.00 -1.00 2 62 -1.0000 -1.0000 -1.000000
352.50 C 20260810 -1.00 -1.00 -1 0 -1.0000 -1.0000 -1.000000
300.00 P 20260810 -1.00 -1.00 1 1 -1.0000 -1.0000 -1.000000
305.00 P 20260810 -1.00 -1.00 -1 0 1.3313 -0.0050 0.000158
310.00 P 20260810 -1.00 -1.00 5 5 1.4500 -0.0104 0.000278
315.00 P 20260810 -1.00 -1.00 -1 0 1.4124 -0.0114 0.000307
320.00 P 20260810 -1.00 -1.00 1 59 1.4605 -0.0172 0.000423
322.50 P 20260810 -1.00 -1.00 1 1 1.4383 -0.0176 0.000438
325.00 P 20260810 -1.00 -1.00 2 2 1.3461 -0.0139 0.000381
327.50 P 20260810 -1.00 -1.00 -1 0 1.4016 -0.0187 0.000476
330.00 P 20260810 -1.00 -1.00 130 129 1.3695 -0.0185 0.000483
332.50 P 20260810 -1.00 -1.00 2 12 1.4671 -0.0263 0.000611
335.00 P 20260810 -1.00 -1.00 6 12 1.3857 -0.0227 0.000572
337.50 P 20260810 -1.00 -1.00 -1 0 1.4752 -0.0330 0.000727
340.00 P 20260810 -1.00 -1.00 85 66 1.4431 -0.0330 0.000743
342.50 P 20260810 -1.00 -1.00 6 6 1.4430 -0.0360 0.000798
345.00 P 20260810 -1.00 -1.00 1 63 1.5544 -0.0485 0.000952
347.50 P 20260810 -1.00 -1.00 10 6 1.5623 -0.0519 0.001005
350.00 P 20260810 -1.00 -1.00 11 41 0.9142 -0.0045 0.000208
352.50 P 20260810 -1.00 -1.00 -1 0 1.5943 -0.0635 0.001146
300.00 C 20260812 -1.00 -1.00 -1 0 -1.0000 -1.0000 -1.000000
305.00 C 20260812 -1.00 -1.00 -1 0 0.0008 0.9998 0.000000
310.00 C 20260812 -1.00 -1.00 -1 0 -1.0000 -1.0000 -1.000000
315.00 C 20260812 -1.00 -1.00 -1 0 -1.0000 -1.0000 -1.000000
320.00 C 20260812 -1.00 -1.00 -1 0 -1.0000 -1.0000 -1.000000
325.00 C 20260812 -1.00 -1.00 -1 0 0.0008 0.9998 -0.000000
327.50 C 20260812 -1.00 -1.00 -1 0 0.0008 0.9998 -0.000000
330.00 C 20260812 -1.00 -1.00 -1 0 -1.0000 -1.0000 -1.000000
332.50 C 20260812 -1.00 -1.00 -1 0 -1.0000 -1.0000 -1.000000
335.00 C 20260812 -1.00 -1.00 2 3 -1.0000 -1.0000 -1.000000
337.50 C 20260812 -1.00 -1.00 -1 0 0.0008 0.9998 -0.000000
340.00 C 20260812 -1.00 -1.00 68 34 -1.0000 -1.0000 -1.000000
342.50 C 20260812 -1.00 -1.00 -1 0 0.0008 0.9998 -0.000000
345.00 C 20260812 -1.00 -1.00 -1 0 0.0008 0.9998 0.000000
347.50 C 20260812 -1.00 -1.00 1 1 -1.0000 -1.0000 -1.000000
350.00 C 20260812 -1.00 -1.00 10 2 0.0008 0.9998 0.000000
352.50 C 20260812 -1.00 -1.00 200 100 -1.0000 -1.0000 -1.000000
300.00 P 20260812 -1.00 -1.00 -1 0 1.6031 -0.0214 0.000417
305.00 P 20260812 -1.00 -1.00 -1 0 -1.0000 -1.0000 -1.000000
310.00 P 20260812 -1.00 -1.00 1 1 1.1575 -0.0057 0.000180
315.00 P 20260812 -1.00 -1.00 1 1 1.2560 -0.0116 0.000311
320.00 P 20260812 -1.00 -1.00 11 11 1.2185 -0.0123 0.000336
325.00 P 20260812 -1.00 -1.00 -1 0 1.3994 -0.0278 0.000593
327.50 P 20260812 -1.00 -1.00 -1 0 -1.0000 -1.0000 -1.000000
330.00 P 20260812 -1.00 -1.00 89 92 1.3017 -0.0237 0.000563
332.50 P 20260812 -1.00 -1.00 -1 0 -1.0000 -1.0000 -1.000000
335.00 P 20260812 -1.00 -1.00 8 10 1.2881 -0.0279 0.000645
337.50 P 20260812 -1.00 -1.00 -1 0 -1.0000 -1.0000 -1.000000
340.00 P 20260812 -1.00 -1.00 1 11 1.2939 -0.0345 0.000761
342.50 P 20260812 -1.00 -1.00 -1 0 -1.0000 -1.0000 -1.000000
345.00 P 20260812 -1.00 -1.00 1 4 1.3866 -0.0491 0.000958
347.50 P 20260812 -1.00 -1.00 -1 0 0.9794 -0.0132 0.000446
350.00 P 20260812 -1.00 -1.00 2 15 0.9618 -0.0136 0.000466
352.50 P 20260812 -1.00 -1.00 -1 0 -1.0000 -1.0000 -1.000000
290.00 C 20260814 -1.00 -1.00 -1 0 1.0496 0.9979 0.000063
300.00 C 20260814 -1.00 -1.00 2 17 0.8903 0.9991 0.000030
305.00 C 20260814 -1.00 -1.00 1 15 0.9684 0.9975 0.000084
310.00 C 20260814 -1.00 -1.00 5 13 0.0009 0.9997 -0.000000
315.00 C 20260814 -1.00 -1.00 1 27 0.8856 0.9977 0.000082
320.00 C 20260814 -1.00 -1.00 56 29 0.8913 0.9970 0.000110
322.50 C 20260814 -1.00 -1.00 -1 0 0.8711 0.9971 0.000110
325.00 C 20260814 -1.00 -1.00 25 25 0.9204 0.9947 0.000183
327.50 C 20260814 -1.00 -1.00 -1 0 1.0552 0.9864 0.000377
330.00 C 20260814 -1.00 -1.00 1 78 0.6719 0.9994 0.000021
332.50 C 20260814 -1.00 -1.00 1 1 0.7468 0.9983 0.000071
335.00 C 20260814 -1.00 -1.00 20 21 0.8485 0.9947 0.000198
337.50 C 20260814 -1.00 -1.00 -1 0 0.8145 0.9956 0.000175
340.00 C 20260814 -1.00 -1.00 1 1 0.8295 0.9939 0.000233
342.50 C 20260814 -1.00 -1.00 -1 0 0.0009 0.9997 -0.000000
345.00 C 20260814 -1.00 -1.00 10 12 0.7786 0.9947 0.000215
347.50 C 20260814 -1.00 -1.00 -1 0 0.7454 0.9957 0.000187
350.00 C 20260814 -1.00 -1.00 10 40 0.7444 0.9948 0.000224
352.50 C 20260814 -1.00 -1.00 6 6 0.0009 0.9997 -0.000000
290.00 P 20260814 -1.00 -1.00 26 53 1.1451 -0.0034 0.000104
300.00 P 20260814 -1.00 -1.00 1 179 0.9357 -0.0010 0.000043
305.00 P 20260814 -1.00 -1.00 1 71 1.0311 -0.0034 0.000117
310.00 P 20260814 -1.00 -1.00 3 458 0.9490 -0.0025 0.000095
315.00 P 20260814 -1.00 -1.00 5 207 1.1635 -0.0132 0.000340
320.00 P 20260814 -1.00 -1.00 5 249 1.0630 -0.0091 0.000274
322.50 P 20260814 -1.00 -1.00 -1 0 -1.0000 -1.0000 -1.000000
325.00 P 20260814 -1.00 -1.00 1 329 0.8898 -0.0036 0.000141
327.50 P 20260814 -1.00 -1.00 -1 0 1.0302 -0.0113 0.000337
330.00 P 20260814 -1.00 -1.00 216 331 0.7747 -0.0017 0.000081
332.50 P 20260814 -1.00 -1.00 -1 0 1.1767 -0.0257 0.000603
335.00 P 20260814 -1.00 -1.00 3 360 0.9467 -0.0094 0.000317
337.50 P 20260814 -1.00 -1.00 -1 0 1.1091 -0.0238 0.000601
340.00 P 20260814 -1.00 -1.00 3 325 0.9214 -0.0106 0.000358
342.50 P 20260814 -1.00 -1.00 -1 0 1.0046 -0.0196 0.000557
345.00 P 20260814 -1.00 -1.00 27 286 0.7352 -0.0030 0.000145
347.50 P 20260814 -1.00 -1.00 167 167 0.8511 -0.0096 0.000357
350.00 P 20260814 -1.00 -1.00 4 593 0.7078 -0.0031 0.000156
352.50 P 20260814 -1.00 -1.00 -1 0 -1.0000 -1.0000 -1.000000
290.00 C 20260821 -1.00 -1.00 12 31 0.0011 0.9996 -0.000000
295.00 C 20260821 -1.00 -1.00 2 33 0.0011 0.9996 -0.000000
300.00 C 20260821 -1.00 -1.00 7 341 0.0011 0.9996 0.000000
305.00 C 20260821 -1.00 -1.00 2 25 0.0011 0.9996 -0.000000
310.00 C 20260821 -1.00 -1.00 6 319 0.0011 0.9996 -0.000000
315.00 C 20260821 -1.00 -1.00 2 128 0.0011 0.9996 0.000000
320.00 C 20260821 -1.00 -1.00 2 150 0.0011 0.9996 0.000000
325.00 C 20260821 -1.00 -1.00 2 167 0.0011 0.9996 -0.000000
330.00 C 20260821 -1.00 -1.00 2 206 0.0011 0.9996 0.000000
335.00 C 20260821 -1.00 -1.00 2 192 0.0011 0.9996 0.000000
340.00 C 20260821 -1.00 -1.00 13 222 0.0011 0.9996 0.000000
345.00 C 20260821 -1.00 -1.00 1 163 0.0011 0.9996 0.000000
350.00 C 20260821 -1.00 -1.00 51 934 0.0011 0.9996 -0.000000
290.00 P 20260821 -1.00 -1.00 157 1098 0.7944 -0.0011 0.000043
295.00 P 20260821 -1.00 -1.00 6 855 0.9003 -0.0047 0.000139
300.00 P 20260821 -1.00 -1.00 161 3901 0.7516 -0.0014 0.000055
305.00 P 20260821 -1.00 -1.00 3 757 0.7944 -0.0029 0.000102
310.00 P 20260821 -1.00 -1.00 20 2643 0.7326 -0.0022 0.000085
315.00 P 20260821 -1.00 -1.00 34 1060 0.7086 -0.0022 0.000091
320.00 P 20260821 -1.00 -1.00 29 4248 0.7070 -0.0028 0.000113
325.00 P 20260821 -1.00 -1.00 23 2778 0.6836 -0.0029 0.000121
330.00 P 20260821 -1.00 -1.00 117 5759 0.6751 -0.0037 0.000151
335.00 P 20260821 -1.00 -1.00 13 4173 0.6553 -0.0042 0.000172
340.00 P 20260821 -1.00 -1.00 102 10917 0.6306 -0.0043 0.000185
345.00 P 20260821 -1.00 -1.00 121 4981 0.6115 -0.0049 0.000211
350.00 P 20260821 -1.00 -1.00 148 11752 0.5926 -0.0054 0.000240
620.00 C 20260807 -1.00 -1.00 -1 0 -1.0000 -1.0000 -1.000000
630.00 C 20260807 -1.00 -1.00 -1 0 -1.0000 -1.0000 -1.000000
640.00 C 20260807 -1.00 -1.00 -1 0 -1.0000 -1.0000 -1.000000
650.00 C 20260807 -1.00 -1.00 -1 0 -1.0000 -1.0000 -1.000000
660.00 C 20260807 -1.00 -1.00 -1 0 -1.0000 -1.0000 -1.000000
670.00 C 20260807 -1.00 -1.00 1 1 -1.0000 -1.0000 -1.000000
620.00 P 20260807 -1.00 -1.00 -1 0 1.0654 -0.9839 0.000787
630.00 P 20260807 -1.00 -1.00 -1 0 -1.0000 -1.0000 -1.000000
640.00 P 20260807 -1.00 -1.00 -1 0 1.1856 -0.9852 0.000660
650.00 P 20260807 -1.00 -1.00 -1 0 1.1125 -0.9936 0.000396
660.00 P 20260807 -1.00 -1.00 -1 0 1.1857 -0.9925 0.000404
670.00 P 20260807 -1.00 -1.00 -1 0 1.3177 -0.9886 0.000487
620.00 C 20260814 -1.00 -1.00 -1 0 -1.0000 -1.0000 -1.000000
630.00 C 20260814 -1.00 -1.00 -1 0 -1.0000 -1.0000 -1.000000
640.00 C 20260814 -1.00 -1.00 -1 0 -1.0000 -1.0000 -1.000000
650.00 C 20260814 -1.00 -1.00 -1 0 -1.0000 -1.0000 -1.000000
660.00 C 20260814 -1.00 -1.00 -1 0 -1.0000 -1.0000 -1.000000
670.00 C 20260814 -1.00 -1.00 -1 0 -1.0000 -1.0000 -1.000000
620.00 P 20260814 -1.00 -1.00 -1 0 0.7058 -0.9779 0.001048
630.00 P 20260814 -1.00 -1.00 -1 0 0.7201 -0.9831 0.000865
640.00 P 20260814 -1.00 -1.00 -1 0 0.7632 -0.9827 0.000818
650.00 P 20260814 -1.00 -1.00 -1 0 0.7408 -0.9917 0.000552
660.00 P 20260814 -1.00 -1.00 -1 0 0.8296 -0.9850 0.000689
670.00 P 20260814 -1.00 -1.00 -1 0 0.8650 -0.9855 0.000645
615.00 C 20260821 -1.00 -1.00 1 324 0.4247 0.0057 0.000353
620.00 C 20260821 -1.00 -1.00 3 1189 0.4343 0.0051 0.000310
625.00 C 20260821 -1.00 -1.00 1 198 0.4582 0.0065 0.000363
630.00 C 20260821 -1.00 -1.00 3 317 0.4658 0.0056 0.000315
635.00 C 20260821 -1.00 -1.00 24 100 0.4804 0.0057 0.000310
640.00 C 20260821 -1.00 -1.00 5 286 0.4968 0.0061 0.000316
645.00 C 20260821 -1.00 -1.00 4 121 0.4738 0.0035 0.000201
650.00 C 20260821 -1.00 -1.00 39 592 0.5092 0.0047 0.000246
655.00 C 20260821 -1.00 -1.00 3 89 0.5345 0.0057 0.000279
660.00 C 20260821 -1.00 -1.00 7 174 0.5166 0.0038 0.000198
665.00 C 20260821 -1.00 -1.00 2 88 0.5574 0.0053 0.000251
615.00 P 20260821 -1.00 -1.00 -1 0 0.5464 -0.9789 0.001192
620.00 P 20260821 -1.00 -1.00 2 0 0.5664 -0.9782 0.001159
625.00 P 20260821 -1.00 -1.00 4 0 0.5956 -0.9753 0.001157
630.00 P 20260821 -1.00 -1.00 1 0 0.5963 -0.9791 0.001066
635.00 P 20260821 -1.00 -1.00 -1 0 0.6012 -0.9818 0.000982
640.00 P 20260821 -1.00 -1.00 1 0 0.6057 -0.9844 0.000896
645.00 P 20260821 -1.00 -1.00 -1 0 0.6303 -0.9824 0.000909
650.00 P 20260821 -1.00 -1.00 3 0 0.6497 -0.9817 0.000896
655.00 P 20260821 -1.00 -1.00 -1 0 0.6688 -0.9809 0.000883
660.00 P 20260821 -1.00 -1.00 2 0 0.6682 -0.9844 0.000799
665.00 P 20260821 -1.00 -1.00 -1 0 0.6823 -0.9846 0.000772
