# opt_chain ASML | epoch 1785515471 | 2026-07-31 12:31:11 | spot 1653.80 | exps 20260731 20260807
# fuente ibkr_tws | band 0.1500 | max_strikes 20 | narrow 0 | vencimientos 2 | rows 156 | greeks_ok_pct 1.0000 | bidask_ok_pct 0.8846
# strike right exp bid ask vol oi iv delta gamma
1655.00 C 20260731 4.60 10.90 41 52 0.7379 0.4878 0.0164
1655.00 P 20260731 6.90 18.10 23 62 0.7379 -0.5123 0.0164
1650.00 C 20260731 8.90 14.50 114 468 0.7400 0.5693 0.0162
1650.00 P 20260731 6.50 14.60 85 284 0.7400 -0.4307 0.0162
1660.00 C 20260731 3.50 8.40 91 81 0.7392 0.4070 0.0160
1660.00 P 20260731 9.00 17.60 14 75 0.7392 -0.5931 0.0160
1645.00 C 20260731 8.40 21.80 17 25 0.7455 0.6472 0.0152
1645.00 P 20260731 4.20 12.00 38 92 0.7455 -0.3528 0.0152
1665.00 C 20260731 1.85 6.00 26 37 0.7438 0.3326 0.0148
1665.00 P 20260731 12.90 24.50 3 64 0.7438 -0.6675 0.0148
1640.00 C 20260731 10.20 26.00 21 136 0.7544 0.7162 0.0137
1640.00 P 20260731 3.90 9.20 55 62 0.7544 -0.2838 0.0137
1670.00 C 20260731 1.10 4.30 22 78 0.7516 0.2636 0.0132
1670.00 P 20260731 13.80 24.10 22 94 0.7516 -0.7365 0.0132
1635.00 C 20260731 13.80 28.20 2 6 0.7668 0.7756 0.0119
1635.00 P 20260731 1.00 7.60 134 51 0.7668 -0.2244 0.0119
1675.00 C 20260731 0.50 3.10 53 28 0.7624 0.2066 0.0114
1675.00 P 20260731 19.90 31.20 10 48 0.7624 -0.7936 0.0114
1630.00 C 20260731 18.10 32.60 29 348 0.7826 0.8243 0.0100
1630.00 P 20260731 1.60 4.30 101 41 0.7826 -0.1758 0.0100
1680.00 C 20260731 0.25 2.20 60 55 0.7759 0.1573 0.0094
1680.00 P 20260731 22.00 35.50 10 46 0.7759 -0.8429 0.0094
1625.00 C 20260731 24.90 34.70 0 17 0.8020 0.8737 0.0078
1625.00 P 20260731 1.25 2.65 53 44 0.8020 -0.1263 0.0078
1685.00 C 20260731 0.10 1.55 21 93 0.7919 0.1221 0.0078
1685.00 P 20260731 26.50 38.10 1 21 0.7919 -0.8781 0.0078
1620.00 C 20260731 27.00 41.70 8 40 0.8251 0.8990 0.0065
1620.00 P 20260731 1.00 1.90 97 63 0.8251 -0.1010 0.0065
1690.00 C 20260731 0.05 1.10 40 26 0.8098 0.0938 0.0063
1690.00 P 20260731 31.30 41.00 4 31 0.8098 -0.9064 0.0063
1615.00 C 20260731 32.20 45.70 1 13 0.8520 0.9228 0.0052
1615.00 P 20260731 0.55 1.55 63 40 0.8520 -0.0772 0.0052
1695.00 C 20260731 -1.00 1.10 73 366 0.8292 0.0694 0.0049
1695.00 P 20260731 35.00 49.10 3 15 0.8292 -0.9319 0.0048
1610.00 C 20260731 37.00 51.40 0 18 0.8830 0.9389 0.0041
1610.00 P 20260731 0.50 1.20 287 93 0.8830 -0.0611 0.0041
1700.00 C 20260731 0.10 0.60 200 360 0.8497 0.0535 0.0039
1700.00 P 20260731 40.30 51.00 10 144 0.8497 -0.9467 0.0039
1605.00 C 20260731 41.80 55.70 1 15 0.9180 0.9501 0.0034
1605.00 P 20260731 0.35 1.05 90 48 0.9180 -0.0499 0.0034
1655.00 C 20260807 52.70 62.50 38 27 0.6371 0.5186 0.0027
1655.00 P 20260807 56.20 64.80 2 19 0.6371 -0.4822 0.0027
1650.00 C 20260807 55.10 69.10 42 18 0.6381 0.5326 0.0027
1650.00 P 20260807 52.30 63.50 7 61 0.6381 -0.4681 0.0027
1660.00 C 20260807 50.50 60.50 71 6 0.6362 0.5042 0.0027
1660.00 P 20260807 58.10 69.00 17 19 0.6362 -0.4967 0.0027
1645.00 C 20260807 57.10 72.10 1 15 0.6392 0.5446 0.0027
1645.00 P 20260807 51.00 63.50 9 34 0.6392 -0.4561 0.0027
1665.00 C 20260807 45.00 58.00 27 14 0.6352 0.4906 0.0027
1665.00 P 20260807 57.70 72.70 5 4 0.6352 -0.5102 0.0027
1640.00 C 20260807 60.00 73.30 10 9 0.6404 0.5580 0.0027
1640.00 P 20260807 48.40 57.70 2 15 0.6404 -0.4426 0.0027
1670.00 C 20260807 43.40 57.40 4 13 0.6344 0.4771 0.0027
1670.00 P 20260807 61.00 72.70 7 80 0.6344 -0.5238 0.0027
1635.00 C 20260807 61.00 74.00 0 9 0.6416 0.5714 0.0027
1635.00 P 20260807 45.60 55.50 0 12 0.6416 -0.4292 0.0027
1675.00 C 20260807 40.60 53.50 1 24 0.6336 0.4635 0.0027
1675.00 P 20260807 63.90 75.70 9 87 0.6336 -0.5374 0.0027
1630.00 C 20260807 67.60 76.90 9 27 0.6428 0.5848 0.0026
1630.00 P 20260807 42.60 53.50 21 30 0.6428 -0.4158 0.0026
1680.00 C 20260807 38.90 50.30 0 45 0.6328 0.4499 0.0027
1680.00 P 20260807 68.50 80.90 3 343 0.6328 -0.5511 0.0027
1625.00 C 20260807 66.50 80.60 0 6 0.6442 0.5981 0.0026
1625.00 P 20260807 43.00 54.80 6 67 0.6442 -0.4016 0.0026
1685.00 C 20260807 39.20 51.30 0 10 0.6321 0.4365 0.0027
1685.00 P 20260807 71.80 81.60 0 11 0.6321 -0.5646 0.0027
1620.00 C 20260807 72.40 84.50 0 5 0.6455 0.6109 0.0026
1620.00 P 20260807 40.80 48.00 20 5 0.6455 -0.3896 0.0026
1690.00 C 20260807 35.50 47.10 12 7 0.6315 0.4235 0.0027
1690.00 P 20260807 74.50 86.60 1 23 0.6315 -0.5776 0.0027
1615.00 C 20260807 72.50 87.80 0 0 0.6470 0.6237 0.0025
1615.00 P 20260807 37.40 48.30 11 26 0.6470 -0.3769 0.0025
1695.00 C 20260807 33.20 43.70 1 12 0.6309 0.4104 0.0027
1695.00 P 20260807 75.70 89.50 0 4 0.6309 -0.5907 0.0027
1610.00 C 20260807 76.70 89.80 3 10 0.6484 0.6363 0.0025
1610.00 P 20260807 36.10 44.60 9 71 0.6484 -0.3642 0.0025
1700.00 C 20260807 32.50 40.00 10 404 0.6304 0.3988 0.0027
1700.00 P 20260807 77.50 91.50 1 79 0.6304 -0.6038 0.0027
1605.00 C 20260807 82.80 95.40 0 3 0.6500 0.6489 0.0025
1605.00 P 20260807 35.70 43.30 19 22 0.6500 -0.3515 0.0025
1410.00 C 20260731 236.20 249.80 1 6 2.9448 0.9980 0.0001
1410.00 P 20260731 -1.00 3.70 3 31 2.9448 -0.0020 0.0001
1435.00 C 20260731 211.20 224.90 0 0 2.7358 0.9970 0.0001
1435.00 P 20260731 -1.00 0.60 7 71 2.7358 -0.0040 0.0001
1460.00 C 20260731 186.20 201.30 0 1 2.5086 0.9942 0.0002
1460.00 P 20260731 -1.00 0.90 12 47 2.5086 -0.0058 0.0002
1485.00 C 20260731 161.30 174.90 0 2 2.2684 0.9922 0.0003
1485.00 P 20260731 -1.00 0.90 0 65 2.2684 -0.0078 0.0003
1510.00 C 20260731 136.30 150.00 0 7 2.0135 0.9891 0.0004
1510.00 P 20260731 -1.00 1.10 7 38 2.0135 -0.0088 0.0004
1535.00 C 20260731 111.30 125.00 6 2 1.7328 0.9854 0.0006
1535.00 P 20260731 -1.00 0.65 31 141 1.7328 -0.0122 0.0006
1560.00 C 20260731 89.40 100.00 2 10 1.4254 0.9809 0.0010
1560.00 P 20260731 -1.00 1.00 110 96 1.4254 -0.0162 0.0009
1575.00 C 20260731 70.80 85.20 5 35 1.2421 0.9765 0.0014
1575.00 P 20260731 0.10 0.65 43 63 1.2421 -0.0198 0.0012
1600.00 C 20260731 46.00 60.00 20 109 0.9798 0.9590 0.0028
1600.00 P 20260731 0.25 0.90 159 185 0.9798 -0.0410 0.0028
1725.00 C 20260731 -1.00 0.65 11 35 0.9488 0.0133 0.0011
1725.00 P 20260731 64.70 78.90 2 45 0.9488 -0.9876 0.0011
1750.00 C 20260731 -1.00 0.65 82 304 1.0090 0.0027 0.0002
1750.00 P 20260731 91.60 104.00 6 285 1.0090 -0.9981 0.0002
1770.00 C 20260731 -1.00 3.10 4 79 1.0205 0.0005 0.0000
1770.00 P 20260731 109.30 123.90 1 14 1.0205 -1.0000 0.0000
1782.50 C 20260731 -1.00 10.10 0 18 1.0180 0.0001 0.0000
1782.50 P 20260731 121.00 136.40 0 3 1.0180 -1.0000 0.0000
1795.00 C 20260731 -1.00 1.10 0 211 1.0126 0.0000 0.0000
1795.00 P 20260731 134.00 148.90 0 6 1.0126 -1.0000 0.0000
1807.50 C 20260731 -1.00 10.10 10 6 1.0061 0.0000 0.0000
1807.50 P 20260731 146.00 161.40 0 8 1.0061 -1.0000 -0.0000
1825.00 C 20260731 -1.00 10.10 0 289 0.9972 0.0000 0.0000
1825.00 P 20260731 165.00 178.90 0 0 0.9972 -1.0000 -0.0000
1850.00 C 20260731 -1.00 0.10 14 215 0.9900 0.0000 0.0000
1850.00 P 20260731 191.20 203.90 0 0 0.9900 -1.0000 -0.0000
1875.00 C 20260731 -1.00 10.10 0 16 0.9899 0.0000 0.0000
1875.00 P 20260731 215.20 228.90 0 0 0.9899 -1.0000 -0.0000
1900.00 C 20260731 -1.00 7.00 0 271 0.9998 0.0000 0.0000
1900.00 P 20260731 239.00 254.00 0 1 0.9998 -1.0000 0.0000
1410.00 C 20260807 241.70 258.00 1 1 0.7478 0.9435 0.0007
1410.00 P 20260807 3.80 5.50 10 24 0.7478 -0.0560 0.0007
1435.00 C 20260807 218.30 234.00 0 5 0.7322 0.9263 0.0008
1435.00 P 20260807 2.55 10.20 2 6 0.7322 -0.0731 0.0008
1460.00 C 20260807 194.90 211.20 0 0 0.7174 0.9034 0.0010
1460.00 P 20260807 4.80 10.00 40 59 0.7174 -0.0967 0.0010
1485.00 C 20260807 172.70 188.00 0 0 0.7033 0.8750 0.0013
1485.00 P 20260807 9.40 16.20 6 119 0.7033 -0.1252 0.0013
1510.00 C 20260807 151.40 167.90 0 0 0.6902 0.8413 0.0015
1510.00 P 20260807 12.60 20.80 59 33 0.6902 -0.1589 0.0015
1535.00 C 20260807 131.10 148.00 0 10 0.6780 0.8007 0.0018
1535.00 P 20260807 16.80 21.50 1 7 0.6780 -0.1995 0.0018
1560.00 C 20260807 110.40 124.80 0 19 0.6669 0.7523 0.0021
1560.00 P 20260807 21.90 27.00 66 39 0.6669 -0.2480 0.0021
1575.00 C 20260807 100.00 114.20 0 8 0.6609 0.7197 0.0022
1575.00 P 20260807 26.10 31.20 2 10 0.6609 -0.2806 0.0022
1587.50 C 20260807 93.10 106.80 0 0 0.6562 0.6911 0.0023
1587.50 P 20260807 28.50 40.50 37 5 0.6562 -0.3093 0.0023
1600.00 C 20260807 84.90 96.00 5 20 0.6519 0.6615 0.0024
1600.00 P 20260807 33.10 39.60 10 133 0.6519 -0.3390 0.0024
1725.00 C 20260807 22.50 31.80 51 15 0.6281 0.3346 0.0025
1725.00 P 20260807 95.10 108.80 0 42 0.6281 -0.6671 0.0025
1750.00 C 20260807 17.40 24.70 28 42 0.6274 0.2780 0.0023
1750.00 P 20260807 113.60 125.90 0 84 0.6274 -0.7222 0.0023
1770.00 C 20260807 15.50 20.00 2 23 0.6275 0.2345 0.0021
1770.00 P 20260807 125.20 141.50 0 11 0.6275 -0.7674 0.0021
1795.00 C 20260807 7.70 16.50 10 31 0.6287 0.1893 0.0019
1795.00 P 20260807 150.20 162.10 0 11 0.6287 -0.8129 0.0019
1807.50 C 20260807 7.00 15.20 0 4 0.6296 0.1681 0.0017
1807.50 P 20260807 157.60 172.90 0 0 0.6296 -0.8343 0.0017
1825.00 C 20260807 5.50 11.90 1 22 0.6313 0.1436 0.0016
1825.00 P 20260807 175.70 188.20 0 7 0.6313 -0.8590 0.0016
1850.00 C 20260807 6.30 8.50 326 622 0.6344 0.1126 0.0013
1850.00 P 20260807 196.00 210.30 0 5 0.6344 -0.8904 0.0013
1875.00 C 20260807 1.45 12.00 0 25 0.6385 0.0868 0.0011
1875.00 P 20260807 218.60 233.50 0 3 0.6385 -0.9165 0.0011
1900.00 C 20260807 3.60 6.00 18 138 0.6433 0.0682 0.0009
1900.00 P 20260807 242.00 257.20 0 1 0.6433 -0.9359 0.0009
