# opt_chain ASML | epoch 1785505290 | 2026-07-31 09:41:30 | spot 1663.70 | exps 20260731 20260807
# fuente ibkr_tws | band 0.1500 | max_strikes 20 | narrow 0 | vencimientos 2 | rows 156 | greeks_ok_pct 0.9808 | bidask_ok_pct 0.9167
# strike right exp bid ask vol oi iv delta gamma
1665.00 C 20260731 13.10 21.90 8 37 0.9550 0.5032 0.0094
1665.00 P 20260731 13.90 21.30 3 64 0.9550 -0.4969 0.0094
1660.00 C 20260731 14.00 20.90 1 81 0.9529 0.5500 0.0093
1660.00 P 20260731 10.90 17.70 6 75 0.9529 -0.4501 0.0093
1670.00 C 20260731 10.90 19.10 1 78 0.9580 0.4568 0.0093
1670.00 P 20260731 17.40 23.50 18 94 0.9580 -0.5433 0.0093
1655.00 C 20260731 17.50 23.60 0 52 0.9520 0.5964 0.0091
1655.00 P 20260731 10.20 15.20 11 62 0.9520 -0.4037 0.0091
1675.00 C 20260731 9.30 15.70 37 28 0.9617 0.4114 0.0091
1675.00 P 20260731 18.80 26.90 4 48 0.9617 -0.5887 0.0091
1650.00 C 20260731 20.60 27.50 1 468 0.9524 0.6414 0.0088
1650.00 P 20260731 8.00 12.70 19 284 0.9524 -0.3586 0.0088
1680.00 C 20260731 9.00 11.70 10 55 0.9661 0.3677 0.0088
1680.00 P 20260731 22.00 28.30 4 46 0.9661 -0.6324 0.0088
1645.00 C 20260731 24.30 32.70 0 25 0.9543 0.6843 0.0084
1645.00 P 20260731 4.60 9.40 9 92 0.9543 -0.3158 0.0084
1685.00 C 20260731 6.30 13.60 5 93 0.9710 0.3265 0.0083
1685.00 P 20260731 25.70 33.00 0 21 0.9710 -0.6736 0.0083
1640.00 C 20260731 26.00 34.60 0 136 0.9581 0.7251 0.0078
1640.00 P 20260731 3.20 8.40 1 62 0.9581 -0.2750 0.0078
1690.00 C 20260731 5.50 12.60 30 26 0.9765 0.2872 0.0078
1690.00 P 20260731 28.10 38.00 0 31 0.9765 -0.7129 0.0078
1635.00 C 20260731 29.00 40.40 0 6 0.9640 0.7613 0.0072
1635.00 P 20260731 3.90 6.90 4 51 0.9640 -0.2387 0.0072
1695.00 C 20260731 5.00 11.80 26 366 0.9825 0.2520 0.0073
1695.00 P 20260731 31.70 43.00 0 15 0.9825 -0.7481 0.0073
1630.00 C 20260731 33.20 42.70 1 348 0.9722 0.7955 0.0066
1630.00 P 20260731 2.15 6.20 8 41 0.9722 -0.2045 0.0066
1700.00 C 20260731 2.90 6.80 66 360 0.9893 0.2200 0.0067
1700.00 P 20260731 35.00 46.20 2 144 0.9893 -0.7801 0.0067
1625.00 C 20260731 37.10 46.80 0 17 0.9826 0.8253 0.0059
1625.00 P 20260731 2.90 4.50 42 44 0.9826 -0.1747 0.0059
1705.00 C 20260731 2.55 6.40 31 59 0.9967 0.1913 0.0061
1705.00 P 20260731 38.60 50.10 6 37 0.9967 -0.8089 0.0061
1620.00 C 20260731 41.10 50.90 1 40 0.9951 0.8422 0.0055
1620.00 P 20260731 2.05 4.00 37 63 0.9951 -0.1578 0.0055
1710.00 C 20260731 2.15 5.80 60 137 1.0050 0.1623 0.0055
1710.00 P 20260731 42.90 56.40 50 58 1.0050 -0.8379 0.0055
1615.00 C 20260731 45.00 57.70 0 13 1.0097 0.8717 0.0047
1615.00 P 20260731 1.85 3.20 3 40 1.0097 -0.1283 0.0047
1665.00 C 20260807 55.00 62.20 3 14 0.6179 0.5207 0.0028
1665.00 P 20260807 50.40 61.50 0 4 0.6179 -0.4802 0.0028
1660.00 C 20260807 58.00 65.10 0 6 0.6187 0.5344 0.0027
1660.00 P 20260807 47.70 58.70 0 19 0.6187 -0.4664 0.0028
1670.00 C 20260807 51.10 62.00 0 13 0.6171 0.5070 0.0028
1670.00 P 20260807 52.50 64.40 0 80 0.6171 -0.4939 0.0028
1655.00 C 20260807 58.70 68.40 10 27 0.6196 0.5476 0.0027
1655.00 P 20260807 45.20 57.10 0 19 0.6196 -0.4532 0.0027
1675.00 C 20260807 49.30 60.10 1 24 0.6164 0.4931 0.0028
1675.00 P 20260807 58.40 66.40 1 87 0.6164 -0.5078 0.0028
1650.00 C 20260807 61.50 71.10 2 18 0.6205 0.5616 0.0027
1650.00 P 20260807 44.50 53.90 2 61 0.6205 -0.4391 0.0027
1680.00 C 20260807 46.60 56.30 0 45 0.6157 0.4795 0.0028
1680.00 P 20260807 60.10 69.80 0 343 0.6157 -0.5214 0.0028
1645.00 C 20260807 63.50 75.20 0 15 0.6215 0.5747 0.0027
1645.00 P 20260807 42.10 51.00 1 34 0.6215 -0.4260 0.0027
1685.00 C 20260807 45.80 54.30 0 10 0.6150 0.4656 0.0028
1685.00 P 20260807 63.50 73.00 0 11 0.6150 -0.5352 0.0028
1640.00 C 20260807 66.60 74.80 0 9 0.6225 0.5883 0.0027
1640.00 P 20260807 40.10 49.10 0 15 0.6225 -0.4124 0.0027
1690.00 C 20260807 42.40 55.00 10 7 0.6144 0.4520 0.0028
1690.00 P 20260807 64.30 77.00 0 23 0.6144 -0.5491 0.0028
1635.00 C 20260807 69.30 77.90 0 9 0.6235 0.6017 0.0027
1635.00 P 20260807 35.00 47.70 0 12 0.6235 -0.3989 0.0027
1695.00 C 20260807 41.40 52.50 0 12 0.6138 0.4383 0.0028
1695.00 P 20260807 67.10 80.70 0 4 0.6138 -0.5628 0.0028
1630.00 C 20260807 72.60 83.20 0 27 0.6246 0.6153 0.0026
1630.00 P 20260807 32.50 45.20 0 30 0.6246 -0.3853 0.0026
1700.00 C 20260807 39.50 51.00 1 404 0.6132 0.4249 0.0027
1700.00 P 20260807 73.10 82.80 0 79 0.6132 -0.5762 0.0027
1625.00 C 20260807 73.60 86.00 0 6 0.6257 0.6283 0.0026
1625.00 P 20260807 30.40 44.00 0 67 0.6257 -0.3723 0.0026
1705.00 C 20260807 36.00 47.60 0 13 0.6127 0.4119 0.0027
1705.00 P 20260807 74.40 87.20 0 11 0.6127 -0.5962 0.0027
1620.00 C 20260807 75.10 87.90 0 5 0.6269 0.6412 0.0025
1620.00 P 20260807 28.90 39.70 0 5 0.6269 -0.3593 0.0025
1710.00 C 20260807 35.00 45.20 0 25 0.6122 0.3918 0.0027
1710.00 P 20260807 76.90 89.00 0 9 0.6122 -0.6093 0.0027
1615.00 C 20260807 77.50 92.30 0 0 0.6281 0.6541 0.0025
1615.00 P 20260807 27.40 36.00 2 26 0.6281 -0.3465 0.0025
1415.00 C 20260731 241.80 254.40 0 5 2.2311 0.9970 0.0001
1415.00 P 20260731 -1.00 4.50 0 19 2.2311 -0.0034 0.0001
1440.00 C 20260731 216.70 229.40 0 3 2.0080 0.9967 0.0001
1440.00 P 20260731 -1.00 0.35 10 59 2.0080 -0.0033 0.0001
1465.00 C 20260731 192.00 204.60 0 0 1.7627 0.9968 0.0001
1465.00 P 20260731 -1.00 0.75 0 48 1.7627 -0.0032 0.0001
1490.00 C 20260731 167.10 179.70 0 0 1.5420 0.9965 0.0002
1490.00 P 20260731 -1.00 0.25 0 370 1.5420 -0.0035 0.0002
1515.00 C 20260731 141.80 154.60 0 6 1.3793 0.9947 0.0002
1515.00 P 20260731 -1.00 0.50 0 18 1.3793 -0.0053 0.0002
1540.00 C 20260731 116.90 129.90 0 4 1.2865 0.9882 0.0005
1540.00 P 20260731 0.05 0.60 0 86 1.2865 -0.0137 0.0006
1565.00 C 20260731 92.20 105.20 0 17 1.1865 0.9736 0.0012
1565.00 P 20260731 0.10 0.75 0 26 1.1865 -0.0309 0.0013
1590.00 C 20260731 67.60 81.00 0 53 1.0752 0.9360 0.0026
1590.00 P 20260731 0.60 1.45 14 141 1.0752 -0.0640 0.0026
1605.00 C 20260731 53.30 65.40 1 15 1.0194 0.8990 0.0039
1605.00 P 20260731 1.10 2.20 7 48 1.0194 -0.1011 0.0039
1735.00 C 20260731 0.50 2.60 0 41 1.0715 0.0672 0.0027
1735.00 P 20260731 66.40 79.00 0 19 1.0715 -0.9270 0.0029
1760.00 C 20260731 -1.00 0.85 3 97 1.1638 0.0358 0.0015
1760.00 P 20260731 90.00 103.70 2 132 1.1638 -0.9645 0.0015
1775.00 C 20260731 0.05 0.65 1 37 1.2348 0.0256 0.0011
1775.00 P 20260731 105.90 118.60 0 19 1.2348 -0.9746 0.0011
1787.50 C 20260731 -1.00 1.55 10 7 1.2978 0.0200 0.0008
1787.50 P 20260731 118.30 131.00 0 3 1.2978 -0.9803 0.0008
1800.00 C 20260731 -1.00 0.40 5 260 1.3597 0.0156 0.0006
1800.00 P 20260731 130.30 143.60 0 3 1.3597 -0.9867 0.0006
1812.50 C 20260731 -1.00 0.45 0 24 1.4157 0.0109 0.0005
1812.50 P 20260731 143.20 156.00 0 0 1.4157 -0.9880 0.0005
1835.00 C 20260731 -1.00 0.35 0 18 1.4887 0.0071 0.0003
1835.00 P 20260731 164.90 179.60 0 0 1.4887 -0.9932 0.0003
1860.00 C 20260731 -1.00 2.20 0 117 1.5026 0.0023 0.0001
1860.00 P 20260731 190.70 203.50 0 0 1.5026 -0.9975 0.0001
1885.00 C 20260731 -1.00 2.80 0 13 1.4397 0.0006 0.0000
1885.00 P 20260731 214.90 230.60 0 0 1.4397 -0.9999 0.0000
1910.00 C 20260731 -1.00 5.10 0 47 1.3155 0.0000 0.0000
1910.00 P 20260731 240.00 254.00 50 0 1.3155 -1.0000 0.0000
1415.00 C 20260807 246.40 259.90 0 0 0.7147 0.9528 0.0006
1415.00 P 20260807 2.35 4.70 0 25 0.7147 -0.0473 0.0006
1440.00 C 20260807 222.50 235.60 0 1 0.7000 0.9359 0.0008
1440.00 P 20260807 3.50 5.40 3 9 0.7000 -0.0658 0.0008
1465.00 C 20260807 199.00 212.20 0 0 0.6862 0.9147 0.0010
1465.00 P 20260807 4.70 8.30 1 21 0.6862 -0.0877 0.0010
1490.00 C 20260807 176.10 189.30 0 6 0.6733 0.8882 0.0012
1490.00 P 20260807 6.40 14.00 0 104 0.6733 -0.1119 0.0012
1515.00 C 20260807 154.00 168.00 0 5 0.6615 0.8557 0.0015
1515.00 P 20260807 8.90 13.30 1 17 0.6615 -0.1444 0.0015
1540.00 C 20260807 132.60 147.90 0 23 0.6510 0.8146 0.0018
1540.00 P 20260807 11.90 19.80 0 65 0.6510 -0.1868 0.0018
1565.00 C 20260807 112.00 127.70 0 37 0.6418 0.7651 0.0020
1565.00 P 20260807 16.00 24.90 0 24 0.6418 -0.2352 0.0021
1577.50 C 20260807 103.30 117.00 0 0 0.6377 0.7389 0.0022
1577.50 P 20260807 15.00 27.90 0 0 0.6377 -0.2614 0.0022
1590.00 C 20260807 94.00 109.00 0 4 0.6338 0.7099 0.0023
1590.00 P 20260807 21.50 31.70 0 25 0.6338 -0.2905 0.0023
1605.00 C 20260807 87.50 97.50 0 3 0.6298 0.6744 0.0025
1605.00 P 20260807 24.60 36.30 0 22 0.6298 -0.3260 0.0025
1735.00 C 20260807 27.40 39.50 0 41 0.6105 0.3259 0.0025
1735.00 P 20260807 94.40 109.40 0 16 0.6105 -0.6730 0.0025
1760.00 C 20260807 21.70 31.80 0 35 0.6098 0.2681 0.0023
1760.00 P 20260807 114.00 125.30 0 5 0.6098 -0.7314 0.0023
1775.00 C 20260807 18.10 27.40 0 17 0.6098 0.2361 0.0022
1775.00 P 20260807 123.70 137.10 0 10 0.6098 -0.7659 0.0022
1800.00 C 20260807 13.50 20.00 10 102 0.6104 0.1915 0.0019
1800.00 P 20260807 144.10 158.50 0 167 0.6104 -0.8100 0.0019
1812.50 C 20260807 6.10 22.50 0 1 0.6111 0.1701 0.0018
1812.50 P 20260807 154.00 168.20 0 0 0.6111 -0.8324 0.0018
1835.00 C 20260807 6.90 14.30 0 23 0.6127 0.1379 0.0015
1835.00 P 20260807 174.60 186.40 0 6 0.6127 -0.8650 0.0016
1860.00 C 20260807 5.60 11.30 0 18 0.6152 0.1074 0.0013
1860.00 P 20260807 196.00 210.60 0 30 0.6152 -0.8958 0.0013
1885.00 C 20260807 4.60 13.60 0 2 0.6185 0.0823 0.0010
1885.00 P 20260807 218.30 235.20 0 1 -1.0000 -1.0000 -1.0000
1910.00 C 20260807 3.50 6.60 0 19 -1.0000 -1.0000 -1.0000
1910.00 P 20260807 244.00 256.90 0 0 -1.0000 -1.0000 -1.0000
