# opt_chain GOOGL | epoch 1785516857 | 2026-07-31 12:54:17 | spot 353.41 | exps 20260731 20260803 20260805 20260807 20260810 20260812 20260814 20260821
# fuente polygon_snapshot_v3 | greeks polygon_directo | iv polygon_directo | oi polygon_directo | vol day.volume(-1 si no cotizo) | bid/ask NO_ENTITLED(-1) | spot_src ibkr_bridge spot_edad_s 77 | band 0.2700 vencimientos 8 exp_hasta 2026-08-21
# strike right exp bid ask vol oi iv delta gamma
290.00 C 20260731 -1.00 -1.00 1 57 4.0122 0.9639 0.001968
292.50 C 20260731 -1.00 -1.00 3 4 -1.0000 -1.0000 -1.000000
295.00 C 20260731 -1.00 -1.00 152 112 -1.0000 -1.0000 -1.000000
297.50 C 20260731 -1.00 -1.00 150 40 -1.0000 -1.0000 -1.000000
300.00 C 20260731 -1.00 -1.00 63 360 3.0216 0.9755 0.001904
302.50 C 20260731 -1.00 -1.00 124 44 2.6334 0.9832 0.001568
305.00 C 20260731 -1.00 -1.00 39 41 2.6156 0.9786 0.001947
307.50 C 20260731 -1.00 -1.00 32 6 3.1019 0.9479 0.003439
310.00 C 20260731 -1.00 -1.00 100 175 3.0393 0.9419 0.003851
312.50 C 20260731 -1.00 -1.00 3 21 2.7441 0.9472 0.003932
315.00 C 20260731 -1.00 -1.00 39 371 2.7351 0.9378 0.004540
317.50 C 20260731 -1.00 -1.00 8 74 2.6420 0.9294 0.005144
320.00 C 20260731 -1.00 -1.00 153 3672 2.3589 0.9371 0.005308
322.50 C 20260731 -1.00 -1.00 162 460 2.2374 0.9304 0.006017
325.00 C 20260731 -1.00 -1.00 141 2116 2.0816 0.9261 0.006744
327.50 C 20260731 -1.00 -1.00 320 4626 1.7550 0.9402 0.006823
330.00 C 20260731 -1.00 -1.00 835 2845 1.3719 0.9620 0.005997
332.50 C 20260731 -1.00 -1.00 1563 5696 1.4439 0.9354 0.008856
335.00 C 20260731 -1.00 -1.00 3228 10653 1.2150 0.9410 0.009734
337.50 C 20260731 -1.00 -1.00 2091 6472 0.9878 0.9493 0.010530
340.00 C 20260731 -1.00 -1.00 4915 10998 0.8617 0.9427 0.013383
342.50 C 20260731 -1.00 -1.00 7130 6060 0.8089 0.9115 0.019791
345.00 C 20260731 -1.00 -1.00 15084 6771 0.5917 0.9211 0.024913
347.50 C 20260731 -1.00 -1.00 16195 1535 0.4899 0.8810 0.040935
350.00 C 20260731 -1.00 -1.00 36887 8211 0.4315 0.7746 0.070850
352.50 C 20260731 -1.00 -1.00 38364 848 0.3585 0.5770 0.109545
355.00 C 20260731 -1.00 -1.00 49435 1816 0.3429 0.3016 0.101938
357.50 C 20260731 -1.00 -1.00 13005 1989 0.3656 0.1208 0.055370
360.00 C 20260731 -1.00 -1.00 14968 2827 0.3874 0.0405 0.022377
362.50 C 20260731 -1.00 -1.00 4905 907 0.4312 0.0158 0.009111
365.00 C 20260731 -1.00 -1.00 2075 2450 0.4929 0.0088 0.004792
367.50 C 20260731 -1.00 -1.00 1525 532 0.5810 0.0076 0.003543
370.00 C 20260731 -1.00 -1.00 421 5253 0.6685 0.0067 0.002748
372.50 C 20260731 -1.00 -1.00 159 1830 0.7555 0.0060 0.002208
375.00 C 20260731 -1.00 -1.00 508 3731 0.9298 0.0108 0.003057
377.50 C 20260731 -1.00 -1.00 7 1291 1.0372 0.0111 0.002800
380.00 C 20260731 -1.00 -1.00 212 2652 1.2925 0.0233 0.004236
385.00 C 20260731 -1.00 -1.00 52 3644 1.2250 0.0061 0.001396
390.00 C 20260731 -1.00 -1.00 32 4495 1.3211 0.0036 0.000811
395.00 C 20260731 -1.00 -1.00 4 1652 1.4669 0.0033 0.000665
400.00 C 20260731 -1.00 -1.00 21 12255 1.6694 0.0038 0.000675
405.00 C 20260731 -1.00 -1.00 8 1672 1.7529 0.0028 0.000476
410.00 C 20260731 -1.00 -1.00 4 1014 1.9512 0.0033 0.000502
415.00 C 20260731 -1.00 -1.00 33 512 2.2758 0.0060 0.000739
290.00 P 20260731 -1.00 -1.00 7 840 2.4786 -0.0019 0.000244
292.50 P 20260731 -1.00 -1.00 15 340 2.3788 -0.0020 0.000263
295.00 P 20260731 -1.00 -1.00 185 1417 2.2798 -0.0021 0.000285
297.50 P 20260731 -1.00 -1.00 2 275 2.1817 -0.0022 0.000310
300.00 P 20260731 -1.00 -1.00 967 3973 2.1523 -0.0029 0.000410
302.50 P 20260731 -1.00 -1.00 4 341 2.2744 -0.0070 0.000843
305.00 P 20260731 -1.00 -1.00 95 3644 1.8922 -0.0025 0.000405
307.50 P 20260731 -1.00 -1.00 19 369 2.1820 -0.0103 0.001258
310.00 P 20260731 -1.00 -1.00 942 6907 1.7032 -0.0028 0.000495
312.50 P 20260731 -1.00 -1.00 17 486 1.7283 -0.0052 0.000852
315.00 P 20260731 -1.00 -1.00 210 2284 1.5765 -0.0039 0.000740
317.50 P 20260731 -1.00 -1.00 325 819 1.4253 -0.0033 0.000695
320.00 P 20260731 -1.00 -1.00 1160 2784 1.3342 -0.0035 0.000789
322.50 P 20260731 -1.00 -1.00 244 1421 1.2438 -0.0038 0.000903
325.00 P 20260731 -1.00 -1.00 3745 4484 1.1469 -0.0041 0.001044
327.50 P 20260731 -1.00 -1.00 355 2871 1.0475 -0.0044 0.001222
330.00 P 20260731 -1.00 -1.00 1409 3802 0.9488 -0.0048 0.001454
332.50 P 20260731 -1.00 -1.00 948 8616 0.8744 -0.0067 0.002113
335.00 P 20260731 -1.00 -1.00 1454 1231 0.7772 -0.0075 0.002622
337.50 P 20260731 -1.00 -1.00 1523 785 0.6807 -0.0085 0.003350
340.00 P 20260731 -1.00 -1.00 9007 1589 0.6081 -0.0116 0.005026
342.50 P 20260731 -1.00 -1.00 7143 185 0.5011 -0.0137 0.006984
345.00 P 20260731 -1.00 -1.00 15260 613 0.4569 -0.0327 0.016051
347.50 P 20260731 -1.00 -1.00 13207 843 0.4003 -0.0738 0.035153
350.00 P 20260731 -1.00 -1.00 14512 510 0.4042 -0.2125 0.072611
352.50 P 20260731 -1.00 -1.00 6021 12 0.3138 -0.4127 0.124573
355.00 P 20260731 -1.00 -1.00 1128 19 0.2776 -0.7423 0.117386
357.50 P 20260731 -1.00 -1.00 207 20 -1.0000 -1.0000 -1.000000
360.00 P 20260731 -1.00 -1.00 35 68 -1.0000 -1.0000 -1.000000
362.50 P 20260731 -1.00 -1.00 2 0 0.9334 -0.8339 0.026777
365.00 P 20260731 -1.00 -1.00 28 0 -1.0000 -1.0000 -1.000000
367.50 P 20260731 -1.00 -1.00 3 0 -1.0000 -1.0000 -1.000000
370.00 P 20260731 -1.00 -1.00 40 0 -1.0000 -1.0000 -1.000000
372.50 P 20260731 -1.00 -1.00 40 0 -1.0000 -1.0000 -1.000000
375.00 P 20260731 -1.00 -1.00 100 0 -1.0000 -1.0000 -1.000000
377.50 P 20260731 -1.00 -1.00 40 0 -1.0000 -1.0000 -1.000000
380.00 P 20260731 -1.00 -1.00 6 1 -1.0000 -1.0000 -1.000000
385.00 P 20260731 -1.00 -1.00 3 0 -1.0000 -1.0000 -1.000000
390.00 P 20260731 -1.00 -1.00 1 0 -1.0000 -1.0000 -1.000000
395.00 P 20260731 -1.00 -1.00 2 0 -1.0000 -1.0000 -1.000000
400.00 P 20260731 -1.00 -1.00 48 0 -1.0000 -1.0000 -1.000000
405.00 P 20260731 -1.00 -1.00 1 0 -1.0000 -1.0000 -1.000000
410.00 P 20260731 -1.00 -1.00 14 0 2.5203 -0.9808 0.001852
415.00 P 20260731 -1.00 -1.00 1 0 -1.0000 -1.0000 -1.000000
290.00 C 20260803 -1.00 -1.00 2 19 1.1452 0.9716 0.001710
292.50 C 20260803 -1.00 -1.00 40 10 1.1087 0.9695 0.001866
295.00 C 20260803 -1.00 -1.00 40 28 0.9792 0.9776 0.001627
297.50 C 20260803 -1.00 -1.00 16 4 0.9407 0.9768 0.001747
300.00 C 20260803 -1.00 -1.00 3 24 1.0411 0.9563 0.002649
302.50 C 20260803 -1.00 -1.00 4 4 0.8013 0.9819 0.001649
305.00 C 20260803 -1.00 -1.00 4 20 0.8432 0.9723 0.002280
307.50 C 20260803 -1.00 -1.00 -1 0 0.8021 0.9712 0.002475
310.00 C 20260803 -1.00 -1.00 4 32 0.6591 0.9838 0.001814
312.50 C 20260803 -1.00 -1.00 10 10 0.7423 0.9632 0.003232
315.00 C 20260803 -1.00 -1.00 30 63 0.6026 0.9797 0.002412
317.50 C 20260803 -1.00 -1.00 2 165 0.6525 0.9613 0.003832
320.00 C 20260803 -1.00 -1.00 10 580 0.5471 0.9748 0.003222
322.50 C 20260803 -1.00 -1.00 16 424 0.5949 0.9504 0.005143
325.00 C 20260803 -1.00 -1.00 51 310 0.6356 0.9223 0.006853
327.50 C 20260803 -1.00 -1.00 34 125 0.5230 0.9415 0.006728
330.00 C 20260803 -1.00 -1.00 63 1028 0.5476 0.9096 0.008891
332.50 C 20260803 -1.00 -1.00 240 2271 0.4800 0.9123 0.009917
335.00 C 20260803 -1.00 -1.00 383 2453 0.3866 0.9315 0.010319
337.50 C 20260803 -1.00 -1.00 236 630 0.2845 0.9566 0.009640
340.00 C 20260803 -1.00 -1.00 772 1048 0.3281 0.8941 0.016747
342.50 C 20260803 -1.00 -1.00 927 1207 0.3079 0.8608 0.021748
345.00 C 20260803 -1.00 -1.00 2239 269 0.2785 0.8183 0.028449
347.50 C 20260803 -1.00 -1.00 2646 507 0.2807 0.7363 0.034983
350.00 C 20260803 -1.00 -1.00 10061 1242 0.2699 0.6483 0.041909
352.50 C 20260803 -1.00 -1.00 3745 159 0.2626 0.5399 0.045689
355.00 C 20260803 -1.00 -1.00 5833 318 0.2623 0.4277 0.044944
357.50 C 20260803 -1.00 -1.00 1054 749 0.2662 0.3240 0.040669
360.00 C 20260803 -1.00 -1.00 1990 2150 0.2759 0.2366 0.034119
362.50 C 20260803 -1.00 -1.00 632 80 0.2793 0.1685 0.027025
365.00 C 20260803 -1.00 -1.00 1693 69 0.2920 0.1211 0.020762
367.50 C 20260803 -1.00 -1.00 574 34 0.3016 0.0847 0.015427
370.00 C 20260803 -1.00 -1.00 132 147 0.3118 0.0596 0.011396
372.50 C 20260803 -1.00 -1.00 340 14 0.3292 0.0456 0.008663
375.00 C 20260803 -1.00 -1.00 147 128 0.3506 0.0353 0.006666
377.50 C 20260803 -1.00 -1.00 8 24 0.3708 0.0291 0.005365
380.00 C 20260803 -1.00 -1.00 25 81 0.3637 0.0168 0.003410
382.50 C 20260803 -1.00 -1.00 5 45 0.3843 0.0132 0.002660
385.00 C 20260803 -1.00 -1.00 5 41 0.4109 0.0125 0.002363
387.50 C 20260803 -1.00 -1.00 9 97 0.4167 0.0094 0.001794
390.00 C 20260803 -1.00 -1.00 20 128 0.4287 0.0073 0.001382
395.00 C 20260803 -1.00 -1.00 3 210 0.4779 0.0066 0.001138
400.00 C 20260803 -1.00 -1.00 43 263 0.4987 0.0038 0.000677
405.00 C 20260803 -1.00 -1.00 20 463 0.5681 0.0049 0.000748
410.00 C 20260803 -1.00 -1.00 40 61 0.8687 0.0359 0.002737
415.00 C 20260803 -1.00 -1.00 32 22 0.7057 0.0082 0.000932
290.00 P 20260803 -1.00 -1.00 12 57 0.9495 -0.0110 0.000914
292.50 P 20260803 -1.00 -1.00 4 350 0.8439 -0.0076 0.000736
295.00 P 20260803 -1.00 -1.00 23 236 0.7428 -0.0037 0.000450
297.50 P 20260803 -1.00 -1.00 4 7 0.8265 -0.0111 0.001063
300.00 P 20260803 -1.00 -1.00 34 262 0.6458 -0.0029 0.000409
302.50 P 20260803 -1.00 -1.00 13 45 0.6748 -0.0065 0.000793
305.00 P 20260803 -1.00 -1.00 9 307 0.6574 -0.0078 0.000970
307.50 P 20260803 -1.00 -1.00 2 30 0.6329 -0.0088 0.001116
310.00 P 20260803 -1.00 -1.00 15 592 0.5423 -0.0042 0.000683
312.50 P 20260803 -1.00 -1.00 4 10 0.5257 -0.0059 0.000937
315.00 P 20260803 -1.00 -1.00 27 307 0.4874 -0.0055 0.000950
317.50 P 20260803 -1.00 -1.00 73 117 0.4639 -0.0066 0.001177
320.00 P 20260803 -1.00 -1.00 65 867 0.4334 -0.0070 0.001334
322.50 P 20260803 -1.00 -1.00 65 227 0.4321 -0.0108 0.001980
325.00 P 20260803 -1.00 -1.00 102 315 0.4066 -0.0132 0.002483
327.50 P 20260803 -1.00 -1.00 147 235 0.3820 -0.0167 0.003221
330.00 P 20260803 -1.00 -1.00 364 1330 0.3607 -0.0215 0.004250
332.50 P 20260803 -1.00 -1.00 243 146 0.3513 -0.0309 0.005975
335.00 P 20260803 -1.00 -1.00 237 170 0.3268 -0.0412 0.008057
337.50 P 20260803 -1.00 -1.00 924 36 0.2935 -0.0485 0.010243
340.00 P 20260803 -1.00 -1.00 3568 64 0.2792 -0.0698 0.014488
342.50 P 20260803 -1.00 -1.00 1322 31 0.2677 -0.1084 0.020910
345.00 P 20260803 -1.00 -1.00 3607 65 0.2579 -0.1637 0.028736
347.50 P 20260803 -1.00 -1.00 3024 14 0.2549 -0.2433 0.037166
350.00 P 20260803 -1.00 -1.00 2239 51 0.2557 -0.3450 0.044085
352.50 P 20260803 -1.00 -1.00 568 41 0.2566 -0.4603 0.046904
355.00 P 20260803 -1.00 -1.00 126 28 0.2561 -0.5758 0.046184
357.50 P 20260803 -1.00 -1.00 31 28 0.2545 -0.6857 0.042267
360.00 P 20260803 -1.00 -1.00 21 2 0.2590 -0.7788 0.035234
362.50 P 20260803 -1.00 -1.00 50 0 0.2558 -0.8594 0.027204
365.00 P 20260803 -1.00 -1.00 2 0 -1.0000 -1.0000 -1.000000
367.50 P 20260803 -1.00 -1.00 -1 0 -1.0000 -1.0000 -1.000000
370.00 P 20260803 -1.00 -1.00 2 0 -1.0000 -1.0000 -1.000000
372.50 P 20260803 -1.00 -1.00 1 0 -1.0000 -1.0000 -1.000000
375.00 P 20260803 -1.00 -1.00 1 0 -1.0000 -1.0000 -1.000000
377.50 P 20260803 -1.00 -1.00 -1 0 -1.0000 -1.0000 -1.000000
380.00 P 20260803 -1.00 -1.00 22 0 -1.0000 -1.0000 -1.000000
382.50 P 20260803 -1.00 -1.00 -1 0 -1.0000 -1.0000 -1.000000
385.00 P 20260803 -1.00 -1.00 6 0 -1.0000 -1.0000 -1.000000
387.50 P 20260803 -1.00 -1.00 6 0 -1.0000 -1.0000 -1.000000
390.00 P 20260803 -1.00 -1.00 3 0 0.5915 -0.9624 0.004401
395.00 P 20260803 -1.00 -1.00 1 0 -1.0000 -1.0000 -1.000000
400.00 P 20260803 -1.00 -1.00 2 0 -1.0000 -1.0000 -1.000000
405.00 P 20260803 -1.00 -1.00 4 0 -1.0000 -1.0000 -1.000000
410.00 P 20260803 -1.00 -1.00 -1 0 -1.0000 -1.0000 -1.000000
415.00 P 20260803 -1.00 -1.00 -1 0 -1.0000 -1.0000 -1.000000
290.00 C 20260805 -1.00 -1.00 4 4 0.8720 0.9753 0.001574
292.50 C 20260805 -1.00 -1.00 2 1 0.8408 0.9745 0.001679
295.00 C 20260805 -1.00 -1.00 4 2 0.8586 0.9651 0.002114
297.50 C 20260805 -1.00 -1.00 -1 0 0.7986 0.9688 0.002081
300.00 C 20260805 -1.00 -1.00 1 20 0.7643 0.9677 0.002235
302.50 C 20260805 -1.00 -1.00 -1 0 0.7365 0.9651 0.002465
305.00 C 20260805 -1.00 -1.00 1 2 0.6635 0.9727 0.002260
307.50 C 20260805 -1.00 -1.00 1 1 0.7191 0.9512 0.003318
310.00 C 20260805 -1.00 -1.00 3 22 0.6981 0.9465 0.003694
312.50 C 20260805 -1.00 -1.00 -1 0 0.6526 0.9468 0.003930
315.00 C 20260805 -1.00 -1.00 6 91 0.6321 0.9415 0.004401
317.50 C 20260805 -1.00 -1.00 6 16 0.5750 0.9446 0.004618
320.00 C 20260805 -1.00 -1.00 113 61 0.5715 0.9326 0.005435
322.50 C 20260805 -1.00 -1.00 12 136 0.5449 0.9243 0.006185
325.00 C 20260805 -1.00 -1.00 5 376 0.5044 0.9214 0.006869
327.50 C 20260805 -1.00 -1.00 1 142 0.4783 0.9115 0.007908
330.00 C 20260805 -1.00 -1.00 19 108 0.4524 0.9004 0.009140
332.50 C 20260805 -1.00 -1.00 23 216 0.4371 0.8834 0.010701
335.00 C 20260805 -1.00 -1.00 88 298 0.3874 0.8808 0.012290
337.50 C 20260805 -1.00 -1.00 56 234 0.3654 0.8580 0.014612
340.00 C 20260805 -1.00 -1.00 575 341 0.3278 0.8402 0.017537
342.50 C 20260805 -1.00 -1.00 244 218 0.3294 0.7915 0.020847
345.00 C 20260805 -1.00 -1.00 224 136 0.3209 0.7382 0.024049
347.50 C 20260805 -1.00 -1.00 254 122 0.3252 0.6727 0.026563
350.00 C 20260805 -1.00 -1.00 1109 191 0.3154 0.6062 0.028946
352.50 C 20260805 -1.00 -1.00 464 28 0.3213 0.5321 0.029613
355.00 C 20260805 -1.00 -1.00 857 65 0.3174 0.4591 0.029673
357.50 C 20260805 -1.00 -1.00 240 54 0.3240 0.3887 0.028264
360.00 C 20260805 -1.00 -1.00 992 286 0.3257 0.3243 0.026219
362.50 C 20260805 -1.00 -1.00 105 59 0.3306 0.2657 0.023598
365.00 C 20260805 -1.00 -1.00 338 159 0.3348 0.2154 0.020798
367.50 C 20260805 -1.00 -1.00 86 37 0.3418 0.1749 0.017828
370.00 C 20260805 -1.00 -1.00 188 55 0.3551 0.1416 0.015145
372.50 C 20260805 -1.00 -1.00 39 10 0.3584 0.1141 0.012740
375.00 C 20260805 -1.00 -1.00 73 26 0.3636 0.0893 0.010487
377.50 C 20260805 -1.00 -1.00 1032 8 0.3748 0.0708 0.008643
380.00 C 20260805 -1.00 -1.00 32 76 0.3836 0.0592 0.007253
382.50 C 20260805 -1.00 -1.00 5 75 0.3923 0.0480 0.005980
385.00 C 20260805 -1.00 -1.00 5 18 0.4031 0.0384 0.004887
390.00 C 20260805 -1.00 -1.00 1 14 0.4514 0.0334 0.003932
395.00 C 20260805 -1.00 -1.00 35 25 0.4485 0.0198 0.002501
400.00 C 20260805 -1.00 -1.00 3 322 0.4693 0.0130 0.001687
405.00 C 20260805 -1.00 -1.00 11 12 0.4872 0.0099 0.001265
410.00 C 20260805 -1.00 -1.00 7 10 0.5097 0.0076 0.000953
415.00 C 20260805 -1.00 -1.00 2 18 0.5709 0.0097 0.001059
290.00 P 20260805 -1.00 -1.00 3 18 0.6568 -0.0048 0.000498
292.50 P 20260805 -1.00 -1.00 3 3 0.6424 -0.0059 0.000608
295.00 P 20260805 -1.00 -1.00 11 2646 0.6042 -0.0052 0.000579
297.50 P 20260805 -1.00 -1.00 10 4 0.6258 -0.0091 0.000922
300.00 P 20260805 -1.00 -1.00 16 83 0.5584 -0.0062 0.000727
302.50 P 20260805 -1.00 -1.00 1 1 0.6192 -0.0161 0.001521
305.00 P 20260805 -1.00 -1.00 1 98 0.5904 -0.0168 0.001656
307.50 P 20260805 -1.00 -1.00 2 11 0.5517 -0.0159 0.001687
310.00 P 20260805 -1.00 -1.00 37 488 0.5134 -0.0148 0.001708
312.50 P 20260805 -1.00 -1.00 6 34 0.4977 -0.0180 0.002083
315.00 P 20260805 -1.00 -1.00 26 190 0.4574 -0.0164 0.002094
317.50 P 20260805 -1.00 -1.00 3 23 0.4199 -0.0151 0.002124
320.00 P 20260805 -1.00 -1.00 53 354 0.4122 -0.0208 0.002846
322.50 P 20260805 -1.00 -1.00 78 123 0.3752 -0.0197 0.002984
325.00 P 20260805 -1.00 -1.00 82 256 0.3876 -0.0328 0.004477
327.50 P 20260805 -1.00 -1.00 19 100 0.3604 -0.0370 0.005282
330.00 P 20260805 -1.00 -1.00 137 111 0.3468 -0.0480 0.006786
332.50 P 20260805 -1.00 -1.00 55 136 0.3297 -0.0583 0.008413
335.00 P 20260805 -1.00 -1.00 173 130 0.3221 -0.0808 0.010989
337.50 P 20260805 -1.00 -1.00 113 24 0.3140 -0.1082 0.014049
340.00 P 20260805 -1.00 -1.00 853 29 0.3146 -0.1498 0.017563
342.50 P 20260805 -1.00 -1.00 84 15 0.3077 -0.1948 0.021321
345.00 P 20260805 -1.00 -1.00 176 27 0.3057 -0.2523 0.024842
347.50 P 20260805 -1.00 -1.00 110 7 0.3133 -0.3226 0.027408
350.00 P 20260805 -1.00 -1.00 260 5 0.3055 -0.3918 0.029924
352.50 P 20260805 -1.00 -1.00 110 22 0.3085 -0.4683 0.030940
355.00 P 20260805 -1.00 -1.00 93 43 0.3045 -0.5447 0.031028
357.50 P 20260805 -1.00 -1.00 14 23 0.3111 -0.6183 0.029525
360.00 P 20260805 -1.00 -1.00 23 19 0.3107 -0.6861 0.027302
362.50 P 20260805 -1.00 -1.00 3 2 0.3155 -0.7480 0.024465
365.00 P 20260805 -1.00 -1.00 9 0 0.3163 -0.8005 0.021315
367.50 P 20260805 -1.00 -1.00 1 0 0.3222 -0.8446 0.018045
370.00 P 20260805 -1.00 -1.00 1 0 0.3800 -0.8414 0.015410
372.50 P 20260805 -1.00 -1.00 2 0 0.3983 -0.8657 0.013333
375.00 P 20260805 -1.00 -1.00 -1 0 -1.0000 -1.0000 -1.000000
377.50 P 20260805 -1.00 -1.00 -1 0 -1.0000 -1.0000 -1.000000
380.00 P 20260805 -1.00 -1.00 -1 0 -1.0000 -1.0000 -1.000000
382.50 P 20260805 -1.00 -1.00 -1 0 -1.0000 -1.0000 -1.000000
385.00 P 20260805 -1.00 -1.00 4 0 -1.0000 -1.0000 -1.000000
390.00 P 20260805 -1.00 -1.00 -1 0 -1.0000 -1.0000 -1.000000
395.00 P 20260805 -1.00 -1.00 -1 0 -1.0000 -1.0000 -1.000000
400.00 P 20260805 -1.00 -1.00 -1 0 -1.0000 -1.0000 -1.000000
405.00 P 20260805 -1.00 -1.00 -1 0 -1.0000 -1.0000 -1.000000
410.00 P 20260805 -1.00 -1.00 -1 0 -1.0000 -1.0000 -1.000000
415.00 P 20260805 -1.00 -1.00 -1 0 -1.0000 -1.0000 -1.000000
290.00 C 20260807 -1.00 -1.00 4 52 0.8462 0.9573 0.002151
295.00 C 20260807 -1.00 -1.00 2 39 0.7911 0.9534 0.002472
297.50 C 20260807 -1.00 -1.00 10 10 0.7666 0.9508 0.002670
300.00 C 20260807 -1.00 -1.00 4 86 0.6153 0.9749 0.001924
302.50 C 20260807 -1.00 -1.00 2 2 0.7075 0.9472 0.003071
305.00 C 20260807 -1.00 -1.00 1 26 0.6570 0.9498 0.003171
307.50 C 20260807 -1.00 -1.00 2 15 0.6737 0.9376 0.003713
310.00 C 20260807 -1.00 -1.00 3 137 0.6345 0.9373 0.003959
312.50 C 20260807 -1.00 -1.00 2 20 0.6046 0.9335 0.004330
315.00 C 20260807 -1.00 -1.00 3 152 0.5599 0.9354 0.004583
317.50 C 20260807 -1.00 -1.00 26 26 0.5458 0.9246 0.005244
320.00 C 20260807 -1.00 -1.00 88 516 0.5197 0.9182 0.005846
322.50 C 20260807 -1.00 -1.00 58 111 0.4728 0.9206 0.006287
325.00 C 20260807 -1.00 -1.00 66 445 0.4623 0.9060 0.007293
327.50 C 20260807 -1.00 -1.00 27 278 0.4608 0.8870 0.008446
330.00 C 20260807 -1.00 -1.00 169 1032 0.3731 0.9078 0.008904
332.50 C 20260807 -1.00 -1.00 92 329 0.3542 0.8939 0.010450
335.00 C 20260807 -1.00 -1.00 301 918 0.3808 0.8467 0.012524
337.50 C 20260807 -1.00 -1.00 193 434 0.3425 0.8352 0.014585
340.00 C 20260807 -1.00 -1.00 905 3344 0.3456 0.7944 0.016778
342.50 C 20260807 -1.00 -1.00 284 1739 0.3455 0.7478 0.018688
345.00 C 20260807 -1.00 -1.00 1460 862 0.3563 0.6925 0.019999
347.50 C 20260807 -1.00 -1.00 2809 3914 0.3437 0.6460 0.022100
350.00 C 20260807 -1.00 -1.00 3411 3330 0.3395 0.5891 0.023130
352.50 C 20260807 -1.00 -1.00 1225 1777 0.3367 0.5308 0.024109
355.00 C 20260807 -1.00 -1.00 6104 853 0.3358 0.4719 0.024004
357.50 C 20260807 -1.00 -1.00 1987 4115 0.3438 0.4156 0.022951
360.00 C 20260807 -1.00 -1.00 3372 2324 0.3361 0.3563 0.022644
362.50 C 20260807 -1.00 -1.00 1891 373 0.3402 0.3075 0.020850
365.00 C 20260807 -1.00 -1.00 2105 2011 0.3391 0.2561 0.019310
367.50 C 20260807 -1.00 -1.00 422 392 0.3380 0.2129 0.017404
370.00 C 20260807 -1.00 -1.00 1866 911 0.3592 0.1900 0.015220
375.00 C 20260807 -1.00 -1.00 1297 832 0.3497 0.1191 0.011484
380.00 C 20260807 -1.00 -1.00 2821 1857 0.3644 0.0805 0.008300
385.00 C 20260807 -1.00 -1.00 315 568 0.3706 0.0530 0.005841
390.00 C 20260807 -1.00 -1.00 260 430 0.3851 0.0339 0.003974
395.00 C 20260807 -1.00 -1.00 105 312 0.3961 0.0240 0.002850
400.00 C 20260807 -1.00 -1.00 827 1520 0.4097 0.0157 0.001924
405.00 C 20260807 -1.00 -1.00 409 614 0.4270 0.0115 0.001418
410.00 C 20260807 -1.00 -1.00 299 240 0.4380 0.0081 0.001007
415.00 C 20260807 -1.00 -1.00 38 1624 0.4570 0.0060 0.000743
290.00 P 20260807 -1.00 -1.00 50 352 0.5805 -0.0065 0.000626
295.00 P 20260807 -1.00 -1.00 129 1088 0.5407 -0.0075 0.000760
297.50 P 20260807 -1.00 -1.00 27 52 0.5561 -0.0111 0.001060
300.00 P 20260807 -1.00 -1.00 126 678 0.5167 -0.0099 0.001029
302.50 P 20260807 -1.00 -1.00 53 82 0.5129 -0.0133 0.001331
305.00 P 20260807 -1.00 -1.00 56 1566 0.4840 -0.0130 0.001387
307.50 P 20260807 -1.00 -1.00 24 92 0.4662 -0.0150 0.001620
310.00 P 20260807 -1.00 -1.00 137 863 0.4463 -0.0166 0.001850
312.50 P 20260807 -1.00 -1.00 47 160 0.4309 -0.0194 0.002187
315.00 P 20260807 -1.00 -1.00 160 1733 0.4220 -0.0237 0.002667
317.50 P 20260807 -1.00 -1.00 90 158 0.4149 -0.0291 0.003245
320.00 P 20260807 -1.00 -1.00 1001 1493 0.3964 -0.0344 0.003862
322.50 P 20260807 -1.00 -1.00 1885 474 0.3844 -0.0428 0.004747
325.00 P 20260807 -1.00 -1.00 1774 2108 0.3725 -0.0518 0.005738
327.50 P 20260807 -1.00 -1.00 157 481 0.3668 -0.0642 0.006983
330.00 P 20260807 -1.00 -1.00 1064 1016 0.3547 -0.0812 0.008534
332.50 P 20260807 -1.00 -1.00 237 223 0.3534 -0.1058 0.010458
335.00 P 20260807 -1.00 -1.00 812 1252 0.3468 -0.1294 0.012415
337.50 P 20260807 -1.00 -1.00 146 175 0.3390 -0.1627 0.014629
340.00 P 20260807 -1.00 -1.00 1233 247 0.3368 -0.2008 0.016956
342.50 P 20260807 -1.00 -1.00 1447 95 0.3319 -0.2443 0.019197
345.00 P 20260807 -1.00 -1.00 756 380 0.3267 -0.2941 0.021355
347.50 P 20260807 -1.00 -1.00 455 16 0.3242 -0.3474 0.023405
350.00 P 20260807 -1.00 -1.00 922 637 0.3253 -0.4089 0.024185
352.50 P 20260807 -1.00 -1.00 177 9 0.3251 -0.4700 0.025070
355.00 P 20260807 -1.00 -1.00 41 172 0.3240 -0.5313 0.024973
357.50 P 20260807 -1.00 -1.00 40 40 0.3208 -0.5937 0.024662
360.00 P 20260807 -1.00 -1.00 61 955 0.3209 -0.6528 0.023633
362.50 P 20260807 -1.00 -1.00 4 35 0.3194 -0.7078 0.021956
365.00 P 20260807 -1.00 -1.00 6 136 0.3037 -0.7730 0.020615
367.50 P 20260807 -1.00 -1.00 2 18 0.3403 -0.7886 0.017534
370.00 P 20260807 -1.00 -1.00 22 111 0.3001 -0.8645 0.015438
375.00 P 20260807 -1.00 -1.00 12 17 0.2822 -0.9385 0.009826
380.00 P 20260807 -1.00 -1.00 7 0 -1.0000 -1.0000 -1.000000
385.00 P 20260807 -1.00 -1.00 1 0 -1.0000 -1.0000 -1.000000
390.00 P 20260807 -1.00 -1.00 1 0 -1.0000 -1.0000 -1.000000
395.00 P 20260807 -1.00 -1.00 -1 0 -1.0000 -1.0000 -1.000000
400.00 P 20260807 -1.00 -1.00 37 0 -1.0000 -1.0000 -1.000000
405.00 P 20260807 -1.00 -1.00 10 0 -1.0000 -1.0000 -1.000000
410.00 P 20260807 -1.00 -1.00 -1 0 -1.0000 -1.0000 -1.000000
415.00 P 20260807 -1.00 -1.00 2 0 -1.0000 -1.0000 -1.000000
290.00 C 20260810 -1.00 -1.00 74 11 0.7033 0.9593 0.002092
292.50 C 20260810 -1.00 -1.00 192 21 0.6823 0.9570 0.002255
295.00 C 20260810 -1.00 -1.00 210 15 0.6109 0.9666 0.002053
297.50 C 20260810 -1.00 -1.00 128 14 0.6132 0.9585 0.002439
300.00 C 20260810 -1.00 -1.00 1 33 0.6020 0.9537 0.002722
302.50 C 20260810 -1.00 -1.00 32 15 0.5408 0.9617 0.002588
305.00 C 20260810 -1.00 -1.00 32 13 0.5661 0.9467 0.003257
307.50 C 20260810 -1.00 -1.00 -1 0 0.5462 0.9435 0.003550
310.00 C 20260810 -1.00 -1.00 2 1 0.5338 0.9378 0.003937
312.50 C 20260810 -1.00 -1.00 -1 0 0.5009 0.9375 0.004209
315.00 C 20260810 -1.00 -1.00 1 14 0.4760 0.9335 0.004626
317.50 C 20260810 -1.00 -1.00 1 1 0.4539 0.9278 0.005144
320.00 C 20260810 -1.00 -1.00 6 34 0.4448 0.9152 0.005906
322.50 C 20260810 -1.00 -1.00 1 7 0.3873 0.9273 0.006060
325.00 C 20260810 -1.00 -1.00 1 147 0.4090 0.8966 0.007473
327.50 C 20260810 -1.00 -1.00 1 3 0.3977 0.8830 0.008470
330.00 C 20260810 -1.00 -1.00 52 329 0.3463 0.8888 0.009340
332.50 C 20260810 -1.00 -1.00 6 32 0.3729 0.8437 0.010894
335.00 C 20260810 -1.00 -1.00 106 76 0.3603 0.8207 0.012340
337.50 C 20260810 -1.00 -1.00 21 53 0.3733 0.7824 0.013592
340.00 C 20260810 -1.00 -1.00 20 51 0.3446 0.7596 0.015410
342.50 C 20260810 -1.00 -1.00 11 9 0.3586 0.7102 0.016228
345.00 C 20260810 -1.00 -1.00 189 146 0.3179 0.6856 0.019102
347.50 C 20260810 -1.00 -1.00 24 12 0.3105 0.6393 0.020655
350.00 C 20260810 -1.00 -1.00 184 139 0.3189 0.5839 0.020792
352.50 C 20260810 -1.00 -1.00 33 103 0.3326 0.5312 0.020562
355.00 C 20260810 -1.00 -1.00 26 10 0.3179 0.4793 0.021386
357.50 C 20260810 -1.00 -1.00 19 3 0.3205 0.4277 0.020826
360.00 C 20260810 -1.00 -1.00 121 144 0.3113 0.3716 0.020993
362.50 C 20260810 -1.00 -1.00 9 16 0.3136 0.3263 0.019567
365.00 C 20260810 -1.00 -1.00 33 38 0.3182 0.2833 0.018092
367.50 C 20260810 -1.00 -1.00 -1 0 0.3110 0.2341 0.016946
370.00 C 20260810 -1.00 -1.00 28 10 0.3022 0.1913 0.015291
375.00 C 20260810 -1.00 -1.00 29 36 0.3273 0.1434 0.011896
380.00 C 20260810 -1.00 -1.00 119 0 0.3267 0.0977 0.008931
385.00 C 20260810 -1.00 -1.00 2 0 0.3188 0.0575 0.006105
390.00 C 20260810 -1.00 -1.00 2 1 0.3374 0.0423 0.004509
395.00 C 20260810 -1.00 -1.00 4 0 0.3694 0.0364 0.003676
400.00 C 20260810 -1.00 -1.00 2 13 0.4152 0.0387 0.003424
405.00 C 20260810 -1.00 -1.00 -1 0 0.4704 0.0448 0.003383
410.00 C 20260810 -1.00 -1.00 -1 0 0.5053 0.0422 0.003008
415.00 C 20260810 -1.00 -1.00 21 22 0.5414 0.0406 0.002725
290.00 P 20260810 -1.00 -1.00 4 6 0.5155 -0.0088 0.000784
292.50 P 20260810 -1.00 -1.00 2 1 0.5128 -0.0106 0.000934
295.00 P 20260810 -1.00 -1.00 2 4 0.5137 -0.0153 0.001256
297.50 P 20260810 -1.00 -1.00 1 2 0.4740 -0.0122 0.001132
300.00 P 20260810 -1.00 -1.00 1 53 0.4806 -0.0183 0.001570
302.50 P 20260810 -1.00 -1.00 1 0 0.4762 -0.0222 0.001880
305.00 P 20260810 -1.00 -1.00 2 128 0.4681 -0.0256 0.002169
307.50 P 20260810 -1.00 -1.00 3 1 0.4130 -0.0196 0.001942
310.00 P 20260810 -1.00 -1.00 5 103 0.4306 -0.0297 0.002669
312.50 P 20260810 -1.00 -1.00 8 8 0.4019 -0.0289 0.002802
315.00 P 20260810 -1.00 -1.00 6 44 0.3807 -0.0312 0.003135
317.50 P 20260810 -1.00 -1.00 5 186 0.3695 -0.0381 0.003780
320.00 P 20260810 -1.00 -1.00 14 59 0.3450 -0.0394 0.004166
322.50 P 20260810 -1.00 -1.00 2 15 0.3624 -0.0593 0.005578
325.00 P 20260810 -1.00 -1.00 6 61 0.3512 -0.0709 0.006579
327.50 P 20260810 -1.00 -1.00 14 24 0.3394 -0.0851 0.007773
330.00 P 20260810 -1.00 -1.00 20 98 0.3433 -0.1097 0.009330
332.50 P 20260810 -1.00 -1.00 24 13 0.3293 -0.1248 0.010765
335.00 P 20260810 -1.00 -1.00 13 28 0.3197 -0.1519 0.012499
337.50 P 20260810 -1.00 -1.00 4 1 0.3324 -0.1952 0.014196
340.00 P 20260810 -1.00 -1.00 7 27 0.3139 -0.2199 0.016284
342.50 P 20260810 -1.00 -1.00 2 0 0.3060 -0.2616 0.018112
345.00 P 20260810 -1.00 -1.00 23 1 0.3124 -0.3126 0.019430
347.50 P 20260810 -1.00 -1.00 4 0 0.3153 -0.3636 0.020453
350.00 P 20260810 -1.00 -1.00 4 3 0.3034 -0.4142 0.021926
352.50 P 20260810 -1.00 -1.00 11 1 0.2947 -0.4692 0.023329
355.00 P 20260810 -1.00 -1.00 2 0 0.3055 -0.5244 0.022381
357.50 P 20260810 -1.00 -1.00 2 1 0.2933 -0.5834 0.022857
360.00 P 20260810 -1.00 -1.00 25 1 0.2882 -0.6420 0.022542
362.50 P 20260810 -1.00 -1.00 -1 0 0.2847 -0.6953 0.021220
365.00 P 20260810 -1.00 -1.00 -1 0 0.2928 -0.7400 0.019324
367.50 P 20260810 -1.00 -1.00 -1 0 0.2823 -0.7921 0.017791
370.00 P 20260810 -1.00 -1.00 -1 0 0.2724 -0.8426 0.015754
375.00 P 20260810 -1.00 -1.00 -1 0 0.2628 -0.9155 0.011154
380.00 P 20260810 -1.00 -1.00 -1 0 -1.0000 -1.0000 -1.000000
385.00 P 20260810 -1.00 -1.00 -1 0 -1.0000 -1.0000 -1.000000
390.00 P 20260810 -1.00 -1.00 -1 0 -1.0000 -1.0000 -1.000000
395.00 P 20260810 -1.00 -1.00 -1 0 -1.0000 -1.0000 -1.000000
400.00 P 20260810 -1.00 -1.00 -1 0 -1.0000 -1.0000 -1.000000
405.00 P 20260810 -1.00 -1.00 -1 0 -1.0000 -1.0000 -1.000000
410.00 P 20260810 -1.00 -1.00 -1 0 -1.0000 -1.0000 -1.000000
415.00 P 20260810 -1.00 -1.00 -1 0 -1.0000 -1.0000 -1.000000
290.00 C 20260812 -1.00 -1.00 -1 0 0.6140 0.9665 0.001872
295.00 C 20260812 -1.00 -1.00 -1 0 0.5757 0.9622 0.002202
297.50 C 20260812 -1.00 -1.00 -1 0 0.5526 0.9609 0.002355
300.00 C 20260812 -1.00 -1.00 -1 0 0.5381 0.9572 0.002605
302.50 C 20260812 -1.00 -1.00 -1 0 0.5154 0.9557 0.002800
305.00 C 20260812 -1.00 -1.00 -1 0 0.5095 0.9493 0.003176
307.50 C 20260812 -1.00 -1.00 -1 0 0.4789 0.9497 0.003351
310.00 C 20260812 -1.00 -1.00 -1 0 0.4650 0.9452 0.003718
312.50 C 20260812 -1.00 -1.00 -1 0 0.4581 0.9379 0.004192
315.00 C 20260812 -1.00 -1.00 2 1 0.4377 0.9327 0.004642
317.50 C 20260812 -1.00 -1.00 -1 0 0.4410 0.9150 0.005456
320.00 C 20260812 -1.00 -1.00 1 5 0.4255 0.9062 0.006093
322.50 C 20260812 -1.00 -1.00 -1 0 0.4079 0.8979 0.006789
325.00 C 20260812 -1.00 -1.00 -1 0 0.3880 0.8900 0.007567
327.50 C 20260812 -1.00 -1.00 8 8 0.3769 0.8768 0.008514
330.00 C 20260812 -1.00 -1.00 10 111 0.3759 0.8500 0.009634
332.50 C 20260812 -1.00 -1.00 63 69 0.3581 0.8332 0.010834
335.00 C 20260812 -1.00 -1.00 9 64 0.3602 0.8031 0.012050
337.50 C 20260812 -1.00 -1.00 -1 0 0.3544 0.7747 0.013299
340.00 C 20260812 -1.00 -1.00 18 64 0.3466 0.7411 0.014522
342.50 C 20260812 -1.00 -1.00 5 2 0.3182 0.7164 0.016552
345.00 C 20260812 -1.00 -1.00 29 22 0.3553 0.6603 0.016291
347.50 C 20260812 -1.00 -1.00 24 12 0.3340 0.6231 0.017737
350.00 C 20260812 -1.00 -1.00 105 73 0.3426 0.5761 0.017800
352.50 C 20260812 -1.00 -1.00 1776 98 0.3256 0.5319 0.019226
355.00 C 20260812 -1.00 -1.00 70 54 0.3394 0.4867 0.018374
357.50 C 20260812 -1.00 -1.00 114 59 0.3202 0.4369 0.019136
360.00 C 20260812 -1.00 -1.00 52 37 0.3282 0.3927 0.018379
362.50 C 20260812 -1.00 -1.00 310 108 0.3177 0.3447 0.018132
365.00 C 20260812 -1.00 -1.00 25 55 0.3262 0.3083 0.016766
367.50 C 20260812 -1.00 -1.00 45 41 0.3273 0.2685 0.015738
370.00 C 20260812 -1.00 -1.00 136 35 0.3310 0.2343 0.014563
375.00 C 20260812 -1.00 -1.00 12 65 0.3389 0.1798 0.012003
380.00 C 20260812 -1.00 -1.00 29 308 0.3421 0.1301 0.009662
385.00 C 20260812 -1.00 -1.00 6 1 0.3457 0.0937 0.007497
390.00 C 20260812 -1.00 -1.00 2 1 0.3398 0.0603 0.005454
395.00 C 20260812 -1.00 -1.00 110 54 0.4086 0.0716 0.005232
400.00 C 20260812 -1.00 -1.00 -1 0 0.3803 0.0391 0.003449
405.00 C 20260812 -1.00 -1.00 -1 0 -1.0000 -1.0000 -1.000000
410.00 C 20260812 -1.00 -1.00 -1 0 -1.0000 -1.0000 -1.000000
415.00 C 20260812 -1.00 -1.00 -1 0 0.5107 0.0469 0.002957
290.00 P 20260812 -1.00 -1.00 -1 0 0.5958 -0.0287 0.001716
295.00 P 20260812 -1.00 -1.00 5 5 0.5637 -0.0346 0.002097
297.50 P 20260812 -1.00 -1.00 -1 0 0.5168 -0.0285 0.001971
300.00 P 20260812 -1.00 -1.00 5 107 0.4980 -0.0307 0.002165
302.50 P 20260812 -1.00 -1.00 307 153 0.5929 -0.0661 0.003383
305.00 P 20260812 -1.00 -1.00 2 1 0.4549 -0.0336 0.002542
307.50 P 20260812 -1.00 -1.00 6 3 0.4141 -0.0277 0.002408
310.00 P 20260812 -1.00 -1.00 6 3 0.4563 -0.0521 0.003636
312.50 P 20260812 -1.00 -1.00 4 3 0.4979 -0.0806 0.004655
315.00 P 20260812 -1.00 -1.00 4 5 0.4464 -0.0719 0.004774
317.50 P 20260812 -1.00 -1.00 2 56 0.3909 -0.0594 0.004747
320.00 P 20260812 -1.00 -1.00 1 7 0.3695 -0.0629 0.005259
322.50 P 20260812 -1.00 -1.00 2 2 0.3481 -0.0683 0.005914
325.00 P 20260812 -1.00 -1.00 13 7 0.3442 -0.0858 0.007056
327.50 P 20260812 -1.00 -1.00 10 5 0.3287 -0.0967 0.008089
330.00 P 20260812 -1.00 -1.00 5 45 0.3429 -0.1270 0.009550
332.50 P 20260812 -1.00 -1.00 11 52 0.3383 -0.1538 0.010899
335.00 P 20260812 -1.00 -1.00 13 15 0.3197 -0.1720 0.012406
337.50 P 20260812 -1.00 -1.00 102 0 0.3288 -0.2097 0.013823
340.00 P 20260812 -1.00 -1.00 3 1 0.3151 -0.2400 0.015447
342.50 P 20260812 -1.00 -1.00 -1 0 0.3087 -0.2790 0.016967
345.00 P 20260812 -1.00 -1.00 34 7 0.3140 -0.3249 0.018076
347.50 P 20260812 -1.00 -1.00 7 0 0.3210 -0.3742 0.018501
350.00 P 20260812 -1.00 -1.00 33 4 0.3169 -0.4212 0.019293
352.50 P 20260812 -1.00 -1.00 -1 0 0.3127 -0.4696 0.020137
355.00 P 20260812 -1.00 -1.00 3 2 0.3195 -0.5178 0.019622
357.50 P 20260812 -1.00 -1.00 -1 0 0.3218 -0.5649 0.019181
360.00 P 20260812 -1.00 -1.00 1 1 0.3046 -0.6205 0.019913
362.50 P 20260812 -1.00 -1.00 -1 0 0.3091 -0.6631 0.018699
365.00 P 20260812 -1.00 -1.00 14 2 0.2958 -0.7162 0.018164
367.50 P 20260812 -1.00 -1.00 -1 0 0.3062 -0.7526 0.016621
370.00 P 20260812 -1.00 -1.00 2 4 0.3040 -0.7896 0.015233
375.00 P 20260812 -1.00 -1.00 -1 0 0.2953 -0.8659 0.012214
380.00 P 20260812 -1.00 -1.00 -1 0 0.2864 -0.9217 0.008983
385.00 P 20260812 -1.00 -1.00 -1 0 -1.0000 -1.0000 -1.000000
390.00 P 20260812 -1.00 -1.00 -1 0 -1.0000 -1.0000 -1.000000
395.00 P 20260812 -1.00 -1.00 -1 0 -1.0000 -1.0000 -1.000000
400.00 P 20260812 -1.00 -1.00 -1 0 -1.0000 -1.0000 -1.000000
405.00 P 20260812 -1.00 -1.00 -1 0 -1.0000 -1.0000 -1.000000
410.00 P 20260812 -1.00 -1.00 -1 0 -1.0000 -1.0000 -1.000000
415.00 P 20260812 -1.00 -1.00 -1 0 -1.0000 -1.0000 -1.000000
290.00 C 20260814 -1.00 -1.00 58 30 0.6444 0.9487 0.002353
295.00 C 20260814 -1.00 -1.00 1 55 0.6004 0.9455 0.002659
297.50 C 20260814 -1.00 -1.00 54 8 0.5825 0.9429 0.002855
300.00 C 20260814 -1.00 -1.00 7 45 0.5647 0.9401 0.003068
302.50 C 20260814 -1.00 -1.00 66 7 0.0012 0.9999 -0.000000
305.00 C 20260814 -1.00 -1.00 68 48 0.5271 0.9311 0.003628
307.50 C 20260814 -1.00 -1.00 48 8 0.5031 0.9285 0.003905
310.00 C 20260814 -1.00 -1.00 11 61 0.4726 0.9287 0.004149
312.50 C 20260814 -1.00 -1.00 1 48 0.2896 0.9867 0.001667
315.00 C 20260814 -1.00 -1.00 10 81 0.4540 0.9089 0.005182
317.50 C 20260814 -1.00 -1.00 -1 0 0.4394 0.9008 0.005720
320.00 C 20260814 -1.00 -1.00 85 297 0.4162 0.8960 0.006261
322.50 C 20260814 -1.00 -1.00 1 71 0.3193 0.9347 0.005778
325.00 C 20260814 -1.00 -1.00 48 137 0.3705 0.8850 0.007618
327.50 C 20260814 -1.00 -1.00 5 19 0.3853 0.8525 0.008620
330.00 C 20260814 -1.00 -1.00 56 304 0.3728 0.8348 0.009587
332.50 C 20260814 -1.00 -1.00 35 37 0.3463 0.8245 0.010747
335.00 C 20260814 -1.00 -1.00 233 446 0.3398 0.8005 0.011961
337.50 C 20260814 -1.00 -1.00 58 87 0.3567 0.7576 0.012670
340.00 C 20260814 -1.00 -1.00 239 669 0.3387 0.7320 0.014017
342.50 C 20260814 -1.00 -1.00 47 226 0.3474 0.6915 0.014701
345.00 C 20260814 -1.00 -1.00 195 697 0.3418 0.6565 0.015731
347.50 C 20260814 -1.00 -1.00 109 27 0.3368 0.6163 0.016377
350.00 C 20260814 -1.00 -1.00 741 902 0.3365 0.5743 0.016827
352.50 C 20260814 -1.00 -1.00 109 33 0.3397 0.5322 0.017094
355.00 C 20260814 -1.00 -1.00 215 685 0.3362 0.4903 0.017214
357.50 C 20260814 -1.00 -1.00 163 96 0.3328 0.4475 0.017142
360.00 C 20260814 -1.00 -1.00 607 647 0.3294 0.4039 0.017060
362.50 C 20260814 -1.00 -1.00 214 11 0.3261 0.3615 0.016750
365.00 C 20260814 -1.00 -1.00 390 1117 0.3279 0.3248 0.015836
370.00 C 20260814 -1.00 -1.00 373 620 0.3335 0.2543 0.014018
375.00 C 20260814 -1.00 -1.00 494 415 0.3284 0.1922 0.011969
380.00 C 20260814 -1.00 -1.00 357 1295 0.3436 0.1493 0.009852
385.00 C 20260814 -1.00 -1.00 465 214 0.3421 0.1105 0.007918
390.00 C 20260814 -1.00 -1.00 57 382 0.3514 0.0818 0.006224
395.00 C 20260814 -1.00 -1.00 229 350 0.3526 0.0594 0.004808
400.00 C 20260814 -1.00 -1.00 103 838 0.3607 0.0438 0.003679
405.00 C 20260814 -1.00 -1.00 7 556 0.3583 0.0286 0.002621
410.00 C 20260814 -1.00 -1.00 1 70 0.3727 0.0235 0.002119
415.00 C 20260814 -1.00 -1.00 2 1199 0.4069 0.0247 0.002028
290.00 P 20260814 -1.00 -1.00 106 517 0.4683 -0.0132 0.001036
295.00 P 20260814 -1.00 -1.00 76 2904 0.4445 -0.0169 0.001345
297.50 P 20260814 -1.00 -1.00 68 5 0.4391 -0.0202 0.001589
300.00 P 20260814 -1.00 -1.00 137 1240 0.4243 -0.0216 0.001750
302.50 P 20260814 -1.00 -1.00 3 34 0.4268 -0.0267 0.002100
305.00 P 20260814 -1.00 -1.00 125 229 0.4121 -0.0296 0.002362
307.50 P 20260814 -1.00 -1.00 3 73 0.3998 -0.0341 0.002715
310.00 P 20260814 -1.00 -1.00 163 383 0.3876 -0.0388 0.003107
312.50 P 20260814 -1.00 -1.00 18 34 0.3770 -0.0445 0.003570
315.00 P 20260814 -1.00 -1.00 91 587 0.3765 -0.0543 0.004229
317.50 P 20260814 -1.00 -1.00 13 45 0.3727 -0.0642 0.004899
320.00 P 20260814 -1.00 -1.00 284 527 0.3566 -0.0718 0.005540
322.50 P 20260814 -1.00 -1.00 16 121 0.3555 -0.0892 0.006522
325.00 P 20260814 -1.00 -1.00 186 387 0.3483 -0.1033 0.007457
327.50 P 20260814 -1.00 -1.00 7 45 0.3497 -0.1231 0.008522
330.00 P 20260814 -1.00 -1.00 165 411 0.3402 -0.1438 0.009629
332.50 P 20260814 -1.00 -1.00 15 79 0.3367 -0.1697 0.010827
335.00 P 20260814 -1.00 -1.00 89 327 0.3341 -0.1966 0.012065
337.50 P 20260814 -1.00 -1.00 12 83 0.3343 -0.2291 0.013204
340.00 P 20260814 -1.00 -1.00 98 583 0.3240 -0.2604 0.014485
342.50 P 20260814 -1.00 -1.00 47 9 0.3265 -0.3001 0.015455
345.00 P 20260814 -1.00 -1.00 89 443 0.3281 -0.3395 0.016416
347.50 P 20260814 -1.00 -1.00 47 2 0.3205 -0.3805 0.017254
350.00 P 20260814 -1.00 -1.00 175 249 0.3176 -0.4244 0.017899
352.50 P 20260814 -1.00 -1.00 5 1 0.3282 -0.4695 0.017810
355.00 P 20260814 -1.00 -1.00 50 95 0.3163 -0.5143 0.018411
357.50 P 20260814 -1.00 -1.00 24 0 0.3140 -0.5597 0.018285
360.00 P 20260814 -1.00 -1.00 20 162 0.3204 -0.6024 0.017676
362.50 P 20260814 -1.00 -1.00 -1 0 0.3144 -0.6475 0.017417
365.00 P 20260814 -1.00 -1.00 6 81 0.3132 -0.6877 0.016567
370.00 P 20260814 -1.00 -1.00 10 161 0.3102 -0.7677 0.014757
375.00 P 20260814 -1.00 -1.00 2 90 0.2945 -0.8447 0.012365
380.00 P 20260814 -1.00 -1.00 5 3 0.3008 -0.8893 0.009811
385.00 P 20260814 -1.00 -1.00 4 0 0.3054 -0.9282 0.007457
390.00 P 20260814 -1.00 -1.00 1 1 -1.0000 -1.0000 -1.000000
395.00 P 20260814 -1.00 -1.00 15 0 -1.0000 -1.0000 -1.000000
400.00 P 20260814 -1.00 -1.00 2 0 -1.0000 -1.0000 -1.000000
405.00 P 20260814 -1.00 -1.00 35 0 -1.0000 -1.0000 -1.000000
410.00 P 20260814 -1.00 -1.00 6 0 -1.0000 -1.0000 -1.000000
415.00 P 20260814 -1.00 -1.00 -1 0 -1.0000 -1.0000 -1.000000
290.00 C 20260821 -1.00 -1.00 3 656 0.5514 0.9435 0.002452
295.00 C 20260821 -1.00 -1.00 1 879 0.5051 0.9426 0.002712
297.50 C 20260821 -1.00 -1.00 10 22 0.5016 0.9342 0.003017
300.00 C 20260821 -1.00 -1.00 20 1645 0.4340 0.9494 0.002828
302.50 C 20260821 -1.00 -1.00 8 9 0.4555 0.9324 0.003388
305.00 C 20260821 -1.00 -1.00 24 699 0.4373 0.9291 0.003652
307.50 C 20260821 -1.00 -1.00 1 12 0.4120 0.9294 0.003867
310.00 C 20260821 -1.00 -1.00 6 905 0.3942 0.9257 0.004196
312.50 C 20260821 -1.00 -1.00 10 11 0.3929 0.9128 0.004744
315.00 C 20260821 -1.00 -1.00 62 1294 0.3681 0.9121 0.005095
317.50 C 20260821 -1.00 -1.00 1 71 0.3814 0.8910 0.005817
320.00 C 20260821 -1.00 -1.00 125 6455 0.3730 0.8809 0.006389
322.50 C 20260821 -1.00 -1.00 22 324 0.3696 0.8619 0.007056
325.00 C 20260821 -1.00 -1.00 145 1323 0.3532 0.8510 0.007750
327.50 C 20260821 -1.00 -1.00 14 1318 0.3440 0.8344 0.008527
330.00 C 20260821 -1.00 -1.00 384 3082 0.3537 0.8061 0.009242
332.50 C 20260821 -1.00 -1.00 38 529 0.3511 0.7836 0.009987
335.00 C 20260821 -1.00 -1.00 447 5506 0.3449 0.7581 0.010717
337.50 C 20260821 -1.00 -1.00 137 668 0.3484 0.7267 0.011276
340.00 C 20260821 -1.00 -1.00 944 4966 0.3431 0.6996 0.012035
342.50 C 20260821 -1.00 -1.00 218 712 0.3422 0.6701 0.012704
345.00 C 20260821 -1.00 -1.00 704 5484 0.3364 0.6382 0.013232
347.50 C 20260821 -1.00 -1.00 438 3012 0.3323 0.6046 0.013699
350.00 C 20260821 -1.00 -1.00 6138 17564 0.3296 0.5700 0.014120
352.50 C 20260821 -1.00 -1.00 103 446 0.3359 0.5348 0.014166
355.00 C 20260821 -1.00 -1.00 711 3552 0.3300 0.4998 0.014394
357.50 C 20260821 -1.00 -1.00 631 621 0.3293 0.4647 0.014268
360.00 C 20260821 -1.00 -1.00 4239 13684 0.3257 0.4285 0.014263
362.50 C 20260821 -1.00 -1.00 238 333 0.3309 0.3953 0.013894
365.00 C 20260821 -1.00 -1.00 1262 4990 0.3306 0.3628 0.013536
367.50 C 20260821 -1.00 -1.00 60 461 0.3279 0.3309 0.013078
370.00 C 20260821 -1.00 -1.00 2043 11170 0.3235 0.2974 0.012644
375.00 C 20260821 -1.00 -1.00 1285 5726 0.3305 0.2431 0.011333
380.00 C 20260821 -1.00 -1.00 3430 9702 0.3253 0.1927 0.009916
385.00 C 20260821 -1.00 -1.00 293 6584 0.3327 0.1528 0.008457
390.00 C 20260821 -1.00 -1.00 936 10759 0.3296 0.1180 0.007066
395.00 C 20260821 -1.00 -1.00 297 4815 0.3349 0.0916 0.005793
400.00 C 20260821 -1.00 -1.00 1547 20004 0.3406 0.0709 0.004722
405.00 C 20260821 -1.00 -1.00 43 1601 0.3456 0.0566 0.003860
410.00 C 20260821 -1.00 -1.00 89 6163 0.3509 0.0430 0.003057
415.00 C 20260821 -1.00 -1.00 62 15553 0.3658 0.0355 0.002542
290.00 P 20260821 -1.00 -1.00 146 3579 0.4228 -0.0216 0.001439
295.00 P 20260821 -1.00 -1.00 501 5587 0.4108 -0.0274 0.001827
297.50 P 20260821 -1.00 -1.00 7 90 0.3996 -0.0308 0.002052
300.00 P 20260821 -1.00 -1.00 1689 6390 0.3905 -0.0351 0.002329
302.50 P 20260821 -1.00 -1.00 11 396 0.3860 -0.0414 0.002693
305.00 P 20260821 -1.00 -1.00 445 2519 0.3770 -0.0461 0.003016
307.50 P 20260821 -1.00 -1.00 16 633 0.3720 -0.0525 0.003412
310.00 P 20260821 -1.00 -1.00 907 10251 0.3698 -0.0602 0.003864
312.50 P 20260821 -1.00 -1.00 42 261 0.3617 -0.0698 0.004381
315.00 P 20260821 -1.00 -1.00 591 7881 0.3545 -0.0802 0.004949
317.50 P 20260821 -1.00 -1.00 36 108 0.3506 -0.0929 0.005595
320.00 P 20260821 -1.00 -1.00 853 15579 0.3492 -0.1073 0.006288
322.50 P 20260821 -1.00 -1.00 40 368 0.3479 -0.1231 0.007008
325.00 P 20260821 -1.00 -1.00 639 4588 0.3401 -0.1403 0.007767
327.50 P 20260821 -1.00 -1.00 611 1251 0.3346 -0.1597 0.008584
330.00 P 20260821 -1.00 -1.00 1566 8224 0.3359 -0.1841 0.009409
332.50 P 20260821 -1.00 -1.00 46 1089 0.3368 -0.2082 0.010234
335.00 P 20260821 -1.00 -1.00 290 4692 0.3283 -0.2325 0.011087
337.50 P 20260821 -1.00 -1.00 52 274 0.3242 -0.2613 0.011888
340.00 P 20260821 -1.00 -1.00 579 6829 0.3235 -0.2925 0.012630
342.50 P 20260821 -1.00 -1.00 48 158 0.3246 -0.3247 0.013331
345.00 P 20260821 -1.00 -1.00 457 3403 0.3270 -0.3604 0.013679
347.50 P 20260821 -1.00 -1.00 741 227 0.3139 -0.3930 0.014564
350.00 P 20260821 -1.00 -1.00 1421 8356 0.3220 -0.4311 0.014560
352.50 P 20260821 -1.00 -1.00 341 253 0.3208 -0.4675 0.014964
355.00 P 20260821 -1.00 -1.00 160 1688 0.3147 -0.5046 0.015227
357.50 P 20260821 -1.00 -1.00 42 80 0.3119 -0.5422 0.015200
360.00 P 20260821 -1.00 -1.00 109 12421 0.3172 -0.5777 0.014797
362.50 P 20260821 -1.00 -1.00 1 20 0.3157 -0.6154 0.014720
365.00 P 20260821 -1.00 -1.00 38 903 0.3129 -0.6503 0.014334
367.50 P 20260821 -1.00 -1.00 1 18 0.3086 -0.6856 0.013892
370.00 P 20260821 -1.00 -1.00 71 2300 0.3140 -0.7147 0.013130
375.00 P 20260821 -1.00 -1.00 8 1364 0.3040 -0.7824 0.011965
380.00 P 20260821 -1.00 -1.00 53 2711 0.3156 -0.8231 0.010233
385.00 P 20260821 -1.00 -1.00 4 195 0.3269 -0.8613 0.008707
390.00 P 20260821 -1.00 -1.00 40 2643 0.2791 -0.9388 0.006553
395.00 P 20260821 -1.00 -1.00 452 220 0.2679 -0.9719 0.004765
400.00 P 20260821 -1.00 -1.00 315 210 0.3299 -0.9470 0.004906
405.00 P 20260821 -1.00 -1.00 143 19 -1.0000 -1.0000 -1.000000
410.00 P 20260821 -1.00 -1.00 92 36 0.3349 -0.9807 0.002930
415.00 P 20260821 -1.00 -1.00 95 0 -1.0000 -1.0000 -1.000000
260.00 C 20260731 -1.00 -1.00 55 22 5.9625 0.9729 0.001056
265.00 C 20260731 -1.00 -1.00 52 23 5.7725 0.9678 0.001247
270.00 C 20260731 -1.00 -1.00 3 63 5.3067 0.9699 0.001286
275.00 C 20260731 -1.00 -1.00 2 27 5.2094 0.9618 0.001587
280.00 C 20260731 -1.00 -1.00 2 171 4.6752 0.9663 0.001597
285.00 C 20260731 -1.00 -1.00 1 75 4.5581 0.9579 0.001963
287.50 C 20260731 -1.00 -1.00 1 1 4.4327 0.9556 0.002107
260.00 P 20260731 -1.00 -1.00 79 450 3.7488 -0.0013 0.000113
265.00 P 20260731 -1.00 -1.00 1 285 3.5995 -0.0018 0.000155
270.00 P 20260731 -1.00 -1.00 1 409 3.5246 -0.0027 0.000230
275.00 P 20260731 -1.00 -1.00 2 1034 3.1672 -0.0020 0.000197
280.00 P 20260731 -1.00 -1.00 1 1141 2.8867 -0.0017 0.000183
285.00 P 20260731 -1.00 -1.00 5 840 2.6809 -0.0018 0.000211
287.50 P 20260731 -1.00 -1.00 1 33 2.7874 -0.0034 0.000361
267.50 C 20260803 -1.00 -1.00 -1 0 1.6316 0.9714 0.001204
270.00 C 20260803 -1.00 -1.00 3 4 1.5830 0.9706 0.001267
272.50 C 20260803 -1.00 -1.00 -1 0 1.5349 0.9698 0.001334
275.00 C 20260803 -1.00 -1.00 2 5 1.4872 0.9690 0.001406
277.50 C 20260803 -1.00 -1.00 2 1 1.4399 0.9681 0.001484
280.00 C 20260803 -1.00 -1.00 110 33 1.2171 0.9815 0.001108
282.50 C 20260803 -1.00 -1.00 -1 0 1.1601 0.9821 0.001124
285.00 C 20260803 -1.00 -1.00 120 25 1.1200 0.9816 0.001195
287.50 C 20260803 -1.00 -1.00 2 1 1.0314 0.9853 0.001072
267.50 P 20260803 -1.00 -1.00 11 198 1.1557 -0.0039 0.000300
270.00 P 20260803 -1.00 -1.00 1 19 1.1193 -0.0040 0.000317
272.50 P 20260803 -1.00 -1.00 2 16 1.1301 -0.0061 0.000452
275.00 P 20260803 -1.00 -1.00 2 127 1.3021 -0.0177 0.000995
277.50 P 20260803 -1.00 -1.00 1 4 1.1282 -0.0093 0.000664
280.00 P 20260803 -1.00 -1.00 3 29 1.0849 -0.0093 0.000689
282.50 P 20260803 -1.00 -1.00 3 8 1.0497 -0.0096 0.000734
285.00 P 20260803 -1.00 -1.00 2 7 1.0224 -0.0102 0.000800
287.50 P 20260803 -1.00 -1.00 13 21 0.9802 -0.0103 0.000836
267.50 C 20260805 -1.00 -1.00 -1 0 1.1931 0.9788 0.001003
270.00 C 20260805 -1.00 -1.00 -1 0 1.1458 0.9792 0.001026
272.50 C 20260805 -1.00 -1.00 -1 0 1.1121 0.9787 0.001081
275.00 C 20260805 -1.00 -1.00 2 23 0.9997 0.9847 0.000898
277.50 C 20260805 -1.00 -1.00 2 1 1.0457 0.9776 0.001205
280.00 C 20260805 -1.00 -1.00 66 21 0.8954 0.9879 0.000827
282.50 C 20260805 -1.00 -1.00 2 1 1.0174 0.9731 0.001455
285.00 C 20260805 -1.00 -1.00 10 8 0.9742 0.9734 0.001508
287.50 C 20260805 -1.00 -1.00 2 1 0.9036 0.9760 0.001478
267.50 P 20260805 -1.00 -1.00 1 5 0.9557 -0.0061 0.000418
270.00 P 20260805 -1.00 -1.00 6 9 1.0425 -0.0125 0.000727
272.50 P 20260805 -1.00 -1.00 7 10 1.0126 -0.0131 0.000779
275.00 P 20260805 -1.00 -1.00 11 18 0.8883 -0.0076 0.000549
277.50 P 20260805 -1.00 -1.00 5 11 0.9485 -0.0139 0.000875
280.00 P 20260805 -1.00 -1.00 3 6 0.9169 -0.0143 0.000929
282.50 P 20260805 -1.00 -1.00 2 4 0.8881 -0.0150 0.001001
285.00 P 20260805 -1.00 -1.00 4 18 0.8285 -0.0124 0.000911
287.50 P 20260805 -1.00 -1.00 2 14 0.7439 -0.0085 0.000733
260.00 C 20260807 -1.00 -1.00 1 3 1.2222 0.9703 0.001108
265.00 C 20260807 -1.00 -1.00 70 17 1.1661 0.9675 0.001250
270.00 C 20260807 -1.00 -1.00 20 24 1.0884 0.9673 0.001344
275.00 C 20260807 -1.00 -1.00 2 25 1.0290 0.9648 0.001509
280.00 C 20260807 -1.00 -1.00 1 50 0.9706 0.9620 0.001703
285.00 C 20260807 -1.00 -1.00 1 105 0.9079 0.9598 0.001908
260.00 P 20260807 -1.00 -1.00 2 168 0.8451 -0.0033 0.000238
265.00 P 20260807 -1.00 -1.00 3 124 0.7849 -0.0032 0.000247
270.00 P 20260807 -1.00 -1.00 1804 177 0.7475 -0.0037 0.000297
275.00 P 20260807 -1.00 -1.00 2 377 0.7046 -0.0043 0.000357
280.00 P 20260807 -1.00 -1.00 12 212 0.6572 -0.0046 0.000404
285.00 P 20260807 -1.00 -1.00 13 272 0.6315 -0.0064 0.000569
260.00 C 20260810 -1.00 -1.00 -1 0 0.9063 0.9826 0.000796
265.00 C 20260810 -1.00 -1.00 -1 0 0.8942 0.9782 0.000985
270.00 C 20260810 -1.00 -1.00 -1 0 0.8153 0.9800 0.000998
275.00 C 20260810 -1.00 -1.00 -1 0 0.8197 0.9733 0.001285
280.00 C 20260810 -1.00 -1.00 12 4 0.7990 0.9655 0.001612
285.00 C 20260810 -1.00 -1.00 86 10 0.7461 0.9635 0.001805
260.00 P 20260810 -1.00 -1.00 1 1 0.8361 -0.0103 0.000557
265.00 P 20260810 -1.00 -1.00 5 9 0.8267 -0.0152 0.000777
270.00 P 20260810 -1.00 -1.00 18 20 0.6431 -0.0047 0.000355
275.00 P 20260810 -1.00 -1.00 1 1 0.6248 -0.0066 0.000496
280.00 P 20260810 -1.00 -1.00 1 1 0.5980 -0.0080 0.000619
285.00 P 20260810 -1.00 -1.00 7 9 0.5717 -0.0096 0.000762
260.00 C 20260812 -1.00 -1.00 -1 0 0.8759 0.9782 0.000921
265.00 C 20260812 -1.00 -1.00 6 3 0.8828 0.9702 0.001186
270.00 C 20260812 -1.00 -1.00 6 3 0.8226 0.9703 0.001268
275.00 C 20260812 -1.00 -1.00 30 6 0.7505 0.9732 0.001285
280.00 C 20260812 -1.00 -1.00 30 6 0.7272 0.9663 0.001586
285.00 C 20260812 -1.00 -1.00 -1 0 0.6530 0.9704 0.001598
260.00 P 20260812 -1.00 -1.00 -1 0 -1.0000 -1.0000 -1.000000
265.00 P 20260812 -1.00 -1.00 7 7 -1.0000 -1.0000 -1.000000
270.00 P 20260812 -1.00 -1.00 -1 0 0.9039 -0.0431 0.001566
275.00 P 20260812 -1.00 -1.00 6 6 -1.0000 -1.0000 -1.000000
280.00 P 20260812 -1.00 -1.00 6 6 0.8144 -0.0496 0.001958
285.00 P 20260812 -1.00 -1.00 -1 0 0.5636 -0.0155 0.001063
260.00 C 20260814 -1.00 -1.00 12 16 0.8891 0.9679 0.001156
265.00 C 20260814 -1.00 -1.00 66 7 0.8443 0.9658 0.001283
270.00 C 20260814 -1.00 -1.00 20 11 0.8003 0.9634 0.001429
275.00 C 20260814 -1.00 -1.00 28 17 0.7572 0.9608 0.001598
280.00 C 20260814 -1.00 -1.00 1 28 0.7069 0.9596 0.001757
285.00 C 20260814 -1.00 -1.00 56 32 0.6733 0.9548 0.002024
260.00 P 20260814 -1.00 -1.00 6 34 0.6171 -0.0042 0.000284
265.00 P 20260814 -1.00 -1.00 5 52 0.5852 -0.0047 0.000333
270.00 P 20260814 -1.00 -1.00 1 94 0.5616 -0.0059 0.000424
275.00 P 20260814 -1.00 -1.00 1 113 0.5576 -0.0087 0.000608
280.00 P 20260814 -1.00 -1.00 21 252 0.5158 -0.0087 0.000653
285.00 P 20260814 -1.00 -1.00 60 132 0.4957 -0.0105 0.000812
260.00 C 20260821 -1.00 -1.00 1 1372 0.7451 0.9649 0.001213
265.00 C 20260821 -1.00 -1.00 2 326 0.7078 0.9628 0.001342
270.00 C 20260821 -1.00 -1.00 4 431 0.6746 0.9597 0.001503
275.00 C 20260821 -1.00 -1.00 1 284 0.6387 0.9571 0.001674
280.00 C 20260821 -1.00 -1.00 9 1192 0.6069 0.9534 0.001887
285.00 C 20260821 -1.00 -1.00 6 824 0.5788 0.9487 0.002150
260.00 P 20260821 -1.00 -1.00 12 3543 0.5290 -0.0061 0.000378
265.00 P 20260821 -1.00 -1.00 77 2686 0.5156 -0.0077 0.000484
270.00 P 20260821 -1.00 -1.00 47 1858 0.4962 -0.0090 0.000577
275.00 P 20260821 -1.00 -1.00 318 2398 0.4786 -0.0111 0.000720
280.00 P 20260821 -1.00 -1.00 379 4502 0.4565 -0.0137 0.000898
285.00 P 20260821 -1.00 -1.00 141 3370 0.4361 -0.0168 0.001121
420.00 C 20260731 -1.00 -1.00 8 1702 2.2835 0.0035 0.000456
425.00 C 20260731 -1.00 -1.00 3 1826 2.3613 0.0028 0.000351
430.00 C 20260731 -1.00 -1.00 13 754 2.4382 0.0020 0.000259
435.00 C 20260731 -1.00 -1.00 2 417 2.6268 0.0025 0.000288
440.00 C 20260731 -1.00 -1.00 9 338 2.9252 0.0038 0.000386
445.00 C 20260731 -1.00 -1.00 2 612 3.1089 0.0041 0.000388
420.00 P 20260731 -1.00 -1.00 1 0 -1.0000 -1.0000 -1.000000
425.00 P 20260731 -1.00 -1.00 1 0 -1.0000 -1.0000 -1.000000
430.00 P 20260731 -1.00 -1.00 4 0 -1.0000 -1.0000 -1.000000
435.00 P 20260731 -1.00 -1.00 1 0 -1.0000 -1.0000 -1.000000
440.00 P 20260731 -1.00 -1.00 1 0 -1.0000 -1.0000 -1.000000
445.00 P 20260731 -1.00 -1.00 1 0 -1.0000 -1.0000 -1.000000
420.00 C 20260803 -1.00 -1.00 1 22 0.7765 0.0096 0.000980
425.00 C 20260803 -1.00 -1.00 1 4 0.7570 0.0044 0.000509
430.00 C 20260803 -1.00 -1.00 1 1 0.8421 0.0070 0.000679
435.00 C 20260803 -1.00 -1.00 328 12 0.8528 0.0045 0.000459
440.00 C 20260803 -1.00 -1.00 137 16 0.8417 0.0029 0.000309
445.00 C 20260803 -1.00 -1.00 1 8 1.0521 0.0108 0.000806
420.00 P 20260803 -1.00 -1.00 -1 0 -1.0000 -1.0000 -1.000000
425.00 P 20260803 -1.00 -1.00 -1 0 -1.0000 -1.0000 -1.000000
430.00 P 20260803 -1.00 -1.00 -1 0 -1.0000 -1.0000 -1.000000
435.00 P 20260803 -1.00 -1.00 -1 0 -1.0000 -1.0000 -1.000000
440.00 P 20260803 -1.00 -1.00 -1 0 -1.0000 -1.0000 -1.000000
445.00 P 20260803 -1.00 -1.00 -1 0 -1.0000 -1.0000 -1.000000
420.00 C 20260805 -1.00 -1.00 1 3 0.6217 0.0105 0.001048
425.00 C 20260805 -1.00 -1.00 1 91 0.7365 0.0196 0.001512
430.00 C 20260805 -1.00 -1.00 61 90 0.7456 0.0137 0.001113
435.00 C 20260805 -1.00 -1.00 20 32 0.7979 0.0151 0.001126
440.00 C 20260805 -1.00 -1.00 1 15 0.8373 0.0145 0.001040
445.00 C 20260805 -1.00 -1.00 3 24 0.8578 0.0128 0.000907
420.00 P 20260805 -1.00 -1.00 -1 0 -1.0000 -1.0000 -1.000000
425.00 P 20260805 -1.00 -1.00 -1 0 0.8934 -0.9549 0.002611
430.00 P 20260805 -1.00 -1.00 -1 0 -1.0000 -1.0000 -1.000000
435.00 P 20260805 -1.00 -1.00 -1 0 -1.0000 -1.0000 -1.000000
440.00 P 20260805 -1.00 -1.00 -1 0 -1.0000 -1.0000 -1.000000
445.00 P 20260805 -1.00 -1.00 -1 0 -1.0000 -1.0000 -1.000000
420.00 C 20260807 -1.00 -1.00 4 1055 0.4691 0.0041 0.000515
425.00 C 20260807 -1.00 -1.00 4 248 0.5075 0.0044 0.000511
430.00 C 20260807 -1.00 -1.00 2 98 0.5232 0.0037 0.000419
435.00 C 20260807 -1.00 -1.00 3 77 0.5608 0.0040 0.000423
440.00 C 20260807 -1.00 -1.00 2 349 0.5980 0.0043 0.000422
445.00 C 20260807 -1.00 -1.00 2 799 0.6018 0.0032 0.000322
420.00 P 20260807 -1.00 -1.00 -1 0 -1.0000 -1.0000 -1.000000
425.00 P 20260807 -1.00 -1.00 -1 0 -1.0000 -1.0000 -1.000000
430.00 P 20260807 -1.00 -1.00 2 0 -1.0000 -1.0000 -1.000000
435.00 P 20260807 -1.00 -1.00 -1 0 -1.0000 -1.0000 -1.000000
440.00 P 20260807 -1.00 -1.00 -1 0 -1.0000 -1.0000 -1.000000
445.00 P 20260807 -1.00 -1.00 -1 0 -1.0000 -1.0000 -1.000000
420.00 C 20260810 -1.00 -1.00 -1 0 0.5732 0.0378 0.002441
425.00 C 20260810 -1.00 -1.00 -1 0 0.6062 0.0359 0.002221
430.00 C 20260810 -1.00 -1.00 -1 0 0.6312 0.0334 0.002008
435.00 C 20260810 -1.00 -1.00 3 3 0.6168 0.0245 0.001564
440.00 C 20260810 -1.00 -1.00 1 1 0.6580 0.0260 0.001541
445.00 C 20260810 -1.00 -1.00 -1 0 -1.0000 -1.0000 -1.000000
420.00 P 20260810 -1.00 -1.00 -1 0 -1.0000 -1.0000 -1.000000
425.00 P 20260810 -1.00 -1.00 -1 0 -1.0000 -1.0000 -1.000000
430.00 P 20260810 -1.00 -1.00 -1 0 -1.0000 -1.0000 -1.000000
435.00 P 20260810 -1.00 -1.00 -1 0 -1.0000 -1.0000 -1.000000
440.00 P 20260810 -1.00 -1.00 -1 0 -1.0000 -1.0000 -1.000000
445.00 P 20260810 -1.00 -1.00 -1 0 -1.0000 -1.0000 -1.000000
420.00 C 20260812 -1.00 -1.00 -1 0 -1.0000 -1.0000 -1.000000
425.00 C 20260812 -1.00 -1.00 -1 0 0.6350 0.0629 0.003013
430.00 C 20260812 -1.00 -1.00 -1 0 -1.0000 -1.0000 -1.000000
435.00 C 20260812 -1.00 -1.00 -1 0 -1.0000 -1.0000 -1.000000
440.00 C 20260812 -1.00 -1.00 -1 0 -1.0000 -1.0000 -1.000000
445.00 C 20260812 -1.00 -1.00 -1 0 -1.0000 -1.0000 -1.000000
420.00 P 20260812 -1.00 -1.00 -1 0 -1.0000 -1.0000 -1.000000
425.00 P 20260812 -1.00 -1.00 -1 0 -1.0000 -1.0000 -1.000000
430.00 P 20260812 -1.00 -1.00 -1 0 -1.0000 -1.0000 -1.000000
435.00 P 20260812 -1.00 -1.00 -1 0 -1.0000 -1.0000 -1.000000
440.00 P 20260812 -1.00 -1.00 -1 0 -1.0000 -1.0000 -1.000000
445.00 P 20260812 -1.00 -1.00 -1 0 -1.0000 -1.0000 -1.000000
420.00 C 20260814 -1.00 -1.00 1 266 0.4047 0.0155 0.001378
425.00 C 20260814 -1.00 -1.00 3 55 0.4345 0.0162 0.001331
430.00 C 20260814 -1.00 -1.00 2 414 0.4286 0.0107 0.000942
435.00 C 20260814 -1.00 -1.00 1 58 0.4699 0.0128 0.001010
440.00 C 20260814 -1.00 -1.00 1 101 0.4880 0.0120 0.000913
445.00 C 20260814 -1.00 -1.00 1 36 0.5087 0.0115 0.000846
420.00 P 20260814 -1.00 -1.00 -1 0 -1.0000 -1.0000 -1.000000
425.00 P 20260814 -1.00 -1.00 -1 0 -1.0000 -1.0000 -1.000000
430.00 P 20260814 -1.00 -1.00 2 0 -1.0000 -1.0000 -1.000000
435.00 P 20260814 -1.00 -1.00 -1 0 -1.0000 -1.0000 -1.000000
440.00 P 20260814 -1.00 -1.00 -1 0 -1.0000 -1.0000 -1.000000
445.00 P 20260814 -1.00 -1.00 -1 0 -1.0000 -1.0000 -1.000000
420.00 C 20260821 -1.00 -1.00 113 7207 0.3630 0.0268 0.001997
425.00 C 20260821 -1.00 -1.00 75 1201 0.3743 0.0227 0.001678
430.00 C 20260821 -1.00 -1.00 20 3302 0.3854 0.0188 0.001393
435.00 C 20260821 -1.00 -1.00 3 506 0.4143 0.0208 0.001408
440.00 C 20260821 -1.00 -1.00 129 3979 0.4032 0.0127 0.000953
445.00 C 20260821 -1.00 -1.00 9 860 0.4088 0.0105 0.000794
420.00 P 20260821 -1.00 -1.00 701 0 -1.0000 -1.0000 -1.000000
425.00 P 20260821 -1.00 -1.00 1494 2 -1.0000 -1.0000 -1.000000
430.00 P 20260821 -1.00 -1.00 657 0 -1.0000 -1.0000 -1.000000
435.00 P 20260821 -1.00 -1.00 149 0 -1.0000 -1.0000 -1.000000
440.00 P 20260821 -1.00 -1.00 3057 0 -1.0000 -1.0000 -1.000000
445.00 P 20260821 -1.00 -1.00 76 0 -1.0000 -1.0000 -1.000000
