# opt_chain TSM | epoch 1785518732 | 2026-07-31 13:25:32 | spot 407.93 | exps 20260731 20260807 20260814 20260821
# fuente polygon_snapshot_v3 | greeks polygon_directo | iv polygon_directo | oi polygon_directo | vol day.volume(-1 si no cotizo) | bid/ask NO_ENTITLED(-1) | spot_src ibkr_bridge spot_edad_s 91 | band 0.4050 vencimientos 4 exp_hasta 2026-08-21
# strike right exp bid ask vol oi iv delta gamma
300.00 C 20260731 -1.00 -1.00 3 38 4.6905 0.9932 0.000362
305.00 C 20260731 -1.00 -1.00 3 13 4.9081 0.9877 0.000583
310.00 C 20260731 -1.00 -1.00 16 23 -1.0000 -1.0000 -1.000000
315.00 C 20260731 -1.00 -1.00 16 34 4.4062 0.9864 0.000705
320.00 C 20260731 -1.00 -1.00 1 757 -1.0000 -1.0000 -1.000000
322.50 C 20260731 -1.00 -1.00 -1 0 3.0891 0.9977 0.000203
325.00 C 20260731 -1.00 -1.00 2 90 3.7025 0.9898 0.000661
327.50 C 20260731 -1.00 -1.00 -1 0 3.8502 0.9833 0.000963
330.00 C 20260731 -1.00 -1.00 1 85 3.6829 0.9840 0.000969
332.50 C 20260731 -1.00 -1.00 -1 0 3.3710 0.9889 0.000782
335.00 C 20260731 -1.00 -1.00 1 22 3.4976 0.9818 0.001144
337.50 C 20260731 -1.00 -1.00 -1 0 3.3336 0.9825 0.001158
340.00 C 20260731 -1.00 -1.00 1 44 3.1708 0.9833 0.001167
342.50 C 20260731 -1.00 -1.00 2 1 -1.0000 -1.0000 -1.000000
345.00 C 20260731 -1.00 -1.00 10 77 2.8010 0.9870 0.001074
347.50 C 20260731 -1.00 -1.00 -1 0 2.8798 0.9800 0.001507
350.00 C 20260731 -1.00 -1.00 205 611 3.0528 0.9694 0.002053
352.50 C 20260731 -1.00 -1.00 8 3 2.6579 0.9784 0.001743
355.00 C 20260731 -1.00 -1.00 2 25 2.3599 0.9849 0.001446
357.50 C 20260731 -1.00 -1.00 22 26 -1.0000 -1.0000 -1.000000
360.00 C 20260731 -1.00 -1.00 10 91 2.3308 0.9756 0.002215
362.50 C 20260731 -1.00 -1.00 3 27 2.1768 0.9764 0.002300
365.00 C 20260731 -1.00 -1.00 20 134 1.8846 0.9843 0.001870
367.50 C 20260731 -1.00 -1.00 1 213 1.6807 0.9889 0.001569
370.00 C 20260731 -1.00 -1.00 102 276 1.8998 0.9705 0.003213
372.50 C 20260731 -1.00 -1.00 1 16 1.7802 0.9689 0.003572
375.00 C 20260731 -1.00 -1.00 5 100 1.7301 0.9602 0.004456
377.50 C 20260731 -1.00 -1.00 2 91 -1.0000 -1.0000 -1.000000
380.00 C 20260731 -1.00 -1.00 192 3598 1.4035 0.9652 0.004941
382.50 C 20260731 -1.00 -1.00 16 119 1.1629 0.9756 0.004431
385.00 C 20260731 -1.00 -1.00 23 661 1.0625 0.9735 0.005225
387.50 C 20260731 -1.00 -1.00 74 313 1.0792 0.9520 0.008305
390.00 C 20260731 -1.00 -1.00 91 3180 -1.0000 -1.0000 -1.000000
392.50 C 20260731 -1.00 -1.00 10 419 0.8740 0.9367 0.012945
395.00 C 20260731 -1.00 -1.00 97 401 0.6496 0.9523 0.013725
397.50 C 20260731 -1.00 -1.00 37 345 0.6313 0.9110 0.022964
400.00 C 20260731 -1.00 -1.00 580 5129 0.6145 0.8438 0.035250
402.50 C 20260731 -1.00 -1.00 909 914 0.4160 0.8246 0.056015
405.00 C 20260731 -1.00 -1.00 498 4511 0.4137 0.6540 0.081792
407.50 C 20260731 -1.00 -1.00 563 1818 0.3623 0.4312 0.098136
410.00 C 20260731 -1.00 -1.00 2430 4610 0.3722 0.2191 0.072484
412.50 C 20260731 -1.00 -1.00 1345 983 0.3806 0.0901 0.038470
415.00 C 20260731 -1.00 -1.00 486 1719 0.4356 0.0465 0.020032
417.50 C 20260731 -1.00 -1.00 340 838 0.4929 0.0260 0.011020
420.00 C 20260731 -1.00 -1.00 2714 3548 0.5408 0.0139 0.005908
422.50 C 20260731 -1.00 -1.00 465 1263 0.6102 0.0106 0.004128
425.00 C 20260731 -1.00 -1.00 370 1792 0.6692 0.0079 0.002877
427.50 C 20260731 -1.00 -1.00 126 2278 0.7678 0.0085 0.002696
430.00 C 20260731 -1.00 -1.00 115 2317 0.8061 0.0051 0.001640
432.50 C 20260731 -1.00 -1.00 95 2777 0.9434 0.0084 0.002153
435.00 C 20260731 -1.00 -1.00 119 1752 0.9612 0.0044 0.001210
437.50 C 20260731 -1.00 -1.00 10 251 1.0973 0.0073 0.001635
440.00 C 20260731 -1.00 -1.00 534 2506 1.1024 0.0039 0.000940
442.50 C 20260731 -1.00 -1.00 156 211 1.3475 0.0106 0.001869
445.00 C 20260731 -1.00 -1.00 25 518 1.3835 0.0086 0.001500
447.50 C 20260731 -1.00 -1.00 3 157 1.6088 0.0142 0.002016
450.00 C 20260731 -1.00 -1.00 141 1652 1.4233 0.0040 0.000751
452.50 C 20260731 -1.00 -1.00 12 1886 1.6261 0.0082 0.001219
455.00 C 20260731 -1.00 -1.00 10 567 1.8159 0.0114 0.001485
457.50 C 20260731 -1.00 -1.00 12 80 2.3875 0.0362 0.003008
460.00 C 20260731 -1.00 -1.00 124 3837 1.8070 0.0061 0.000842
462.50 C 20260731 -1.00 -1.00 11 98 2.0332 0.0103 0.001204
465.00 C 20260731 -1.00 -1.00 1 234 2.0473 0.0084 0.000996
467.50 C 20260731 -1.00 -1.00 1 64 2.0423 0.0060 0.000744
470.00 C 20260731 -1.00 -1.00 55 1518 1.9918 0.0036 0.000485
472.50 C 20260731 -1.00 -1.00 2 108 2.1069 0.0041 0.000514
475.00 C 20260731 -1.00 -1.00 15 833 2.3118 0.0070 0.000749
477.50 C 20260731 -1.00 -1.00 2 240 2.1793 0.0033 0.000409
480.00 C 20260731 -1.00 -1.00 23 603 2.1893 0.0027 0.000333
482.50 C 20260731 -1.00 -1.00 1 49 2.5959 0.0082 0.000769
485.00 C 20260731 -1.00 -1.00 23 945 2.2608 0.0020 0.000246
487.50 C 20260731 -1.00 -1.00 10 54 2.5793 0.0044 0.000455
490.00 C 20260731 -1.00 -1.00 11 377 2.3828 0.0019 0.000224
492.50 C 20260731 -1.00 -1.00 61 90 2.8686 0.0075 0.000642
495.00 C 20260731 -1.00 -1.00 1 536 2.5036 0.0018 0.000205
497.50 C 20260731 -1.00 -1.00 8 250 2.9473 0.0061 0.000519
500.00 C 20260731 -1.00 -1.00 112 2526 3.4704 0.0148 0.000970
505.00 C 20260731 -1.00 -1.00 10 1305 3.2387 0.0075 0.000569
510.00 C 20260731 -1.00 -1.00 5 377 3.3145 0.0062 0.000472
515.00 C 20260731 -1.00 -1.00 15 144 3.3256 0.0043 0.000344
300.00 P 20260731 -1.00 -1.00 8 1496 3.9083 -0.0015 0.000110
305.00 P 20260731 -1.00 -1.00 1 2949 3.9038 -0.0025 0.000179
310.00 P 20260731 -1.00 -1.00 1 795 3.4467 -0.0013 0.000110
315.00 P 20260731 -1.00 -1.00 49 1121 3.3177 -0.0017 0.000149
320.00 P 20260731 -1.00 -1.00 30 2283 3.1908 -0.0022 0.000195
322.50 P 20260731 -1.00 -1.00 118 238 3.0330 -0.0019 0.000177
325.00 P 20260731 -1.00 -1.00 77 1157 3.2921 -0.0049 0.000382
327.50 P 20260731 -1.00 -1.00 8 1364 3.2567 -0.0060 0.000466
330.00 P 20260731 -1.00 -1.00 46 3106 2.8175 -0.0025 0.000247
332.50 P 20260731 -1.00 -1.00 130 367 2.9142 -0.0042 0.000382
335.00 P 20260731 -1.00 -1.00 23 1050 2.6351 -0.0027 0.000280
337.50 P 20260731 -1.00 -1.00 19 575 2.4829 -0.0023 0.000257
340.00 P 20260731 -1.00 -1.00 54 1506 2.3319 -0.0019 0.000226
342.50 P 20260731 -1.00 -1.00 16 200 2.6023 -0.0065 0.000626
345.00 P 20260731 -1.00 -1.00 73 1509 2.1558 -0.0020 0.000261
347.50 P 20260731 -1.00 -1.00 18 771 2.1297 -0.0027 0.000344
350.00 P 20260731 -1.00 -1.00 102 6621 2.0430 -0.0028 0.000373
352.50 P 20260731 -1.00 -1.00 20 561 2.0791 -0.0046 0.000575
355.00 P 20260731 -1.00 -1.00 57 2659 1.9616 -0.0042 0.000568
357.50 P 20260731 -1.00 -1.00 6 645 1.8449 -0.0038 0.000554
360.00 P 20260731 -1.00 -1.00 35 2016 1.7024 -0.0033 0.000528
362.50 P 20260731 -1.00 -1.00 17 680 1.7009 -0.0055 0.000824
365.00 P 20260731 -1.00 -1.00 83 1320 1.5356 -0.0037 0.000643
367.50 P 20260731 -1.00 -1.00 100 1185 1.8845 -0.0221 0.002510
370.00 P 20260731 -1.00 -1.00 69 2408 1.3811 -0.0049 0.000920
372.50 P 20260731 -1.00 -1.00 217 1551 1.3331 -0.0069 0.001283
375.00 P 20260731 -1.00 -1.00 370 3462 1.2214 -0.0065 0.001327
377.50 P 20260731 -1.00 -1.00 106 1066 1.1316 -0.0070 0.001525
380.00 P 20260731 -1.00 -1.00 135 5522 1.0850 -0.0095 0.002104
382.50 P 20260731 -1.00 -1.00 64 691 0.9963 -0.0103 0.002470
385.00 P 20260731 -1.00 -1.00 215 3851 0.8871 -0.0101 0.002733
387.50 P 20260731 -1.00 -1.00 69 987 0.8859 -0.0212 0.005133
390.00 P 20260731 -1.00 -1.00 451 3487 0.7513 -0.0190 0.005502
392.50 P 20260731 -1.00 -1.00 191 306 0.6802 -0.0255 0.007869
395.00 P 20260731 -1.00 -1.00 680 2328 0.6117 -0.0375 0.012012
397.50 P 20260731 -1.00 -1.00 1191 1678 0.5669 -0.0645 0.020270
400.00 P 20260731 -1.00 -1.00 1666 5136 0.5048 -0.1101 0.033709
402.50 P 20260731 -1.00 -1.00 308 270 0.4544 -0.1959 0.055142
405.00 P 20260731 -1.00 -1.00 380 1421 0.4299 -0.3511 0.079318
407.50 P 20260731 -1.00 -1.00 126 915 0.3934 -0.5631 0.090649
410.00 P 20260731 -1.00 -1.00 197 831 0.3829 -0.7753 0.071773
412.50 P 20260731 -1.00 -1.00 56 344 0.3660 -0.9199 0.036995
415.00 P 20260731 -1.00 -1.00 116 359 0.3484 -0.9836 0.010945
417.50 P 20260731 -1.00 -1.00 12 275 0.4841 -0.9763 0.010567
420.00 P 20260731 -1.00 -1.00 2647 3537 -1.0000 -1.0000 -1.000000
422.50 P 20260731 -1.00 -1.00 2 12 -1.0000 -1.0000 -1.000000
425.00 P 20260731 -1.00 -1.00 49 161 -1.0000 -1.0000 -1.000000
427.50 P 20260731 -1.00 -1.00 10 3 -1.0000 -1.0000 -1.000000
430.00 P 20260731 -1.00 -1.00 1 19 -1.0000 -1.0000 -1.000000
432.50 P 20260731 -1.00 -1.00 18 2 -1.0000 -1.0000 -1.000000
435.00 P 20260731 -1.00 -1.00 2 6 -1.0000 -1.0000 -1.000000
437.50 P 20260731 -1.00 -1.00 10 0 -1.0000 -1.0000 -1.000000
440.00 P 20260731 -1.00 -1.00 1 1 -1.0000 -1.0000 -1.000000
442.50 P 20260731 -1.00 -1.00 6 0 -1.0000 -1.0000 -1.000000
445.00 P 20260731 -1.00 -1.00 28 7 -1.0000 -1.0000 -1.000000
447.50 P 20260731 -1.00 -1.00 1 0 -1.0000 -1.0000 -1.000000
450.00 P 20260731 -1.00 -1.00 284 111 -1.0000 -1.0000 -1.000000
452.50 P 20260731 -1.00 -1.00 10 0 -1.0000 -1.0000 -1.000000
455.00 P 20260731 -1.00 -1.00 5 1 -1.0000 -1.0000 -1.000000
457.50 P 20260731 -1.00 -1.00 4 0 -1.0000 -1.0000 -1.000000
460.00 P 20260731 -1.00 -1.00 3 0 -1.0000 -1.0000 -1.000000
462.50 P 20260731 -1.00 -1.00 -1 0 -1.0000 -1.0000 -1.000000
465.00 P 20260731 -1.00 -1.00 100 10 -1.0000 -1.0000 -1.000000
467.50 P 20260731 -1.00 -1.00 1 0 -1.0000 -1.0000 -1.000000
470.00 P 20260731 -1.00 -1.00 80 0 -1.0000 -1.0000 -1.000000
472.50 P 20260731 -1.00 -1.00 -1 0 -1.0000 -1.0000 -1.000000
475.00 P 20260731 -1.00 -1.00 1 0 -1.0000 -1.0000 -1.000000
477.50 P 20260731 -1.00 -1.00 -1 0 -1.0000 -1.0000 -1.000000
480.00 P 20260731 -1.00 -1.00 1 0 -1.0000 -1.0000 -1.000000
482.50 P 20260731 -1.00 -1.00 -1 0 -1.0000 -1.0000 -1.000000
485.00 P 20260731 -1.00 -1.00 16 0 -1.0000 -1.0000 -1.000000
487.50 P 20260731 -1.00 -1.00 -1 0 -1.0000 -1.0000 -1.000000
490.00 P 20260731 -1.00 -1.00 1 0 2.4782 -0.9973 0.000316
492.50 P 20260731 -1.00 -1.00 -1 0 -1.0000 -1.0000 -1.000000
495.00 P 20260731 -1.00 -1.00 2 0 -1.0000 -1.0000 -1.000000
497.50 P 20260731 -1.00 -1.00 -1 0 -1.0000 -1.0000 -1.000000
500.00 P 20260731 -1.00 -1.00 4 0 2.7183 -0.9975 0.000267
505.00 P 20260731 -1.00 -1.00 2 0 -1.0000 -1.0000 -1.000000
510.00 P 20260731 -1.00 -1.00 2 0 -1.0000 -1.0000 -1.000000
515.00 P 20260731 -1.00 -1.00 1 0 -1.0000 -1.0000 -1.000000
300.00 C 20260807 -1.00 -1.00 6 10 1.1150 0.9790 0.000783
305.00 C 20260807 -1.00 -1.00 -1 0 1.0728 0.9774 0.000869
307.50 C 20260807 -1.00 -1.00 -1 0 1.0470 0.9770 0.000907
310.00 C 20260807 -1.00 -1.00 10 10 1.0313 0.9757 0.000966
312.50 C 20260807 -1.00 -1.00 -1 0 1.0059 0.9752 0.001010
315.00 C 20260807 -1.00 -1.00 1 1 0.9806 0.9747 0.001056
317.50 C 20260807 -1.00 -1.00 -1 0 0.9556 0.9741 0.001105
320.00 C 20260807 -1.00 -1.00 1 763 0.9114 0.9752 0.001113
322.50 C 20260807 -1.00 -1.00 -1 0 0.9083 0.9721 0.001236
325.00 C 20260807 -1.00 -1.00 1 36 0.8859 0.9705 0.001321
327.50 C 20260807 -1.00 -1.00 -1 0 0.8637 0.9689 0.001412
330.00 C 20260807 -1.00 -1.00 1 3 0.8417 0.9673 0.001510
332.50 C 20260807 -1.00 -1.00 -1 0 0.8198 0.9655 0.001617
335.00 C 20260807 -1.00 -1.00 304 150 0.7839 0.9664 0.001655
337.50 C 20260807 -1.00 -1.00 -1 0 0.7766 0.9617 0.001857
340.00 C 20260807 -1.00 -1.00 6 8 0.7411 0.9625 0.001912
342.50 C 20260807 -1.00 -1.00 -1 0 0.7246 0.9594 0.002087
345.00 C 20260807 -1.00 -1.00 15 16 0.7270 0.9523 0.002378
347.50 C 20260807 -1.00 -1.00 -1 0 0.6921 0.9528 0.002478
350.00 C 20260807 -1.00 -1.00 21 481 0.6806 0.9482 0.002723
352.50 C 20260807 -1.00 -1.00 30 20 0.6646 0.9445 0.002959
355.00 C 20260807 -1.00 -1.00 2 8 0.6442 0.9416 0.003190
357.50 C 20260807 -1.00 -1.00 1 1 0.6408 0.9327 0.003575
360.00 C 20260807 -1.00 -1.00 1 10 0.6122 0.9302 0.003841
362.50 C 20260807 -1.00 -1.00 1 0 0.6128 0.9168 0.004358
365.00 C 20260807 -1.00 -1.00 2 117 0.6003 0.9079 0.004804
367.50 C 20260807 -1.00 -1.00 -1 0 0.6009 0.8943 0.005339
370.00 C 20260807 -1.00 -1.00 1 71 0.5729 0.8897 0.005788
372.50 C 20260807 -1.00 -1.00 62 61 0.5843 0.8700 0.006401
375.00 C 20260807 -1.00 -1.00 211 45 0.5427 0.8681 0.006955
377.50 C 20260807 -1.00 -1.00 18 151 0.5324 0.8509 0.007646
380.00 C 20260807 -1.00 -1.00 1 1870 0.5239 0.8323 0.008383
382.50 C 20260807 -1.00 -1.00 1 542 0.5342 0.8057 0.009076
385.00 C 20260807 -1.00 -1.00 9 150 0.5471 0.7780 0.009664
387.50 C 20260807 -1.00 -1.00 125 1581 0.5155 0.7623 0.010583
390.00 C 20260807 -1.00 -1.00 7 821 0.5125 0.7337 0.011237
392.50 C 20260807 -1.00 -1.00 4 590 0.5159 0.7028 0.011798
395.00 C 20260807 -1.00 -1.00 26 788 0.5219 0.6717 0.012296
397.50 C 20260807 -1.00 -1.00 11 1294 0.5100 0.6426 0.012963
400.00 C 20260807 -1.00 -1.00 645 2648 0.4967 0.6109 0.013569
402.50 C 20260807 -1.00 -1.00 56 469 0.4779 0.5780 0.014379
405.00 C 20260807 -1.00 -1.00 197 1143 0.4847 0.5416 0.014479
407.50 C 20260807 -1.00 -1.00 161 143 0.4780 0.5057 0.014838
410.00 C 20260807 -1.00 -1.00 978 1580 0.4766 0.4697 0.014688
412.50 C 20260807 -1.00 -1.00 48 225 0.4697 0.4324 0.014698
415.00 C 20260807 -1.00 -1.00 346 1148 0.4760 0.3977 0.014318
417.50 C 20260807 -1.00 -1.00 71 100 0.4764 0.3630 0.014011
420.00 C 20260807 -1.00 -1.00 1174 1769 0.4706 0.3297 0.013536
422.50 C 20260807 -1.00 -1.00 100 220 0.4636 0.2950 0.013054
425.00 C 20260807 -1.00 -1.00 367 709 0.4702 0.2664 0.012315
427.50 C 20260807 -1.00 -1.00 56 207 0.4734 0.2379 0.011629
430.00 C 20260807 -1.00 -1.00 242 959 0.4658 0.2103 0.010888
432.50 C 20260807 -1.00 -1.00 58 115 0.4623 0.1842 0.010080
435.00 C 20260807 -1.00 -1.00 172 301 0.4652 0.1616 0.009255
437.50 C 20260807 -1.00 -1.00 19 150 0.4712 0.1414 0.008463
440.00 C 20260807 -1.00 -1.00 555 2735 0.4665 0.1234 0.007687
442.50 C 20260807 -1.00 -1.00 41 127 0.4693 0.1089 0.006952
445.00 C 20260807 -1.00 -1.00 99 318 0.4678 0.0922 0.006180
447.50 C 20260807 -1.00 -1.00 22 54 0.4733 0.0796 0.005511
450.00 C 20260807 -1.00 -1.00 197 709 0.4789 0.0699 0.004947
452.50 C 20260807 -1.00 -1.00 36 46 0.4751 0.0596 0.004363
455.00 C 20260807 -1.00 -1.00 70 210 0.4754 0.0508 0.003823
457.50 C 20260807 -1.00 -1.00 16 30 0.4789 0.0432 0.003340
460.00 C 20260807 -1.00 -1.00 198 1154 0.4895 0.0387 0.003002
462.50 C 20260807 -1.00 -1.00 20 21 0.4860 0.0311 0.002538
465.00 C 20260807 -1.00 -1.00 13 525 0.4939 0.0286 0.002312
467.50 C 20260807 -1.00 -1.00 1 24 0.4923 0.0239 0.001987
470.00 C 20260807 -1.00 -1.00 12 875 0.5001 0.0215 0.001783
472.50 C 20260807 -1.00 -1.00 2 1 0.5032 0.0180 0.001529
475.00 C 20260807 -1.00 -1.00 5 133 0.5219 0.0183 0.001491
480.00 C 20260807 -1.00 -1.00 94 632 0.5072 0.0105 0.000954
485.00 C 20260807 -1.00 -1.00 11 337 0.5196 0.0085 0.000764
490.00 C 20260807 -1.00 -1.00 3 147 0.5318 0.0065 0.000590
495.00 C 20260807 -1.00 -1.00 1 81 0.5759 0.0081 0.000665
500.00 C 20260807 -1.00 -1.00 4 376 0.5806 0.0056 0.000477
505.00 C 20260807 -1.00 -1.00 2 144 0.6028 0.0050 0.000419
510.00 C 20260807 -1.00 -1.00 13 32 0.6119 0.0041 0.000345
515.00 C 20260807 -1.00 -1.00 1 175 0.6246 0.0036 0.000298
300.00 P 20260807 -1.00 -1.00 329 508 0.8693 -0.0047 0.000274
305.00 P 20260807 -1.00 -1.00 11 193 0.8442 -0.0060 0.000346
307.50 P 20260807 -1.00 -1.00 6 6 0.8133 -0.0056 0.000340
310.00 P 20260807 -1.00 -1.00 12 1315 0.8242 -0.0075 0.000437
312.50 P 20260807 -1.00 -1.00 -1 0 0.7982 -0.0075 0.000448
315.00 P 20260807 -1.00 -1.00 1 1143 0.7633 -0.0069 0.000435
317.50 P 20260807 -1.00 -1.00 1 16 0.7742 -0.0089 0.000542
320.00 P 20260807 -1.00 -1.00 5 324 0.7351 -0.0081 0.000523
322.50 P 20260807 -1.00 -1.00 7 45 0.7525 -0.0107 0.000658
325.00 P 20260807 -1.00 -1.00 70 1065 0.7352 -0.0117 0.000727
327.50 P 20260807 -1.00 -1.00 4 82 0.7141 -0.0123 0.000779
330.00 P 20260807 -1.00 -1.00 19 587 0.7009 -0.0140 0.000882
332.50 P 20260807 -1.00 -1.00 3 43 0.6787 -0.0144 0.000934
335.00 P 20260807 -1.00 -1.00 12 409 0.6638 -0.0159 0.001040
337.50 P 20260807 -1.00 -1.00 11 56 0.6623 -0.0193 0.001235
340.00 P 20260807 -1.00 -1.00 36 1493 0.6401 -0.0200 0.001314
342.50 P 20260807 -1.00 -1.00 32 33 0.6293 -0.0222 0.001470
345.00 P 20260807 -1.00 -1.00 69 467 0.6223 -0.0251 0.001658
347.50 P 20260807 -1.00 -1.00 11 22 0.6144 -0.0283 0.001863
350.00 P 20260807 -1.00 -1.00 514 911 0.6008 -0.0324 0.002112
352.50 P 20260807 -1.00 -1.00 6 58 0.5900 -0.0374 0.002410
355.00 P 20260807 -1.00 -1.00 125 2439 0.5822 -0.0434 0.002753
357.50 P 20260807 -1.00 -1.00 35 131 0.5753 -0.0497 0.003121
360.00 P 20260807 -1.00 -1.00 208 1140 0.5721 -0.0571 0.003531
362.50 P 20260807 -1.00 -1.00 179 69 0.5670 -0.0655 0.003975
365.00 P 20260807 -1.00 -1.00 190 470 0.5564 -0.0754 0.004477
367.50 P 20260807 -1.00 -1.00 63 68 0.5491 -0.0870 0.005039
370.00 P 20260807 -1.00 -1.00 312 2107 0.5391 -0.0979 0.005613
372.50 P 20260807 -1.00 -1.00 321 812 0.5413 -0.1135 0.006276
375.00 P 20260807 -1.00 -1.00 571 1447 0.5381 -0.1291 0.006936
377.50 P 20260807 -1.00 -1.00 98 186 0.5283 -0.1467 0.007636
380.00 P 20260807 -1.00 -1.00 273 1097 0.5203 -0.1656 0.008381
382.50 P 20260807 -1.00 -1.00 33 527 0.5147 -0.1861 0.009157
385.00 P 20260807 -1.00 -1.00 233 1316 0.5132 -0.2086 0.009936
387.50 P 20260807 -1.00 -1.00 59 173 0.5062 -0.2332 0.010694
390.00 P 20260807 -1.00 -1.00 342 661 0.5021 -0.2618 0.011388
392.50 P 20260807 -1.00 -1.00 35 836 0.4954 -0.2901 0.012148
395.00 P 20260807 -1.00 -1.00 124 279 0.4938 -0.3205 0.012841
397.50 P 20260807 -1.00 -1.00 105 83 0.4891 -0.3520 0.013492
400.00 P 20260807 -1.00 -1.00 917 2297 0.4860 -0.3868 0.013869
402.50 P 20260807 -1.00 -1.00 157 153 0.4806 -0.4218 0.014317
405.00 P 20260807 -1.00 -1.00 374 170 0.4830 -0.4579 0.014548
407.50 P 20260807 -1.00 -1.00 61 53 0.4875 -0.4936 0.014580
410.00 P 20260807 -1.00 -1.00 113 511 0.4785 -0.5298 0.014666
412.50 P 20260807 -1.00 -1.00 20 107 0.4662 -0.5681 0.014845
415.00 P 20260807 -1.00 -1.00 45 126 0.4703 -0.6037 0.014525
417.50 P 20260807 -1.00 -1.00 26 40 0.4725 -0.6383 0.014155
420.00 P 20260807 -1.00 -1.00 105 924 0.4730 -0.6696 0.013540
422.50 P 20260807 -1.00 -1.00 2 60 0.4648 -0.7048 0.013094
425.00 P 20260807 -1.00 -1.00 22 237 0.4750 -0.7315 0.012302
427.50 P 20260807 -1.00 -1.00 1 16 0.4589 -0.7696 0.011844
430.00 P 20260807 -1.00 -1.00 5 876 0.4548 -0.7964 0.011032
432.50 P 20260807 -1.00 -1.00 2 0 0.4443 -0.8277 0.010199
435.00 P 20260807 -1.00 -1.00 4 126 0.4639 -0.8404 0.009339
437.50 P 20260807 -1.00 -1.00 3 3 0.4720 -0.8594 0.008548
440.00 P 20260807 -1.00 -1.00 5 558 0.4479 -0.8878 0.007638
442.50 P 20260807 -1.00 -1.00 -1 0 0.4563 -0.8999 0.006911
445.00 P 20260807 -1.00 -1.00 10 34 0.4188 -0.9360 0.005557
447.50 P 20260807 -1.00 -1.00 -1 0 0.4542 -0.9321 0.005343
450.00 P 20260807 -1.00 -1.00 3 671 0.5113 -0.9166 0.005435
452.50 P 20260807 -1.00 -1.00 3 0 0.4590 -0.9493 0.004234
455.00 P 20260807 -1.00 -1.00 15 45 0.4777 -0.9510 0.003958
457.50 P 20260807 -1.00 -1.00 -1 0 0.4056 -0.9837 0.002303
460.00 P 20260807 -1.00 -1.00 1 115 0.4895 -0.9642 0.003096
462.50 P 20260807 -1.00 -1.00 -1 0 0.4912 -0.9709 0.002688
465.00 P 20260807 -1.00 -1.00 1 1 0.4724 -0.9800 0.002150
467.50 P 20260807 -1.00 -1.00 1 0 0.4882 -0.9806 0.002029
470.00 P 20260807 -1.00 -1.00 2 2 0.5216 -0.9770 0.002125
472.50 P 20260807 -1.00 -1.00 -1 0 0.4903 -0.9892 0.001459
475.00 P 20260807 -1.00 -1.00 2 0 0.5260 -0.9843 0.001626
480.00 P 20260807 -1.00 -1.00 4 0 -1.0000 -1.0000 -1.000000
485.00 P 20260807 -1.00 -1.00 1 0 0.6144 -0.9800 0.001600
490.00 P 20260807 -1.00 -1.00 3 0 -1.0000 -1.0000 -1.000000
495.00 P 20260807 -1.00 -1.00 2 0 -1.0000 -1.0000 -1.000000
500.00 P 20260807 -1.00 -1.00 1 0 -1.0000 -1.0000 -1.000000
505.00 P 20260807 -1.00 -1.00 2 0 -1.0000 -1.0000 -1.000000
510.00 P 20260807 -1.00 -1.00 2 0 -1.0000 -1.0000 -1.000000
515.00 P 20260807 -1.00 -1.00 -1 0 -1.0000 -1.0000 -1.000000
300.00 C 20260814 -1.00 -1.00 5 16 0.8629 0.9711 0.000945
302.50 C 20260814 -1.00 -1.00 -1 0 0.8488 0.9693 0.001007
305.00 C 20260814 -1.00 -1.00 1 2 0.8348 0.9675 0.001073
307.50 C 20260814 -1.00 -1.00 -1 0 0.8139 0.9669 0.001118
310.00 C 20260814 -1.00 -1.00 2 4 0.7966 0.9655 0.001179
312.50 C 20260814 -1.00 -1.00 -1 0 0.7760 0.9648 0.001231
315.00 C 20260814 -1.00 -1.00 -1 0 0.7625 0.9628 0.001313
317.50 C 20260814 -1.00 -1.00 -1 0 0.7492 0.9606 0.001400
320.00 C 20260814 -1.00 -1.00 1 1 0.7360 0.9584 0.001492
322.50 C 20260814 -1.00 -1.00 -1 0 0.7229 0.9561 0.001589
325.00 C 20260814 -1.00 -1.00 -1 0 0.7099 0.9537 0.001692
327.50 C 20260814 -1.00 -1.00 -1 0 0.6970 0.9512 0.001801
330.00 C 20260814 -1.00 -1.00 2 1 0.6876 0.9480 0.001929
332.50 C 20260814 -1.00 -1.00 -1 0 0.6578 0.9488 0.001989
335.00 C 20260814 -1.00 -1.00 15 20 0.6691 0.9413 0.002203
337.50 C 20260814 -1.00 -1.00 -1 0 0.6525 0.9385 0.002341
340.00 C 20260814 -1.00 -1.00 10 12 0.6228 0.9396 0.002422
342.50 C 20260814 -1.00 -1.00 -1 0 0.6303 0.9276 0.002721
345.00 C 20260814 -1.00 -1.00 10 14 0.6126 0.9242 0.002897
347.50 C 20260814 -1.00 -1.00 -1 0 0.6027 0.9179 0.003123
350.00 C 20260814 -1.00 -1.00 6 19 0.5872 0.9134 0.003339
352.50 C 20260814 -1.00 -1.00 -1 0 0.5890 0.9029 0.003636
355.00 C 20260814 -1.00 -1.00 20 259 0.5526 0.9051 0.003808
357.50 C 20260814 -1.00 -1.00 -1 0 0.5792 0.8860 0.004200
360.00 C 20260814 -1.00 -1.00 4 21 0.5692 0.8782 0.004492
362.50 C 20260814 -1.00 -1.00 -1 0 0.5435 0.8746 0.004789
365.00 C 20260814 -1.00 -1.00 4 36 0.5442 0.8586 0.005152
367.50 C 20260814 -1.00 -1.00 1 0 0.5462 0.8421 0.005512
370.00 C 20260814 -1.00 -1.00 125 51 0.5420 0.8280 0.005879
372.50 C 20260814 -1.00 -1.00 -1 0 0.5378 0.8138 0.006256
375.00 C 20260814 -1.00 -1.00 3 110 0.5237 0.8028 0.006686
377.50 C 20260814 -1.00 -1.00 -1 0 0.5268 0.7846 0.007043
380.00 C 20260814 -1.00 -1.00 2 123 0.4998 0.7748 0.007580
382.50 C 20260814 -1.00 -1.00 145 17 0.5019 0.7520 0.007900
385.00 C 20260814 -1.00 -1.00 8 636 0.5068 0.7285 0.008185
387.50 C 20260814 -1.00 -1.00 1 67 0.5015 0.7084 0.008583
390.00 C 20260814 -1.00 -1.00 13 308 0.5064 0.6853 0.008856
392.50 C 20260814 -1.00 -1.00 42 37 0.5086 0.6628 0.009132
395.00 C 20260814 -1.00 -1.00 20 144 0.4890 0.6425 0.009629
397.50 C 20260814 -1.00 -1.00 54 37 0.4815 0.6184 0.009932
400.00 C 20260814 -1.00 -1.00 11 232 0.4820 0.5927 0.010085
402.50 C 20260814 -1.00 -1.00 4 20 0.4881 0.5667 0.010123
405.00 C 20260814 -1.00 -1.00 56 254 0.4862 0.5414 0.010322
407.50 C 20260814 -1.00 -1.00 16 15 0.4876 0.5162 0.010387
410.00 C 20260814 -1.00 -1.00 30 382 0.4776 0.4902 0.010518
412.50 C 20260814 -1.00 -1.00 5 26 0.4755 0.4644 0.010476
415.00 C 20260814 -1.00 -1.00 86 234 0.4757 0.4388 0.010384
417.50 C 20260814 -1.00 -1.00 76 9 0.4767 0.4134 0.010275
420.00 C 20260814 -1.00 -1.00 27 480 0.4808 0.3891 0.010107
422.50 C 20260814 -1.00 -1.00 163 135 0.4837 0.3665 0.009868
425.00 C 20260814 -1.00 -1.00 125 127 0.4705 0.3399 0.009788
427.50 C 20260814 -1.00 -1.00 4 38 0.4739 0.3190 0.009437
430.00 C 20260814 -1.00 -1.00 69 1045 0.4730 0.2963 0.009152
432.50 C 20260814 -1.00 -1.00 29 23 0.4747 0.2750 0.008835
435.00 C 20260814 -1.00 -1.00 8 308 0.4772 0.2542 0.008513
437.50 C 20260814 -1.00 -1.00 10 12 0.4737 0.2341 0.008183
440.00 C 20260814 -1.00 -1.00 178 341 0.4659 0.2133 0.007828
442.50 C 20260814 -1.00 -1.00 2 10 0.4705 0.1988 0.007412
445.00 C 20260814 -1.00 -1.00 30 155 0.4707 0.1820 0.007016
447.50 C 20260814 -1.00 -1.00 3 2 0.4686 0.1638 0.006619
450.00 C 20260814 -1.00 -1.00 38 388 0.4732 0.1499 0.006231
452.50 C 20260814 -1.00 -1.00 12 0 0.4720 0.1366 0.005853
455.00 C 20260814 -1.00 -1.00 22 152 0.4677 0.1234 0.005463
457.50 C 20260814 -1.00 -1.00 1 1 0.4683 0.1125 0.005091
460.00 C 20260814 -1.00 -1.00 10 250 0.4673 0.1008 0.004708
462.50 C 20260814 -1.00 -1.00 2 1 0.4686 0.0904 0.004345
465.00 C 20260814 -1.00 -1.00 41 128 0.4745 0.0827 0.004037
467.50 C 20260814 -1.00 -1.00 9 9 0.4779 0.0746 0.003732
470.00 C 20260814 -1.00 -1.00 45 439 0.4750 0.0673 0.003441
475.00 C 20260814 -1.00 -1.00 7 168 0.4731 0.0540 0.002880
480.00 C 20260814 -1.00 -1.00 30 397 0.4796 0.0442 0.002421
485.00 C 20260814 -1.00 -1.00 3 127 0.4942 0.0381 0.002098
490.00 C 20260814 -1.00 -1.00 3 110 0.4716 0.0252 0.001548
495.00 C 20260814 -1.00 -1.00 1 65 0.4895 0.0235 0.001401
500.00 C 20260814 -1.00 -1.00 94 211 0.4932 0.0184 0.001134
505.00 C 20260814 -1.00 -1.00 10 220 0.5109 0.0170 0.001025
510.00 C 20260814 -1.00 -1.00 2 62 0.4850 0.0098 0.000668
515.00 C 20260814 -1.00 -1.00 2 52 0.5177 0.0113 0.000707
300.00 P 20260814 -1.00 -1.00 7 138 0.7186 -0.0119 0.000537
302.50 P 20260814 -1.00 -1.00 -1 0 0.7209 -0.0147 0.000638
305.00 P 20260814 -1.00 -1.00 4 200 0.7003 -0.0147 0.000657
307.50 P 20260814 -1.00 -1.00 1 1 0.6955 -0.0166 0.000737
310.00 P 20260814 -1.00 -1.00 3 154 0.6751 -0.0167 0.000761
312.50 P 20260814 -1.00 -1.00 3 1 0.6620 -0.0176 0.000815
315.00 P 20260814 -1.00 -1.00 6 34 0.6560 -0.0196 0.000901
317.50 P 20260814 -1.00 -1.00 -1 0 0.6571 -0.0224 0.001015
320.00 P 20260814 -1.00 -1.00 27 215 0.6456 -0.0237 0.001086
322.50 P 20260814 -1.00 -1.00 1 1 0.6457 -0.0268 0.001208
325.00 P 20260814 -1.00 -1.00 112 3021 0.6300 -0.0283 0.001293
327.50 P 20260814 -1.00 -1.00 1 1 0.6207 -0.0315 0.001426
330.00 P 20260814 -1.00 -1.00 58 533 0.6059 -0.0335 0.001531
332.50 P 20260814 -1.00 -1.00 30 3 0.6029 -0.0384 0.001719
335.00 P 20260814 -1.00 -1.00 55 104 0.5958 -0.0424 0.001887
337.50 P 20260814 -1.00 -1.00 3 3 0.5895 -0.0467 0.002066
340.00 P 20260814 -1.00 -1.00 27 242 0.5825 -0.0509 0.002249
342.50 P 20260814 -1.00 -1.00 2 1 0.5743 -0.0548 0.002433
345.00 P 20260814 -1.00 -1.00 9 123 0.5714 -0.0603 0.002654
347.50 P 20260814 -1.00 -1.00 3 2 0.5624 -0.0670 0.002902
350.00 P 20260814 -1.00 -1.00 49 391 0.5507 -0.0729 0.003147
352.50 P 20260814 -1.00 -1.00 4 0 0.5449 -0.0812 0.003444
355.00 P 20260814 -1.00 -1.00 35 274 0.5387 -0.0896 0.003751
357.50 P 20260814 -1.00 -1.00 -1 0 0.5395 -0.1006 0.004097
360.00 P 20260814 -1.00 -1.00 113 482 0.5349 -0.1098 0.004427
362.50 P 20260814 -1.00 -1.00 5 4 0.5360 -0.1216 0.004783
365.00 P 20260814 -1.00 -1.00 71 201 0.5252 -0.1325 0.005142
367.50 P 20260814 -1.00 -1.00 18 10 0.5172 -0.1452 0.005528
370.00 P 20260814 -1.00 -1.00 38 331 0.5095 -0.1583 0.005934
372.50 P 20260814 -1.00 -1.00 1 3 0.5081 -0.1745 0.006347
375.00 P 20260814 -1.00 -1.00 145 291 0.5029 -0.1893 0.006779
377.50 P 20260814 -1.00 -1.00 2 13 0.5101 -0.2088 0.007163
380.00 P 20260814 -1.00 -1.00 42 858 0.5019 -0.2261 0.007578
382.50 P 20260814 -1.00 -1.00 31 25 0.4920 -0.2441 0.008015
385.00 P 20260814 -1.00 -1.00 46 193 0.4934 -0.2669 0.008352
387.50 P 20260814 -1.00 -1.00 390 22 0.4910 -0.2884 0.008734
390.00 P 20260814 -1.00 -1.00 127 358 0.4914 -0.3108 0.009083
392.50 P 20260814 -1.00 -1.00 54 108 0.4926 -0.3336 0.009421
395.00 P 20260814 -1.00 -1.00 213 161 0.4848 -0.3570 0.009732
397.50 P 20260814 -1.00 -1.00 23 22 0.4822 -0.3820 0.009945
400.00 P 20260814 -1.00 -1.00 155 662 0.4836 -0.4078 0.010080
402.50 P 20260814 -1.00 -1.00 5 8 0.4819 -0.4333 0.010282
405.00 P 20260814 -1.00 -1.00 144 253 0.4840 -0.4591 0.010402
407.50 P 20260814 -1.00 -1.00 2 14 0.4797 -0.4849 0.010592
410.00 P 20260814 -1.00 -1.00 36 111 0.4721 -0.5111 0.010674
412.50 P 20260814 -1.00 -1.00 3 6 0.4693 -0.5374 0.010649
415.00 P 20260814 -1.00 -1.00 32 188 0.4735 -0.5626 0.010470
417.50 P 20260814 -1.00 -1.00 1 6 0.4645 -0.5909 0.010580
420.00 P 20260814 -1.00 -1.00 6 640 0.4732 -0.6144 0.010308
422.50 P 20260814 -1.00 -1.00 -1 1 0.4669 -0.6403 0.010198
425.00 P 20260814 -1.00 -1.00 3 86 0.4643 -0.6640 0.009937
427.50 P 20260814 -1.00 -1.00 1 4 0.4600 -0.6887 0.009695
430.00 P 20260814 -1.00 -1.00 3 3982 0.4739 -0.7048 0.009196
432.50 P 20260814 -1.00 -1.00 -1 0 0.4686 -0.7300 0.008968
435.00 P 20260814 -1.00 -1.00 2 35 0.4736 -0.7498 0.008613
437.50 P 20260814 -1.00 -1.00 1 0 0.4527 -0.7785 0.008379
440.00 P 20260814 -1.00 -1.00 20 89 0.4473 -0.7994 0.007977
442.50 P 20260814 -1.00 -1.00 -1 0 0.4441 -0.8194 0.007548
445.00 P 20260814 -1.00 -1.00 4 40 0.4554 -0.8301 0.007104
447.50 P 20260814 -1.00 -1.00 -1 0 0.4439 -0.8560 0.006661
450.00 P 20260814 -1.00 -1.00 5 110 0.4511 -0.8651 0.006259
452.50 P 20260814 -1.00 -1.00 -1 0 0.4651 -0.8698 0.005910
455.00 P 20260814 -1.00 -1.00 1 42 0.4741 -0.8766 0.005574
457.50 P 20260814 -1.00 -1.00 -1 0 0.4679 -0.8911 0.005176
460.00 P 20260814 -1.00 -1.00 1 43 0.4480 -0.9145 0.004621
462.50 P 20260814 -1.00 -1.00 -1 0 0.4495 -0.9255 0.004227
465.00 P 20260814 -1.00 -1.00 2 2 0.4752 -0.9209 0.004136
467.50 P 20260814 -1.00 -1.00 1 1 0.4465 -0.9418 0.003572
470.00 P 20260814 -1.00 -1.00 20 25 0.4356 -0.9538 0.003128
475.00 P 20260814 -1.00 -1.00 2 0 0.4613 -0.9560 0.002847
480.00 P 20260814 -1.00 -1.00 3 0 0.4679 -0.9664 0.002380
485.00 P 20260814 -1.00 -1.00 1 0 0.3962 -0.9962 0.000897
490.00 P 20260814 -1.00 -1.00 2 0 0.4679 -0.9821 0.001651
495.00 P 20260814 -1.00 -1.00 10 0 0.4748 -0.9868 0.001362
500.00 P 20260814 -1.00 -1.00 62 0 -1.0000 -1.0000 -1.000000
505.00 P 20260814 -1.00 -1.00 10 0 -1.0000 -1.0000 -1.000000
510.00 P 20260814 -1.00 -1.00 10 0 -1.0000 -1.0000 -1.000000
515.00 P 20260814 -1.00 -1.00 48 0 0.5097 -0.9968 0.000580
300.00 C 20260821 -1.00 -1.00 2 415 0.7198 0.9684 0.000990
310.00 C 20260821 -1.00 -1.00 1 258 0.7025 0.9553 0.001356
320.00 C 20260821 -1.00 -1.00 3 440 0.6686 0.9447 0.001714
330.00 C 20260821 -1.00 -1.00 21 716 0.6197 0.9322 0.002155
335.00 C 20260821 -1.00 -1.00 2 1 0.6054 0.9211 0.002468
340.00 C 20260821 -1.00 -1.00 3 1213 0.5833 0.9121 0.002782
345.00 C 20260821 -1.00 -1.00 24 18 0.5728 0.8988 0.003165
350.00 C 20260821 -1.00 -1.00 2 979 0.5772 0.8795 0.003593
355.00 C 20260821 -1.00 -1.00 1 111 0.5410 0.8700 0.004018
360.00 C 20260821 -1.00 -1.00 1 1093 0.5343 0.8466 0.004523
365.00 C 20260821 -1.00 -1.00 1 22 0.5143 0.8278 0.005078
370.00 C 20260821 -1.00 -1.00 2 808 0.5264 0.7964 0.005581
375.00 C 20260821 -1.00 -1.00 4 37 0.5025 0.7725 0.006191
377.50 C 20260821 -1.00 -1.00 2 24 0.5047 0.7537 0.006405
380.00 C 20260821 -1.00 -1.00 14 972 0.5039 0.7361 0.006643
382.50 C 20260821 -1.00 -1.00 11 63 0.4862 0.7238 0.007050
385.00 C 20260821 -1.00 -1.00 5 147 0.4969 0.7022 0.007180
387.50 C 20260821 -1.00 -1.00 39 103 0.5014 0.6830 0.007365
390.00 C 20260821 -1.00 -1.00 7 2964 0.4966 0.6655 0.007628
392.50 C 20260821 -1.00 -1.00 1 134 0.4921 0.6460 0.007803
395.00 C 20260821 -1.00 -1.00 2 295 0.4903 0.6257 0.007942
397.50 C 20260821 -1.00 -1.00 4 65 0.4879 0.6053 0.008093
400.00 C 20260821 -1.00 -1.00 85 17170 0.4848 0.5848 0.008256
402.50 C 20260821 -1.00 -1.00 3 89 0.4830 0.5640 0.008401
405.00 C 20260821 -1.00 -1.00 14 1200 0.4871 0.5431 0.008445
407.50 C 20260821 -1.00 -1.00 52 331 0.4854 0.5223 0.008543
410.00 C 20260821 -1.00 -1.00 56 8975 0.4782 0.5011 0.008618
412.50 C 20260821 -1.00 -1.00 7 105 0.4795 0.4805 0.008544
415.00 C 20260821 -1.00 -1.00 352 1983 0.4743 0.4588 0.008582
417.50 C 20260821 -1.00 -1.00 7 108 0.4730 0.4375 0.008552
420.00 C 20260821 -1.00 -1.00 174 13337 0.4736 0.4166 0.008487
422.50 C 20260821 -1.00 -1.00 21 420 0.4729 0.3953 0.008445
425.00 C 20260821 -1.00 -1.00 501 11456 0.4783 0.3770 0.008268
427.50 C 20260821 -1.00 -1.00 7 174 0.4766 0.3584 0.008101
430.00 C 20260821 -1.00 -1.00 119 4285 0.4735 0.3392 0.007949
435.00 C 20260821 -1.00 -1.00 245 1257 0.4666 0.2997 0.007637
440.00 C 20260821 -1.00 -1.00 86 7063 0.4711 0.2655 0.007197
445.00 C 20260821 -1.00 -1.00 35 1045 0.4699 0.2338 0.006738
450.00 C 20260821 -1.00 -1.00 416 17530 0.4607 0.2010 0.006241
455.00 C 20260821 -1.00 -1.00 3 247 0.4642 0.1752 0.005698
460.00 C 20260821 -1.00 -1.00 40 4568 0.4703 0.1516 0.005177
465.00 C 20260821 -1.00 -1.00 50 1238 0.4630 0.1286 0.004657
470.00 C 20260821 -1.00 -1.00 26 2611 0.4621 0.1098 0.004147
475.00 C 20260821 -1.00 -1.00 403 11879 0.4644 0.0928 0.003660
480.00 C 20260821 -1.00 -1.00 89 14227 0.4716 0.0791 0.003233
490.00 C 20260821 -1.00 -1.00 22 3902 0.4654 0.0554 0.002445
500.00 C 20260821 -1.00 -1.00 39 4694 0.4747 0.0388 0.001819
510.00 C 20260821 -1.00 -1.00 234 12055 0.4774 0.0280 0.001368
300.00 P 20260821 -1.00 -1.00 105 7690 0.6510 -0.0203 0.000770
310.00 P 20260821 -1.00 -1.00 10 2739 0.6226 -0.0269 0.001028
320.00 P 20260821 -1.00 -1.00 64 8214 0.5907 -0.0380 0.001427
330.00 P 20260821 -1.00 -1.00 256 5293 0.5706 -0.0530 0.001951
335.00 P 20260821 -1.00 -1.00 26 831 0.5611 -0.0626 0.002267
340.00 P 20260821 -1.00 -1.00 50 4898 0.5439 -0.0734 0.002622
345.00 P 20260821 -1.00 -1.00 21 509 0.5318 -0.0867 0.003038
350.00 P 20260821 -1.00 -1.00 147 16772 0.5259 -0.1027 0.003504
355.00 P 20260821 -1.00 -1.00 14 289 0.5235 -0.1216 0.004003
360.00 P 20260821 -1.00 -1.00 204 10827 0.5081 -0.1417 0.004536
365.00 P 20260821 -1.00 -1.00 26 1251 0.5053 -0.1682 0.005105
370.00 P 20260821 -1.00 -1.00 152 10565 0.5045 -0.1958 0.005679
375.00 P 20260821 -1.00 -1.00 70 304 0.5015 -0.2270 0.006215
377.50 P 20260821 -1.00 -1.00 19 185 0.4962 -0.2430 0.006491
380.00 P 20260821 -1.00 -1.00 83 17494 0.4917 -0.2596 0.006771
382.50 P 20260821 -1.00 -1.00 78 312 0.4895 -0.2773 0.007036
385.00 P 20260821 -1.00 -1.00 46 350 0.4858 -0.2946 0.007322
387.50 P 20260821 -1.00 -1.00 17 193 0.4890 -0.3140 0.007534
390.00 P 20260821 -1.00 -1.00 76 6384 0.4876 -0.3327 0.007783
392.50 P 20260821 -1.00 -1.00 54 303 0.4840 -0.3527 0.007953
395.00 P 20260821 -1.00 -1.00 26 124 0.4784 -0.3727 0.008158
397.50 P 20260821 -1.00 -1.00 12 86 0.4748 -0.3934 0.008337
400.00 P 20260821 -1.00 -1.00 258 15998 0.4751 -0.4148 0.008451
402.50 P 20260821 -1.00 -1.00 35 108 0.4793 -0.4364 0.008497
405.00 P 20260821 -1.00 -1.00 48 225 0.4770 -0.4576 0.008659
407.50 P 20260821 -1.00 -1.00 85 274 0.4764 -0.4790 0.008741
410.00 P 20260821 -1.00 -1.00 248 4831 0.4668 -0.5009 0.008868
412.50 P 20260821 -1.00 -1.00 211 82 0.4695 -0.5219 0.008764
415.00 P 20260821 -1.00 -1.00 10 109 0.4530 -0.5464 0.009023
417.50 P 20260821 -1.00 -1.00 56 71 0.4639 -0.5658 0.008762
420.00 P 20260821 -1.00 -1.00 25 4468 0.4652 -0.5870 0.008685
422.50 P 20260821 -1.00 -1.00 10 54 0.4715 -0.6066 0.008523
425.00 P 20260821 -1.00 -1.00 8 73 0.4719 -0.6267 0.008408
427.50 P 20260821 -1.00 -1.00 2 1 0.4582 -0.6501 0.008410
430.00 P 20260821 -1.00 -1.00 11 1583 0.4638 -0.6665 0.008131
435.00 P 20260821 -1.00 -1.00 1 46 0.4564 -0.7076 0.007820
440.00 P 20260821 -1.00 -1.00 8 7154 0.4629 -0.7418 0.007346
445.00 P 20260821 -1.00 -1.00 1 27 0.4541 -0.7772 0.006892
450.00 P 20260821 -1.00 -1.00 9 2386 0.4485 -0.8095 0.006353
455.00 P 20260821 -1.00 -1.00 2 10 0.4509 -0.8372 0.005789
460.00 P 20260821 -1.00 -1.00 5 1659 0.4673 -0.8544 0.005259
465.00 P 20260821 -1.00 -1.00 1 6 0.4267 -0.8967 0.004574
470.00 P 20260821 -1.00 -1.00 1 709 0.4433 -0.9064 0.004125
475.00 P 20260821 -1.00 -1.00 1 6 0.4454 -0.9249 0.003601
480.00 P 20260821 -1.00 -1.00 1 92 0.4409 -0.9397 0.003132
490.00 P 20260821 -1.00 -1.00 2 42 0.4216 -0.9732 0.002080
500.00 P 20260821 -1.00 -1.00 3 0 0.4051 -0.9922 0.001188
510.00 P 20260821 -1.00 -1.00 2 0 0.4393 -0.9927 0.001036
245.00 C 20260731 -1.00 -1.00 2 20 6.6807 0.9982 0.000075
250.00 C 20260731 -1.00 -1.00 2 1 6.7915 0.9973 0.000110
255.00 C 20260731 -1.00 -1.00 2 11 7.2746 0.9934 0.000228
260.00 C 20260731 -1.00 -1.00 1 57 6.7454 0.9946 0.000204
265.00 C 20260731 -1.00 -1.00 2 17 6.7366 0.9929 0.000263
270.00 C 20260731 -1.00 -1.00 1 18 5.9703 0.9959 0.000180
275.00 C 20260731 -1.00 -1.00 1 43 4.9077 0.9990 0.000060
280.00 C 20260731 -1.00 -1.00 176 477 5.9673 0.9920 0.000331
285.00 C 20260731 -1.00 -1.00 19 25 4.4724 0.9989 0.000071
290.00 C 20260731 -1.00 -1.00 1 29 5.4774 0.9913 0.000389
295.00 C 20260731 -1.00 -1.00 6 13 5.1183 0.9918 0.000391
245.00 P 20260731 -1.00 -1.00 3 476 7.0929 -0.0027 0.000106
250.00 P 20260731 -1.00 -1.00 23 1692 6.1185 -0.0010 0.000048
255.00 P 20260731 -1.00 -1.00 33 268 6.1643 -0.0018 0.000084
260.00 P 20260731 -1.00 -1.00 50 575 6.8415 -0.0060 0.000220
265.00 P 20260731 -1.00 -1.00 2 319 6.3990 -0.0051 0.000203
270.00 P 20260731 -1.00 -1.00 4 5788 6.0659 -0.0047 0.000202
275.00 P 20260731 -1.00 -1.00 3 1155 5.8891 -0.0055 0.000237
280.00 P 20260731 -1.00 -1.00 23 386 5.3686 -0.0036 0.000179
285.00 P 20260731 -1.00 -1.00 2 938 4.8011 -0.0023 0.000136
290.00 P 20260731 -1.00 -1.00 80 528 4.5881 -0.0025 0.000148
295.00 P 20260731 -1.00 -1.00 208 1615 4.1135 -0.0014 0.000100
245.00 C 20260807 -1.00 -1.00 -1 0 1.6412 0.9908 0.000259
250.00 C 20260807 -1.00 -1.00 -1 0 1.6112 0.9889 0.000310
255.00 C 20260807 -1.00 -1.00 171 171 1.5384 0.9892 0.000318
260.00 C 20260807 -1.00 -1.00 -1 0 1.1727 0.9976 0.000102
265.00 C 20260807 -1.00 -1.00 -1 0 1.4289 0.9879 0.000376
270.00 C 20260807 -1.00 -1.00 3 3 1.3810 0.9869 0.000417
275.00 C 20260807 -1.00 -1.00 5 172 1.3131 0.9872 0.000431
280.00 C 20260807 -1.00 -1.00 1 422 1.2464 0.9875 0.000446
285.00 C 20260807 -1.00 -1.00 -1 0 1.1012 0.9918 0.000346
290.00 C 20260807 -1.00 -1.00 -1 0 1.1778 0.9836 0.000595
295.00 C 20260807 -1.00 -1.00 -1 0 1.1343 0.9823 0.000662
245.00 P 20260807 -1.00 -1.00 30 420 1.2354 -0.0009 0.000045
250.00 P 20260807 -1.00 -1.00 30 558 1.2586 -0.0020 0.000085
255.00 P 20260807 -1.00 -1.00 268 438 1.2393 -0.0024 0.000104
260.00 P 20260807 -1.00 -1.00 42 315 1.1373 -0.0017 0.000083
265.00 P 20260807 -1.00 -1.00 12 165 1.1470 -0.0026 0.000121
270.00 P 20260807 -1.00 -1.00 30 444 1.0614 -0.0021 0.000106
275.00 P 20260807 -1.00 -1.00 8 329 1.0999 -0.0038 0.000179
280.00 P 20260807 -1.00 -1.00 19 507 1.0522 -0.0040 0.000194
285.00 P 20260807 -1.00 -1.00 29 404 1.0102 -0.0044 0.000219
290.00 P 20260807 -1.00 -1.00 7 250 0.9310 -0.0032 0.000182
295.00 P 20260807 -1.00 -1.00 3 544 0.9000 -0.0038 0.000220
245.00 C 20260814 -1.00 -1.00 10 10 1.2892 0.9833 0.000391
250.00 C 20260814 -1.00 -1.00 24 25 1.2420 0.9829 0.000415
255.00 C 20260814 -1.00 -1.00 24 27 1.2036 0.9819 0.000450
260.00 C 20260814 -1.00 -1.00 28 28 1.1736 0.9804 0.000496
265.00 C 20260814 -1.00 -1.00 2 22 1.0754 0.9836 0.000462
270.00 C 20260814 -1.00 -1.00 10 13 1.0245 0.9837 0.000481
275.00 C 20260814 -1.00 -1.00 4 5 0.9972 0.9820 0.000539
280.00 C 20260814 -1.00 -1.00 4 4 1.0150 0.9769 0.000667
285.00 C 20260814 -1.00 -1.00 4 5 0.9870 0.9750 0.000736
290.00 C 20260814 -1.00 -1.00 5 5 0.9425 0.9742 0.000791
292.50 C 20260814 -1.00 -1.00 -1 0 0.9205 0.9738 0.000821
295.00 C 20260814 -1.00 -1.00 4 2 0.9023 0.9727 0.000863
297.50 C 20260814 -1.00 -1.00 -1 0 0.8843 0.9716 0.000908
245.00 P 20260814 -1.00 -1.00 10 183 1.0599 -0.0052 0.000174
250.00 P 20260814 -1.00 -1.00 4231 4145 1.0285 -0.0057 0.000194
255.00 P 20260814 -1.00 -1.00 38 382 0.9832 -0.0056 0.000200
260.00 P 20260814 -1.00 -1.00 29 622 0.9206 -0.0047 0.000183
265.00 P 20260814 -1.00 -1.00 2 208 0.9059 -0.0059 0.000227
270.00 P 20260814 -1.00 -1.00 11 583 0.8914 -0.0071 0.000273
275.00 P 20260814 -1.00 -1.00 3 578 0.8631 -0.0077 0.000304
280.00 P 20260814 -1.00 -1.00 307 815 0.8249 -0.0078 0.000324
285.00 P 20260814 -1.00 -1.00 1 121 0.8261 -0.0101 0.000409
290.00 P 20260814 -1.00 -1.00 22 78 0.7872 -0.0104 0.000438
292.50 P 20260814 -1.00 -1.00 -1 0 0.7775 -0.0116 0.000486
295.00 P 20260814 -1.00 -1.00 104 40 0.7650 -0.0126 0.000527
297.50 P 20260814 -1.00 -1.00 -1 0 0.7308 -0.0109 0.000492
250.00 C 20260821 -1.00 -1.00 2 149 1.0608 0.9798 0.000460
260.00 C 20260821 -1.00 -1.00 6 130 1.0150 0.9765 0.000552
270.00 C 20260821 -1.00 -1.00 1 197 0.9274 0.9761 0.000613
280.00 C 20260821 -1.00 -1.00 1 149 0.8637 0.9727 0.000732
290.00 C 20260821 -1.00 -1.00 10 143 0.7770 0.9732 0.000804
250.00 P 20260821 -1.00 -1.00 12 4388 0.8736 -0.0070 0.000227
260.00 P 20260821 -1.00 -1.00 6 3076 0.8202 -0.0079 0.000271
270.00 P 20260821 -1.00 -1.00 250 3416 0.7799 -0.0098 0.000345
280.00 P 20260821 -1.00 -1.00 37 3517 0.7268 -0.0119 0.000435
290.00 P 20260821 -1.00 -1.00 60 2783 0.6816 -0.0151 0.000566
520.00 C 20260731 -1.00 -1.00 2 534 3.2384 0.0027 0.000229
530.00 C 20260731 -1.00 -1.00 2 333 3.7894 0.0049 0.000337
540.00 C 20260731 -1.00 -1.00 8 297 4.0920 0.0055 0.000345
550.00 C 20260731 -1.00 -1.00 4 425 4.3537 0.0055 0.000324
560.00 C 20260731 -1.00 -1.00 1 998 4.5933 0.0053 0.000296
570.00 C 20260731 -1.00 -1.00 2 175 4.7536 0.0046 0.000252
520.00 P 20260731 -1.00 -1.00 100 0 -1.0000 -1.0000 -1.000000
530.00 P 20260731 -1.00 -1.00 130 0 -1.0000 -1.0000 -1.000000
540.00 P 20260731 -1.00 -1.00 7 0 -1.0000 -1.0000 -1.000000
550.00 P 20260731 -1.00 -1.00 35 0 -1.0000 -1.0000 -1.000000
560.00 P 20260731 -1.00 -1.00 2 0 -1.0000 -1.0000 -1.000000
570.00 P 20260731 -1.00 -1.00 10 0 -1.0000 -1.0000 -1.000000
520.00 C 20260807 -1.00 -1.00 4 243 0.6561 0.0039 0.000302
530.00 C 20260807 -1.00 -1.00 8 169 0.6996 0.0036 0.000268
540.00 C 20260807 -1.00 -1.00 2 85 0.7424 0.0034 0.000240
550.00 C 20260807 -1.00 -1.00 12 871 0.8374 0.0050 0.000301
560.00 C 20260807 -1.00 -1.00 36 144 0.8347 0.0034 0.000211
570.00 C 20260807 -1.00 -1.00 1 90 0.9464 0.0058 0.000302
520.00 P 20260807 -1.00 -1.00 1 0 -1.0000 -1.0000 -1.000000
530.00 P 20260807 -1.00 -1.00 -1 0 -1.0000 -1.0000 -1.000000
540.00 P 20260807 -1.00 -1.00 12 0 -1.0000 -1.0000 -1.000000
550.00 P 20260807 -1.00 -1.00 -1 0 -1.0000 -1.0000 -1.000000
560.00 P 20260807 -1.00 -1.00 12 0 -1.0000 -1.0000 -1.000000
570.00 P 20260807 -1.00 -1.00 -1 0 -1.0000 -1.0000 -1.000000
520.00 C 20260814 -1.00 -1.00 7 74 0.5134 0.0083 0.000544
530.00 C 20260814 -1.00 -1.00 11 63 0.5289 0.0055 0.000370
540.00 C 20260814 -1.00 -1.00 13 43 0.5423 0.0041 0.000274
550.00 C 20260814 -1.00 -1.00 8 27 0.5920 0.0047 0.000289
560.00 C 20260814 -1.00 -1.00 12 53 0.5950 0.0034 0.000212
570.00 C 20260814 -1.00 -1.00 1 89 0.6304 0.0035 0.000207
520.00 P 20260814 -1.00 -1.00 68 0 -1.0000 -1.0000 -1.000000
530.00 P 20260814 -1.00 -1.00 64 0 -1.0000 -1.0000 -1.000000
540.00 P 20260814 -1.00 -1.00 -1 0 -1.0000 -1.0000 -1.000000
550.00 P 20260814 -1.00 -1.00 2 0 -1.0000 -1.0000 -1.000000
560.00 P 20260814 -1.00 -1.00 -1 0 -1.0000 -1.0000 -1.000000
570.00 P 20260814 -1.00 -1.00 2 0 -1.0000 -1.0000 -1.000000
520.00 C 20260821 -1.00 -1.00 35 3896 0.4838 0.0197 0.001001
530.00 C 20260821 -1.00 -1.00 6 1236 0.5002 0.0145 0.000754
540.00 C 20260821 -1.00 -1.00 3 1605 0.4788 0.0077 0.000447
550.00 C 20260821 -1.00 -1.00 1 780 0.5240 0.0096 0.000493
560.00 C 20260821 -1.00 -1.00 5 15786 0.5355 0.0073 0.000379
570.00 C 20260821 -1.00 -1.00 2 807 0.5583 0.0065 0.000330
520.00 P 20260821 -1.00 -1.00 1 0 0.4598 -0.9961 0.000673
530.00 P 20260821 -1.00 -1.00 2 0 -1.0000 -1.0000 -1.000000
540.00 P 20260821 -1.00 -1.00 2 0 -1.0000 -1.0000 -1.000000
550.00 P 20260821 -1.00 -1.00 20 0 -1.0000 -1.0000 -1.000000
560.00 P 20260821 -1.00 -1.00 1 0 -1.0000 -1.0000 -1.000000
570.00 P 20260821 -1.00 -1.00 -1 0 -1.0000 -1.0000 -1.000000
