# opt_chain SPCX | epoch 1785526255 | 2026-07-31 15:30:55 | spot 108.11 | exps 20260731 20260807 20260814 20260821
# fuente polygon_snapshot_v3 | greeks polygon_directo | iv polygon_directo | oi polygon_directo | vol day.volume(-1 si no cotizo) | bid/ask NO_ENTITLED(-1) | spot_src ibkr_bridge spot_edad_s 114 | band 0.6000 vencimientos 4 exp_hasta 2026-08-21
# strike right exp bid ask vol oi iv delta gamma
65.00 C 20260731 -1.00 -1.00 2 15 15.1467 0.9535 0.002668
66.00 C 20260731 -1.00 -1.00 2 0 15.0003 0.9505 0.002834
67.00 C 20260731 -1.00 -1.00 2 0 14.6018 0.9493 0.002966
68.00 C 20260731 -1.00 -1.00 13 0 14.2095 0.9480 0.003104
69.00 C 20260731 -1.00 -1.00 13 0 13.9698 0.9448 0.003297
70.00 C 20260731 -1.00 -1.00 2 7 13.5880 0.9434 0.003455
71.00 C 20260731 -1.00 -1.00 4 0 13.0672 0.9439 0.003573
72.00 C 20260731 -1.00 -1.00 2 6 12.4107 0.9466 0.003636
73.00 C 20260731 -1.00 -1.00 2 5 12.4754 0.9388 0.003991
74.00 C 20260731 -1.00 -1.00 4 0 11.8324 0.9414 0.004078
75.00 C 20260731 -1.00 -1.00 2 72 11.6194 0.9376 0.004352
76.00 C 20260731 -1.00 -1.00 53 0 9.5439 0.9598 0.003708
77.00 C 20260731 -1.00 -1.00 83 3 9.2510 0.9586 0.003922
78.00 C 20260731 -1.00 -1.00 30 3 9.4356 0.9508 0.004454
79.00 C 20260731 -1.00 -1.00 11 1 8.9120 0.9526 0.004568
80.00 C 20260731 -1.00 -1.00 10 0 8.8626 0.9478 0.004994
81.00 C 20260731 -1.00 -1.00 13 0 8.3494 0.9495 0.005142
82.00 C 20260731 -1.00 -1.00 4 1 8.4655 0.9410 0.005761
83.00 C 20260731 -1.00 -1.00 2 1 8.4171 0.9326 0.006376
84.00 C 20260731 -1.00 -1.00 3 2 8.6334 0.9182 0.007182
85.00 C 20260731 -1.00 -1.00 2 0 7.4042 0.9385 0.006800
86.00 C 20260731 -1.00 -1.00 2 0 7.7539 0.9186 0.007964
87.00 C 20260731 -1.00 -1.00 2 17 7.8404 0.9063 0.008785
88.00 C 20260731 -1.00 -1.00 2 19 7.5394 0.9028 0.009396
89.00 C 20260731 -1.00 -1.00 3 51 6.8577 0.9091 0.009803
90.00 C 20260731 -1.00 -1.00 26 164 -1.0000 -1.0000 -1.000000
91.00 C 20260731 -1.00 -1.00 4 3 4.8621 0.9489 0.008875
92.00 C 20260731 -1.00 -1.00 4 11 5.3629 0.9187 0.011509
93.00 C 20260731 -1.00 -1.00 8 6 -1.0000 -1.0000 -1.000000
94.00 C 20260731 -1.00 -1.00 126 172 3.9352 0.9483 0.011067
95.00 C 20260731 -1.00 -1.00 16 157 -1.0000 -1.0000 -1.000000
96.00 C 20260731 -1.00 -1.00 7 11 -1.0000 -1.0000 -1.000000
97.00 C 20260731 -1.00 -1.00 8 14 -1.0000 -1.0000 -1.000000
98.00 C 20260731 -1.00 -1.00 9 19 -1.0000 -1.0000 -1.000000
99.00 C 20260731 -1.00 -1.00 3 108 -1.0000 -1.0000 -1.000000
100.00 C 20260731 -1.00 -1.00 434 696 -1.0000 -1.0000 -1.000000
101.00 C 20260731 -1.00 -1.00 254 246 -1.0000 -1.0000 -1.000000
102.00 C 20260731 -1.00 -1.00 1625 1518 -1.0000 -1.0000 -1.000000
103.00 C 20260731 -1.00 -1.00 14 136 1.0626 0.9799 0.018644
104.00 C 20260731 -1.00 -1.00 100 127 -1.0000 -1.0000 -1.000000
105.00 C 20260731 -1.00 -1.00 948 461 -1.0000 -1.0000 -1.000000
106.00 C 20260731 -1.00 -1.00 924 296 0.8264 0.8613 0.111118
107.00 C 20260731 -1.00 -1.00 2589 1822 0.6827 0.7559 0.190677
108.00 C 20260731 -1.00 -1.00 7830 439 0.5432 0.5412 0.302230
109.00 C 20260731 -1.00 -1.00 12610 408 0.5048 0.2409 0.256891
110.00 C 20260731 -1.00 -1.00 15976 2013 0.6026 0.1051 0.124019
111.00 C 20260731 -1.00 -1.00 8693 933 0.8290 0.0807 0.074350
112.00 C 20260731 -1.00 -1.00 6565 2992 1.0457 0.0669 0.051489
113.00 C 20260731 -1.00 -1.00 11004 2227 1.2342 0.0577 0.038449
114.00 C 20260731 -1.00 -1.00 3981 2878 1.4211 0.0509 0.030125
115.00 C 20260731 -1.00 -1.00 9303 12736 1.6063 0.0458 0.024456
116.00 C 20260731 -1.00 -1.00 4863 2836 1.7899 0.0418 0.020402
117.00 C 20260731 -1.00 -1.00 1334 2387 1.9720 0.0385 0.017392
118.00 C 20260731 -1.00 -1.00 1860 2956 2.1525 0.0359 0.015085
119.00 C 20260731 -1.00 -1.00 1271 2155 2.3316 0.0336 0.013274
120.00 C 20260731 -1.00 -1.00 6389 11526 2.4968 0.0317 0.011819
121.00 C 20260731 -1.00 -1.00 3110 4566 2.6480 0.0301 0.010614
122.00 C 20260731 -1.00 -1.00 908 2561 2.7980 0.0286 0.009602
123.00 C 20260731 -1.00 -1.00 629 2833 2.9468 0.0273 0.008743
124.00 C 20260731 -1.00 -1.00 955 2703 3.0943 0.0261 0.008007
125.00 C 20260731 -1.00 -1.00 2623 14117 3.2407 0.0250 0.007371
126.00 C 20260731 -1.00 -1.00 274 2025 3.3860 0.0241 0.006817
127.00 C 20260731 -1.00 -1.00 536 3151 3.5301 0.0232 0.006331
128.00 C 20260731 -1.00 -1.00 1394 5539 3.6730 0.0224 0.005903
129.00 C 20260731 -1.00 -1.00 268 1214 3.8149 0.0217 0.005523
130.00 C 20260731 -1.00 -1.00 2020 17651 3.9557 0.0210 0.005185
131.00 C 20260731 -1.00 -1.00 361 1206 4.0954 0.0204 0.004881
132.00 C 20260731 -1.00 -1.00 318 4608 4.2341 0.0198 0.004608
133.00 C 20260731 -1.00 -1.00 383 2222 4.3717 0.0193 0.004361
134.00 C 20260731 -1.00 -1.00 94 2257 4.5083 0.0188 0.004138
135.00 C 20260731 -1.00 -1.00 604 10817 4.6439 0.0183 0.003934
136.00 C 20260731 -1.00 -1.00 264 2785 4.7785 0.0179 0.003748
137.00 C 20260731 -1.00 -1.00 157 1510 4.9121 0.0175 0.003577
138.00 C 20260731 -1.00 -1.00 203 789 5.0448 0.0171 0.003421
139.00 C 20260731 -1.00 -1.00 316 1872 5.1765 0.0167 0.003276
140.00 C 20260731 -1.00 -1.00 1567 10430 5.3073 0.0164 0.003143
141.00 C 20260731 -1.00 -1.00 159 966 5.4371 0.0160 0.003020
142.00 C 20260731 -1.00 -1.00 287 808 5.5660 0.0157 0.002905
143.00 C 20260731 -1.00 -1.00 194 1376 5.6941 0.0155 0.002799
144.00 C 20260731 -1.00 -1.00 739 953 5.8212 0.0152 0.002700
145.00 C 20260731 -1.00 -1.00 530 25854 5.5823 0.0108 0.002082
146.00 C 20260731 -1.00 -1.00 26 4018 6.0729 0.0147 0.002520
147.00 C 20260731 -1.00 -1.00 331 624 6.1975 0.0144 0.002439
148.00 C 20260731 -1.00 -1.00 144 1232 6.3074 0.0142 0.002363
149.00 C 20260731 -1.00 -1.00 233 1090 6.4130 0.0140 0.002291
150.00 C 20260731 -1.00 -1.00 639 12425 6.5180 0.0138 0.002223
65.00 P 20260731 -1.00 -1.00 1 65 11.2342 -0.0159 0.001446
66.00 P 20260731 -1.00 -1.00 1 3061 9.8356 -0.0086 0.000975
67.00 P 20260731 -1.00 -1.00 1 13 -1.0000 -1.0000 -1.000000
68.00 P 20260731 -1.00 -1.00 4 105 -1.0000 -1.0000 -1.000000
69.00 P 20260731 -1.00 -1.00 205 216 9.0659 -0.0093 0.001139
70.00 P 20260731 -1.00 -1.00 369 5208 8.7941 -0.0095 0.001201
71.00 P 20260731 -1.00 -1.00 2 11 8.5262 -0.0098 0.001268
72.00 P 20260731 -1.00 -1.00 2 19 8.2621 -0.0101 0.001340
73.00 P 20260731 -1.00 -1.00 2 45 8.0016 -0.0104 0.001418
74.00 P 20260731 -1.00 -1.00 2 258 7.7448 -0.0107 0.001501
75.00 P 20260731 -1.00 -1.00 2 3388 7.4914 -0.0111 0.001592
76.00 P 20260731 -1.00 -1.00 4 412 7.2415 -0.0114 0.001690
77.00 P 20260731 -1.00 -1.00 13 41 6.9948 -0.0118 0.001796
78.00 P 20260731 -1.00 -1.00 2 2600 6.7513 -0.0122 0.001912
79.00 P 20260731 -1.00 -1.00 5 889 6.5110 -0.0126 0.002039
80.00 P 20260731 -1.00 -1.00 8 9273 6.2738 -0.0130 0.002177
81.00 P 20260731 -1.00 -1.00 2 503 6.0395 -0.0135 0.002329
82.00 P 20260731 -1.00 -1.00 4 356 5.8082 -0.0140 0.002497
83.00 P 20260731 -1.00 -1.00 5 561 5.5796 -0.0145 0.002682
84.00 P 20260731 -1.00 -1.00 3 430 5.3539 -0.0151 0.002887
85.00 P 20260731 -1.00 -1.00 22 1021 5.1308 -0.0157 0.003116
86.00 P 20260731 -1.00 -1.00 7 267 4.9104 -0.0163 0.003371
87.00 P 20260731 -1.00 -1.00 1 1118 4.6925 -0.0170 0.003658
88.00 P 20260731 -1.00 -1.00 10 876 4.4772 -0.0178 0.003982
89.00 P 20260731 -1.00 -1.00 8 1147 4.2643 -0.0186 0.004348
90.00 P 20260731 -1.00 -1.00 47 2486 4.0538 -0.0195 0.004767
91.00 P 20260731 -1.00 -1.00 12 454 3.8457 -0.0205 0.005246
92.00 P 20260731 -1.00 -1.00 22 557 3.6399 -0.0216 0.005800
93.00 P 20260731 -1.00 -1.00 52 621 3.4363 -0.0228 0.006445
94.00 P 20260731 -1.00 -1.00 53 956 3.2349 -0.0241 0.007202
95.00 P 20260731 -1.00 -1.00 86 3315 3.0357 -0.0256 0.008097
96.00 P 20260731 -1.00 -1.00 25 1227 3.0718 -0.0393 0.011305
97.00 P 20260731 -1.00 -1.00 46 1569 2.6365 -0.0292 0.010465
98.00 P 20260731 -1.00 -1.00 103 1642 2.4158 -0.0314 0.012077
99.00 P 20260731 -1.00 -1.00 95 1194 2.1974 -0.0341 0.014128
100.00 P 20260731 -1.00 -1.00 1539 15273 1.9812 -0.0372 0.016803
101.00 P 20260731 -1.00 -1.00 434 2018 1.7672 -0.0412 0.020395
102.00 P 20260731 -1.00 -1.00 545 1125 1.5552 -0.0461 0.025395
103.00 P 20260731 -1.00 -1.00 1945 1131 1.3454 -0.0525 0.032683
104.00 P 20260731 -1.00 -1.00 1709 1355 1.1376 -0.0611 0.043963
105.00 P 20260731 -1.00 -1.00 5675 7157 0.9137 -0.0736 0.063097
106.00 P 20260731 -1.00 -1.00 6789 6867 0.6749 -0.0946 0.102336
107.00 P 20260731 -1.00 -1.00 11597 5934 0.5112 -0.1804 0.211444
108.00 P 20260731 -1.00 -1.00 12496 3990 0.4969 -0.4554 0.329868
109.00 P 20260731 -1.00 -1.00 9858 2364 0.5109 -0.7562 0.255161
110.00 P 20260731 -1.00 -1.00 29268 14286 0.5571 -0.9133 0.116423
111.00 P 20260731 -1.00 -1.00 7131 3425 -1.0000 -1.0000 -1.000000
112.00 P 20260731 -1.00 -1.00 2908 5787 -1.0000 -1.0000 -1.000000
113.00 P 20260731 -1.00 -1.00 1651 3557 -1.0000 -1.0000 -1.000000
114.00 P 20260731 -1.00 -1.00 682 2056 -1.0000 -1.0000 -1.000000
115.00 P 20260731 -1.00 -1.00 14680 16666 -1.0000 -1.0000 -1.000000
116.00 P 20260731 -1.00 -1.00 559 2397 1.8101 -0.9561 0.020963
117.00 P 20260731 -1.00 -1.00 175 1729 -1.0000 -1.0000 -1.000000
118.00 P 20260731 -1.00 -1.00 425 1536 2.3642 -0.9467 0.018769
119.00 P 20260731 -1.00 -1.00 216 1956 2.7331 -0.9373 0.018588
120.00 P 20260731 -1.00 -1.00 8786 7849 2.5291 -0.9667 0.012159
121.00 P 20260731 -1.00 -1.00 97 785 2.3095 -0.9850 0.006710
122.00 P 20260731 -1.00 -1.00 182 1309 2.8378 -0.9699 0.009902
123.00 P 20260731 -1.00 -1.00 103 1274 3.2405 -0.9592 0.011071
124.00 P 20260731 -1.00 -1.00 33 604 3.5984 -0.9506 0.011599
125.00 P 20260731 -1.00 -1.00 612 4476 3.2802 -0.9736 0.007622
126.00 P 20260731 -1.00 -1.00 35 434 3.9349 -0.9541 0.009992
127.00 P 20260731 -1.00 -1.00 126 794 3.5694 -0.9755 0.006555
128.00 P 20260731 -1.00 -1.00 28 537 4.0804 -0.9661 0.007655
129.00 P 20260731 -1.00 -1.00 61 143 4.4298 -0.9584 0.008230
130.00 P 20260731 -1.00 -1.00 474 3070 4.3601 -0.9681 0.006783
131.00 P 20260731 -1.00 -1.00 17 347 4.4984 -0.9690 0.006410
132.00 P 20260731 -1.00 -1.00 88 294 4.9135 -0.9617 0.006969
133.00 P 20260731 -1.00 -1.00 72 136 5.0722 -0.9627 0.006627
134.00 P 20260731 -1.00 -1.00 70 416 5.2298 -0.9635 0.006316
135.00 P 20260731 -1.00 -1.00 628 3016 5.0413 -0.9720 0.005222
136.00 P 20260731 -1.00 -1.00 19 280 -1.0000 -1.0000 -1.000000
137.00 P 20260731 -1.00 -1.00 35 849 5.6629 -0.9659 0.005531
138.00 P 20260731 -1.00 -1.00 30 535 5.7930 -0.9665 0.005307
139.00 P 20260731 -1.00 -1.00 11 182 5.9222 -0.9672 0.005100
140.00 P 20260731 -1.00 -1.00 400 1691 5.6981 -0.9748 0.004202
141.00 P 20260731 -1.00 -1.00 19 425 6.1778 -0.9684 0.004725
142.00 P 20260731 -1.00 -1.00 61 121 6.3043 -0.9690 0.004556
143.00 P 20260731 -1.00 -1.00 77 193 6.4299 -0.9695 0.004398
144.00 P 20260731 -1.00 -1.00 39 284 6.5546 -0.9700 0.004249
145.00 P 20260731 -1.00 -1.00 248 833 5.9857 -0.9842 0.002708
146.00 P 20260731 -1.00 -1.00 15 136 6.8016 -0.9710 0.003979
147.00 P 20260731 -1.00 -1.00 13 246 6.5797 -0.9777 0.003272
148.00 P 20260731 -1.00 -1.00 18 161 7.0452 -0.9719 0.003738
149.00 P 20260731 -1.00 -1.00 8 364 7.1659 -0.9723 0.003628
150.00 P 20260731 -1.00 -1.00 174 2047 7.2857 -0.9727 0.003523
65.00 C 20260807 -1.00 -1.00 -1 0 2.5651 0.9460 0.002837
66.00 C 20260807 -1.00 -1.00 1 1 2.5477 0.9415 0.003031
67.00 C 20260807 -1.00 -1.00 1 0 2.4339 0.9434 0.003102
68.00 C 20260807 -1.00 -1.00 -1 0 2.3698 0.9420 0.003245
69.00 C 20260807 -1.00 -1.00 10 0 2.2591 0.9441 0.003315
70.00 C 20260807 -1.00 -1.00 10 12 2.2444 0.9390 0.003559
71.00 C 20260807 -1.00 -1.00 -1 0 2.1364 0.9412 0.003641
72.00 C 20260807 -1.00 -1.00 -1 0 2.1691 0.9321 0.003992
73.00 C 20260807 -1.00 -1.00 -1 0 2.1092 0.9303 0.004188
74.00 C 20260807 -1.00 -1.00 -1 0 2.1188 0.9230 0.004503
75.00 C 20260807 -1.00 -1.00 20 16 1.5164 0.9669 0.003211
76.00 C 20260807 -1.00 -1.00 -1 0 2.1148 0.9101 0.005098
77.00 C 20260807 -1.00 -1.00 1 10 2.0345 0.9094 0.005332
78.00 C 20260807 -1.00 -1.00 1 1 1.9776 0.9069 0.005604
79.00 C 20260807 -1.00 -1.00 -1 0 2.0096 0.8976 0.005962
80.00 C 20260807 -1.00 -1.00 13 649 1.4351 0.9470 0.005025
81.00 C 20260807 -1.00 -1.00 8 0 1.6589 0.9129 0.006321
82.00 C 20260807 -1.00 -1.00 16 0 1.9013 0.8804 0.006987
83.00 C 20260807 -1.00 -1.00 1 0 1.5106 0.9123 0.006975
84.00 C 20260807 -1.00 -1.00 56 1 1.6912 0.8837 0.007736
85.00 C 20260807 -1.00 -1.00 243 713 1.3872 0.9092 0.007805
86.00 C 20260807 -1.00 -1.00 52 0 1.4213 0.8956 0.008507
87.00 C 20260807 -1.00 -1.00 61 2 1.4975 0.8742 0.009192
88.00 C 20260807 -1.00 -1.00 3 3 1.4530 0.8678 0.009778
89.00 C 20260807 -1.00 -1.00 4 6 1.4919 0.8494 0.010372
90.00 C 20260807 -1.00 -1.00 277 1774 1.4342 0.8441 0.011043
91.00 C 20260807 -1.00 -1.00 24 14 1.4317 0.8312 0.011684
92.00 C 20260807 -1.00 -1.00 45 4 1.4157 0.8198 0.012366
93.00 C 20260807 -1.00 -1.00 32 57 1.4786 0.7993 0.012781
94.00 C 20260807 -1.00 -1.00 37 5 1.4726 0.7838 0.013298
95.00 C 20260807 -1.00 -1.00 83 183 1.4564 0.7694 0.013884
96.00 C 20260807 -1.00 -1.00 43 4 1.4708 0.7514 0.014286
97.00 C 20260807 -1.00 -1.00 49 6 1.4548 0.7366 0.014891
98.00 C 20260807 -1.00 -1.00 64 15 1.4691 0.7189 0.015278
99.00 C 20260807 -1.00 -1.00 59 6 1.4732 0.7023 0.015733
100.00 C 20260807 -1.00 -1.00 311 390 1.4973 0.6846 0.016008
101.00 C 20260807 -1.00 -1.00 60 21 1.4887 0.6676 0.016360
102.00 C 20260807 -1.00 -1.00 22 3 1.4853 0.6500 0.016627
103.00 C 20260807 -1.00 -1.00 62 132 1.4820 0.6323 0.016895
104.00 C 20260807 -1.00 -1.00 60 7 1.4786 0.6146 0.017164
105.00 C 20260807 -1.00 -1.00 179 230 1.4753 0.5968 0.017435
106.00 C 20260807 -1.00 -1.00 94 33 1.4806 0.5789 0.017607
107.00 C 20260807 -1.00 -1.00 273 48 1.4941 0.5612 0.017677
108.00 C 20260807 -1.00 -1.00 1484 239 1.5076 0.5439 0.017745
109.00 C 20260807 -1.00 -1.00 1681 104 1.5001 0.5266 0.017809
110.00 C 20260807 -1.00 -1.00 2675 1123 1.4895 0.5092 0.017873
111.00 C 20260807 -1.00 -1.00 569 558 1.4873 0.4920 0.017835
112.00 C 20260807 -1.00 -1.00 883 821 1.4934 0.4753 0.017700
113.00 C 20260807 -1.00 -1.00 1547 902 1.4994 0.4588 0.017569
114.00 C 20260807 -1.00 -1.00 901 673 1.4972 0.4416 0.017531
115.00 C 20260807 -1.00 -1.00 3332 4965 1.5113 0.4262 0.017313
116.00 C 20260807 -1.00 -1.00 3386 2844 1.5171 0.4100 0.017189
117.00 C 20260807 -1.00 -1.00 996 542 1.5299 0.3950 0.016983
118.00 C 20260807 -1.00 -1.00 885 796 1.5127 0.3790 0.016858
119.00 C 20260807 -1.00 -1.00 478 512 1.5139 0.3650 0.016564
120.00 C 20260807 -1.00 -1.00 3980 5907 1.5151 0.3510 0.016272
121.00 C 20260807 -1.00 -1.00 1389 301 1.5163 0.3371 0.015980
122.00 C 20260807 -1.00 -1.00 581 566 1.5175 0.3232 0.015690
123.00 C 20260807 -1.00 -1.00 497 348 1.5277 0.3108 0.015341
124.00 C 20260807 -1.00 -1.00 232 812 1.5377 0.2986 0.015001
125.00 C 20260807 -1.00 -1.00 2258 3008 1.5388 0.2849 0.014722
126.00 C 20260807 -1.00 -1.00 249 513 1.5576 0.2747 0.014348
127.00 C 20260807 -1.00 -1.00 110 597 1.5552 0.2612 0.014078
128.00 C 20260807 -1.00 -1.00 156 621 1.5675 0.2531 0.013681
129.00 C 20260807 -1.00 -1.00 223 614 1.5568 0.2413 0.013360
130.00 C 20260807 -1.00 -1.00 5834 4524 1.5632 0.2323 0.012990
131.00 C 20260807 -1.00 -1.00 292 415 1.5696 0.2235 0.012625
132.00 C 20260807 -1.00 -1.00 238 561 1.5703 0.2136 0.012275
133.00 C 20260807 -1.00 -1.00 450 454 1.5710 0.2038 0.011925
134.00 C 20260807 -1.00 -1.00 426 878 1.5830 0.1962 0.011572
135.00 C 20260807 -1.00 -1.00 3668 4663 1.5892 0.1876 0.011230
136.00 C 20260807 -1.00 -1.00 1197 870 1.6010 0.1802 0.010895
137.00 C 20260807 -1.00 -1.00 206 1953 1.6127 0.1729 0.010570
138.00 C 20260807 -1.00 -1.00 220 428 1.6299 0.1670 0.010260
139.00 C 20260807 -1.00 -1.00 274 207 1.6414 0.1599 0.009955
140.00 C 20260807 -1.00 -1.00 1560 5227 1.6473 0.1542 0.009665
141.00 C 20260807 -1.00 -1.00 144 1047 1.6494 0.1484 0.009376
142.00 C 20260807 -1.00 -1.00 1226 1585 1.6514 0.1427 0.009089
143.00 C 20260807 -1.00 -1.00 159 385 1.6615 0.1383 0.008824
144.00 C 20260807 -1.00 -1.00 150 452 1.6635 0.1327 0.008543
145.00 C 20260807 -1.00 -1.00 836 2869 1.6736 0.1284 0.008287
146.00 C 20260807 -1.00 -1.00 164 218 1.6836 0.1241 0.008037
147.00 C 20260807 -1.00 -1.00 149 356 1.6936 0.1200 0.007794
148.00 C 20260807 -1.00 -1.00 258 201 1.7035 0.1158 0.007556
149.00 C 20260807 -1.00 -1.00 126 330 1.7134 0.1117 0.007323
150.00 C 20260807 -1.00 -1.00 4229 13036 1.7152 0.1063 0.007064
65.00 P 20260807 -1.00 -1.00 681 1301 1.6289 -0.0083 0.000926
66.00 P 20260807 -1.00 -1.00 6045 162 1.6392 -0.0107 0.001134
67.00 P 20260807 -1.00 -1.00 33 94 1.5931 -0.0110 0.001194
68.00 P 20260807 -1.00 -1.00 57 291 1.5886 -0.0134 0.001415
69.00 P 20260807 -1.00 -1.00 552 100 1.5435 -0.0137 0.001492
70.00 P 20260807 -1.00 -1.00 379 2868 1.5394 -0.0162 0.001728
71.00 P 20260807 -1.00 -1.00 56 477 1.5354 -0.0187 0.001967
72.00 P 20260807 -1.00 -1.00 27 158 1.5315 -0.0212 0.002208
73.00 P 20260807 -1.00 -1.00 458 317 1.5276 -0.0238 0.002452
74.00 P 20260807 -1.00 -1.00 466 151 1.5218 -0.0282 0.002811
75.00 P 20260807 -1.00 -1.00 1549 1018 1.5131 -0.0326 0.003177
76.00 P 20260807 -1.00 -1.00 616 194 1.5045 -0.0371 0.003552
77.00 P 20260807 -1.00 -1.00 495 227 1.4960 -0.0417 0.003934
78.00 P 20260807 -1.00 -1.00 361 271 1.4876 -0.0463 0.004324
79.00 P 20260807 -1.00 -1.00 477 749 1.5173 -0.0540 0.004845
80.00 P 20260807 -1.00 -1.00 3205 9955 1.5145 -0.0615 0.005344
81.00 P 20260807 -1.00 -1.00 589 736 1.4949 -0.0678 0.005807
82.00 P 20260807 -1.00 -1.00 292 189 1.4863 -0.0755 0.006332
83.00 P 20260807 -1.00 -1.00 559 207 1.4778 -0.0834 0.006868
84.00 P 20260807 -1.00 -1.00 670 749 1.4801 -0.0926 0.007441
85.00 P 20260807 -1.00 -1.00 1149 2471 1.4930 -0.1029 0.008028
86.00 P 20260807 -1.00 -1.00 207 384 1.5075 -0.1142 0.008605
87.00 P 20260807 -1.00 -1.00 1181 1456 1.4907 -0.1244 0.009177
88.00 P 20260807 -1.00 -1.00 494 685 1.4881 -0.1368 0.009770
89.00 P 20260807 -1.00 -1.00 404 147 1.4785 -0.1483 0.010372
90.00 P 20260807 -1.00 -1.00 6092 11542 1.4897 -0.1626 0.010958
91.00 P 20260807 -1.00 -1.00 479 363 1.4871 -0.1751 0.011557
92.00 P 20260807 -1.00 -1.00 1522 406 1.4981 -0.1891 0.012120
93.00 P 20260807 -1.00 -1.00 178 517 1.5053 -0.2037 0.012646
94.00 P 20260807 -1.00 -1.00 924 397 1.4889 -0.2176 0.013203
95.00 P 20260807 -1.00 -1.00 2390 10063 1.4830 -0.2331 0.013717
96.00 P 20260807 -1.00 -1.00 395 211 1.4872 -0.2497 0.014171
97.00 P 20260807 -1.00 -1.00 442 282 1.4813 -0.2653 0.014693
98.00 P 20260807 -1.00 -1.00 708 1201 1.4856 -0.2819 0.015144
99.00 P 20260807 -1.00 -1.00 505 884 1.4898 -0.2983 0.015590
100.00 P 20260807 -1.00 -1.00 10752 22879 1.5039 -0.3153 0.015946
101.00 P 20260807 -1.00 -1.00 2553 337 1.4946 -0.3322 0.016296
102.00 P 20260807 -1.00 -1.00 561 310 1.4913 -0.3497 0.016561
103.00 P 20260807 -1.00 -1.00 396 314 1.4880 -0.3673 0.016826
104.00 P 20260807 -1.00 -1.00 349 125 1.4848 -0.3850 0.017094
105.00 P 20260807 -1.00 -1.00 4256 8764 1.4901 -0.4028 0.017265
106.00 P 20260807 -1.00 -1.00 555 469 1.4953 -0.4205 0.017434
107.00 P 20260807 -1.00 -1.00 1186 277 1.5005 -0.4381 0.017602
108.00 P 20260807 -1.00 -1.00 1945 828 1.5140 -0.4554 0.017669
109.00 P 20260807 -1.00 -1.00 1440 471 1.5066 -0.4726 0.017734
110.00 P 20260807 -1.00 -1.00 13048 14482 1.4961 -0.4899 0.017797
111.00 P 20260807 -1.00 -1.00 933 1822 1.4940 -0.5071 0.017760
112.00 P 20260807 -1.00 -1.00 527 2011 1.5001 -0.5236 0.017626
113.00 P 20260807 -1.00 -1.00 671 1257 1.5062 -0.5401 0.017495
114.00 P 20260807 -1.00 -1.00 288 874 1.5041 -0.5572 0.017458
115.00 P 20260807 -1.00 -1.00 2826 10926 1.5182 -0.5726 0.017242
116.00 P 20260807 -1.00 -1.00 178 1260 1.5322 -0.5877 0.017034
117.00 P 20260807 -1.00 -1.00 225 976 1.5380 -0.6036 0.016917
118.00 P 20260807 -1.00 -1.00 142 612 1.5300 -0.6184 0.016713
119.00 P 20260807 -1.00 -1.00 57 767 1.5313 -0.6322 0.016427
120.00 P 20260807 -1.00 -1.00 483 6049 1.5234 -0.6473 0.016214
121.00 P 20260807 -1.00 -1.00 45 556 1.5428 -0.6584 0.015791
122.00 P 20260807 -1.00 -1.00 19 216 1.5530 -0.6707 0.015449
123.00 P 20260807 -1.00 -1.00 44 362 1.5452 -0.6858 0.015235
124.00 P 20260807 -1.00 -1.00 50 243 1.5553 -0.6978 0.014903
125.00 P 20260807 -1.00 -1.00 109 5802 1.5742 -0.7081 0.014529
126.00 P 20260807 -1.00 -1.00 38 299 1.5752 -0.7215 0.014266
127.00 P 20260807 -1.00 -1.00 109 250 1.6027 -0.7297 0.013873
128.00 P 20260807 -1.00 -1.00 25 174 1.6020 -0.7411 0.013578
129.00 P 20260807 -1.00 -1.00 48 364 1.6142 -0.7489 0.013209
130.00 P 20260807 -1.00 -1.00 1167 2871 1.5920 -0.7623 0.012936
131.00 P 20260807 -1.00 -1.00 5 135 1.5927 -0.7720 0.012596
132.00 P 20260807 -1.00 -1.00 45 183 1.6162 -0.7776 0.012223
133.00 P 20260807 -1.00 -1.00 129 113 1.6168 -0.7872 0.011895
134.00 P 20260807 -1.00 -1.00 32 482 1.6287 -0.7946 0.011560
135.00 P 20260807 -1.00 -1.00 1168 3713 1.6293 -0.8041 0.011239
136.00 P 20260807 -1.00 -1.00 10 253 1.6522 -0.8091 0.010918
137.00 P 20260807 -1.00 -1.00 5 346 1.6638 -0.8162 0.010611
138.00 P 20260807 -1.00 -1.00 13 330 1.6976 -0.8187 0.010322
139.00 P 20260807 -1.00 -1.00 5 241 1.6135 -0.8445 0.009941
140.00 P 20260807 -1.00 -1.00 204 2274 1.6572 -0.8441 0.009693
141.00 P 20260807 -1.00 -1.00 25 546 1.7171 -0.8413 0.009476
142.00 P 20260807 -1.00 -1.00 67 185 1.7273 -0.8456 0.009223
143.00 P 20260807 -1.00 -1.00 4 177 1.7701 -0.8451 0.009018
144.00 P 20260807 -1.00 -1.00 20 149 1.7148 -0.8590 0.008677
145.00 P 20260807 -1.00 -1.00 57 1042 1.7412 -0.8606 0.008468
146.00 P 20260807 -1.00 -1.00 6 453 1.7674 -0.8622 0.008270
147.00 P 20260807 -1.00 -1.00 7 316 1.7611 -0.8688 0.008006
148.00 P 20260807 -1.00 -1.00 3 521 1.7870 -0.8702 0.007825
149.00 P 20260807 -1.00 -1.00 33 762 1.7807 -0.8768 0.007565
150.00 P 20260807 -1.00 -1.00 133 2272 1.7744 -0.8834 0.007301
65.00 C 20260814 -1.00 -1.00 -1 0 1.9168 0.9380 0.002992
66.00 C 20260814 -1.00 -1.00 -1 0 1.8514 0.9380 0.003100
67.00 C 20260814 -1.00 -1.00 -1 0 1.8043 0.9365 0.003240
68.00 C 20260814 -1.00 -1.00 -1 0 1.7921 0.9319 0.003442
69.00 C 20260814 -1.00 -1.00 -1 0 1.8479 0.9216 0.003728
70.00 C 20260814 -1.00 -1.00 90 59 1.2884 0.9677 0.002642
71.00 C 20260814 -1.00 -1.00 -1 0 1.7231 0.9205 0.004038
72.00 C 20260814 -1.00 -1.00 -1 0 1.6952 0.9170 0.004247
73.00 C 20260814 -1.00 -1.00 -1 0 1.6677 0.9134 0.004465
74.00 C 20260814 -1.00 -1.00 -1 0 1.3637 0.9403 0.004113
75.00 C 20260814 -1.00 -1.00 1 2 1.2209 0.9510 0.003940
76.00 C 20260814 -1.00 -1.00 -1 0 1.5876 0.9021 0.005181
77.00 C 20260814 -1.00 -1.00 1 0 1.5456 0.8995 0.005433
78.00 C 20260814 -1.00 -1.00 -1 0 1.5707 0.8883 0.005742
79.00 C 20260814 -1.00 -1.00 -1 0 1.5339 0.8839 0.006028
80.00 C 20260814 -1.00 -1.00 3 612 1.4558 0.8851 0.006319
81.00 C 20260814 -1.00 -1.00 20 0 1.4513 0.8760 0.006654
82.00 C 20260814 -1.00 -1.00 44 0 1.3748 0.8769 0.006996
83.00 C 20260814 -1.00 -1.00 44 0 1.3811 0.8659 0.007366
84.00 C 20260814 -1.00 -1.00 46 1 1.4279 0.8499 0.007692
85.00 C 20260814 -1.00 -1.00 48 102 1.2722 0.8609 0.008199
86.00 C 20260814 -1.00 -1.00 48 0 1.3090 0.8449 0.008582
87.00 C 20260814 -1.00 -1.00 44 0 1.3653 0.8274 0.008875
88.00 C 20260814 -1.00 -1.00 40 0 1.4211 0.8114 0.009102
89.00 C 20260814 -1.00 -1.00 40 0 1.2690 0.8179 0.009916
90.00 C 20260814 -1.00 -1.00 42 1144 1.2559 0.8085 0.010389
91.00 C 20260814 -1.00 -1.00 32 0 1.2773 0.7924 0.010656
92.00 C 20260814 -1.00 -1.00 32 0 1.2717 0.7796 0.011029
93.00 C 20260814 -1.00 -1.00 45 0 1.2588 0.7676 0.011451
94.00 C 20260814 -1.00 -1.00 52 6 1.2460 0.7554 0.011886
95.00 C 20260814 -1.00 -1.00 50 504 1.2771 0.7384 0.012027
96.00 C 20260814 -1.00 -1.00 41 2 1.2499 0.7274 0.012573
97.00 C 20260814 -1.00 -1.00 48 0 1.2662 0.7123 0.012799
98.00 C 20260814 -1.00 -1.00 48 0 1.2608 0.6990 0.013192
99.00 C 20260814 -1.00 -1.00 41 5 1.2643 0.6848 0.013463
100.00 C 20260814 -1.00 -1.00 115 325 1.2609 0.6701 0.013671
101.00 C 20260814 -1.00 -1.00 47 51 1.2451 0.6559 0.014014
102.00 C 20260814 -1.00 -1.00 3 2 1.2540 0.6405 0.014093
103.00 C 20260814 -1.00 -1.00 5 2 1.2384 0.6258 0.014444
104.00 C 20260814 -1.00 -1.00 5 1 1.2473 0.6106 0.014520
105.00 C 20260814 -1.00 -1.00 62 60 1.2683 0.5955 0.014455
106.00 C 20260814 -1.00 -1.00 63 8 1.2709 0.5807 0.014596
107.00 C 20260814 -1.00 -1.00 71 11 1.2736 0.5660 0.014737
108.00 C 20260814 -1.00 -1.00 94 36 1.2881 0.5517 0.014737
109.00 C 20260814 -1.00 -1.00 227 17 1.2878 0.5377 0.014735
110.00 C 20260814 -1.00 -1.00 1760 614 1.2734 0.5228 0.014871
111.00 C 20260814 -1.00 -1.00 180 217 1.2708 0.5085 0.014868
112.00 C 20260814 -1.00 -1.00 233 239 1.2742 0.4947 0.014796
113.00 C 20260814 -1.00 -1.00 234 162 1.2775 0.4809 0.014725
114.00 C 20260814 -1.00 -1.00 88 86 1.2750 0.4665 0.014721
115.00 C 20260814 -1.00 -1.00 300 697 1.2783 0.4528 0.014652
116.00 C 20260814 -1.00 -1.00 110 164 1.2700 0.4377 0.014712
117.00 C 20260814 -1.00 -1.00 100 241 1.2906 0.4264 0.014454
118.00 C 20260814 -1.00 -1.00 181 378 1.2995 0.4138 0.014329
119.00 C 20260814 -1.00 -1.00 74 253 1.3053 0.4014 0.014207
120.00 C 20260814 -1.00 -1.00 390 983 1.3052 0.3899 0.014027
121.00 C 20260814 -1.00 -1.00 86 177 1.3051 0.3784 0.013847
122.00 C 20260814 -1.00 -1.00 61 298 1.2986 0.3658 0.013719
123.00 C 20260814 -1.00 -1.00 15 357 1.3049 0.3554 0.013487
124.00 C 20260814 -1.00 -1.00 122 291 1.3112 0.3450 0.013260
125.00 C 20260814 -1.00 -1.00 278 822 1.3111 0.3336 0.013083
126.00 C 20260814 -1.00 -1.00 8 132 1.3110 0.3221 0.012905
127.00 C 20260814 -1.00 -1.00 38 283 1.3172 0.3120 0.012687
128.00 C 20260814 -1.00 -1.00 31 275 1.3233 0.3020 0.012474
129.00 C 20260814 -1.00 -1.00 29 113 1.3357 0.2935 0.012229
130.00 C 20260814 -1.00 -1.00 396 1606 1.3480 0.2851 0.011993
131.00 C 20260814 -1.00 -1.00 135 178 1.3539 0.2754 0.011797
132.00 C 20260814 -1.00 -1.00 649 717 1.3602 0.2673 0.011573
134.00 C 20260814 -1.00 -1.00 20 200 1.3513 0.2495 0.011151
135.00 C 20260814 -1.00 -1.00 621 1129 1.3589 0.2431 0.010906
136.00 C 20260814 -1.00 -1.00 127 354 1.3665 0.2367 0.010668
137.00 C 20260814 -1.00 -1.00 28 604 1.3740 0.2304 0.010434
138.00 C 20260814 -1.00 -1.00 717 823 1.3735 0.2224 0.010217
139.00 C 20260814 -1.00 -1.00 5 390 1.3731 0.2143 0.009999
140.00 C 20260814 -1.00 -1.00 337 3348 1.3805 0.2082 0.009776
141.00 C 20260814 -1.00 -1.00 24 118 1.3918 0.2030 0.009556
142.00 C 20260814 -1.00 -1.00 14 108 1.3991 0.1970 0.009344
143.00 C 20260814 -1.00 -1.00 23 127 1.4102 0.1920 0.009136
144.00 C 20260814 -1.00 -1.00 803 1562 1.4174 0.1861 0.008934
145.00 C 20260814 -1.00 -1.00 246 1664 1.4284 0.1812 0.008738
146.00 C 20260814 -1.00 -1.00 200 2097 1.4393 0.1765 0.008548
147.00 C 20260814 -1.00 -1.00 40 234 1.4463 0.1708 0.008359
148.00 C 20260814 -1.00 -1.00 26 109 1.4609 0.1671 0.008184
149.00 C 20260814 -1.00 -1.00 4 225 1.4710 0.1636 0.008014
150.00 C 20260814 -1.00 -1.00 695 3228 1.4658 0.1580 0.007834
65.00 P 20260814 -1.00 -1.00 71 1415 1.3498 -0.0192 0.001630
66.00 P 20260814 -1.00 -1.00 2 10 1.3880 -0.0241 0.001935
67.00 P 20260814 -1.00 -1.00 35 3 1.3645 -0.0262 0.002099
68.00 P 20260814 -1.00 -1.00 1 3 1.3414 -0.0283 0.002272
69.00 P 20260814 -1.00 -1.00 6 6 1.3476 -0.0333 0.002579
70.00 P 20260814 -1.00 -1.00 124 952 1.3393 -0.0369 0.002827
71.00 P 20260814 -1.00 -1.00 10 8 1.3169 -0.0392 0.003028
72.00 P 20260814 -1.00 -1.00 9 48 1.3374 -0.0455 0.003385
73.00 P 20260814 -1.00 -1.00 40 6 1.3293 -0.0492 0.003645
74.00 P 20260814 -1.00 -1.00 22 67 1.3359 -0.0553 0.003981
75.00 P 20260814 -1.00 -1.00 127 1000 1.3197 -0.0603 0.004290
76.00 P 20260814 -1.00 -1.00 19 99 1.3037 -0.0655 0.004610
77.00 P 20260814 -1.00 -1.00 64 22 1.2959 -0.0718 0.004971
78.00 P 20260814 -1.00 -1.00 38 180 1.3040 -0.0803 0.005384
79.00 P 20260814 -1.00 -1.00 11 360 1.3120 -0.0887 0.005787
80.00 P 20260814 -1.00 -1.00 617 2408 1.3043 -0.0952 0.006157
81.00 P 20260814 -1.00 -1.00 19 210 1.3122 -0.1035 0.006552
82.00 P 20260814 -1.00 -1.00 24 29 1.3069 -0.1117 0.006942
83.00 P 20260814 -1.00 -1.00 131 66 1.2934 -0.1201 0.007343
84.00 P 20260814 -1.00 -1.00 33 158 1.2901 -0.1303 0.007758
85.00 P 20260814 -1.00 -1.00 246 1268 1.2919 -0.1413 0.008174
86.00 P 20260814 -1.00 -1.00 30 29 1.2837 -0.1508 0.008600
87.00 P 20260814 -1.00 -1.00 91 65 1.2855 -0.1618 0.009017
88.00 P 20260814 -1.00 -1.00 60 10 1.2923 -0.1734 0.009421
89.00 P 20260814 -1.00 -1.00 34 48 1.3039 -0.1855 0.009803
90.00 P 20260814 -1.00 -1.00 4285 13250 1.3021 -0.1968 0.010191
91.00 P 20260814 -1.00 -1.00 138 18 1.2891 -0.2083 0.010588
92.00 P 20260814 -1.00 -1.00 122 26 1.2835 -0.2210 0.010955
93.00 P 20260814 -1.00 -1.00 181 277 1.2781 -0.2338 0.011328
94.00 P 20260814 -1.00 -1.00 174 35 1.2727 -0.2467 0.011705
95.00 P 20260814 -1.00 -1.00 6363 2167 1.2820 -0.2611 0.011987
96.00 P 20260814 -1.00 -1.00 195 20 1.2766 -0.2741 0.012367
97.00 P 20260814 -1.00 -1.00 111 39 1.2858 -0.2883 0.012640
98.00 P 20260814 -1.00 -1.00 210 92 1.2948 -0.3023 0.012905
99.00 P 20260814 -1.00 -1.00 120 893 1.2940 -0.3162 0.013167
100.00 P 20260814 -1.00 -1.00 1706 8019 1.2843 -0.3303 0.013431
101.00 P 20260814 -1.00 -1.00 190 92 1.2747 -0.3445 0.013699
102.00 P 20260814 -1.00 -1.00 303 212 1.2775 -0.3593 0.013840
103.00 P 20260814 -1.00 -1.00 351 82 1.2680 -0.3739 0.014113
104.00 P 20260814 -1.00 -1.00 62 99 1.2708 -0.3887 0.014255
105.00 P 20260814 -1.00 -1.00 716 2402 1.2736 -0.4035 0.014395
106.00 P 20260814 -1.00 -1.00 271 404 1.2764 -0.4183 0.014535
107.00 P 20260814 -1.00 -1.00 400 369 1.2912 -0.4327 0.014536
108.00 P 20260814 -1.00 -1.00 7435 247 1.2938 -0.4472 0.014675
109.00 P 20260814 -1.00 -1.00 300 9573 1.2935 -0.4612 0.014674
110.00 P 20260814 -1.00 -1.00 629 2340 1.2910 -0.4752 0.014672
111.00 P 20260814 -1.00 -1.00 1584 1469 1.2826 -0.4897 0.014737
112.00 P 20260814 -1.00 -1.00 278 316 1.2861 -0.5034 0.014667
113.00 P 20260814 -1.00 -1.00 244 922 1.2837 -0.5176 0.014663
114.00 P 20260814 -1.00 -1.00 82 254 1.2987 -0.5301 0.014465
115.00 P 20260814 -1.00 -1.00 228 3508 1.2905 -0.5449 0.014526
116.00 P 20260814 -1.00 -1.00 106 1306 1.3054 -0.5569 0.014336
117.00 P 20260814 -1.00 -1.00 554 680 1.3087 -0.5702 0.014273
118.00 P 20260814 -1.00 -1.00 10 137 1.3233 -0.5818 0.014093
119.00 P 20260814 -1.00 -1.00 5 77 1.3321 -0.5941 0.013978
120.00 P 20260814 -1.00 -1.00 95 4064 1.3258 -0.6063 0.013862
121.00 P 20260814 -1.00 -1.00 3 329 1.3258 -0.6176 0.013689
122.00 P 20260814 -1.00 -1.00 20 170 1.3258 -0.6289 0.013516
123.00 P 20260814 -1.00 -1.00 2 879 1.3257 -0.6402 0.013342
124.00 P 20260814 -1.00 -1.00 3 258 1.3321 -0.6504 0.013123
125.00 P 20260814 -1.00 -1.00 131 2724 1.3257 -0.6628 0.012996
126.00 P 20260814 -1.00 -1.00 22 27 1.3320 -0.6729 0.012782
127.00 P 20260814 -1.00 -1.00 11 35 1.3382 -0.6828 0.012571
128.00 P 20260814 -1.00 -1.00 3 54 1.3570 -0.6900 0.012291
129.00 P 20260814 -1.00 -1.00 5 31 1.3443 -0.7039 0.012199
130.00 P 20260814 -1.00 -1.00 47 2735 1.3629 -0.7108 0.011933
131.00 P 20260814 -1.00 -1.00 3 12 1.3689 -0.7203 0.011742
132.00 P 20260814 -1.00 -1.00 39 17 1.3871 -0.7269 0.011495
134.00 P 20260814 -1.00 -1.00 4 490 1.3709 -0.7459 0.011118
135.00 P 20260814 -1.00 -1.00 47 1378 1.3706 -0.7539 0.010900
136.00 P 20260814 -1.00 -1.00 32 169 1.3943 -0.7569 0.010630
137.00 P 20260814 -1.00 -1.00 5 2063 1.3939 -0.7648 0.010421
138.00 P 20260814 -1.00 -1.00 7 100 1.4094 -0.7692 0.010186
139.00 P 20260814 -1.00 -1.00 32 1047 1.4168 -0.7753 0.009972
140.00 P 20260814 -1.00 -1.00 95 2023 1.4400 -0.7778 0.009744
141.00 P 20260814 -1.00 -1.00 8 107 1.4238 -0.7890 0.009562
142.00 P 20260814 -1.00 -1.00 35 391 1.4311 -0.7949 0.009359
143.00 P 20260814 -1.00 -1.00 2 124 1.4228 -0.8044 0.009163
144.00 P 20260814 -1.00 -1.00 10 53 1.4301 -0.8103 0.008964
145.00 P 20260814 -1.00 -1.00 20 400 1.4450 -0.8141 0.008773
146.00 P 20260814 -1.00 -1.00 1 107 1.3092 -0.8514 0.008412
147.00 P 20260814 -1.00 -1.00 7 76 1.4437 -0.8295 0.008386
148.00 P 20260814 -1.00 -1.00 6 76 1.4969 -0.8233 0.008246
149.00 P 20260814 -1.00 -1.00 4 114 1.4443 -0.8408 0.008015
150.00 P 20260814 -1.00 -1.00 44 936 1.5180 -0.8323 0.007915
65.00 C 20260821 -1.00 -1.00 2 1 1.5008 0.9450 0.002866
70.00 C 20260821 -1.00 -1.00 2 17 1.1779 0.9540 0.003175
75.00 C 20260821 -1.00 -1.00 1 4 1.1647 0.9255 0.004645
80.00 C 20260821 -1.00 -1.00 4 53 1.2015 0.8831 0.006328
85.00 C 20260821 -1.00 -1.00 16 126 1.1167 0.8476 0.008125
90.00 C 20260821 -1.00 -1.00 10 88 1.1736 0.7855 0.009622
95.00 C 20260821 -1.00 -1.00 35 557 1.1414 0.7280 0.011256
99.00 C 20260821 -1.00 -1.00 2 3 1.1529 0.6763 0.012137
100.00 C 20260821 -1.00 -1.00 34 857 1.1546 0.6628 0.012265
101.00 C 20260821 -1.00 -1.00 4 22 1.1511 0.6496 0.012446
102.00 C 20260821 -1.00 -1.00 1 1 1.1578 0.6361 0.012520
103.00 C 20260821 -1.00 -1.00 29 19 1.1544 0.6228 0.012702
104.00 C 20260821 -1.00 -1.00 39 8 1.1610 0.6095 0.012774
105.00 C 20260821 -1.00 -1.00 26 203 1.1676 0.5963 0.012846
106.00 C 20260821 -1.00 -1.00 56 12 1.1691 0.5831 0.012971
107.00 C 20260821 -1.00 -1.00 38 29 1.1706 0.5700 0.013097
108.00 C 20260821 -1.00 -1.00 147 40 1.1819 0.5573 0.013109
109.00 C 20260821 -1.00 -1.00 113 14 1.1811 0.5448 0.013121
110.00 C 20260821 -1.00 -1.00 629 1142 1.1784 0.5322 0.013132
111.00 C 20260821 -1.00 -1.00 77 194 1.1757 0.5196 0.013143
112.00 C 20260821 -1.00 -1.00 122 361 1.1730 0.5069 0.013154
113.00 C 20260821 -1.00 -1.00 217 1350 1.1703 0.4942 0.013164
114.00 C 20260821 -1.00 -1.00 139 216 1.1725 0.4819 0.013121
115.00 C 20260821 -1.00 -1.00 1082 4473 1.1746 0.4697 0.013078
116.00 C 20260821 -1.00 -1.00 291 367 1.1815 0.4582 0.012985
117.00 C 20260821 -1.00 -1.00 210 186 1.1883 0.4468 0.012895
118.00 C 20260821 -1.00 -1.00 250 8987 1.1903 0.4348 0.012856
119.00 C 20260821 -1.00 -1.00 244 464 1.2017 0.4244 0.012721
120.00 C 20260821 -1.00 -1.00 11291 6366 1.2036 0.4125 0.012684
121.00 C 20260821 -1.00 -1.00 131 184 1.2059 0.4024 0.012554
122.00 C 20260821 -1.00 -1.00 126 407 1.2000 0.3913 0.012469
123.00 C 20260821 -1.00 -1.00 72 688 1.2046 0.3820 0.012295
124.00 C 20260821 -1.00 -1.00 43 153 1.1987 0.3708 0.012206
125.00 C 20260821 -1.00 -1.00 598 6163 1.1981 0.3606 0.012074
126.00 C 20260821 -1.00 -1.00 58 458 1.2079 0.3525 0.011866
127.00 C 20260821 -1.00 -1.00 32 642 1.2125 0.3434 0.011701
128.00 C 20260821 -1.00 -1.00 21 207 1.2118 0.3333 0.011572
129.00 C 20260821 -1.00 -1.00 51 880 1.2112 0.3231 0.011444
130.00 C 20260821 -1.00 -1.00 2599 11933 1.2207 0.3154 0.011252
131.00 C 20260821 -1.00 -1.00 23 467 1.2303 0.3078 0.011067
132.00 C 20260821 -1.00 -1.00 26 259 1.2346 0.2991 0.010915
133.00 C 20260821 -1.00 -1.00 54 310 1.2390 0.2904 0.010765
134.00 C 20260821 -1.00 -1.00 14 527 1.2534 0.2845 0.010568
135.00 C 20260821 -1.00 -1.00 1684 8060 1.2565 0.2759 0.010426
136.00 C 20260821 -1.00 -1.00 6 161 1.2557 0.2688 0.010260
137.00 C 20260821 -1.00 -1.00 12 256 1.2548 0.2617 0.010094
138.00 C 20260821 -1.00 -1.00 22 1200 1.2539 0.2545 0.009927
139.00 C 20260821 -1.00 -1.00 17 103 1.2596 0.2488 0.009745
140.00 C 20260821 -1.00 -1.00 2010 9601 1.2587 0.2417 0.009580
145.00 C 20260821 -1.00 -1.00 241 4860 1.2798 0.2126 0.008731
150.00 C 20260821 -1.00 -1.00 1084 16666 1.3127 0.1880 0.007946
65.00 P 20260821 -1.00 -1.00 150 779 1.2415 -0.0312 0.002172
70.00 P 20260821 -1.00 -1.00 1193 2394 1.2263 -0.0498 0.003274
75.00 P 20260821 -1.00 -1.00 523 6161 1.1925 -0.0776 0.004692
80.00 P 20260821 -1.00 -1.00 3960 10106 1.1862 -0.1132 0.006297
85.00 P 20260821 -1.00 -1.00 631 5163 1.1693 -0.1591 0.008022
90.00 P 20260821 -1.00 -1.00 11180 14474 1.1704 -0.2127 0.009625
95.00 P 20260821 -1.00 -1.00 520 10485 1.1632 -0.2727 0.011085
99.00 P 20260821 -1.00 -1.00 410 409 1.1722 -0.3234 0.011941
100.00 P 20260821 -1.00 -1.00 7565 22340 1.1637 -0.3362 0.012169
101.00 P 20260821 -1.00 -1.00 42 239 1.1655 -0.3495 0.012294
102.00 P 20260821 -1.00 -1.00 209 179 1.1622 -0.3626 0.012473
103.00 P 20260821 -1.00 -1.00 166 345 1.1589 -0.3759 0.012652
104.00 P 20260821 -1.00 -1.00 127 393 1.1607 -0.3891 0.012778
105.00 P 20260821 -1.00 -1.00 10602 5855 1.1624 -0.4024 0.012904
106.00 P 20260821 -1.00 -1.00 233 205 1.1790 -0.4153 0.012863
107.00 P 20260821 -1.00 -1.00 122 198 1.1757 -0.4285 0.013042
108.00 P 20260821 -1.00 -1.00 401 372 1.1872 -0.4411 0.013055
109.00 P 20260821 -1.00 -1.00 205 306 1.1863 -0.4535 0.013067
110.00 P 20260821 -1.00 -1.00 3621 16770 1.1838 -0.4660 0.013078
111.00 P 20260821 -1.00 -1.00 331 2851 1.1764 -0.4790 0.013143
112.00 P 20260821 -1.00 -1.00 135 790 1.1787 -0.4912 0.013099
113.00 P 20260821 -1.00 -1.00 188 1420 1.1858 -0.5029 0.013003
114.00 P 20260821 -1.00 -1.00 64 616 1.1737 -0.5166 0.013118
115.00 P 20260821 -1.00 -1.00 2937 8285 1.1807 -0.5282 0.013022
116.00 P 20260821 -1.00 -1.00 112 550 1.1877 -0.5397 0.012930
117.00 P 20260821 -1.00 -1.00 70 588 1.1852 -0.5524 0.012939
118.00 P 20260821 -1.00 -1.00 54 9058 1.2015 -0.5622 0.012753
119.00 P 20260821 -1.00 -1.00 27 839 1.2130 -0.5725 0.012621
120.00 P 20260821 -1.00 -1.00 3805 14762 1.2150 -0.5843 0.012586
121.00 P 20260821 -1.00 -1.00 35 590 1.2241 -0.5935 0.012416
122.00 P 20260821 -1.00 -1.00 4 468 1.2183 -0.6044 0.012334
123.00 P 20260821 -1.00 -1.00 13 887 1.2178 -0.6144 0.012208
124.00 P 20260821 -1.00 -1.00 2 777 1.2173 -0.6245 0.012081
125.00 P 20260821 -1.00 -1.00 159 40293 1.2063 -0.6366 0.012031
126.00 P 20260821 -1.00 -1.00 1 304 1.2215 -0.6436 0.011789
127.00 P 20260821 -1.00 -1.00 23 365 1.2210 -0.6536 0.011663
128.00 P 20260821 -1.00 -1.00 15 174 1.2204 -0.6637 0.011537
129.00 P 20260821 -1.00 -1.00 2 113 1.2251 -0.6725 0.011379
130.00 P 20260821 -1.00 -1.00 951 15629 1.2296 -0.6814 0.011222
131.00 P 20260821 -1.00 -1.00 3 100 1.2393 -0.6889 0.011040
132.00 P 20260821 -1.00 -1.00 5 26 1.2438 -0.6976 0.010891
133.00 P 20260821 -1.00 -1.00 24 52 1.2431 -0.7075 0.010771
134.00 P 20260821 -1.00 -1.00 4 129 1.2627 -0.7121 0.010550
135.00 P 20260821 -1.00 -1.00 1140 17657 1.2770 -0.7179 0.010362
136.00 P 20260821 -1.00 -1.00 1 179 1.2743 -0.7263 0.010226
137.00 P 20260821 -1.00 -1.00 3 72 1.2670 -0.7347 0.010086
138.00 P 20260821 -1.00 -1.00 1 801 1.2663 -0.7418 0.009924
139.00 P 20260821 -1.00 -1.00 3 98 1.2656 -0.7488 0.009761
140.00 P 20260821 -1.00 -1.00 54 13364 1.2779 -0.7529 0.009571
145.00 P 20260821 -1.00 -1.00 159 10191 1.2996 -0.7815 0.008750
150.00 P 20260821 -1.00 -1.00 76 19497 1.3455 -0.8024 0.007992
45.00 C 20260731 -1.00 -1.00 -1 0 -1.0000 -1.0000 -1.000000
50.00 C 20260731 -1.00 -1.00 43 43 19.8656 0.9746 0.001217
55.00 C 20260731 -1.00 -1.00 30 30 16.5150 0.9789 0.001270
60.00 C 20260731 -1.00 -1.00 15 15 17.0189 0.9589 0.002135
45.00 P 20260731 -1.00 -1.00 2 0 -1.0000 -1.0000 -1.000000
50.00 P 20260731 -1.00 -1.00 2 50 15.7619 -0.0085 0.000601
55.00 P 20260731 -1.00 -1.00 1 45 13.6412 -0.0081 0.000670
60.00 P 20260731 -1.00 -1.00 30 94 11.9807 -0.0091 0.000845
45.00 C 20260807 -1.00 -1.00 1 0 3.9852 0.9683 0.001180
50.00 C 20260807 -1.00 -1.00 6 6 3.6143 0.9632 0.001480
55.00 C 20260807 -1.00 -1.00 2 0 2.7714 0.9742 0.001428
60.00 C 20260807 -1.00 -1.00 -1 0 2.9101 0.9522 0.002281
45.00 P 20260807 -1.00 -1.00 -1 0 -1.0000 -1.0000 -1.000000
50.00 P 20260807 -1.00 -1.00 122 145 3.1642 -0.0241 0.001181
55.00 P 20260807 -1.00 -1.00 11 488 2.0940 -0.0065 0.000571
60.00 P 20260807 -1.00 -1.00 3105 1292 1.8514 -0.0073 0.000724
45.00 C 20260814 -1.00 -1.00 -1 0 2.8893 0.9666 0.001211
50.00 C 20260814 -1.00 -1.00 -1 0 2.6210 0.9614 0.001513
55.00 C 20260814 -1.00 -1.00 -1 0 2.4251 0.9520 0.001943
60.00 C 20260814 -1.00 -1.00 -1 0 2.1874 0.9436 0.002436
61.00 C 20260814 -1.00 -1.00 -1 0 2.0987 0.9449 0.002498
62.00 C 20260814 -1.00 -1.00 -1 0 2.0296 0.9450 0.002582
63.00 C 20260814 -1.00 -1.00 1 0 1.0928 0.9967 0.000535
64.00 C 20260814 -1.00 -1.00 -1 0 2.0009 0.9367 0.002910
45.00 P 20260814 -1.00 -1.00 3 12 -1.0000 -1.0000 -1.000000
50.00 P 20260814 -1.00 -1.00 67 231 1.6804 -0.0057 0.000454
55.00 P 20260814 -1.00 -1.00 164 650 1.4907 -0.0065 0.000571
60.00 P 20260814 -1.00 -1.00 1653 861 1.4065 -0.0108 0.000951
61.00 P 20260814 -1.00 -1.00 26 17 1.4010 -0.0128 0.001098
62.00 P 20260814 -1.00 -1.00 1245 126 1.3955 -0.0147 0.001248
63.00 P 20260814 -1.00 -1.00 102 106 1.3598 -0.0151 0.001310
64.00 P 20260814 -1.00 -1.00 53 2 1.3850 -0.0187 0.001553
45.00 C 20260821 -1.00 -1.00 -1 0 1.4637 0.9974 0.000299
50.00 C 20260821 -1.00 -1.00 2 0 2.0694 0.9644 0.001463
55.00 C 20260821 -1.00 -1.00 1 0 1.5760 0.9768 0.001360
60.00 C 20260821 -1.00 -1.00 7 12 1.7196 0.9496 0.002337
45.00 P 20260821 -1.00 -1.00 208 1684 1.5476 -0.0051 0.000361
50.00 P 20260821 -1.00 -1.00 69 2099 1.3753 -0.0057 0.000453
55.00 P 20260821 -1.00 -1.00 195 706 1.3350 -0.0110 0.000829
60.00 P 20260821 -1.00 -1.00 128 1950 1.3046 -0.0195 0.001408
152.50 C 20260731 -1.00 -1.00 228 2173 6.7769 0.0133 0.002067
155.00 C 20260731 -1.00 -1.00 171 2570 7.0322 0.0129 0.001930
157.50 C 20260731 -1.00 -1.00 143 1334 7.2835 0.0125 0.001809
160.00 C 20260731 -1.00 -1.00 315 4265 7.5309 0.0121 0.001702
162.50 C 20260731 -1.00 -1.00 34 1821 7.7746 0.0118 0.001605
165.00 C 20260731 -1.00 -1.00 288 6285 8.0146 0.0114 0.001518
167.50 C 20260731 -1.00 -1.00 161 1493 8.2511 0.0111 0.001440
170.00 C 20260731 -1.00 -1.00 55 8717 8.4841 0.0109 0.001369
172.50 C 20260731 -1.00 -1.00 24 4768 10.8713 0.0355 0.002953
152.50 P 20260731 -1.00 -1.00 9 286 7.6151 -0.9730 0.003331
155.00 P 20260731 -1.00 -1.00 27 2948 7.9062 -0.9739 0.003120
157.50 P 20260731 -1.00 -1.00 32 149 8.1929 -0.9747 0.002932
160.00 P 20260731 -1.00 -1.00 84 680 8.1446 -0.9807 0.002345
162.50 P 20260731 -1.00 -1.00 12 400 8.4250 -0.9813 0.002217
165.00 P 20260731 -1.00 -1.00 31 231 -1.0000 -1.0000 -1.000000
167.50 P 20260731 -1.00 -1.00 8 84 7.6583 -0.9940 0.000909
170.00 P 20260731 -1.00 -1.00 37 296 8.6444 -0.9879 0.001483
172.50 P 20260731 -1.00 -1.00 1 34 10.1429 -0.9737 0.002438
152.50 C 20260807 -1.00 -1.00 113 1047 1.7553 0.0992 0.006586
155.00 C 20260807 -1.00 -1.00 1109 1739 1.7947 0.0925 0.006147
157.50 C 20260807 -1.00 -1.00 304 389 1.8326 0.0861 0.005743
160.00 C 20260807 -1.00 -1.00 1355 5414 1.8561 0.0813 0.005402
162.50 C 20260807 -1.00 -1.00 297 1356 1.8792 0.0766 0.005077
165.00 C 20260807 -1.00 -1.00 531 4714 1.9151 0.0735 0.004815
167.50 C 20260807 -1.00 -1.00 162 1146 1.9244 0.0676 0.004474
170.00 C 20260807 -1.00 -1.00 8225 3728 1.9595 0.0648 0.004245
172.50 C 20260807 -1.00 -1.00 132 1132 1.9941 0.0621 0.004031
152.50 P 20260807 -1.00 -1.00 6 441 1.8223 -0.8890 0.006866
155.00 P 20260807 -1.00 -1.00 30 413 1.8693 -0.8943 0.006471
157.50 P 20260807 -1.00 -1.00 37 170 1.9470 -0.8942 0.006222
160.00 P 20260807 -1.00 -1.00 39 445 1.9768 -0.9016 0.005839
162.50 P 20260807 -1.00 -1.00 3 186 1.8862 -0.9226 0.005121
165.00 P 20260807 -1.00 -1.00 13 181 2.0414 -0.9132 0.005196
167.50 P 20260807 -1.00 -1.00 3 85 2.1547 -0.9072 0.005165
170.00 P 20260807 -1.00 -1.00 22 206 2.1632 -0.9137 0.004870
172.50 P 20260807 -1.00 -1.00 1 111 2.1581 -0.9202 0.004575
152.50 C 20260814 -1.00 -1.00 25 396 1.4754 0.1482 0.007416
155.00 C 20260814 -1.00 -1.00 109 1147 1.4905 0.1396 0.007022
157.50 C 20260814 -1.00 -1.00 30 230 1.5053 0.1312 0.006644
160.00 C 20260814 -1.00 -1.00 609 2475 1.5255 0.1241 0.006299
162.50 C 20260814 -1.00 -1.00 27 618 1.5453 0.1172 0.005972
165.00 C 20260814 -1.00 -1.00 1722 502 1.5703 0.1115 0.005682
167.50 C 20260814 -1.00 -1.00 53 254 1.5949 0.1061 0.005409
170.00 C 20260814 -1.00 -1.00 225 2301 1.6138 0.0997 0.005131
172.50 C 20260814 -1.00 -1.00 11 133 1.6431 0.0958 0.004911
152.50 P 20260814 -1.00 -1.00 13 299 1.5176 -0.8437 0.007511
155.00 P 20260814 -1.00 -1.00 4 317 1.5385 -0.8511 0.007148
157.50 P 20260814 -1.00 -1.00 11 536 1.5702 -0.8561 0.006827
160.00 P 20260814 -1.00 -1.00 53 426 1.6346 -0.8549 0.006594
162.50 P 20260814 -1.00 -1.00 64 115 1.5441 -0.8829 0.006003
165.00 P 20260814 -1.00 -1.00 1 85 1.5202 -0.8991 0.005519
167.50 P 20260814 -1.00 -1.00 7 31 1.5727 -0.8985 0.005358
170.00 P 20260814 -1.00 -1.00 3 561 1.7108 -0.8804 0.005498
172.50 P 20260814 -1.00 -1.00 10 33 1.6207 -0.9089 0.004854
155.00 C 20260821 -1.00 -1.00 192 8857 1.3532 0.1681 0.007254
160.00 C 20260821 -1.00 -1.00 447 37810 1.3662 0.1509 0.006621
165.00 C 20260821 -1.00 -1.00 757 17386 1.3877 0.1359 0.006039
170.00 C 20260821 -1.00 -1.00 206 7965 1.4175 0.1234 0.005523
155.00 P 20260821 -1.00 -1.00 21 13198 1.3897 -0.8219 0.007328
160.00 P 20260821 -1.00 -1.00 100 17022 1.4062 -0.8404 0.006727
165.00 P 20260821 -1.00 -1.00 14 3608 1.4104 -0.8588 0.006141
170.00 P 20260821 -1.00 -1.00 14 3376 1.4674 -0.8651 0.005713
