# opt_chain AMZN | epoch 1785513112 | 2026-07-31 11:51:52 | spot 268.07 | exps 20260731 20260803 20260805 20260807 20260810 20260812 20260814 20260821
# fuente polygon_snapshot_v3 | greeks polygon_directo | iv polygon_directo | oi polygon_directo | vol day.volume(-1 si no cotizo) | bid/ask NO_ENTITLED(-1) | spot_src ibkr_bridge spot_edad_s 111 | band 0.4050 vencimientos 8 exp_hasta 2026-08-21
# strike right exp bid ask vol oi iv delta gamma
197.50 C 20260731 -1.00 -1.00 4 71 4.7023 0.9857 0.000948
200.00 C 20260731 -1.00 -1.00 110 970 3.6829 0.9966 0.000347
202.50 C 20260731 -1.00 -1.00 9 77 3.6950 0.9944 0.000531
205.00 C 20260731 -1.00 -1.00 23 584 2.9650 0.9989 0.000153
207.50 C 20260731 -1.00 -1.00 72 262 3.5543 0.9919 0.000769
210.00 C 20260731 -1.00 -1.00 167 425 3.7721 0.9844 0.001275
212.50 C 20260731 -1.00 -1.00 126 420 -1.0000 -1.0000 -1.000000
215.00 C 20260731 -1.00 -1.00 222 623 2.9575 0.9931 0.000796
217.50 C 20260731 -1.00 -1.00 94 2654 2.6592 0.9955 0.000610
220.00 C 20260731 -1.00 -1.00 897 1851 6.4099 0.8605 0.004292
222.50 C 20260731 -1.00 -1.00 87 547 -1.0000 -1.0000 -1.000000
225.00 C 20260731 -1.00 -1.00 319 1784 2.6746 0.9839 0.001843
227.50 C 20260731 -1.00 -1.00 232 2476 1.8243 0.9984 0.000341
230.00 C 20260731 -1.00 -1.00 3325 11011 2.2385 0.9876 0.001778
232.50 C 20260731 -1.00 -1.00 687 2333 2.0886 0.9868 0.002003
235.00 C 20260731 -1.00 -1.00 2341 8180 1.9404 0.9859 0.002274
237.50 C 20260731 -1.00 -1.00 2366 13572 4.5503 0.8168 0.007258
240.00 C 20260731 -1.00 -1.00 5783 22841 1.5849 0.9877 0.002487
242.50 C 20260731 -1.00 -1.00 1214 2801 1.4416 0.9867 0.002922
245.00 C 20260731 -1.00 -1.00 8250 16582 1.2998 0.9854 0.003490
247.50 C 20260731 -1.00 -1.00 1379 11629 1.1595 0.9839 0.004255
250.00 C 20260731 -1.00 -1.00 22351 31166 3.3121 0.7541 0.011830
252.50 C 20260731 -1.00 -1.00 3459 6065 1.0517 0.9568 0.010737
255.00 C 20260731 -1.00 -1.00 16974 18146 0.8019 0.9687 0.010952
257.50 C 20260731 -1.00 -1.00 1971 3920 0.7081 0.9474 0.018752
260.00 C 20260731 -1.00 -1.00 23477 26476 2.2039 0.6585 0.021009
262.50 C 20260731 -1.00 -1.00 5402 8746 0.5446 0.8236 0.058926
265.00 C 20260731 -1.00 -1.00 59045 40679 0.5093 0.6506 0.091667
267.50 C 20260731 -1.00 -1.00 27210 4929 0.4812 0.4062 0.100235
270.00 C 20260731 -1.00 -1.00 92403 22667 0.4896 0.1960 0.070114
272.50 C 20260731 -1.00 -1.00 39409 4138 0.5190 0.0803 0.035640
275.00 C 20260731 -1.00 -1.00 44761 13245 0.8087 0.1044 0.027674
277.50 C 20260731 -1.00 -1.00 30959 1456 0.8099 0.0518 0.016144
280.00 C 20260731 -1.00 -1.00 41398 33690 0.7321 0.0120 0.005315
282.50 C 20260731 -1.00 -1.00 2937 787 0.7845 0.0070 0.003028
285.00 C 20260731 -1.00 -1.00 7403 5652 0.9449 0.0095 0.003301
287.50 C 20260731 -1.00 -1.00 940 734 0.9958 0.0057 0.001978
290.00 C 20260731 -1.00 -1.00 2561 5109 1.1001 0.0052 0.001661
292.50 C 20260731 -1.00 -1.00 589 834 1.2035 0.0048 0.001422
295.00 C 20260731 -1.00 -1.00 427 2822 1.3060 0.0045 0.001236
297.50 C 20260731 -1.00 -1.00 253 156 1.4020 0.0042 0.001088
300.00 C 20260731 -1.00 -1.00 1114 5684 1.4912 0.0040 0.000967
302.50 C 20260731 -1.00 -1.00 47 100 1.5796 0.0037 0.000867
305.00 C 20260731 -1.00 -1.00 217 1850 1.7601 0.0054 0.001077
307.50 C 20260731 -1.00 -1.00 65 40 2.0936 0.0119 0.001834
310.00 C 20260731 -1.00 -1.00 14 394 2.0597 0.0080 0.001297
312.50 C 20260731 -1.00 -1.00 154 458 2.9564 0.0406 0.003644
315.00 C 20260731 -1.00 -1.00 13 856 2.0112 0.0030 0.000550
320.00 C 20260731 -1.00 -1.00 18 283 2.1791 0.0028 0.000473
325.00 C 20260731 -1.00 -1.00 2 283 2.9054 0.0123 0.001360
330.00 C 20260731 -1.00 -1.00 2 26 3.2481 0.0156 0.001485
335.00 C 20260731 -1.00 -1.00 5 22 3.2139 0.0102 0.001030
340.00 C 20260731 -1.00 -1.00 2 31 3.2403 0.0069 0.000727
197.50 P 20260731 -1.00 -1.00 312 2723 3.4965 -0.0017 0.000190
200.00 P 20260731 -1.00 -1.00 2087 16191 3.6277 -0.0032 0.000327
202.50 P 20260731 -1.00 -1.00 485 3983 3.2240 -0.0018 0.000221
205.00 P 20260731 -1.00 -1.00 796 7901 3.0903 -0.0019 0.000239
207.50 P 20260731 -1.00 -1.00 488 2244 2.9582 -0.0020 0.000260
210.00 P 20260731 -1.00 -1.00 1598 10575 2.8277 -0.0021 0.000283
212.50 P 20260731 -1.00 -1.00 917 6628 2.6988 -0.0022 0.000309
215.00 P 20260731 -1.00 -1.00 2021 9597 2.5714 -0.0023 0.000338
217.50 P 20260731 -1.00 -1.00 626 2123 2.4455 -0.0024 0.000372
220.00 P 20260731 -1.00 -1.00 6104 9527 2.3210 -0.0025 0.000411
222.50 P 20260731 -1.00 -1.00 566 1987 2.1980 -0.0027 0.000456
225.00 P 20260731 -1.00 -1.00 3505 7927 2.0763 -0.0028 0.000508
227.50 P 20260731 -1.00 -1.00 2080 6932 1.9560 -0.0030 0.000569
230.00 P 20260731 -1.00 -1.00 2672 8538 1.8370 -0.0032 0.000642
232.50 P 20260731 -1.00 -1.00 883 2852 1.7193 -0.0034 0.000729
235.00 P 20260731 -1.00 -1.00 1068 6353 1.6029 -0.0036 0.000834
237.50 P 20260731 -1.00 -1.00 1109 4921 1.4832 -0.0039 0.000963
240.00 P 20260731 -1.00 -1.00 1371 6434 1.3563 -0.0042 0.001125
242.50 P 20260731 -1.00 -1.00 1233 516 1.2306 -0.0046 0.001335
245.00 P 20260731 -1.00 -1.00 2260 2091 1.1062 -0.0051 0.001612
247.50 P 20260731 -1.00 -1.00 565 462 0.9831 -0.0056 0.001991
250.00 P 20260731 -1.00 -1.00 2117 2636 0.8613 -0.0063 0.002528
252.50 P 20260731 -1.00 -1.00 2789 468 0.7986 -0.0110 0.004488
255.00 P 20260731 -1.00 -1.00 5805 1920 0.6944 -0.0167 0.007319
257.50 P 20260731 -1.00 -1.00 8540 393 0.6268 -0.0320 0.014244
260.00 P 20260731 -1.00 -1.00 37786 1194 0.5691 -0.0717 0.029986
262.50 P 20260731 -1.00 -1.00 14109 186 0.5136 -0.1620 0.059197
265.00 P 20260731 -1.00 -1.00 31690 55 0.4874 -0.3439 0.094979
267.50 P 20260731 -1.00 -1.00 15460 111 0.4652 -0.5974 0.103575
270.00 P 20260731 -1.00 -1.00 21217 366 0.4586 -0.8201 0.070994
272.50 P 20260731 -1.00 -1.00 2916 51 0.5099 -0.9247 0.034946
275.00 P 20260731 -1.00 -1.00 2972 449 -1.0000 -1.0000 -1.000000
277.50 P 20260731 -1.00 -1.00 100 107 -1.0000 -1.0000 -1.000000
280.00 P 20260731 -1.00 -1.00 133 282 -1.0000 -1.0000 -1.000000
282.50 P 20260731 -1.00 -1.00 54 75 -1.0000 -1.0000 -1.000000
285.00 P 20260731 -1.00 -1.00 32 0 -1.0000 -1.0000 -1.000000
287.50 P 20260731 -1.00 -1.00 10 10 -1.0000 -1.0000 -1.000000
290.00 P 20260731 -1.00 -1.00 23 50 -1.0000 -1.0000 -1.000000
292.50 P 20260731 -1.00 -1.00 1 20 -1.0000 -1.0000 -1.000000
295.00 P 20260731 -1.00 -1.00 29 30 -1.0000 -1.0000 -1.000000
297.50 P 20260731 -1.00 -1.00 50 5 -1.0000 -1.0000 -1.000000
300.00 P 20260731 -1.00 -1.00 5 14 1.4778 -0.9966 0.000942
302.50 P 20260731 -1.00 -1.00 20 0 -1.0000 -1.0000 -1.000000
305.00 P 20260731 -1.00 -1.00 5 0 2.3395 -0.9704 0.003582
307.50 P 20260731 -1.00 -1.00 1 1 -1.0000 -1.0000 -1.000000
310.00 P 20260731 -1.00 -1.00 1 8 -1.0000 -1.0000 -1.000000
312.50 P 20260731 -1.00 -1.00 3 0 2.1316 -0.9932 0.001122
315.00 P 20260731 -1.00 -1.00 40 0 -1.0000 -1.0000 -1.000000
320.00 P 20260731 -1.00 -1.00 110 0 -1.0000 -1.0000 -1.000000
325.00 P 20260731 -1.00 -1.00 2 0 -1.0000 -1.0000 -1.000000
330.00 P 20260731 -1.00 -1.00 10 0 -1.0000 -1.0000 -1.000000
335.00 P 20260731 -1.00 -1.00 -1 0 -1.0000 -1.0000 -1.000000
340.00 P 20260731 -1.00 -1.00 -1 0 -1.0000 -1.0000 -1.000000
197.50 C 20260803 -1.00 -1.00 80 20 1.1665 0.9975 0.000262
200.00 C 20260803 -1.00 -1.00 341 279 0.0006 1.0000 -0.000000
202.50 C 20260803 -1.00 -1.00 330 7 2.6342 0.8915 0.002830
205.00 C 20260803 -1.00 -1.00 295 39 1.0220 0.9974 0.000305
207.50 C 20260803 -1.00 -1.00 1590 15 0.9750 0.9974 0.000322
210.00 C 20260803 -1.00 -1.00 833 161 0.0006 1.0000 0.000000
212.50 C 20260803 -1.00 -1.00 369 3 0.8828 0.9973 0.000361
215.00 C 20260803 -1.00 -1.00 295 49 0.9143 0.9945 0.000663
217.50 C 20260803 -1.00 -1.00 202 31 2.2308 0.8559 0.004014
220.00 C 20260803 -1.00 -1.00 1299 75 0.7484 0.9973 0.000436
222.50 C 20260803 -1.00 -1.00 38 119 0.7047 0.9973 0.000467
225.00 C 20260803 -1.00 -1.00 221 163 0.0006 1.0000 0.000000
227.50 C 20260803 -1.00 -1.00 14 69 0.0006 1.0000 -0.000000
230.00 C 20260803 -1.00 -1.00 79 743 0.0006 1.0000 -0.000000
232.50 C 20260803 -1.00 -1.00 159 377 0.6473 0.9893 0.001725
235.00 C 20260803 -1.00 -1.00 1069 964 0.0006 1.0000 0.000000
237.50 C 20260803 -1.00 -1.00 684 2209 0.0006 1.0000 0.000000
240.00 C 20260803 -1.00 -1.00 579 894 0.4116 0.9971 0.000853
242.50 C 20260803 -1.00 -1.00 157 818 0.6644 0.9392 0.007219
245.00 C 20260803 -1.00 -1.00 615 638 0.5913 0.9391 0.008118
247.50 C 20260803 -1.00 -1.00 1070 459 0.4382 0.9656 0.006848
250.00 C 20260803 -1.00 -1.00 3057 3863 0.4171 0.9497 0.009772
252.50 C 20260803 -1.00 -1.00 815 245 0.3982 0.9287 0.013567
255.00 C 20260803 -1.00 -1.00 2462 914 0.3796 0.8943 0.019026
257.50 C 20260803 -1.00 -1.00 574 561 0.3696 0.8424 0.025740
260.00 C 20260803 -1.00 -1.00 2126 2494 0.3596 0.7760 0.033374
262.50 C 20260803 -1.00 -1.00 323 318 0.3810 0.6729 0.037800
265.00 C 20260803 -1.00 -1.00 5975 4285 0.3427 0.5801 0.045111
267.50 C 20260803 -1.00 -1.00 3092 470 0.3462 0.4673 0.045569
270.00 C 20260803 -1.00 -1.00 13718 2097 0.3526 0.3592 0.042524
272.50 C 20260803 -1.00 -1.00 9086 736 0.3526 0.2633 0.036769
275.00 C 20260803 -1.00 -1.00 7743 1670 0.3530 0.1843 0.029762
277.50 C 20260803 -1.00 -1.00 4873 179 0.3580 0.1233 0.022600
280.00 C 20260803 -1.00 -1.00 5124 894 0.3606 0.0774 0.015963
282.50 C 20260803 -1.00 -1.00 2313 40 0.3650 0.0497 0.011024
285.00 C 20260803 -1.00 -1.00 1237 414 0.3766 0.0308 0.007324
287.50 C 20260803 -1.00 -1.00 439 83 0.3783 0.0182 0.004622
290.00 C 20260803 -1.00 -1.00 1005 427 0.4523 0.0261 0.005252
292.50 C 20260803 -1.00 -1.00 193 130 0.4163 0.0096 0.002412
295.00 C 20260803 -1.00 -1.00 654 533 0.4322 0.0068 0.001707
297.50 C 20260803 -1.00 -1.00 10 21 0.4563 0.0053 0.001305
300.00 C 20260803 -1.00 -1.00 1553 538 0.4967 0.0060 0.001333
302.50 C 20260803 -1.00 -1.00 44 10 0.5285 0.0057 0.001196
305.00 C 20260803 -1.00 -1.00 28 23 0.5300 0.0036 0.000785
310.00 C 20260803 -1.00 -1.00 221 27 0.5853 0.0032 0.000651
315.00 C 20260803 -1.00 -1.00 16 6 0.6398 0.0030 0.000551
320.00 C 20260803 -1.00 -1.00 215 7 0.6933 0.0028 0.000474
197.50 P 20260803 -1.00 -1.00 74 129 1.2382 -0.0039 0.000363
200.00 P 20260803 -1.00 -1.00 93 1116 1.1997 -0.0044 0.000420
202.50 P 20260803 -1.00 -1.00 265 233 1.8029 -0.0454 0.002087
205.00 P 20260803 -1.00 -1.00 37 328 1.0139 -0.0024 0.000291
207.50 P 20260803 -1.00 -1.00 5 104 1.8471 -0.0637 0.002680
210.00 P 20260803 -1.00 -1.00 98 2819 0.9893 -0.0042 0.000490
212.50 P 20260803 -1.00 -1.00 37 282 0.8609 -0.0022 0.000308
215.00 P 20260803 -1.00 -1.00 178 2099 0.8203 -0.0023 0.000338
217.50 P 20260803 -1.00 -1.00 62 217 0.9032 -0.0075 0.000892
220.00 P 20260803 -1.00 -1.00 585 1651 0.7887 -0.0038 0.000570
222.50 P 20260803 -1.00 -1.00 100 174 0.7288 -0.0034 0.000549
225.00 P 20260803 -1.00 -1.00 116 751 0.6628 -0.0028 0.000507
227.50 P 20260803 -1.00 -1.00 42 540 0.6245 -0.0030 0.000568
230.00 P 20260803 -1.00 -1.00 350 683 0.5867 -0.0032 0.000640
232.50 P 20260803 -1.00 -1.00 62 965 0.5651 -0.0043 0.000869
235.00 P 20260803 -1.00 -1.00 220 4089 0.5334 -0.0055 0.001143
237.50 P 20260803 -1.00 -1.00 284 464 0.5311 -0.0095 0.001884
240.00 P 20260803 -1.00 -1.00 622 499 0.5043 -0.0120 0.002438
242.50 P 20260803 -1.00 -1.00 137 103 0.4752 -0.0165 0.003381
245.00 P 20260803 -1.00 -1.00 737 136 0.4504 -0.0225 0.004666
247.50 P 20260803 -1.00 -1.00 2073 71 0.4332 -0.0325 0.006628
250.00 P 20260803 -1.00 -1.00 844 92 0.3702 -0.0306 0.007414
252.50 P 20260803 -1.00 -1.00 431 71 0.3957 -0.0699 0.013469
255.00 P 20260803 -1.00 -1.00 2266 56 0.3739 -0.1026 0.018892
257.50 P 20260803 -1.00 -1.00 934 45 0.3077 -0.1141 0.024922
260.00 P 20260803 -1.00 -1.00 2138 191 0.3118 -0.1952 0.035124
262.50 P 20260803 -1.00 -1.00 1219 85 0.2294 -0.2339 0.053424
265.00 P 20260803 -1.00 -1.00 6356 84 0.3402 -0.4202 0.045543
267.50 P 20260803 -1.00 -1.00 3035 62 0.3479 -0.5335 0.045473
270.00 P 20260803 -1.00 -1.00 6342 492 0.3514 -0.6427 0.042786
272.50 P 20260803 -1.00 -1.00 1184 148 0.3513 -0.7393 0.037044
275.00 P 20260803 -1.00 -1.00 720 607 0.3499 -0.8202 0.030010
277.50 P 20260803 -1.00 -1.00 1186 126 0.3466 -0.8866 0.022549
280.00 P 20260803 -1.00 -1.00 465 494 0.3554 -0.9299 0.015899
282.50 P 20260803 -1.00 -1.00 924 513 0.3319 -0.9725 0.009015
285.00 P 20260803 -1.00 -1.00 1456 331 -1.0000 -1.0000 -1.000000
287.50 P 20260803 -1.00 -1.00 1050 37 -1.0000 -1.0000 -1.000000
290.00 P 20260803 -1.00 -1.00 400 964 -1.0000 -1.0000 -1.000000
292.50 P 20260803 -1.00 -1.00 34 143 -1.0000 -1.0000 -1.000000
295.00 P 20260803 -1.00 -1.00 200 504 -1.0000 -1.0000 -1.000000
297.50 P 20260803 -1.00 -1.00 200 56 -1.0000 -1.0000 -1.000000
300.00 P 20260803 -1.00 -1.00 10 505 0.6935 -0.9640 0.004785
302.50 P 20260803 -1.00 -1.00 37 20 -1.0000 -1.0000 -1.000000
305.00 P 20260803 -1.00 -1.00 230 16 -1.0000 -1.0000 -1.000000
310.00 P 20260803 -1.00 -1.00 569 48 -1.0000 -1.0000 -1.000000
315.00 P 20260803 -1.00 -1.00 65 125 0.9652 -0.9654 0.003290
320.00 P 20260803 -1.00 -1.00 129 0 -1.0000 -1.0000 -1.000000
197.50 C 20260805 -1.00 -1.00 20 8 1.4505 0.9649 0.001655
200.00 C 20260805 -1.00 -1.00 560 36 1.2835 0.9755 0.001407
202.50 C 20260805 -1.00 -1.00 420 15 0.7724 0.9991 0.000127
205.00 C 20260805 -1.00 -1.00 260 61 0.0008 1.0000 0.000000
207.50 C 20260805 -1.00 -1.00 100 10 0.8914 0.9922 0.000747
210.00 C 20260805 -1.00 -1.00 11 37 1.1264 0.9672 0.002025
212.50 C 20260805 -1.00 -1.00 1 1 0.8716 0.9877 0.001134
215.00 C 20260805 -1.00 -1.00 38 35 0.8297 0.9873 0.001226
217.50 C 20260805 -1.00 -1.00 1 5 0.8224 0.9829 0.001592
220.00 C 20260805 -1.00 -1.00 55 87 0.7644 0.9842 0.001599
222.50 C 20260805 -1.00 -1.00 11 21 0.6229 0.9933 0.000922
225.00 C 20260805 -1.00 -1.00 7 44 1.4736 0.8516 0.004901
227.50 C 20260805 -1.00 -1.00 117 24 1.4273 0.8430 0.005255
230.00 C 20260805 -1.00 -1.00 108 290 1.3530 0.8379 0.005662
232.50 C 20260805 -1.00 -1.00 146 173 0.5829 0.9774 0.002867
235.00 C 20260805 -1.00 -1.00 206 219 0.5445 0.9761 0.003227
237.50 C 20260805 -1.00 -1.00 113 131 0.4574 0.9840 0.002696
240.00 C 20260805 -1.00 -1.00 877 416 0.4964 0.9643 0.004914
242.50 C 20260805 -1.00 -1.00 62 82 0.4381 0.9677 0.005158
245.00 C 20260805 -1.00 -1.00 199 401 0.4610 0.9416 0.007952
247.50 C 20260805 -1.00 -1.00 113 179 0.9193 0.7676 0.010446
250.00 C 20260805 -1.00 -1.00 433 1012 0.3903 0.9190 0.011985
252.50 C 20260805 -1.00 -1.00 160 267 0.3982 0.8796 0.015912
255.00 C 20260805 -1.00 -1.00 157 591 0.3880 0.8359 0.019897
257.50 C 20260805 -1.00 -1.00 56 196 0.3716 0.7906 0.024471
260.00 C 20260805 -1.00 -1.00 1129 1086 0.3586 0.7276 0.028952
262.50 C 20260805 -1.00 -1.00 143 262 0.3637 0.6498 0.032298
265.00 C 20260805 -1.00 -1.00 1336 378 0.3613 0.5657 0.034120
267.50 C 20260805 -1.00 -1.00 1077 76 0.5359 0.4941 0.023481
270.00 C 20260805 -1.00 -1.00 2579 449 0.3586 0.3951 0.033798
272.50 C 20260805 -1.00 -1.00 860 1904 0.3590 0.3174 0.031069
275.00 C 20260805 -1.00 -1.00 1347 268 0.3640 0.2466 0.027428
277.50 C 20260805 -1.00 -1.00 827 295 0.3625 0.1880 0.023206
280.00 C 20260805 -1.00 -1.00 1283 353 0.3727 0.1405 0.018968
282.50 C 20260805 -1.00 -1.00 329 36 0.4604 0.1546 0.016224
285.00 C 20260805 -1.00 -1.00 670 239 0.3662 0.0670 0.011132
287.50 C 20260805 -1.00 -1.00 112 16 0.3937 0.0587 0.009268
290.00 C 20260805 -1.00 -1.00 194 65 0.4023 0.0432 0.007073
292.50 C 20260805 -1.00 -1.00 16 14 0.4222 0.0338 0.005596
295.00 C 20260805 -1.00 -1.00 55 48 0.3932 0.0163 0.003209
297.50 C 20260805 -1.00 -1.00 11 2 0.4392 0.0200 0.003397
300.00 C 20260805 -1.00 -1.00 138 194 0.4380 0.0122 0.002262
302.50 C 20260805 -1.00 -1.00 1 3 0.4854 0.0152 0.002455
305.00 C 20260805 -1.00 -1.00 3 3 0.4879 0.0111 0.001850
310.00 C 20260805 -1.00 -1.00 -1 0 0.5563 0.0121 0.001761
315.00 C 20260805 -1.00 -1.00 1 5 0.6045 0.0112 0.001509
320.00 C 20260805 -1.00 -1.00 1 3 0.6837 0.0131 0.001543
325.00 C 20260805 -1.00 -1.00 2 1 0.6984 0.0098 0.001156
197.50 P 20260805 -1.00 -1.00 27 29 1.4506 -0.0351 0.001656
200.00 P 20260805 -1.00 -1.00 109 1026 0.9161 -0.0032 0.000326
202.50 P 20260805 -1.00 -1.00 132 130 0.8362 -0.0023 0.000269
205.00 P 20260805 -1.00 -1.00 26 70 0.8567 -0.0039 0.000416
207.50 P 20260805 -1.00 -1.00 9 130 0.8276 -0.0045 0.000490
210.00 P 20260805 -1.00 -1.00 108 394 0.7138 -0.0021 0.000282
212.50 P 20260805 -1.00 -1.00 40 76 0.7383 -0.0039 0.000484
215.00 P 20260805 -1.00 -1.00 145 219 0.7025 -0.0041 0.000528
217.50 P 20260805 -1.00 -1.00 13 128 0.6396 -0.0031 0.000450
220.00 P 20260805 -1.00 -1.00 41 281 0.6399 -0.0051 0.000702
222.50 P 20260805 -1.00 -1.00 4 21 0.6211 -0.0065 0.000909
225.00 P 20260805 -1.00 -1.00 137 827 0.6025 -0.0081 0.001140
227.50 P 20260805 -1.00 -1.00 17 125 0.5684 -0.0086 0.001271
230.00 P 20260805 -1.00 -1.00 178 435 0.5426 -0.0097 0.001497
232.50 P 20260805 -1.00 -1.00 61 158 0.5261 -0.0129 0.001968
235.00 P 20260805 -1.00 -1.00 145 492 0.4922 -0.0145 0.002309
237.50 P 20260805 -1.00 -1.00 25 265 0.4816 -0.0209 0.003231
240.00 P 20260805 -1.00 -1.00 167 158 0.4450 -0.0225 0.003731
242.50 P 20260805 -1.00 -1.00 6 46 0.4525 -0.0377 0.005641
245.00 P 20260805 -1.00 -1.00 32 56 0.4096 -0.0404 0.006583
247.50 P 20260805 -1.00 -1.00 94 51 0.4058 -0.0588 0.009091
250.00 P 20260805 -1.00 -1.00 1769 91 0.3890 -0.0804 0.011964
252.50 P 20260805 -1.00 -1.00 44 17 0.3788 -0.1109 0.015679
255.00 P 20260805 -1.00 -1.00 1262 63 0.3704 -0.1531 0.019956
257.50 P 20260805 -1.00 -1.00 387 3 0.3500 -0.1977 0.024985
260.00 P 20260805 -1.00 -1.00 891 152 0.3618 -0.2747 0.028848
262.50 P 20260805 -1.00 -1.00 654 23 0.3391 -0.3417 0.034479
265.00 P 20260805 -1.00 -1.00 584 59 0.3510 -0.4339 0.035199
267.50 P 20260805 -1.00 -1.00 229 58 0.3494 -0.5218 0.035983
270.00 P 20260805 -1.00 -1.00 457 124 0.3171 -0.6228 0.038193
272.50 P 20260805 -1.00 -1.00 93 125 0.3556 -0.6863 0.031454
275.00 P 20260805 -1.00 -1.00 20 132 0.3616 -0.7576 0.027732
277.50 P 20260805 -1.00 -1.00 24 81 0.3600 -0.8166 0.023448
280.00 P 20260805 -1.00 -1.00 248 827 0.3558 -0.8729 0.019032
282.50 P 20260805 -1.00 -1.00 194 75 0.3630 -0.9064 0.015051
285.00 P 20260805 -1.00 -1.00 44 321 -1.0000 -1.0000 -1.000000
287.50 P 20260805 -1.00 -1.00 60 16 0.3484 -0.9698 0.007474
290.00 P 20260805 -1.00 -1.00 243 356 -1.0000 -1.0000 -1.000000
292.50 P 20260805 -1.00 -1.00 260 31 -1.0000 -1.0000 -1.000000
295.00 P 20260805 -1.00 -1.00 40 158 -1.0000 -1.0000 -1.000000
297.50 P 20260805 -1.00 -1.00 4 29 -1.0000 -1.0000 -1.000000
300.00 P 20260805 -1.00 -1.00 30 924 -1.0000 -1.0000 -1.000000
302.50 P 20260805 -1.00 -1.00 160 48 -1.0000 -1.0000 -1.000000
305.00 P 20260805 -1.00 -1.00 60 70 -1.0000 -1.0000 -1.000000
310.00 P 20260805 -1.00 -1.00 90 30 -1.0000 -1.0000 -1.000000
315.00 P 20260805 -1.00 -1.00 10 22 -1.0000 -1.0000 -1.000000
320.00 P 20260805 -1.00 -1.00 521 15 -1.0000 -1.0000 -1.000000
325.00 P 20260805 -1.00 -1.00 30 40 -1.0000 -1.0000 -1.000000
197.50 C 20260807 -1.00 -1.00 90 19 0.9738 0.9892 0.000780
200.00 C 20260807 -1.00 -1.00 265 360 0.9350 0.9889 0.000829
202.50 C 20260807 -1.00 -1.00 210 70 0.8426 0.9919 0.000697
205.00 C 20260807 -1.00 -1.00 260 112 0.8739 0.9867 0.001031
207.50 C 20260807 -1.00 -1.00 80 0 0.8066 0.9897 0.000909
210.00 C 20260807 -1.00 -1.00 470 163 1.7044 0.8672 0.003355
212.50 C 20260807 -1.00 -1.00 1 11 0.7335 0.9891 0.001046
215.00 C 20260807 -1.00 -1.00 138 223 0.7854 0.9780 0.001774
217.50 C 20260807 -1.00 -1.00 3 9 0.7349 0.9788 0.001831
220.00 C 20260807 -1.00 -1.00 670 819 0.6705 0.9817 0.001764
222.50 C 20260807 -1.00 -1.00 4 41 0.6788 0.9752 0.002283
225.00 C 20260807 -1.00 -1.00 309 294 1.2611 0.8512 0.004894
227.50 C 20260807 -1.00 -1.00 13 146 0.5383 0.9840 0.001960
230.00 C 20260807 -1.00 -1.00 968 1410 1.2504 0.8228 0.005558
232.50 C 20260807 -1.00 -1.00 132 2318 0.6336 0.9443 0.004750
235.00 C 20260807 -1.00 -1.00 726 3123 1.0496 0.8229 0.006611
237.50 C 20260807 -1.00 -1.00 321 548 0.5029 0.9527 0.005206
240.00 C 20260807 -1.00 -1.00 2109 4765 0.4385 0.9590 0.005309
242.50 C 20260807 -1.00 -1.00 278 567 0.4509 0.9391 0.007193
245.00 C 20260807 -1.00 -1.00 833 2998 0.4235 0.9277 0.008670
247.50 C 20260807 -1.00 -1.00 444 455 0.4140 0.9042 0.010918
250.00 C 20260807 -1.00 -1.00 3364 6828 0.3810 0.8911 0.013103
252.50 C 20260807 -1.00 -1.00 171 365 0.3770 0.8548 0.016158
255.00 C 20260807 -1.00 -1.00 1790 4093 0.3810 0.8057 0.019351
257.50 C 20260807 -1.00 -1.00 486 821 0.6211 0.6726 0.015703
260.00 C 20260807 -1.00 -1.00 6243 5252 0.3595 0.7006 0.025832
262.50 C 20260807 -1.00 -1.00 513 612 0.3571 0.6342 0.028296
265.00 C 20260807 -1.00 -1.00 3141 5676 0.5230 0.5494 0.020314
267.50 C 20260807 -1.00 -1.00 2100 291 0.3553 0.4874 0.030140
270.00 C 20260807 -1.00 -1.00 14925 5795 0.3658 0.4170 0.028518
272.50 C 20260807 -1.00 -1.00 6827 393 0.3552 0.3443 0.027822
275.00 C 20260807 -1.00 -1.00 8114 3881 0.4488 0.3273 0.021490
277.50 C 20260807 -1.00 -1.00 2250 67 0.3556 0.2224 0.022485
280.00 C 20260807 -1.00 -1.00 11962 3714 0.3556 0.1737 0.019207
282.50 C 20260807 -1.00 -1.00 2887 83 0.3605 0.1332 0.016047
285.00 C 20260807 -1.00 -1.00 8219 4239 0.3776 0.1125 0.013455
290.00 C 20260807 -1.00 -1.00 2486 3224 0.3681 0.0564 0.008178
295.00 C 20260807 -1.00 -1.00 1328 1141 0.4199 0.0471 0.006190
300.00 C 20260807 -1.00 -1.00 6210 4048 0.3940 0.0175 0.002891
305.00 C 20260807 -1.00 -1.00 417 308 0.4100 0.0103 0.001763
310.00 C 20260807 -1.00 -1.00 141 224 0.4302 0.0065 0.001115
315.00 C 20260807 -1.00 -1.00 164 31 0.4603 0.0046 0.000771
320.00 C 20260807 -1.00 -1.00 28 86 0.4815 0.0035 0.000578
325.00 C 20260807 -1.00 -1.00 78 106 0.5024 0.0026 0.000415
330.00 C 20260807 -1.00 -1.00 160 54 0.5375 0.0024 0.000366
335.00 C 20260807 -1.00 -1.00 3 6 0.5721 0.0023 0.000327
340.00 C 20260807 -1.00 -1.00 3 31 0.6061 0.0022 0.000294
197.50 P 20260807 -1.00 -1.00 4 404 0.8429 -0.0042 0.000390
200.00 P 20260807 -1.00 -1.00 1796 1856 0.7624 -0.0027 0.000290
202.50 P 20260807 -1.00 -1.00 10 338 0.7526 -0.0033 0.000351
205.00 P 20260807 -1.00 -1.00 189 1106 0.7310 -0.0039 0.000416
207.50 P 20260807 -1.00 -1.00 30 189 0.6923 -0.0036 0.000409
210.00 P 20260807 -1.00 -1.00 464 1391 0.6818 -0.0052 0.000572
212.50 P 20260807 -1.00 -1.00 97 655 0.6853 -0.0077 0.000818
215.00 P 20260807 -1.00 -1.00 623 1926 0.6338 -0.0066 0.000771
217.50 P 20260807 -1.00 -1.00 85 488 0.5966 -0.0064 0.000797
220.00 P 20260807 -1.00 -1.00 3434 4603 0.6006 -0.0094 0.001113
222.50 P 20260807 -1.00 -1.00 103 255 0.5505 -0.0083 0.001080
225.00 P 20260807 -1.00 -1.00 1547 2483 0.5551 -0.0124 0.001538
227.50 P 20260807 -1.00 -1.00 102 607 0.5337 -0.0152 0.001893
230.00 P 20260807 -1.00 -1.00 5925 6920 0.5069 -0.0172 0.002212
232.50 P 20260807 -1.00 -1.00 244 632 0.4945 -0.0220 0.002815
235.00 P 20260807 -1.00 -1.00 997 780 0.4739 -0.0256 0.003357
237.50 P 20260807 -1.00 -1.00 408 416 0.4550 -0.0315 0.004152
240.00 P 20260807 -1.00 -1.00 1071 3303 0.4317 -0.0386 0.005137
242.50 P 20260807 -1.00 -1.00 469 253 0.4059 -0.0455 0.006243
245.00 P 20260807 -1.00 -1.00 4135 1173 0.4065 -0.0628 0.008201
247.50 P 20260807 -1.00 -1.00 440 124 0.3864 -0.0810 0.010330
250.00 P 20260807 -1.00 -1.00 10381 1662 0.3774 -0.1072 0.013074
252.50 P 20260807 -1.00 -1.00 585 29 0.3200 -0.1083 0.015545
255.00 P 20260807 -1.00 -1.00 2627 184 0.3618 -0.1838 0.019634
257.50 P 20260807 -1.00 -1.00 1212 33 0.3624 -0.2378 0.022938
260.00 P 20260807 -1.00 -1.00 4341 477 0.3549 -0.2980 0.026149
262.50 P 20260807 -1.00 -1.00 1175 109 0.3550 -0.3662 0.028551
265.00 P 20260807 -1.00 -1.00 2553 440 0.3513 -0.4397 0.030132
267.50 P 20260807 -1.00 -1.00 1819 22 0.3497 -0.5148 0.030755
270.00 P 20260807 -1.00 -1.00 3175 541 0.3486 -0.5900 0.030029
272.50 P 20260807 -1.00 -1.00 1329 38 0.3526 -0.6593 0.028159
275.00 P 20260807 -1.00 -1.00 314 600 -1.0000 -1.0000 -1.000000
277.50 P 20260807 -1.00 -1.00 21 0 0.3492 -0.7850 0.022848
280.00 P 20260807 -1.00 -1.00 244 469 -1.0000 -1.0000 -1.000000
282.50 P 20260807 -1.00 -1.00 160 100 0.3435 -0.8819 0.016102
285.00 P 20260807 -1.00 -1.00 3 743 0.3417 -0.9178 0.012747
290.00 P 20260807 -1.00 -1.00 138 318 0.3324 -0.9703 0.006883
295.00 P 20260807 -1.00 -1.00 41 317 -1.0000 -1.0000 -1.000000
300.00 P 20260807 -1.00 -1.00 61 462 0.5015 -0.9524 0.005775
305.00 P 20260807 -1.00 -1.00 10 314 -1.0000 -1.0000 -1.000000
310.00 P 20260807 -1.00 -1.00 1714 251 -1.0000 -1.0000 -1.000000
315.00 P 20260807 -1.00 -1.00 24 43 -1.0000 -1.0000 -1.000000
320.00 P 20260807 -1.00 -1.00 738 50 -1.0000 -1.0000 -1.000000
325.00 P 20260807 -1.00 -1.00 160 28 -1.0000 -1.0000 -1.000000
330.00 P 20260807 -1.00 -1.00 295 2 -1.0000 -1.0000 -1.000000
335.00 P 20260807 -1.00 -1.00 100 0 -1.0000 -1.0000 -1.000000
340.00 P 20260807 -1.00 -1.00 530 0 0.7153 -0.9962 0.000862
197.50 C 20260810 -1.00 -1.00 30 0 0.7297 0.9946 0.000470
200.00 C 20260810 -1.00 -1.00 51 22 0.7288 0.9927 0.000612
202.50 C 20260810 -1.00 -1.00 10 10 1.0448 0.9524 0.002131
205.00 C 20260810 -1.00 -1.00 50 70 0.6675 0.9926 0.000683
207.50 C 20260810 -1.00 -1.00 -1 0 1.0488 0.9370 0.002660
210.00 C 20260810 -1.00 -1.00 32 61 0.6078 0.9924 0.000769
212.50 C 20260810 -1.00 -1.00 -1 0 0.5785 0.9923 0.000818
215.00 C 20260810 -1.00 -1.00 45 35 0.9529 0.9239 0.003363
217.50 C 20260810 -1.00 -1.00 1 1 0.5631 0.9876 0.001275
220.00 C 20260810 -1.00 -1.00 21 12 0.5946 0.9774 0.002025
222.50 C 20260810 -1.00 -1.00 15 15 0.0011 1.0000 0.000000
225.00 C 20260810 -1.00 -1.00 74 28 0.5554 0.9718 0.002627
227.50 C 20260810 -1.00 -1.00 4 5 0.5228 0.9705 0.002887
230.00 C 20260810 -1.00 -1.00 11 58 0.4651 0.9754 0.002791
232.50 C 20260810 -1.00 -1.00 7 55 0.4526 0.9697 0.003411
235.00 C 20260810 -1.00 -1.00 57 100 0.4270 0.9657 0.003977
237.50 C 20260810 -1.00 -1.00 90 505 0.4137 0.9567 0.004953
240.00 C 20260810 -1.00 -1.00 182 229 0.3591 0.9639 0.004927
242.50 C 20260810 -1.00 -1.00 33 20 0.3862 0.9370 0.007277
245.00 C 20260810 -1.00 -1.00 96 90 0.3646 0.9235 0.008834
247.50 C 20260810 -1.00 -1.00 22 27 0.3499 0.9044 0.010872
250.00 C 20260810 -1.00 -1.00 68 175 0.3188 0.8935 0.012978
252.50 C 20260810 -1.00 -1.00 9 92 0.3319 0.8451 0.016099
255.00 C 20260810 -1.00 -1.00 124 87 0.3419 0.7945 0.018898
257.50 C 20260810 -1.00 -1.00 31 66 0.3350 0.7448 0.021560
260.00 C 20260810 -1.00 -1.00 213 331 0.3323 0.6882 0.024065
262.50 C 20260810 -1.00 -1.00 25 50 0.3523 0.6197 0.024355
265.00 C 20260810 -1.00 -1.00 135 189 0.3264 0.5598 0.027257
267.50 C 20260810 -1.00 -1.00 170 21 0.3267 0.4923 0.027640
270.00 C 20260810 -1.00 -1.00 407 130 0.3440 0.4300 0.025675
272.50 C 20260810 -1.00 -1.00 154 5 0.3264 0.3595 0.026035
275.00 C 20260810 -1.00 -1.00 538 96 0.3218 0.2978 0.024180
277.50 C 20260810 -1.00 -1.00 136 2 0.3247 0.2412 0.021892
280.00 C 20260810 -1.00 -1.00 5525 1039 0.3272 0.1981 0.019086
282.50 C 20260810 -1.00 -1.00 112 61 0.3305 0.1563 0.016367
285.00 C 20260810 -1.00 -1.00 215 121 0.3297 0.1218 0.013778
290.00 C 20260810 -1.00 -1.00 129 23 0.3477 0.0778 0.009472
295.00 C 20260810 -1.00 -1.00 50 0 0.3571 0.0493 0.006363
300.00 C 20260810 -1.00 -1.00 266 75 0.3552 0.0256 0.003730
305.00 C 20260810 -1.00 -1.00 1 0 0.4000 0.0243 0.003173
310.00 C 20260810 -1.00 -1.00 5 3 0.4107 0.0140 0.001950
315.00 C 20260810 -1.00 -1.00 4 2 0.4194 0.0094 0.001328
320.00 C 20260810 -1.00 -1.00 14 3 0.4852 0.0126 0.001507
197.50 P 20260810 -1.00 -1.00 1 5 0.6848 -0.0030 0.000302
200.00 P 20260810 -1.00 -1.00 6 58 0.6707 -0.0036 0.000358
202.50 P 20260810 -1.00 -1.00 1 31 0.6613 -0.0050 0.000481
205.00 P 20260810 -1.00 -1.00 6 105 0.6341 -0.0052 0.000520
207.50 P 20260810 -1.00 -1.00 4 41 0.6191 -0.0063 0.000630
210.00 P 20260810 -1.00 -1.00 34 39 0.5926 -0.0065 0.000684
212.50 P 20260810 -1.00 -1.00 3 6 0.6188 -0.0110 0.001050
215.00 P 20260810 -1.00 -1.00 58 339 0.5945 -0.0123 0.001196
217.50 P 20260810 -1.00 -1.00 6 16 0.5654 -0.0128 0.001305
220.00 P 20260810 -1.00 -1.00 24 749 0.5343 -0.0130 0.001398
222.50 P 20260810 -1.00 -1.00 2 5 0.5329 -0.0185 0.001888
225.00 P 20260810 -1.00 -1.00 11 82 0.4779 -0.0144 0.001700
227.50 P 20260810 -1.00 -1.00 13 26 0.4794 -0.0209 0.002344
230.00 P 20260810 -1.00 -1.00 69 559 0.4349 -0.0187 0.002340
232.50 P 20260810 -1.00 -1.00 33 17 0.4319 -0.0250 0.003041
235.00 P 20260810 -1.00 -1.00 146 95 0.4264 -0.0341 0.003971
237.50 P 20260810 -1.00 -1.00 4 147 0.3887 -0.0335 0.004292
240.00 P 20260810 -1.00 -1.00 104 78 0.3869 -0.0478 0.005757
242.50 P 20260810 -1.00 -1.00 20 0 0.3640 -0.0544 0.006818
245.00 P 20260810 -1.00 -1.00 28 47 0.3506 -0.0678 0.008436
247.50 P 20260810 -1.00 -1.00 22 1 0.3452 -0.0930 0.010798
250.00 P 20260810 -1.00 -1.00 73 4 0.3519 -0.1267 0.013434
252.50 P 20260810 -1.00 -1.00 23 1 0.3317 -0.1552 0.016152
255.00 P 20260810 -1.00 -1.00 51 70 0.3345 -0.2017 0.019095
257.50 P 20260810 -1.00 -1.00 248 0 0.3231 -0.2485 0.022130
260.00 P 20260810 -1.00 -1.00 158 83 0.3124 -0.3033 0.025298
262.50 P 20260810 -1.00 -1.00 349 20 0.3191 -0.3716 0.026855
265.00 P 20260810 -1.00 -1.00 250 215 0.3204 -0.4411 0.027903
267.50 P 20260810 -1.00 -1.00 72 85 0.2221 -0.5233 0.040878
270.00 P 20260810 -1.00 -1.00 91 410 0.2042 -0.6359 0.042760
272.50 P 20260810 -1.00 -1.00 21 118 0.3220 -0.6456 0.026541
275.00 P 20260810 -1.00 -1.00 11 139 0.3202 -0.7069 0.024528
277.50 P 20260810 -1.00 -1.00 580 200 -1.0000 -1.0000 -1.000000
280.00 P 20260810 -1.00 -1.00 138 493 -1.0000 -1.0000 -1.000000
282.50 P 20260810 -1.00 -1.00 140 52 0.3270 -0.8526 0.016689
285.00 P 20260810 -1.00 -1.00 130 223 0.3277 -0.8859 0.014101
290.00 P 20260810 -1.00 -1.00 21 131 0.3232 -0.9441 0.009177
295.00 P 20260810 -1.00 -1.00 140 114 0.3269 -0.9773 0.005607
300.00 P 20260810 -1.00 -1.00 86 148 0.3365 -0.9926 0.003115
305.00 P 20260810 -1.00 -1.00 60 18 -1.0000 -1.0000 -1.000000
310.00 P 20260810 -1.00 -1.00 140 10 -1.0000 -1.0000 -1.000000
315.00 P 20260810 -1.00 -1.00 34 0 -1.0000 -1.0000 -1.000000
320.00 P 20260810 -1.00 -1.00 210 0 -1.0000 -1.0000 -1.000000
197.50 C 20260812 -1.00 -1.00 -1 0 0.7078 0.9921 0.000621
200.00 C 20260812 -1.00 -1.00 220 19 0.7454 0.9860 0.000971
202.50 C 20260812 -1.00 -1.00 -1 0 0.7152 0.9857 0.001033
205.00 C 20260812 -1.00 -1.00 1 1 0.6737 0.9869 0.001020
207.50 C 20260812 -1.00 -1.00 70 0 0.6559 0.9849 0.001177
210.00 C 20260812 -1.00 -1.00 3 1 0.6037 0.9880 0.001061
212.50 C 20260812 -1.00 -1.00 1 1 0.6209 0.9808 0.001537
215.00 C 20260812 -1.00 -1.00 -1 0 0.8999 0.9180 0.003448
217.50 C 20260812 -1.00 -1.00 10 42 0.5301 0.9850 0.001450
220.00 C 20260812 -1.00 -1.00 24 5 0.5137 0.9825 0.001707
222.50 C 20260812 -1.00 -1.00 40 40 0.4976 0.9799 0.001995
225.00 C 20260812 -1.00 -1.00 61 78 0.7689 0.9003 0.004692
227.50 C 20260812 -1.00 -1.00 6 3 0.4658 0.9741 0.002676
230.00 C 20260812 -1.00 -1.00 17 24 0.4447 0.9708 0.003083
232.50 C 20260812 -1.00 -1.00 106 104 0.4265 0.9652 0.003691
235.00 C 20260812 -1.00 -1.00 32 34 0.3920 0.9655 0.003988
237.50 C 20260812 -1.00 -1.00 11 99 0.4015 0.9483 0.005427
240.00 C 20260812 -1.00 -1.00 37 129 0.3839 0.9409 0.006357
242.50 C 20260812 -1.00 -1.00 34 30 0.3759 0.9233 0.007859
245.00 C 20260812 -1.00 -1.00 29 69 0.3560 0.9099 0.009348
247.50 C 20260812 -1.00 -1.00 37 42 0.3457 0.8898 0.011260
250.00 C 20260812 -1.00 -1.00 45 115 0.3398 0.8605 0.013477
252.50 C 20260812 -1.00 -1.00 41 44 0.3428 0.8184 0.015847
255.00 C 20260812 -1.00 -1.00 54 54 0.3420 0.7770 0.018145
257.50 C 20260812 -1.00 -1.00 14 8 0.3941 0.7038 0.018082
260.00 C 20260812 -1.00 -1.00 13 80 0.4498 0.6423 0.017193
262.50 C 20260812 -1.00 -1.00 11 1 0.3233 0.6241 0.024218
265.00 C 20260812 -1.00 -1.00 21 26 0.3230 0.5617 0.025180
267.50 C 20260812 -1.00 -1.00 93 11 0.3230 0.4993 0.025629
270.00 C 20260812 -1.00 -1.00 215 51 0.3197 0.4361 0.025340
272.50 C 20260812 -1.00 -1.00 13 3 0.3252 0.3758 0.024383
275.00 C 20260812 -1.00 -1.00 103 8 0.4263 0.3664 0.018381
277.50 C 20260812 -1.00 -1.00 27 12 0.4097 0.3180 0.017894
280.00 C 20260812 -1.00 -1.00 56 4 0.3898 0.2633 0.017336
285.00 C 20260812 -1.00 -1.00 75 0 0.3319 0.1452 0.014307
290.00 C 20260812 -1.00 -1.00 18 0 0.3763 0.1220 0.011057
295.00 C 20260812 -1.00 -1.00 5 1 0.3882 0.0839 0.008174
300.00 C 20260812 -1.00 -1.00 73 45 0.3544 0.0365 0.004645
305.00 C 20260812 -1.00 -1.00 15 0 0.3808 0.0293 0.003586
310.00 C 20260812 -1.00 -1.00 -1 0 0.3960 0.0208 0.002567
315.00 C 20260812 -1.00 -1.00 -1 0 0.4233 0.0168 0.002004
320.00 C 20260812 -1.00 -1.00 1 0 0.4508 0.0137 0.001598
197.50 P 20260812 -1.00 -1.00 -1 0 0.7184 -0.0084 0.000651
200.00 P 20260812 -1.00 -1.00 2 6 0.6925 -0.0087 0.000698
202.50 P 20260812 -1.00 -1.00 -1 0 0.6725 -0.0094 0.000769
205.00 P 20260812 -1.00 -1.00 2 83 0.6551 -0.0104 0.000867
207.50 P 20260812 -1.00 -1.00 1 20 0.5790 -0.0071 0.000689
210.00 P 20260812 -1.00 -1.00 5 22 0.5709 -0.0086 0.000837
212.50 P 20260812 -1.00 -1.00 25 111 0.5885 -0.0143 0.001254
215.00 P 20260812 -1.00 -1.00 30 33 0.5547 -0.0138 0.001292
217.50 P 20260812 -1.00 -1.00 2 2 0.5327 -0.0152 0.001462
220.00 P 20260812 -1.00 -1.00 10 10 0.4860 -0.0121 0.001323
222.50 P 20260812 -1.00 -1.00 3 7 0.4758 -0.0159 0.001696
225.00 P 20260812 -1.00 -1.00 20 27 0.4591 -0.0185 0.002008
227.50 P 20260812 -1.00 -1.00 1 6 0.4493 -0.0226 0.002452
230.00 P 20260812 -1.00 -1.00 14 22 0.4264 -0.0244 0.002759
232.50 P 20260812 -1.00 -1.00 2 24 0.4059 -0.0267 0.003152
235.00 P 20260812 -1.00 -1.00 2 18 0.3986 -0.0367 0.004112
237.50 P 20260812 -1.00 -1.00 5 8 0.3837 -0.0445 0.004999
240.00 P 20260812 -1.00 -1.00 12 4 0.3593 -0.0490 0.005787
242.50 P 20260812 -1.00 -1.00 5 1 0.3628 -0.0677 0.007450
245.00 P 20260812 -1.00 -1.00 301 16 0.3539 -0.0878 0.009226
247.50 P 20260812 -1.00 -1.00 2 3 0.3255 -0.0972 0.010843
250.00 P 20260812 -1.00 -1.00 35 10 0.3412 -0.1390 0.013406
252.50 P 20260812 -1.00 -1.00 -1 0 0.3368 -0.1762 0.015821
255.00 P 20260812 -1.00 -1.00 27 35 0.2847 -0.1834 0.019239
257.50 P 20260812 -1.00 -1.00 98 18 0.3215 -0.2615 0.020852
260.00 P 20260812 -1.00 -1.00 24 10 0.3313 -0.3208 0.022509
262.50 P 20260812 -1.00 -1.00 26 3 0.3169 -0.3755 0.024808
265.00 P 20260812 -1.00 -1.00 38 5 0.3258 -0.4404 0.025116
267.50 P 20260812 -1.00 -1.00 17 0 0.2354 -0.5120 0.035426
270.00 P 20260812 -1.00 -1.00 35 28 0.3081 -0.5700 0.026486
272.50 P 20260812 -1.00 -1.00 -1 0 0.3312 -0.6248 0.024190
275.00 P 20260812 -1.00 -1.00 20 2 0.3247 -0.6824 0.022935
277.50 P 20260812 -1.00 -1.00 20 10 0.3315 -0.7320 0.020943
280.00 P 20260812 -1.00 -1.00 1 36 0.3296 -0.7808 0.019055
285.00 P 20260812 -1.00 -1.00 120 56 0.3367 -0.8568 0.014673
290.00 P 20260812 -1.00 -1.00 80 25 0.3507 -0.9019 0.010953
295.00 P 20260812 -1.00 -1.00 60 25 0.3616 -0.9395 0.007874
300.00 P 20260812 -1.00 -1.00 20 10 -1.0000 -1.0000 -1.000000
305.00 P 20260812 -1.00 -1.00 -1 0 0.3739 -0.9832 0.003726
310.00 P 20260812 -1.00 -1.00 -1 0 -1.0000 -1.0000 -1.000000
315.00 P 20260812 -1.00 -1.00 -1 0 0.4713 -0.9788 0.003171
320.00 P 20260812 -1.00 -1.00 140 0 -1.0000 -1.0000 -1.000000
197.50 C 20260814 -1.00 -1.00 10 0 0.6069 0.9956 0.000398
200.00 C 20260814 -1.00 -1.00 1 142 0.5796 0.9957 0.000406
202.50 C 20260814 -1.00 -1.00 -1 0 1.2814 0.8910 0.002811
205.00 C 20260814 -1.00 -1.00 4 26 0.5260 0.9960 0.000422
207.50 C 20260814 -1.00 -1.00 -1 0 0.5504 0.9919 0.000759
210.00 C 20260814 -1.00 -1.00 8 136 0.5242 0.9919 0.000801
212.50 C 20260814 -1.00 -1.00 2 1 0.4982 0.9918 0.000847
215.00 C 20260814 -1.00 -1.00 3 135 0.5073 0.9876 0.001197
217.50 C 20260814 -1.00 -1.00 36 36 0.4918 0.9853 0.001424
220.00 C 20260814 -1.00 -1.00 7 48 0.4764 0.9829 0.001677
222.50 C 20260814 -1.00 -1.00 1 4 0.7334 0.9084 0.004269
225.00 C 20260814 -1.00 -1.00 20 82 0.4359 0.9796 0.002140
227.50 C 20260814 -1.00 -1.00 24 58 0.4560 0.9670 0.003062
230.00 C 20260814 -1.00 -1.00 65 228 0.6224 0.8993 0.005412
232.50 C 20260814 -1.00 -1.00 49 101 0.5872 0.8954 0.005910
235.00 C 20260814 -1.00 -1.00 241 432 0.3373 0.9759 0.003209
237.50 C 20260814 -1.00 -1.00 113 157 0.3778 0.9471 0.005449
240.00 C 20260814 -1.00 -1.00 252 695 0.3800 0.9291 0.006810
242.50 C 20260814 -1.00 -1.00 54 73 0.3699 0.9121 0.008188
245.00 C 20260814 -1.00 -1.00 277 764 0.4253 0.8574 0.010113
247.50 C 20260814 -1.00 -1.00 35 123 0.3575 0.8684 0.011452
250.00 C 20260814 -1.00 -1.00 479 1610 0.3451 0.8410 0.013364
252.50 C 20260814 -1.00 -1.00 100 206 0.3366 0.8094 0.015480
255.00 C 20260814 -1.00 -1.00 220 811 0.3379 0.7664 0.017388
257.50 C 20260814 -1.00 -1.00 60 79 0.3354 0.7189 0.019179
260.00 C 20260814 -1.00 -1.00 711 1744 0.4791 0.6294 0.015092
262.50 C 20260814 -1.00 -1.00 179 55 0.3323 0.6156 0.021963
265.00 C 20260814 -1.00 -1.00 649 967 0.3283 0.5597 0.023014
267.50 C 20260814 -1.00 -1.00 234 40 0.3307 0.5029 0.023239
270.00 C 20260814 -1.00 -1.00 1271 1890 0.3274 0.4457 0.023024
272.50 C 20260814 -1.00 -1.00 295 19 0.3560 0.3999 0.020851
275.00 C 20260814 -1.00 -1.00 747 1480 0.3264 0.3369 0.021399
277.50 C 20260814 -1.00 -1.00 273 12 0.3275 0.2878 0.019875
280.00 C 20260814 -1.00 -1.00 2267 1849 0.3325 0.2432 0.018216
285.00 C 20260814 -1.00 -1.00 718 2814 0.3307 0.1671 0.014447
290.00 C 20260814 -1.00 -1.00 1411 1962 0.3344 0.1125 0.010853
295.00 C 20260814 -1.00 -1.00 278 253 0.3502 0.0767 0.007910
300.00 C 20260814 -1.00 -1.00 1719 1098 0.3851 0.0666 0.006399
305.00 C 20260814 -1.00 -1.00 266 277 0.3678 0.0338 0.003912
310.00 C 20260814 -1.00 -1.00 39 277 0.3670 0.0208 0.002571
315.00 C 20260814 -1.00 -1.00 1030 490 0.3858 0.0146 0.001831
320.00 C 20260814 -1.00 -1.00 11 125 0.4139 0.0132 0.001559
325.00 C 20260814 -1.00 -1.00 3 22 0.4159 0.0088 0.001070
330.00 C 20260814 -1.00 -1.00 12 20 0.4366 0.0072 0.000857
335.00 C 20260814 -1.00 -1.00 23 14 0.4606 0.0063 0.000724
340.00 C 20260814 -1.00 -1.00 1 4 0.4880 0.0060 0.000655
197.50 P 20260814 -1.00 -1.00 13 13 0.6151 -0.0050 0.000439
200.00 P 20260814 -1.00 -1.00 310 440 0.6069 -0.0063 0.000549
202.50 P 20260814 -1.00 -1.00 6 6 0.5732 -0.0058 0.000537
205.00 P 20260814 -1.00 -1.00 175 408 0.6010 -0.0097 0.000826
207.50 P 20260814 -1.00 -1.00 4 3 0.5577 -0.0086 0.000798
210.00 P 20260814 -1.00 -1.00 173 947 0.5500 -0.0101 0.000939
212.50 P 20260814 -1.00 -1.00 28 105 0.5249 -0.0106 0.001018
215.00 P 20260814 -1.00 -1.00 229 504 0.5234 -0.0153 0.001385
217.50 P 20260814 -1.00 -1.00 60 178 0.4881 -0.0140 0.001380
220.00 P 20260814 -1.00 -1.00 1658 609 0.4869 -0.0191 0.001806
222.50 P 20260814 -1.00 -1.00 127 38 0.4711 -0.0216 0.002081
225.00 P 20260814 -1.00 -1.00 704 718 0.4534 -0.0239 0.002365
227.50 P 20260814 -1.00 -1.00 102 61 0.4360 -0.0263 0.002687
230.00 P 20260814 -1.00 -1.00 393 505 0.4229 -0.0326 0.003273
232.50 P 20260814 -1.00 -1.00 133 46 0.4046 -0.0377 0.003843
235.00 P 20260814 -1.00 -1.00 321 453 0.3967 -0.0472 0.004715
237.50 P 20260814 -1.00 -1.00 50 68 0.3848 -0.0556 0.005586
240.00 P 20260814 -1.00 -1.00 530 401 0.3738 -0.0674 0.006687
242.50 P 20260814 -1.00 -1.00 31 18 0.3619 -0.0834 0.008060
245.00 P 20260814 -1.00 -1.00 212 162 0.3553 -0.1034 0.009675
247.50 P 20260814 -1.00 -1.00 222 46 0.3495 -0.1262 0.011440
250.00 P 20260814 -1.00 -1.00 781 398 0.3401 -0.1560 0.013421
252.50 P 20260814 -1.00 -1.00 102 70 0.3374 -0.1917 0.015528
255.00 P 20260814 -1.00 -1.00 502 230 0.3354 -0.2329 0.017541
257.50 P 20260814 -1.00 -1.00 621 1 0.3314 -0.2800 0.019427
260.00 P 20260814 -1.00 -1.00 2590 41 0.3347 -0.3312 0.021052
262.50 P 20260814 -1.00 -1.00 194 0 0.3288 -0.3851 0.022313
265.00 P 20260814 -1.00 -1.00 1997 13 0.3274 -0.4421 0.023235
267.50 P 20260814 -1.00 -1.00 142 0 0.3281 -0.4998 0.023587
270.00 P 20260814 -1.00 -1.00 261 20 0.3274 -0.5571 0.023225
272.50 P 20260814 -1.00 -1.00 78 0 0.3299 -0.6136 0.022653
275.00 P 20260814 -1.00 -1.00 66 3 0.3269 -0.6668 0.021613
277.50 P 20260814 -1.00 -1.00 36 0 0.3105 -0.7294 0.020905
280.00 P 20260814 -1.00 -1.00 3 50 0.2344 -0.8535 0.020410
285.00 P 20260814 -1.00 -1.00 4 43 -1.0000 -1.0000 -1.000000
290.00 P 20260814 -1.00 -1.00 2 0 0.3284 -0.9004 0.011139
295.00 P 20260814 -1.00 -1.00 -1 0 -1.0000 -1.0000 -1.000000
300.00 P 20260814 -1.00 -1.00 -1 0 0.3713 -0.9492 0.006475
305.00 P 20260814 -1.00 -1.00 -1 0 -1.0000 -1.0000 -1.000000
310.00 P 20260814 -1.00 -1.00 10 5 0.4194 -0.9732 0.003984
315.00 P 20260814 -1.00 -1.00 -1 0 0.4447 -0.9780 0.003337
320.00 P 20260814 -1.00 -1.00 -1 0 0.4668 -0.9824 0.002762
325.00 P 20260814 -1.00 -1.00 -1 0 -1.0000 -1.0000 -1.000000
330.00 P 20260814 -1.00 -1.00 -1 0 -1.0000 -1.0000 -1.000000
335.00 P 20260814 -1.00 -1.00 20 0 -1.0000 -1.0000 -1.000000
340.00 P 20260814 -1.00 -1.00 10 0 0.5942 -0.9857 0.001809
200.00 C 20260821 -1.00 -1.00 158 4510 0.5728 0.9855 0.000991
205.00 C 20260821 -1.00 -1.00 43 1468 0.4800 0.9915 0.000750
210.00 C 20260821 -1.00 -1.00 45 1761 1.0262 0.8637 0.003323
212.50 C 20260821 -1.00 -1.00 8 97 0.4656 0.9825 0.001433
215.00 C 20260821 -1.00 -1.00 58 1177 0.8389 0.8821 0.003710
217.50 C 20260821 -1.00 -1.00 54 60 0.4473 0.9766 0.001934
220.00 C 20260821 -1.00 -1.00 1134 3442 0.4253 0.9759 0.002088
222.50 C 20260821 -1.00 -1.00 25 167 0.4156 0.9717 0.002441
225.00 C 20260821 -1.00 -1.00 197 3049 0.4008 0.9673 0.002835
227.50 C 20260821 -1.00 -1.00 13 243 0.6718 0.8587 0.005207
230.00 C 20260821 -1.00 -1.00 700 3280 0.3803 0.9541 0.003940
232.50 C 20260821 -1.00 -1.00 167 574 0.7399 0.8091 0.005812
235.00 C 20260821 -1.00 -1.00 1460 6196 0.3618 0.9379 0.005329
237.50 C 20260821 -1.00 -1.00 432 1306 0.3604 0.9194 0.006459
240.00 C 20260821 -1.00 -1.00 2680 11608 0.3447 0.9087 0.007417
242.50 C 20260821 -1.00 -1.00 284 520 0.3531 0.8842 0.008740
245.00 C 20260821 -1.00 -1.00 2848 12477 0.5015 0.7835 0.009239
247.50 C 20260821 -1.00 -1.00 75 647 0.3386 0.8358 0.011409
250.00 C 20260821 -1.00 -1.00 37014 71889 0.5462 0.7158 0.009725
252.50 C 20260821 -1.00 -1.00 272 937 0.3970 0.7383 0.012813
255.00 C 20260821 -1.00 -1.00 3637 16408 0.3269 0.7361 0.015626
257.50 C 20260821 -1.00 -1.00 163 659 0.3259 0.6953 0.016901
260.00 C 20260821 -1.00 -1.00 10115 46799 0.3273 0.6514 0.017839
262.50 C 20260821 -1.00 -1.00 385 433 0.3219 0.6057 0.018699
265.00 C 20260821 -1.00 -1.00 3092 15155 0.3235 0.5579 0.019190
267.50 C 20260821 -1.00 -1.00 900 957 0.3841 0.5143 0.016421
270.00 C 20260821 -1.00 -1.00 11382 50063 0.3178 0.4621 0.019549
272.50 C 20260821 -1.00 -1.00 508 2349 0.3199 0.4149 0.019135
275.00 C 20260821 -1.00 -1.00 7971 21904 0.3227 0.3700 0.018520
280.00 C 20260821 -1.00 -1.00 9118 41219 0.3719 0.3181 0.014988
285.00 C 20260821 -1.00 -1.00 20316 24549 0.3191 0.2129 0.014239
290.00 C 20260821 -1.00 -1.00 7345 13764 0.3252 0.1553 0.011556
295.00 C 20260821 -1.00 -1.00 2306 32990 0.3250 0.1110 0.009059
300.00 C 20260821 -1.00 -1.00 12105 21238 0.3441 0.0860 0.007139
305.00 C 20260821 -1.00 -1.00 2226 5149 0.3359 0.0553 0.005156
310.00 C 20260821 -1.00 -1.00 518 30325 0.3465 0.0389 0.003802
315.00 C 20260821 -1.00 -1.00 577 5077 0.3526 0.0282 0.002846
320.00 C 20260821 -1.00 -1.00 2052 44532 0.3757 0.0252 0.002419
325.00 C 20260821 -1.00 -1.00 121 3621 0.3800 0.0166 0.001686
330.00 C 20260821 -1.00 -1.00 117 2486 0.3903 0.0127 0.001303
335.00 C 20260821 -1.00 -1.00 15 7617 0.3979 0.0098 0.001009
340.00 C 20260821 -1.00 -1.00 29 2972 0.3994 0.0060 0.000658
200.00 P 20260821 -1.00 -1.00 3491 9346 0.5495 -0.0109 0.000812
205.00 P 20260821 -1.00 -1.00 586 6873 0.5170 -0.0136 0.001039
210.00 P 20260821 -1.00 -1.00 1854 8715 0.4855 -0.0166 0.001318
212.50 P 20260821 -1.00 -1.00 84 330 0.4665 -0.0177 0.001446
215.00 P 20260821 -1.00 -1.00 1387 7506 0.4583 -0.0208 0.001696
217.50 P 20260821 -1.00 -1.00 54 287 0.4414 -0.0223 0.001881
220.00 P 20260821 -1.00 -1.00 2262 28672 0.4380 -0.0270 0.002237
222.50 P 20260821 -1.00 -1.00 57 265 0.4178 -0.0292 0.002494
225.00 P 20260821 -1.00 -1.00 3550 14567 0.4057 -0.0347 0.002938
227.50 P 20260821 -1.00 -1.00 382 1218 0.3902 -0.0392 0.003369
230.00 P 20260821 -1.00 -1.00 2479 21391 0.3691 -0.0416 0.003746
232.50 P 20260821 -1.00 -1.00 89 1178 0.3761 -0.0553 0.004674
235.00 P 20260821 -1.00 -1.00 1625 6737 0.3477 -0.0559 0.005100
237.50 P 20260821 -1.00 -1.00 207 576 0.3559 -0.0783 0.006406
240.00 P 20260821 -1.00 -1.00 1459 8787 0.3470 -0.0929 0.007480
242.50 P 20260821 -1.00 -1.00 229 131 0.3453 -0.1121 0.008720
245.00 P 20260821 -1.00 -1.00 1747 7408 0.3375 -0.1334 0.010034
247.50 P 20260821 -1.00 -1.00 258 320 0.3302 -0.1592 0.011486
250.00 P 20260821 -1.00 -1.00 2786 15669 0.3268 -0.1886 0.013021
252.50 P 20260821 -1.00 -1.00 616 398 0.3278 -0.2244 0.014451
255.00 P 20260821 -1.00 -1.00 1075 3117 0.3233 -0.2631 0.015832
257.50 P 20260821 -1.00 -1.00 595 145 0.3249 -0.3057 0.017053
260.00 P 20260821 -1.00 -1.00 4471 6385 0.3241 -0.3495 0.018129
262.50 P 20260821 -1.00 -1.00 382 6 0.3160 -0.3951 0.019185
265.00 P 20260821 -1.00 -1.00 660 2675 0.3207 -0.4444 0.019532
267.50 P 20260821 -1.00 -1.00 295 2 0.3201 -0.4929 0.019880
270.00 P 20260821 -1.00 -1.00 720 1745 0.3185 -0.5413 0.019719
272.50 P 20260821 -1.00 -1.00 125 0 0.3187 -0.5897 0.019456
275.00 P 20260821 -1.00 -1.00 167 1800 0.3216 -0.6353 0.018822
280.00 P 20260821 -1.00 -1.00 162 1974 0.1655 -0.8995 0.021521
285.00 P 20260821 -1.00 -1.00 2 301 0.3183 -0.7955 0.014620
290.00 P 20260821 -1.00 -1.00 28 2067 0.3212 -0.8584 0.011953
295.00 P 20260821 -1.00 -1.00 6 319 0.3242 -0.9009 0.009514
300.00 P 20260821 -1.00 -1.00 472 284 0.3289 -0.9383 0.007273
305.00 P 20260821 -1.00 -1.00 151 0 0.3374 -0.9583 0.005699
310.00 P 20260821 -1.00 -1.00 10 0 0.3606 -0.9674 0.004726
315.00 P 20260821 -1.00 -1.00 75 0 0.4262 -0.9506 0.004668
320.00 P 20260821 -1.00 -1.00 2 0 -1.0000 -1.0000 -1.000000
325.00 P 20260821 -1.00 -1.00 1 0 -1.0000 -1.0000 -1.000000
330.00 P 20260821 -1.00 -1.00 2 0 0.4660 -0.9795 0.002680
335.00 P 20260821 -1.00 -1.00 5 0 -1.0000 -1.0000 -1.000000
340.00 P 20260821 -1.00 -1.00 2 0 0.5077 -0.9841 0.002086
160.00 C 20260731 -1.00 -1.00 7 89 -1.0000 -1.0000 -1.000000
165.00 C 20260731 -1.00 -1.00 8 15 6.1420 0.9970 0.000186
170.00 C 20260731 -1.00 -1.00 4 55 5.7881 0.9968 0.000207
175.00 C 20260731 -1.00 -1.00 9 83 -1.0000 -1.0000 -1.000000
180.00 C 20260731 -1.00 -1.00 3 151 5.2567 0.9950 0.000337
185.00 C 20260731 -1.00 -1.00 77 300 10.1278 0.9108 0.001979
190.00 C 20260731 -1.00 -1.00 82 197 -1.0000 -1.0000 -1.000000
192.50 C 20260731 -1.00 -1.00 30 5 -1.0000 -1.0000 -1.000000
195.00 C 20260731 -1.00 -1.00 39 360 -1.0000 -1.0000 -1.000000
160.00 P 20260731 -1.00 -1.00 12 752 5.8989 -0.0013 0.000091
165.00 P 20260731 -1.00 -1.00 8 319 5.7588 -0.0020 0.000134
170.00 P 20260731 -1.00 -1.00 160 559 5.6229 -0.0027 0.000182
175.00 P 20260731 -1.00 -1.00 48 2101 5.3953 -0.0032 0.000220
180.00 P 20260731 -1.00 -1.00 222 6595 5.2986 -0.0054 0.000354
185.00 P 20260731 -1.00 -1.00 1117 3991 4.2147 -0.0014 0.000134
190.00 P 20260731 -1.00 -1.00 4831 7793 5.2149 -0.0123 0.000751
192.50 P 20260731 -1.00 -1.00 36 116 3.7814 -0.0016 0.000164
195.00 P 20260731 -1.00 -1.00 472 7639 5.0768 -0.0171 0.001022
160.00 C 20260803 -1.00 -1.00 -1 0 3.9001 0.9413 0.001183
165.00 C 20260803 -1.00 -1.00 30 5 0.0006 1.0000 -0.000000
170.00 C 20260803 -1.00 -1.00 340 62 -1.0000 -1.0000 -1.000000
175.00 C 20260803 -1.00 -1.00 1740 14 -1.0000 -1.0000 -1.000000
180.00 C 20260803 -1.00 -1.00 1205 122 -1.0000 -1.0000 -1.000000
185.00 C 20260803 -1.00 -1.00 1365 30 -1.0000 -1.0000 -1.000000
190.00 C 20260803 -1.00 -1.00 1024 15 -1.0000 -1.0000 -1.000000
192.50 C 20260803 -1.00 -1.00 -1 0 0.0006 1.0000 0.000000
195.00 C 20260803 -1.00 -1.00 120 73 -1.0000 -1.0000 -1.000000
160.00 P 20260803 -1.00 -1.00 9 11 2.1535 -0.0042 0.000226
165.00 P 20260803 -1.00 -1.00 10 15 1.9861 -0.0036 0.000210
170.00 P 20260803 -1.00 -1.00 35 51 1.9823 -0.0062 0.000342
175.00 P 20260803 -1.00 -1.00 178 138 1.7779 -0.0045 0.000289
180.00 P 20260803 -1.00 -1.00 1088 820 1.9182 -0.0115 0.000614
185.00 P 20260803 -1.00 -1.00 191 184 1.8420 -0.0144 0.000773
190.00 P 20260803 -1.00 -1.00 17 363 1.7908 -0.0185 0.000993
192.50 P 20260803 -1.00 -1.00 208 207 1.7361 -0.0194 0.001065
195.00 P 20260803 -1.00 -1.00 14 122 1.8028 -0.0261 0.001334
160.00 C 20260805 -1.00 -1.00 180 0 3.3268 0.9299 0.001256
165.00 C 20260805 -1.00 -1.00 290 0 -1.0000 -1.0000 -1.000000
170.00 C 20260805 -1.00 -1.00 80 6 1.6657 0.9915 0.000431
175.00 C 20260805 -1.00 -1.00 351 14 0.0008 1.0000 0.000000
180.00 C 20260805 -1.00 -1.00 95 12 0.0008 1.0000 -0.000000
185.00 C 20260805 -1.00 -1.00 209 3 0.0008 1.0000 -0.000000
187.50 C 20260805 -1.00 -1.00 10 0 -1.0000 -1.0000 -1.000000
190.00 C 20260805 -1.00 -1.00 329 44 -1.0000 -1.0000 -1.000000
192.50 C 20260805 -1.00 -1.00 100 0 -1.0000 -1.0000 -1.000000
195.00 C 20260805 -1.00 -1.00 550 18 0.9689 0.9974 0.000256
160.00 P 20260805 -1.00 -1.00 31 31 1.6757 -0.0036 0.000198
165.00 P 20260805 -1.00 -1.00 35 35 1.6075 -0.0045 0.000251
170.00 P 20260805 -1.00 -1.00 2 10 1.6938 -0.0091 0.000453
175.00 P 20260805 -1.00 -1.00 5 6 1.5567 -0.0086 0.000466
180.00 P 20260805 -1.00 -1.00 23 56 1.2102 -0.0024 0.000190
185.00 P 20260805 -1.00 -1.00 1 43 1.0629 -0.0014 0.000134
187.50 P 20260805 -1.00 -1.00 2 0 1.4132 -0.0150 0.000829
190.00 P 20260805 -1.00 -1.00 9 8 1.4133 -0.0183 0.000985
192.50 P 20260805 -1.00 -1.00 2 2 1.4807 -0.0254 0.001260
195.00 P 20260805 -1.00 -1.00 3 35 1.0706 -0.0059 0.000478
160.00 C 20260807 -1.00 -1.00 1 18 3.0354 0.9208 0.001297
165.00 C 20260807 -1.00 -1.00 1 5 -1.0000 -1.0000 -1.000000
170.00 C 20260807 -1.00 -1.00 121 24 2.0537 0.9562 0.001204
175.00 C 20260807 -1.00 -1.00 140 5 2.2553 0.9310 0.001561
180.00 C 20260807 -1.00 -1.00 65 27 1.1298 0.9950 0.000333
185.00 C 20260807 -1.00 -1.00 79 23 1.3595 0.9786 0.001007
187.50 C 20260807 -1.00 -1.00 30 0 1.2075 0.9849 0.000832
190.00 C 20260807 -1.00 -1.00 154 50 0.9396 0.9965 0.000297
192.50 C 20260807 -1.00 -1.00 20 0 0.9026 0.9965 0.000308
195.00 C 20260807 -1.00 -1.00 277 60 0.0010 1.0000 -0.000000
160.00 P 20260807 -1.00 -1.00 85 249 1.4137 -0.0031 0.000178
165.00 P 20260807 -1.00 -1.00 2 271 1.4026 -0.0054 0.000288
170.00 P 20260807 -1.00 -1.00 1 415 1.3074 -0.0052 0.000302
175.00 P 20260807 -1.00 -1.00 42 825 1.0996 -0.0023 0.000169
180.00 P 20260807 -1.00 -1.00 342 1722 0.9916 -0.0017 0.000144
185.00 P 20260807 -1.00 -1.00 52 608 0.9881 -0.0029 0.000238
187.50 P 20260807 -1.00 -1.00 11 11 0.9561 -0.0030 0.000254
190.00 P 20260807 -1.00 -1.00 207 725 0.9046 -0.0027 0.000246
192.50 P 20260807 -1.00 -1.00 7 31 0.9043 -0.0036 0.000314
195.00 P 20260807 -1.00 -1.00 40 1595 0.8233 -0.0025 0.000250
160.00 C 20260810 -1.00 -1.00 -1 0 1.3047 0.9933 0.000317
165.00 C 20260810 -1.00 -1.00 30 0 2.2556 0.9279 0.001362
170.00 C 20260810 -1.00 -1.00 50 0 1.3308 0.9840 0.000669
175.00 C 20260810 -1.00 -1.00 120 10 2.0755 0.9175 0.001646
180.00 C 20260810 -1.00 -1.00 142 5 1.6690 0.9402 0.001598
185.00 C 20260810 -1.00 -1.00 120 0 1.8674 0.9087 0.001983
187.50 C 20260810 -1.00 -1.00 100 0 0.9088 0.9923 0.000518
190.00 C 20260810 -1.00 -1.00 80 8 1.0190 0.9815 0.000989
192.50 C 20260810 -1.00 -1.00 220 0 0.8737 0.9907 0.000645
195.00 C 20260810 -1.00 -1.00 31 1 0.5882 0.9995 0.000062
160.00 P 20260810 -1.00 -1.00 -1 0 1.3852 -0.0088 0.000388
165.00 P 20260810 -1.00 -1.00 -1 0 1.3211 -0.0102 0.000458
170.00 P 20260810 -1.00 -1.00 5 18 1.1929 -0.0083 0.000424
175.00 P 20260810 -1.00 -1.00 1 26 1.1437 -0.0094 0.000497
180.00 P 20260810 -1.00 -1.00 6 7 1.0940 -0.0117 0.000620
185.00 P 20260810 -1.00 -1.00 4 18 0.8688 -0.0042 0.000315
187.50 P 20260810 -1.00 -1.00 -1 0 0.8824 -0.0065 0.000457
190.00 P 20260810 -1.00 -1.00 4 4 0.8896 -0.0084 0.000576
192.50 P 20260810 -1.00 -1.00 2 0 0.7368 -0.0028 0.000262
195.00 P 20260810 -1.00 -1.00 1 102 0.7337 -0.0037 0.000336
160.00 C 20260812 -1.00 -1.00 -1 0 0.0012 1.0000 -0.000000
165.00 C 20260812 -1.00 -1.00 -1 0 0.7682 0.9998 0.000015
170.00 C 20260812 -1.00 -1.00 140 0 1.2013 0.9851 0.000637
175.00 C 20260812 -1.00 -1.00 190 0 1.0921 0.9871 0.000618
180.00 C 20260812 -1.00 -1.00 390 0 1.0726 0.9828 0.000809
185.00 C 20260812 -1.00 -1.00 110 5 1.0049 0.9820 0.000900
187.50 C 20260812 -1.00 -1.00 -1 0 1.0081 0.9787 0.001042
190.00 C 20260812 -1.00 -1.00 50 0 0.6698 0.9980 0.000191
192.50 C 20260812 -1.00 -1.00 -1 0 1.5588 0.9026 0.002288
195.00 C 20260812 -1.00 -1.00 82 24 0.0012 1.0000 -0.000000
160.00 P 20260812 -1.00 -1.00 1 1 1.2788 -0.0095 0.000408
165.00 P 20260812 -1.00 -1.00 4 1 1.2251 -0.0112 0.000489
170.00 P 20260812 -1.00 -1.00 -1 0 1.1501 -0.0115 0.000532
175.00 P 20260812 -1.00 -1.00 -1 0 0.9496 -0.0055 0.000337
180.00 P 20260812 -1.00 -1.00 -1 0 0.8976 -0.0062 0.000392
185.00 P 20260812 -1.00 -1.00 -1 0 0.8414 -0.0066 0.000443
187.50 P 20260812 -1.00 -1.00 -1 0 0.8195 -0.0071 0.000486
190.00 P 20260812 -1.00 -1.00 -1 0 0.7923 -0.0073 0.000518
192.50 P 20260812 -1.00 -1.00 1 1 0.7654 -0.0075 0.000553
195.00 P 20260812 -1.00 -1.00 1 1 0.7445 -0.0081 0.000608
160.00 C 20260814 -1.00 -1.00 30 32 2.0480 0.9289 0.001259
165.00 C 20260814 -1.00 -1.00 10 2 1.0256 0.9938 0.000320
170.00 C 20260814 -1.00 -1.00 42 40 0.0013 1.0000 0.000000
175.00 C 20260814 -1.00 -1.00 2 2 1.7645 0.9175 0.001644
180.00 C 20260814 -1.00 -1.00 50 64 0.0013 1.0000 -0.000000
182.50 C 20260814 -1.00 -1.00 30 0 1.5118 0.9226 0.001821
185.00 C 20260814 -1.00 -1.00 1 5 1.2925 0.9429 0.001697
187.50 C 20260814 -1.00 -1.00 -1 0 0.6164 0.9988 0.000117
190.00 C 20260814 -1.00 -1.00 50 65 0.5801 0.9991 0.000096
192.50 C 20260814 -1.00 -1.00 -1 0 0.5259 0.9995 0.000066
195.00 C 20260814 -1.00 -1.00 55 75 0.4465 0.9999 0.000016
160.00 P 20260814 -1.00 -1.00 15 20 1.0920 -0.0061 0.000297
165.00 P 20260814 -1.00 -1.00 13 173 0.9343 -0.0028 0.000175
170.00 P 20260814 -1.00 -1.00 38 65 0.8371 -0.0021 0.000150
175.00 P 20260814 -1.00 -1.00 5 70 0.7880 -0.0023 0.000168
180.00 P 20260814 -1.00 -1.00 2 442 0.7402 -0.0024 0.000190
182.50 P 20260814 -1.00 -1.00 -1 0 0.7316 -0.0028 0.000223
185.00 P 20260814 -1.00 -1.00 2 204 0.7085 -0.0029 0.000238
187.50 P 20260814 -1.00 -1.00 114 8 0.7235 -0.0050 0.000373
190.00 P 20260814 -1.00 -1.00 16 327 0.6775 -0.0038 0.000316
192.50 P 20260814 -1.00 -1.00 1 1 0.6739 -0.0053 0.000425
195.00 P 20260814 -1.00 -1.00 46 270 0.6547 -0.0059 0.000476
160.00 C 20260821 -1.00 -1.00 3 146 0.0016 1.0000 0.000000
165.00 C 20260821 -1.00 -1.00 1 106 0.8740 0.9924 0.000371
170.00 C 20260821 -1.00 -1.00 1 151 0.8169 0.9924 0.000396
175.00 C 20260821 -1.00 -1.00 3 1844 0.5727 0.9993 0.000061
180.00 C 20260821 -1.00 -1.00 13 1578 0.0016 1.0000 0.000000
185.00 C 20260821 -1.00 -1.00 3 277 0.6109 0.9955 0.000334
190.00 C 20260821 -1.00 -1.00 10 1276 0.0016 1.0000 0.000000
195.00 C 20260821 -1.00 -1.00 3 1219 0.5328 0.9945 0.000450
160.00 P 20260821 -1.00 -1.00 11 6132 0.7977 -0.0024 0.000145
165.00 P 20260821 -1.00 -1.00 1019 4800 0.7919 -0.0038 0.000219
170.00 P 20260821 -1.00 -1.00 206 7887 0.7253 -0.0030 0.000195
175.00 P 20260821 -1.00 -1.00 137 3576 0.6916 -0.0037 0.000247
180.00 P 20260821 -1.00 -1.00 132 5761 0.6571 -0.0045 0.000309
185.00 P 20260821 -1.00 -1.00 344 8892 0.6280 -0.0057 0.000398
190.00 P 20260821 -1.00 -1.00 324 5154 0.5997 -0.0070 0.000501
195.00 P 20260821 -1.00 -1.00 758 6425 0.5808 -0.0090 0.000653
345.00 C 20260731 -1.00 -1.00 1204 1224 3.6309 0.0105 0.000938
350.00 C 20260731 -1.00 -1.00 1207 3521 3.2640 0.0031 0.000348
355.00 C 20260731 -1.00 -1.00 1 520 3.2803 0.0019 0.000224
345.00 P 20260731 -1.00 -1.00 -1 0 -1.0000 -1.0000 -1.000000
350.00 P 20260731 -1.00 -1.00 -1 0 -1.0000 -1.0000 -1.000000
355.00 P 20260731 -1.00 -1.00 -1 0 -1.0000 -1.0000 -1.000000
345.00 C 20260807 -1.00 -1.00 308 162 0.6384 0.0021 0.000268
345.00 P 20260807 -1.00 -1.00 20 0 0.9391 -0.9731 0.001958
345.00 C 20260814 -1.00 -1.00 4 41 0.5149 0.0057 0.000597
345.00 P 20260814 -1.00 -1.00 -1 0 -1.0000 -1.0000 -1.000000
345.00 C 20260821 -1.00 -1.00 3 93 0.4304 0.0071 0.000706
350.00 C 20260821 -1.00 -1.00 21 10698 0.4247 0.0041 0.000441
355.00 C 20260821 -1.00 -1.00 5 70 0.4677 0.0057 0.000539
360.00 C 20260821 -1.00 -1.00 14 1220 0.4784 0.0047 0.000442
365.00 C 20260821 -1.00 -1.00 3 30 0.5048 0.0049 0.000439
370.00 C 20260821 -1.00 -1.00 59 37797 0.4912 0.0031 0.000293
375.00 C 20260821 -1.00 -1.00 17 244 0.5092 0.0030 0.000274
345.00 P 20260821 -1.00 -1.00 -1 0 -1.0000 -1.0000 -1.000000
350.00 P 20260821 -1.00 -1.00 -1 0 0.5577 -0.9854 0.001771
355.00 P 20260821 -1.00 -1.00 -1 0 -1.0000 -1.0000 -1.000000
360.00 P 20260821 -1.00 -1.00 10 0 -1.0000 -1.0000 -1.000000
365.00 P 20260821 -1.00 -1.00 1 0 -1.0000 -1.0000 -1.000000
370.00 P 20260821 -1.00 -1.00 1 0 -1.0000 -1.0000 -1.000000
375.00 P 20260821 -1.00 -1.00 -1 0 0.6647 -0.9907 0.001155
