# opt_chain SKHY | epoch 1785516873 | 2026-07-31 12:54:33 | spot 148.02 | exps 20260731 20260807 20260814 20260821
# fuente polygon_snapshot_v3 | greeks polygon_directo | iv polygon_directo | oi polygon_directo | vol day.volume(-1 si no cotizo) | bid/ask NO_ENTITLED(-1) | spot_src ibkr_bridge spot_edad_s 92 | band 0.6000 vencimientos 4 exp_hasta 2026-08-21
# strike right exp bid ask vol oi iv delta gamma
90.00 C 20260731 -1.00 -1.00 14 11 -1.0000 -1.0000 -1.000000
95.00 C 20260731 -1.00 -1.00 -1 0 5.6721 0.9977 0.000297
98.00 C 20260731 -1.00 -1.00 -1 0 6.1428 0.9927 0.000789
99.00 C 20260731 -1.00 -1.00 -1 0 5.1788 0.9975 0.000351
100.00 C 20260731 -1.00 -1.00 6 53 -1.0000 -1.0000 -1.000000
101.00 C 20260731 -1.00 -1.00 66 16 5.7375 0.9922 0.000897
102.00 C 20260731 -1.00 -1.00 54 16 5.6051 0.9920 0.000937
103.00 C 20260731 -1.00 -1.00 16 6 4.7054 0.9973 0.000419
104.00 C 20260731 -1.00 -1.00 16 6 5.3443 0.9916 0.001025
105.00 C 20260731 -1.00 -1.00 2 5 -1.0000 -1.0000 -1.000000
106.00 C 20260731 -1.00 -1.00 12 4 -1.0000 -1.0000 -1.000000
107.00 C 20260731 -1.00 -1.00 22 7 -1.0000 -1.0000 -1.000000
108.00 C 20260731 -1.00 -1.00 12 5 -1.0000 -1.0000 -1.000000
109.00 C 20260731 -1.00 -1.00 2 1 4.7141 0.9905 0.001299
110.00 C 20260731 -1.00 -1.00 12 21 -1.0000 -1.0000 -1.000000
111.00 C 20260731 -1.00 -1.00 7 0 -1.0000 -1.0000 -1.000000
112.00 C 20260731 -1.00 -1.00 86 21 -1.0000 -1.0000 -1.000000
113.00 C 20260731 -1.00 -1.00 4 1 -1.0000 -1.0000 -1.000000
114.00 C 20260731 -1.00 -1.00 5 6 -1.0000 -1.0000 -1.000000
115.00 C 20260731 -1.00 -1.00 8 15 -1.0000 -1.0000 -1.000000
116.00 C 20260731 -1.00 -1.00 10 2 -1.0000 -1.0000 -1.000000
117.00 C 20260731 -1.00 -1.00 10 4 -1.0000 -1.0000 -1.000000
118.00 C 20260731 -1.00 -1.00 6 4 -1.0000 -1.0000 -1.000000
119.00 C 20260731 -1.00 -1.00 6 56 -1.0000 -1.0000 -1.000000
120.00 C 20260731 -1.00 -1.00 24 102 -1.0000 -1.0000 -1.000000
121.00 C 20260731 -1.00 -1.00 6 8 -1.0000 -1.0000 -1.000000
122.00 C 20260731 -1.00 -1.00 9 8 -1.0000 -1.0000 -1.000000
123.00 C 20260731 -1.00 -1.00 1 34 -1.0000 -1.0000 -1.000000
124.00 C 20260731 -1.00 -1.00 9 8 -1.0000 -1.0000 -1.000000
125.00 C 20260731 -1.00 -1.00 5 747 -1.0000 -1.0000 -1.000000
126.00 C 20260731 -1.00 -1.00 13 135 -1.0000 -1.0000 -1.000000
127.00 C 20260731 -1.00 -1.00 45 57 -1.0000 -1.0000 -1.000000
128.00 C 20260731 -1.00 -1.00 3 550 -1.0000 -1.0000 -1.000000
129.00 C 20260731 -1.00 -1.00 61 315 -1.0000 -1.0000 -1.000000
130.00 C 20260731 -1.00 -1.00 363 2155 2.4933 0.9621 0.007915
131.00 C 20260731 -1.00 -1.00 45 212 -1.0000 -1.0000 -1.000000
132.00 C 20260731 -1.00 -1.00 550 963 -1.0000 -1.0000 -1.000000
133.00 C 20260731 -1.00 -1.00 7 224 2.2241 0.9471 0.011668
134.00 C 20260731 -1.00 -1.00 5 122 -1.0000 -1.0000 -1.000000
135.00 C 20260731 -1.00 -1.00 528 3066 -1.0000 -1.0000 -1.000000
136.00 C 20260731 -1.00 -1.00 36 251 -1.0000 -1.0000 -1.000000
137.00 C 20260731 -1.00 -1.00 27 183 -1.0000 -1.0000 -1.000000
138.00 C 20260731 -1.00 -1.00 73 245 -1.0000 -1.0000 -1.000000
139.00 C 20260731 -1.00 -1.00 37 253 -1.0000 -1.0000 -1.000000
140.00 C 20260731 -1.00 -1.00 625 4427 1.5429 0.8732 0.032940
141.00 C 20260731 -1.00 -1.00 20 164 -1.0000 -1.0000 -1.000000
142.00 C 20260731 -1.00 -1.00 66 403 1.4321 0.8052 0.046520
143.00 C 20260731 -1.00 -1.00 14 253 1.3769 0.7639 0.054440
144.00 C 20260731 -1.00 -1.00 89 104 1.2729 0.7171 0.064055
145.00 C 20260731 -1.00 -1.00 3102 2073 1.2739 0.6513 0.071229
146.00 C 20260731 -1.00 -1.00 405 292 1.2225 0.5794 0.077144
147.00 C 20260731 -1.00 -1.00 359 226 0.9236 0.4985 0.105669
148.00 C 20260731 -1.00 -1.00 1738 683 1.1935 0.4225 0.079120
149.00 C 20260731 -1.00 -1.00 337 604 1.2377 0.3512 0.073130
150.00 C 20260731 -1.00 -1.00 7608 6512 1.1943 0.2772 0.067665
152.50 C 20260731 -1.00 -1.00 1331 740 1.2474 0.1492 0.045130
155.00 C 20260731 -1.00 -1.00 5852 6939 1.3310 0.0795 0.026832
157.50 C 20260731 -1.00 -1.00 1089 712 1.4055 0.0416 0.015142
160.00 C 20260731 -1.00 -1.00 5517 5239 1.5900 0.0292 0.010104
162.50 C 20260731 -1.00 -1.00 1520 389 1.8156 0.0259 0.007944
165.00 C 20260731 -1.00 -1.00 1463 3161 2.0378 0.0234 0.006460
167.50 C 20260731 -1.00 -1.00 370 309 2.2566 0.0213 0.005394
170.00 C 20260731 -1.00 -1.00 2032 3919 2.4722 0.0197 0.004598
172.50 C 20260731 -1.00 -1.00 70 365 2.6847 0.0183 0.003988
175.00 C 20260731 -1.00 -1.00 477 2016 2.8942 0.0172 0.003508
177.50 C 20260731 -1.00 -1.00 35 923 3.1007 0.0162 0.003122
180.00 C 20260731 -1.00 -1.00 646 2706 3.3043 0.0154 0.002808
182.50 C 20260731 -1.00 -1.00 116 147 3.7153 0.0218 0.003338
185.00 C 20260731 -1.00 -1.00 177 771 3.7032 0.0140 0.002328
187.50 C 20260731 -1.00 -1.00 39 217 4.3137 0.0260 0.003339
190.00 C 20260731 -1.00 -1.00 161 2194 4.0482 0.0129 0.001980
192.50 C 20260731 -1.00 -1.00 135 241 4.2128 0.0125 0.001838
195.00 C 20260731 -1.00 -1.00 7 380 5.3863 0.0351 0.003480
197.50 C 20260731 -1.00 -1.00 174 282 4.5358 0.0117 0.001604
200.00 C 20260731 -1.00 -1.00 18 1669 5.0397 0.0169 0.001988
202.50 C 20260731 -1.00 -1.00 6 159 5.0840 0.0138 0.001668
205.00 C 20260731 -1.00 -1.00 3 127 5.0055 0.0107 0.001338
90.00 P 20260731 -1.00 -1.00 5 3427 7.3962 -0.0068 0.000610
95.00 P 20260731 -1.00 -1.00 2 28044 7.0015 -0.0094 0.000871
98.00 P 20260731 -1.00 -1.00 3 0 6.6787 -0.0119 0.001106
99.00 P 20260731 -1.00 -1.00 6 6 6.6689 -0.0139 0.001270
100.00 P 20260731 -1.00 -1.00 10 14348 6.8018 -0.0177 0.001535
101.00 P 20260731 -1.00 -1.00 8 8 6.3658 -0.0146 0.001382
102.00 P 20260731 -1.00 -1.00 144 144 6.4988 -0.0185 0.001670
103.00 P 20260731 -1.00 -1.00 32 150 5.7880 -0.0112 0.001216
104.00 P 20260731 -1.00 -1.00 3 183 5.9224 -0.0156 0.001576
105.00 P 20260731 -1.00 -1.00 15 11427 5.9165 -0.0180 0.001783
106.00 P 20260731 -1.00 -1.00 25 209 5.9107 -0.0203 0.001991
107.00 P 20260731 -1.00 -1.00 2 934 5.7672 -0.0208 0.002084
108.00 P 20260731 -1.00 -1.00 92 762 5.6250 -0.0213 0.002182
109.00 P 20260731 -1.00 -1.00 3 797 5.6207 -0.0238 0.002412
110.00 P 20260731 -1.00 -1.00 44 16831 5.4805 -0.0244 0.002529
111.00 P 20260731 -1.00 -1.00 3 982 5.4377 -0.0269 0.002771
112.00 P 20260731 -1.00 -1.00 6 940 5.2042 -0.0256 0.002786
113.00 P 20260731 -1.00 -1.00 22 15959 5.1952 -0.0303 0.003181
114.00 P 20260731 -1.00 -1.00 42 1028 5.1089 -0.0332 0.003467
115.00 P 20260731 -1.00 -1.00 39 1310 4.2683 -0.0180 0.002477
116.00 P 20260731 -1.00 -1.00 18 962 3.8740 -0.0125 0.002005
117.00 P 20260731 -1.00 -1.00 18 905 3.7459 -0.0129 0.002127
118.00 P 20260731 -1.00 -1.00 63 2340 3.6190 -0.0133 0.002259
119.00 P 20260731 -1.00 -1.00 184 1274 3.4932 -0.0138 0.002404
120.00 P 20260731 -1.00 -1.00 754 19621 3.3684 -0.0142 0.002563
121.00 P 20260731 -1.00 -1.00 207 460 3.2446 -0.0147 0.002738
122.00 P 20260731 -1.00 -1.00 298 333 3.1219 -0.0153 0.002932
123.00 P 20260731 -1.00 -1.00 151 887 3.0002 -0.0158 0.003146
124.00 P 20260731 -1.00 -1.00 41 662 2.8795 -0.0164 0.003385
125.00 P 20260731 -1.00 -1.00 711 2268 2.7598 -0.0171 0.003652
126.00 P 20260731 -1.00 -1.00 165 488 2.6410 -0.0178 0.003951
127.00 P 20260731 -1.00 -1.00 44 824 2.5232 -0.0185 0.004289
128.00 P 20260731 -1.00 -1.00 179 299 2.4063 -0.0194 0.004671
129.00 P 20260731 -1.00 -1.00 1213 2176 2.2904 -0.0203 0.005108
130.00 P 20260731 -1.00 -1.00 696 3090 2.1753 -0.0213 0.005609
131.00 P 20260731 -1.00 -1.00 30 491 2.0611 -0.0224 0.006187
132.00 P 20260731 -1.00 -1.00 98 420 1.9478 -0.0236 0.006861
133.00 P 20260731 -1.00 -1.00 112 1057 1.8354 -0.0250 0.007651
134.00 P 20260731 -1.00 -1.00 80 148 1.7238 -0.0265 0.008588
135.00 P 20260731 -1.00 -1.00 619 8734 1.7439 -0.0406 0.011968
136.00 P 20260731 -1.00 -1.00 36 189 1.7393 -0.0548 0.015364
137.00 P 20260731 -1.00 -1.00 202 470 1.5527 -0.0529 0.016708
138.00 P 20260731 -1.00 -1.00 104 334 1.5320 -0.0689 0.021014
139.00 P 20260731 -1.00 -1.00 356 216 1.4217 -0.0806 0.025280
140.00 P 20260731 -1.00 -1.00 1462 3421 1.3818 -0.1052 0.031726
141.00 P 20260731 -1.00 -1.00 283 220 1.3584 -0.1359 0.039032
142.00 P 20260731 -1.00 -1.00 1565 822 1.2795 -0.1694 0.047484
143.00 P 20260731 -1.00 -1.00 638 424 1.2700 -0.2183 0.056703
144.00 P 20260731 -1.00 -1.00 785 2231 1.2094 -0.2733 0.066303
145.00 P 20260731 -1.00 -1.00 2605 2181 1.1934 -0.3406 0.075087
146.00 P 20260731 -1.00 -1.00 414 158 1.4859 -0.4320 0.063863
147.00 P 20260731 -1.00 -1.00 484 332 1.1860 -0.4986 0.082359
148.00 P 20260731 -1.00 -1.00 1042 341 1.1688 -0.5795 0.080738
149.00 P 20260731 -1.00 -1.00 536 262 1.1409 -0.6611 0.077960
150.00 P 20260731 -1.00 -1.00 2517 4718 1.1492 -0.7315 0.069360
152.50 P 20260731 -1.00 -1.00 495 139 1.7651 -0.7660 0.042496
155.00 P 20260731 -1.00 -1.00 1352 949 0.9355 -0.9782 0.013476
157.50 P 20260731 -1.00 -1.00 189 246 1.1698 -0.9822 0.009088
160.00 P 20260731 -1.00 -1.00 1033 475 -1.0000 -1.0000 -1.000000
162.50 P 20260731 -1.00 -1.00 20 77 2.7630 -0.8933 0.015996
165.00 P 20260731 -1.00 -1.00 47 274 2.8062 -0.9252 0.012259
167.50 P 20260731 -1.00 -1.00 13 42 2.9564 -0.9369 0.010107
170.00 P 20260731 -1.00 -1.00 12 629 2.9850 -0.9543 0.007699
172.50 P 20260731 -1.00 -1.00 2 56 3.6620 -0.9337 0.008494
175.00 P 20260731 -1.00 -1.00 35 70 3.4703 -0.9596 0.006018
177.50 P 20260731 -1.00 -1.00 5 4 4.7416 -0.9112 0.008176
180.00 P 20260731 -1.00 -1.00 14 34 3.3389 -0.9834 0.002971
182.50 P 20260731 -1.00 -1.00 -1 0 5.2833 -0.9181 0.006953
185.00 P 20260731 -1.00 -1.00 1 2 5.3422 -0.9278 0.006227
187.50 P 20260731 -1.00 -1.00 1 0 5.0414 -0.9494 0.004937
190.00 P 20260731 -1.00 -1.00 4 3 4.3326 -0.9798 0.002691
192.50 P 20260731 -1.00 -1.00 -1 0 5.3745 -0.9568 0.004102
195.00 P 20260731 -1.00 -1.00 5 0 5.3198 -0.9664 0.003398
197.50 P 20260731 -1.00 -1.00 1 0 5.2977 -0.9718 0.002923
200.00 P 20260731 -1.00 -1.00 1 0 7.4206 -0.9172 0.005006
202.50 P 20260731 -1.00 -1.00 -1 0 6.2157 -0.9614 0.003264
205.00 P 20260731 -1.00 -1.00 -1 0 -1.0000 -1.0000 -1.000000
89.00 C 20260807 -1.00 -1.00 -1 0 1.6071 0.9914 0.000709
90.00 C 20260807 -1.00 -1.00 1 16 -1.0000 -1.0000 -1.000000
91.00 C 20260807 -1.00 -1.00 -1 0 1.5417 0.9911 0.000759
92.00 C 20260807 -1.00 -1.00 -1 0 1.5096 0.9910 0.000785
93.00 C 20260807 -1.00 -1.00 -1 0 1.5371 0.9876 0.001004
94.00 C 20260807 -1.00 -1.00 -1 0 1.4439 0.9907 0.000842
95.00 C 20260807 -1.00 -1.00 1 1 1.4111 0.9906 0.000872
96.00 C 20260807 -1.00 -1.00 -1 0 1.2467 0.9945 0.000605
97.00 C 20260807 -1.00 -1.00 -1 0 1.4640 0.9834 0.001353
98.00 C 20260807 -1.00 -1.00 -1 0 1.4315 0.9831 0.001406
99.00 C 20260807 -1.00 -1.00 25 25 1.4576 0.9797 0.001629
100.00 C 20260807 -1.00 -1.00 31 50 0.0010 1.0000 -0.000000
101.00 C 20260807 -1.00 -1.00 -1 0 1.3938 0.9789 0.001763
102.00 C 20260807 -1.00 -1.00 -1 0 1.4168 0.9754 0.001988
103.00 C 20260807 -1.00 -1.00 -1 0 -1.0000 -1.0000 -1.000000
104.00 C 20260807 -1.00 -1.00 -1 0 -1.0000 -1.0000 -1.000000
105.00 C 20260807 -1.00 -1.00 3 6 1.9358 0.9148 0.003901
106.00 C 20260807 -1.00 -1.00 1 2 1.5050 0.9516 0.003249
107.00 C 20260807 -1.00 -1.00 -1 0 1.5265 0.9460 0.003520
108.00 C 20260807 -1.00 -1.00 2 1 1.5238 0.9406 0.003782
109.00 C 20260807 -1.00 -1.00 -1 0 1.5172 0.9351 0.004049
110.00 C 20260807 -1.00 -1.00 16 37 1.4469 0.9379 0.004113
111.00 C 20260807 -1.00 -1.00 96 96 1.0385 0.9780 0.002448
112.00 C 20260807 -1.00 -1.00 5 88 1.2493 0.9500 0.004014
113.00 C 20260807 -1.00 -1.00 -1 0 1.2714 0.9433 0.004397
114.00 C 20260807 -1.00 -1.00 -1 0 1.2349 0.9420 0.004605
115.00 C 20260807 -1.00 -1.00 8 7 1.2610 0.9301 0.005147
116.00 C 20260807 -1.00 -1.00 1 1 1.1783 0.9362 0.005159
117.00 C 20260807 -1.00 -1.00 1 0 1.4783 0.8878 0.006342
118.00 C 20260807 -1.00 -1.00 2 2 1.2609 0.9077 0.006359
119.00 C 20260807 -1.00 -1.00 1 1 1.2864 0.8968 0.006811
120.00 C 20260807 -1.00 -1.00 24 35 1.3102 0.8863 0.007226
121.00 C 20260807 -1.00 -1.00 1 0 1.2787 0.8815 0.007597
122.00 C 20260807 -1.00 -1.00 -1 1 1.3079 0.8657 0.008028
123.00 C 20260807 -1.00 -1.00 -1 0 1.3869 0.8434 0.008380
124.00 C 20260807 -1.00 -1.00 11 4 1.2557 0.8531 0.008869
125.00 C 20260807 -1.00 -1.00 6 16 1.2846 0.8377 0.009268
126.00 C 20260807 -1.00 -1.00 2 1 1.3429 0.8190 0.009565
127.00 C 20260807 -1.00 -1.00 4 22 1.4486 0.7956 0.009617
128.00 C 20260807 -1.00 -1.00 4 32 1.4069 0.7890 0.010058
129.00 C 20260807 -1.00 -1.00 35 19 1.3879 0.7791 0.010428
130.00 C 20260807 -1.00 -1.00 48 216 1.3691 0.7688 0.010813
131.00 C 20260807 -1.00 -1.00 24 20 1.2243 0.7757 0.011925
132.00 C 20260807 -1.00 -1.00 106 98 1.3541 0.7450 0.011498
133.00 C 20260807 -1.00 -1.00 5 106 1.3209 0.7357 0.012013
134.00 C 20260807 -1.00 -1.00 1 59 1.2074 0.7352 0.013153
135.00 C 20260807 -1.00 -1.00 42 366 1.3356 0.7080 0.012544
136.00 C 20260807 -1.00 -1.00 3 18 1.3247 0.6958 0.012940
137.00 C 20260807 -1.00 -1.00 1 121 1.3284 0.6824 0.013227
138.00 C 20260807 -1.00 -1.00 169 164 1.3174 0.6689 0.013515
139.00 C 20260807 -1.00 -1.00 32 94 1.3031 0.6552 0.013810
140.00 C 20260807 -1.00 -1.00 184 489 1.2889 0.6411 0.014113
141.00 C 20260807 -1.00 -1.00 21 1078 1.2935 0.6260 0.014222
142.00 C 20260807 -1.00 -1.00 5 87 1.2732 0.6117 0.014602
143.00 C 20260807 -1.00 -1.00 2 274 1.1911 0.5985 0.015759
144.00 C 20260807 -1.00 -1.00 25 45 1.2825 0.5814 0.014819
145.00 C 20260807 -1.00 -1.00 175 687 1.2502 0.5663 0.015364
146.00 C 20260807 -1.00 -1.00 42 77 1.2672 0.5511 0.015322
147.00 C 20260807 -1.00 -1.00 57 69 1.2767 0.5362 0.015354
148.00 C 20260807 -1.00 -1.00 1114 2139 1.2698 0.5213 0.015385
149.00 C 20260807 -1.00 -1.00 66 49 1.2569 0.5060 0.015488
150.00 C 20260807 -1.00 -1.00 578 959 1.2502 0.4907 0.015516
152.50 C 20260807 -1.00 -1.00 266 156 1.2365 0.4520 0.015542
155.00 C 20260807 -1.00 -1.00 589 1273 1.2469 0.4156 0.015277
157.50 C 20260807 -1.00 -1.00 78 112 1.2444 0.3796 0.015020
160.00 C 20260807 -1.00 -1.00 3983 1387 1.2190 0.3435 0.014659
162.50 C 20260807 -1.00 -1.00 110 113 1.2138 0.3099 0.014088
165.00 C 20260807 -1.00 -1.00 763 524 1.2153 0.2776 0.013460
167.50 C 20260807 -1.00 -1.00 58 94 1.2263 0.2502 0.012724
170.00 C 20260807 -1.00 -1.00 794 889 1.2261 0.2262 0.011921
172.50 C 20260807 -1.00 -1.00 68 113 1.2176 0.2001 0.011127
175.00 C 20260807 -1.00 -1.00 311 350 1.2259 0.1781 0.010313
177.50 C 20260807 -1.00 -1.00 12 234 1.2299 0.1552 0.009515
180.00 C 20260807 -1.00 -1.00 913 481 1.2323 0.1393 0.008770
182.50 C 20260807 -1.00 -1.00 32 421 1.2178 0.1208 0.007973
185.00 C 20260807 -1.00 -1.00 140 425 1.2399 0.1102 0.007323
187.50 C 20260807 -1.00 -1.00 5 48 1.2316 0.0929 0.006540
190.00 C 20260807 -1.00 -1.00 397 373 1.2594 0.0843 0.005996
192.50 C 20260807 -1.00 -1.00 14 70 1.2608 0.0746 0.005441
195.00 C 20260807 -1.00 -1.00 363 76 1.2621 0.0663 0.004931
197.50 C 20260807 -1.00 -1.00 10 15 1.2735 0.0598 0.004487
200.00 C 20260807 -1.00 -1.00 307 623 1.2746 0.0516 0.003989
202.50 C 20260807 -1.00 -1.00 16 24 1.3058 0.0486 0.003718
205.00 C 20260807 -1.00 -1.00 29 42 1.3167 0.0424 0.003323
89.00 P 20260807 -1.00 -1.00 4 0 1.7301 -0.0141 0.000997
90.00 P 20260807 -1.00 -1.00 159 1631 1.6651 -0.0130 0.000965
91.00 P 20260807 -1.00 -1.00 -1 0 1.6615 -0.0147 0.001074
92.00 P 20260807 -1.00 -1.00 4 0 1.6580 -0.0164 0.001184
93.00 P 20260807 -1.00 -1.00 7 0 1.6545 -0.0181 0.001295
94.00 P 20260807 -1.00 -1.00 9 2 1.6212 -0.0185 0.001345
95.00 P 20260807 -1.00 -1.00 10032 571 1.6476 -0.0215 0.001519
96.00 P 20260807 -1.00 -1.00 5 52 1.6443 -0.0232 0.001633
97.00 P 20260807 -1.00 -1.00 11 19 1.6394 -0.0262 0.001800
98.00 P 20260807 -1.00 -1.00 14 768 1.6325 -0.0292 0.001969
99.00 P 20260807 -1.00 -1.00 22 419 1.6256 -0.0322 0.002140
100.00 P 20260807 -1.00 -1.00 843 33805 1.5898 -0.0329 0.002226
101.00 P 20260807 -1.00 -1.00 3 6 1.5688 -0.0349 0.002363
102.00 P 20260807 -1.00 -1.00 2 5 1.5623 -0.0380 0.002551
103.00 P 20260807 -1.00 -1.00 7 6 1.5701 -0.0424 0.002780
104.00 P 20260807 -1.00 -1.00 18 7 1.5637 -0.0456 0.002971
105.00 P 20260807 -1.00 -1.00 472 1625 1.5573 -0.0488 0.003164
106.00 P 20260807 -1.00 -1.00 21 40 1.5791 -0.0542 0.003418
107.00 P 20260807 -1.00 -1.00 33 105 1.5571 -0.0575 0.003615
108.00 P 20260807 -1.00 -1.00 94 182 1.5264 -0.0598 0.003794
109.00 P 20260807 -1.00 -1.00 28 316 1.5120 -0.0643 0.004035
110.00 P 20260807 -1.00 -1.00 649 1089 1.5058 -0.0699 0.004308
111.00 P 20260807 -1.00 -1.00 22 31 1.4916 -0.0745 0.004563
112.00 P 20260807 -1.00 -1.00 62 19 1.5013 -0.0822 0.004883
113.00 P 20260807 -1.00 -1.00 42 1325 1.4873 -0.0869 0.005150
114.00 P 20260807 -1.00 -1.00 75 47 1.4813 -0.0927 0.005439
115.00 P 20260807 -1.00 -1.00 309 1984 1.4753 -0.0985 0.005733
116.00 P 20260807 -1.00 -1.00 36 2857 1.4849 -0.1061 0.006046
117.00 P 20260807 -1.00 -1.00 77 6211 1.4812 -0.1128 0.006349
118.00 P 20260807 -1.00 -1.00 49 113 1.4539 -0.1179 0.006651
119.00 P 20260807 -1.00 -1.00 91 87 1.4471 -0.1265 0.006980
120.00 P 20260807 -1.00 -1.00 656 5616 1.4252 -0.1328 0.007313
121.00 P 20260807 -1.00 -1.00 14 149 1.4237 -0.1423 0.007658
122.00 P 20260807 -1.00 -1.00 29 20 1.4121 -0.1504 0.008010
123.00 P 20260807 -1.00 -1.00 9 23 1.4006 -0.1586 0.008372
124.00 P 20260807 -1.00 -1.00 41 21 1.3992 -0.1683 0.008729
125.00 P 20260807 -1.00 -1.00 1046 11725 1.3829 -0.1761 0.009116
126.00 P 20260807 -1.00 -1.00 64 84 1.3668 -0.1841 0.009517
127.00 P 20260807 -1.00 -1.00 1267 39 1.3655 -0.1941 0.009893
128.00 P 20260807 -1.00 -1.00 67 72 1.3724 -0.2063 0.010209
129.00 P 20260807 -1.00 -1.00 103 994 1.3537 -0.2165 0.010593
130.00 P 20260807 -1.00 -1.00 1151 887 1.3277 -0.2259 0.011030
131.00 P 20260807 -1.00 -1.00 27 43 1.3167 -0.2376 0.011407
132.00 P 20260807 -1.00 -1.00 18 35 1.3206 -0.2513 0.011704
133.00 P 20260807 -1.00 -1.00 39 133 1.3171 -0.2641 0.012046
134.00 P 20260807 -1.00 -1.00 11 60 1.2990 -0.2754 0.012493
135.00 P 20260807 -1.00 -1.00 776 2499 1.2883 -0.2878 0.012903
136.00 P 20260807 -1.00 -1.00 49 39 1.3067 -0.3029 0.013090
137.00 P 20260807 -1.00 -1.00 48 81 1.3033 -0.3160 0.013445
138.00 P 20260807 -1.00 -1.00 89 82 1.2827 -0.3288 0.013871
139.00 P 20260807 -1.00 -1.00 66 170 1.3253 -0.3464 0.013602
140.00 P 20260807 -1.00 -1.00 914 506 1.2609 -0.3576 0.014425
141.00 P 20260807 -1.00 -1.00 77 45 1.2658 -0.3731 0.014536
142.00 P 20260807 -1.00 -1.00 194 47 1.2954 -0.3892 0.014372
143.00 P 20260807 -1.00 -1.00 15 59 1.2505 -0.4032 0.015041
144.00 P 20260807 -1.00 -1.00 95 100 1.2306 -0.4184 0.015451
145.00 P 20260807 -1.00 -1.00 409 447 1.2355 -0.4341 0.015563
146.00 P 20260807 -1.00 -1.00 121 64 1.2525 -0.4494 0.015519
147.00 P 20260807 -1.00 -1.00 166 125 1.2557 -0.4648 0.015629
148.00 P 20260807 -1.00 -1.00 129 451 1.2429 -0.4802 0.015736
149.00 P 20260807 -1.00 -1.00 83 346 1.3030 -0.4921 0.014959
150.00 P 20260807 -1.00 -1.00 492 724 1.2236 -0.5115 0.015867
152.50 P 20260807 -1.00 -1.00 110 71 1.2164 -0.5504 0.015813
155.00 P 20260807 -1.00 -1.00 168 180 1.2152 -0.5890 0.015681
157.50 P 20260807 -1.00 -1.00 15 38 1.2148 -0.6252 0.015336
160.00 P 20260807 -1.00 -1.00 674 265 1.1965 -0.6610 0.014887
162.50 P 20260807 -1.00 -1.00 15 194 1.1917 -0.6953 0.014291
165.00 P 20260807 -1.00 -1.00 2 173 1.1934 -0.7283 0.013641
167.50 P 20260807 -1.00 -1.00 1 157 1.1973 -0.7564 0.012871
170.00 P 20260807 -1.00 -1.00 1 35 1.1806 -0.7849 0.012066
172.50 P 20260807 -1.00 -1.00 2 14 1.3575 -0.7704 0.010909
175.00 P 20260807 -1.00 -1.00 1 3 1.3314 -0.7976 0.010298
177.50 P 20260807 -1.00 -1.00 4 1 1.2220 -0.8482 0.009540
180.00 P 20260807 -1.00 -1.00 51 27 1.2266 -0.8630 0.008796
182.50 P 20260807 -1.00 -1.00 -1 0 1.2184 -0.8804 0.008018
185.00 P 20260807 -1.00 -1.00 1 2 1.4418 -0.8517 0.007914
187.50 P 20260807 -1.00 -1.00 -1 0 1.2624 -0.9013 0.006765
190.00 P 20260807 -1.00 -1.00 8 14 1.4709 -0.8722 0.006945
192.50 P 20260807 -1.00 -1.00 -1 0 1.3163 -0.9182 0.005737
195.00 P 20260807 -1.00 -1.00 -1 0 1.5229 -0.8873 0.006130
197.50 P 20260807 -1.00 -1.00 -1 0 1.4408 -0.9169 0.005294
200.00 P 20260807 -1.00 -1.00 2 15 1.5851 -0.8992 0.005457
202.50 P 20260807 -1.00 -1.00 -1 0 1.5741 -0.9131 0.004986
205.00 P 20260807 -1.00 -1.00 -1 0 1.5066 -0.9301 0.004405
89.00 C 20260814 -1.00 -1.00 -1 0 1.3975 0.9769 0.001365
90.00 C 20260814 -1.00 -1.00 -1 0 1.3686 0.9765 0.001412
91.00 C 20260814 -1.00 -1.00 -1 0 1.3619 0.9740 0.001535
92.00 C 20260814 -1.00 -1.00 -1 0 1.3769 0.9694 0.001727
93.00 C 20260814 -1.00 -1.00 -1 0 1.3702 0.9669 0.001852
94.00 C 20260814 -1.00 -1.00 -1 0 1.3850 0.9625 0.002036
95.00 C 20260814 -1.00 -1.00 -1 0 1.3783 0.9599 0.002162
96.00 C 20260814 -1.00 -1.00 -1 0 1.3928 0.9556 0.002337
97.00 C 20260814 -1.00 -1.00 -1 0 1.4073 0.9513 0.002505
98.00 C 20260814 -1.00 -1.00 -1 0 1.3586 0.9521 0.002556
99.00 C 20260814 -1.00 -1.00 -1 0 1.3522 0.9495 0.002691
100.00 C 20260814 -1.00 -1.00 -1 0 1.2628 0.9540 0.002651
101.00 C 20260814 -1.00 -1.00 -1 0 1.3335 0.9424 0.003009
102.00 C 20260814 -1.00 -1.00 -1 0 1.3750 0.9316 0.003310
103.00 C 20260814 -1.00 -1.00 -1 0 1.3805 0.9258 0.003510
104.00 C 20260814 -1.00 -1.00 -1 0 1.3860 0.9200 0.003706
105.00 C 20260814 -1.00 -1.00 -1 0 1.2977 0.9258 0.003731
106.00 C 20260814 -1.00 -1.00 -1 0 1.3386 0.9153 0.004013
107.00 C 20260814 -1.00 -1.00 -1 0 1.3674 0.9066 0.004246
108.00 C 20260814 -1.00 -1.00 -1 0 1.2689 0.9132 0.004312
109.00 C 20260814 -1.00 -1.00 -1 0 1.3856 0.8939 0.004639
110.00 C 20260814 -1.00 -1.00 9 22 1.3751 0.8882 0.004832
111.00 C 20260814 -1.00 -1.00 -1 0 1.3799 0.8801 0.005033
112.00 C 20260814 -1.00 -1.00 -1 0 1.3166 0.8822 0.005218
113.00 C 20260814 -1.00 -1.00 -1 0 1.3517 0.8693 0.005436
114.00 C 20260814 -1.00 -1.00 -1 0 1.3266 0.8654 0.005649
115.00 C 20260814 -1.00 -1.00 1 1 1.3538 0.8541 0.005848
116.00 C 20260814 -1.00 -1.00 -1 0 1.3586 0.8460 0.006049
117.00 C 20260814 -1.00 -1.00 -1 0 1.3633 0.8379 0.006248
118.00 C 20260814 -1.00 -1.00 -1 0 1.3385 0.8334 0.006487
119.00 C 20260814 -1.00 -1.00 -1 0 1.3287 0.8270 0.006714
120.00 C 20260814 -1.00 -1.00 3 129 1.2388 0.8306 0.007088
121.00 C 20260814 -1.00 -1.00 -1 0 1.3164 0.8132 0.007166
122.00 C 20260814 -1.00 -1.00 -1 0 1.3573 0.7990 0.007233
123.00 C 20260814 -1.00 -1.00 -1 0 1.3474 0.7909 0.007433
124.00 C 20260814 -1.00 -1.00 -1 0 1.3377 0.7827 0.007636
125.00 C 20260814 -1.00 -1.00 4 18 1.3280 0.7743 0.007845
126.00 C 20260814 -1.00 -1.00 -1 0 1.3184 0.7659 0.008057
127.00 C 20260814 -1.00 -1.00 -1 0 1.3143 0.7567 0.008250
128.00 C 20260814 -1.00 -1.00 -1 0 1.3048 0.7481 0.008470
129.00 C 20260814 -1.00 -1.00 -1 0 1.3008 0.7388 0.008668
130.00 C 20260814 -1.00 -1.00 26 106 1.3022 0.7289 0.008841
131.00 C 20260814 -1.00 -1.00 4 99 1.2929 0.7200 0.009070
132.00 C 20260814 -1.00 -1.00 8 7 1.2943 0.7101 0.009244
133.00 C 20260814 -1.00 -1.00 7 24 1.3009 0.7000 0.009386
134.00 C 20260814 -1.00 -1.00 43 96 1.2707 0.6921 0.009754
135.00 C 20260814 -1.00 -1.00 4 36 1.2871 0.6803 0.009732
136.00 C 20260814 -1.00 -1.00 7 4 1.2755 0.6702 0.009909
137.00 C 20260814 -1.00 -1.00 4 7 1.2594 0.6601 0.010126
138.00 C 20260814 -1.00 -1.00 13 8 1.2616 0.6491 0.010204
139.00 C 20260814 -1.00 -1.00 8 7 1.2412 0.6388 0.010463
140.00 C 20260814 -1.00 -1.00 50 91 1.2524 0.6274 0.010468
141.00 C 20260814 -1.00 -1.00 2 166 1.2367 0.6167 0.010697
142.00 C 20260814 -1.00 -1.00 6 9 1.2389 0.6055 0.010776
143.00 C 20260814 -1.00 -1.00 83 197 1.2323 0.5944 0.010932
144.00 C 20260814 -1.00 -1.00 5 34 1.2345 0.5832 0.011011
145.00 C 20260814 -1.00 -1.00 123 95 1.2323 0.5720 0.011130
146.00 C 20260814 -1.00 -1.00 2 17 1.2345 0.5609 0.011208
147.00 C 20260814 -1.00 -1.00 6 8 1.2358 0.5498 0.011286
148.00 C 20260814 -1.00 -1.00 49 66 1.2299 0.5388 0.011323
149.00 C 20260814 -1.00 -1.00 35 16 1.2196 0.5275 0.011401
150.00 C 20260814 -1.00 -1.00 227 313 1.2137 0.5163 0.011437
152.50 C 20260814 -1.00 -1.00 24 45 1.2014 0.4880 0.011504
155.00 C 20260814 -1.00 -1.00 30 106 1.1935 0.4596 0.011527
157.50 C 20260814 -1.00 -1.00 59 52 1.1943 0.4320 0.011469
160.00 C 20260814 -1.00 -1.00 232 180 1.2034 0.4057 0.011335
162.50 C 20260814 -1.00 -1.00 27 41 1.1911 0.3802 0.011161
165.00 C 20260814 -1.00 -1.00 275 91 1.1851 0.3557 0.010905
167.50 C 20260814 -1.00 -1.00 29 14 1.1792 0.3311 0.010641
170.00 C 20260814 -1.00 -1.00 74 188 1.1966 0.3115 0.010237
172.50 C 20260814 -1.00 -1.00 4 41 1.1907 0.2868 0.009972
175.00 C 20260814 -1.00 -1.00 19 65 1.2011 0.2668 0.009618
177.50 C 20260814 -1.00 -1.00 1 30 1.1870 0.2467 0.009257
180.00 C 20260814 -1.00 -1.00 170 188 1.1848 0.2290 0.008853
182.50 C 20260814 -1.00 -1.00 6 12 1.1768 0.2097 0.008451
185.00 C 20260814 -1.00 -1.00 113 221 1.1921 0.1965 0.008030
187.50 C 20260814 -1.00 -1.00 8 31 1.1871 0.1780 0.007624
190.00 C 20260814 -1.00 -1.00 67 6525 1.2050 0.1662 0.007236
192.50 C 20260814 -1.00 -1.00 1 2 1.2024 0.1529 0.006855
195.00 C 20260814 -1.00 -1.00 31 31 1.1989 0.1413 0.006477
197.50 C 20260814 -1.00 -1.00 2 2 1.1995 0.1306 0.006106
200.00 C 20260814 -1.00 -1.00 133 351 1.2044 0.1209 0.005750
202.50 C 20260814 -1.00 -1.00 32 20 1.2175 0.1133 0.005433
205.00 C 20260814 -1.00 -1.00 2 8 1.2263 0.1049 0.005111
89.00 P 20260814 -1.00 -1.00 1 1 1.4777 -0.0302 0.001594
90.00 P 20260814 -1.00 -1.00 114 131 1.4819 -0.0335 0.001732
91.00 P 20260814 -1.00 -1.00 -1 0 1.4642 -0.0351 0.001819
92.00 P 20260814 -1.00 -1.00 -1 0 1.4576 -0.0375 0.001935
93.00 P 20260814 -1.00 -1.00 -1 0 1.4510 -0.0400 0.002052
94.00 P 20260814 -1.00 -1.00 -1 0 1.4552 -0.0433 0.002191
95.00 P 20260814 -1.00 -1.00 20 116 1.4701 -0.0475 0.002348
96.00 P 20260814 -1.00 -1.00 2 2 1.4635 -0.0500 0.002467
97.00 P 20260814 -1.00 -1.00 1 1 1.4605 -0.0540 0.002620
98.00 P 20260814 -1.00 -1.00 3 0 1.4479 -0.0574 0.002760
99.00 P 20260814 -1.00 -1.00 20 2 1.4354 -0.0608 0.002905
100.00 P 20260814 -1.00 -1.00 151 268 1.4351 -0.0658 0.003079
101.00 P 20260814 -1.00 -1.00 1 1 1.4228 -0.0693 0.003230
102.00 P 20260814 -1.00 -1.00 1 1 1.4225 -0.0743 0.003408
103.00 P 20260814 -1.00 -1.00 1 1 1.4104 -0.0779 0.003566
104.00 P 20260814 -1.00 -1.00 1 1 1.4161 -0.0836 0.003755
105.00 P 20260814 -1.00 -1.00 16 83 1.4041 -0.0873 0.003920
106.00 P 20260814 -1.00 -1.00 10 0 1.4098 -0.0930 0.004108
107.00 P 20260814 -1.00 -1.00 2 0 1.4038 -0.0974 0.004284
108.00 P 20260814 -1.00 -1.00 6 0 1.4242 -0.1048 0.004480
109.00 P 20260814 -1.00 -1.00 10 1 1.4061 -0.1093 0.004658
110.00 P 20260814 -1.00 -1.00 30 230 1.3842 -0.1133 0.004842
111.00 P 20260814 -1.00 -1.00 -1 0 1.3854 -0.1208 0.005040
112.00 P 20260814 -1.00 -1.00 2 0 1.3790 -0.1272 0.005238
113.00 P 20260814 -1.00 -1.00 1 0 1.3764 -0.1343 0.005438
114.00 P 20260814 -1.00 -1.00 9 0 1.3700 -0.1408 0.005641
115.00 P 20260814 -1.00 -1.00 64 149 1.3600 -0.1469 0.005849
116.00 P 20260814 -1.00 -1.00 -1 0 1.3576 -0.1540 0.006056
117.00 P 20260814 -1.00 -1.00 1 0 1.3477 -0.1603 0.006273
118.00 P 20260814 -1.00 -1.00 4 4 1.3527 -0.1684 0.006473
119.00 P 20260814 -1.00 -1.00 1 1 1.3429 -0.1748 0.006696
120.00 P 20260814 -1.00 -1.00 67 391 1.3478 -0.1829 0.006896
121.00 P 20260814 -1.00 -1.00 -1 0 1.3447 -0.1902 0.007111
122.00 P 20260814 -1.00 -1.00 2 2 1.3406 -0.1990 0.007294
123.00 P 20260814 -1.00 -1.00 1304 0 1.3200 -0.2058 0.007534
124.00 P 20260814 -1.00 -1.00 3 3 1.3160 -0.2149 0.007724
125.00 P 20260814 -1.00 -1.00 3138 388 1.3065 -0.2233 0.007937
126.00 P 20260814 -1.00 -1.00 5 1 1.2809 -0.2300 0.008223
127.00 P 20260814 -1.00 -1.00 230 1 1.2825 -0.2400 0.008400
128.00 P 20260814 -1.00 -1.00 1 25 1.3002 -0.2517 0.008501
129.00 P 20260814 -1.00 -1.00 5 4 1.2857 -0.2600 0.008753
130.00 P 20260814 -1.00 -1.00 634 2308 1.2872 -0.2700 0.008929
131.00 P 20260814 -1.00 -1.00 2 20 1.2835 -0.2795 0.009133
132.00 P 20260814 -1.00 -1.00 570 529 1.2797 -0.2890 0.009339
133.00 P 20260814 -1.00 -1.00 1 104 1.2813 -0.2990 0.009515
134.00 P 20260814 -1.00 -1.00 15 19 1.2861 -0.3093 0.009661
135.00 P 20260814 -1.00 -1.00 32 90 1.2608 -0.3185 0.009939
136.00 P 20260814 -1.00 -1.00 4 68 1.2540 -0.3290 0.010086
137.00 P 20260814 -1.00 -1.00 13 16 1.2472 -0.3397 0.010236
138.00 P 20260814 -1.00 -1.00 3 23 1.2405 -0.3505 0.010387
139.00 P 20260814 -1.00 -1.00 5 33 1.2338 -0.3613 0.010540
140.00 P 20260814 -1.00 -1.00 303 124 1.2317 -0.3725 0.010657
141.00 P 20260814 -1.00 -1.00 2 54 1.2251 -0.3836 0.010813
142.00 P 20260814 -1.00 -1.00 2 34 1.2186 -0.3948 0.010971
143.00 P 20260814 -1.00 -1.00 23 64 1.2121 -0.4061 0.011131
144.00 P 20260814 -1.00 -1.00 4 8 1.2234 -0.4174 0.011130
145.00 P 20260814 -1.00 -1.00 408 177 1.2213 -0.4287 0.011250
146.00 P 20260814 -1.00 -1.00 37 21 1.2236 -0.4399 0.011330
147.00 P 20260814 -1.00 -1.00 10 38 1.2202 -0.4514 0.011452
148.00 P 20260814 -1.00 -1.00 12 48 1.2145 -0.4625 0.011489
149.00 P 20260814 -1.00 -1.00 6 8 1.2087 -0.4737 0.011525
150.00 P 20260814 -1.00 -1.00 62 219 1.2073 -0.4848 0.011519
152.50 P 20260814 -1.00 -1.00 4 16 1.1953 -0.5133 0.011585
155.00 P 20260814 -1.00 -1.00 15 96 1.1877 -0.5418 0.011608
157.50 P 20260814 -1.00 -1.00 3 15 1.1887 -0.5696 0.011549
160.00 P 20260814 -1.00 -1.00 6 69 1.1935 -0.5968 0.011454
162.50 P 20260814 -1.00 -1.00 1 15 1.1799 -0.6227 0.011275
165.00 P 20260814 -1.00 -1.00 4 48 1.1742 -0.6473 0.011013
167.50 P 20260814 -1.00 -1.00 1 4 1.1733 -0.6713 0.010713
170.00 P 20260814 -1.00 -1.00 16 38 1.1677 -0.6964 0.010441
172.50 P 20260814 -1.00 -1.00 2 2 1.1804 -0.7171 0.010066
175.00 P 20260814 -1.00 -1.00 2 4 1.1811 -0.7387 0.009724
177.50 P 20260814 -1.00 -1.00 -1 0 1.1732 -0.7579 0.009334
180.00 P 20260814 -1.00 -1.00 1 1 1.1596 -0.7788 0.008941
182.50 P 20260814 -1.00 -1.00 -1 0 1.1636 -0.7954 0.008510
185.00 P 20260814 -1.00 -1.00 1 1 1.3306 -0.7709 0.007940
187.50 P 20260814 -1.00 -1.00 -1 0 1.1943 -0.8218 0.007678
190.00 P 20260814 -1.00 -1.00 -1 0 1.2381 -0.8260 0.007312
192.50 P 20260814 -1.00 -1.00 -1 0 1.2755 -0.8316 0.006978
195.00 P 20260814 -1.00 -1.00 2 1 1.2211 -0.8559 0.006570
197.50 P 20260814 -1.00 -1.00 -1 0 1.2557 -0.8589 0.006286
200.00 P 20260814 -1.00 -1.00 -1 0 1.1802 -0.8874 0.005723
202.50 P 20260814 -1.00 -1.00 -1 0 1.2313 -0.8856 0.005541
205.00 P 20260814 -1.00 -1.00 -1 0 1.2818 -0.8838 0.005374
90.00 C 20260821 -1.00 -1.00 1 16 0.9431 0.9897 0.000815
95.00 C 20260821 -1.00 -1.00 15 27 1.1953 0.9536 0.002318
100.00 C 20260821 -1.00 -1.00 7 88 1.1938 0.9320 0.003110
105.00 C 20260821 -1.00 -1.00 1 1049 1.2844 0.8962 0.004032
110.00 C 20260821 -1.00 -1.00 4 226 1.2127 0.8739 0.004844
115.00 C 20260821 -1.00 -1.00 6 272 1.2669 0.8326 0.005648
120.00 C 20260821 -1.00 -1.00 14 59 1.2693 0.7951 0.006380
125.00 C 20260821 -1.00 -1.00 18 11904 1.2485 0.7560 0.007127
130.00 C 20260821 -1.00 -1.00 7 473 1.2374 0.7151 0.007865
135.00 C 20260821 -1.00 -1.00 41 534 1.2009 0.6723 0.008584
140.00 C 20260821 -1.00 -1.00 63 247 1.1884 0.6254 0.009053
142.00 C 20260821 -1.00 -1.00 27 57 1.1506 0.6062 0.009509
143.00 C 20260821 -1.00 -1.00 2 138 1.1921 0.5969 0.009254
144.00 C 20260821 -1.00 -1.00 2 27 1.1933 0.5875 0.009321
145.00 C 20260821 -1.00 -1.00 49 445 1.1728 0.5774 0.009564
146.00 C 20260821 -1.00 -1.00 2 5 1.1957 0.5686 0.009453
147.00 C 20260821 -1.00 -1.00 7 10 1.1422 0.5568 0.009980
148.00 C 20260821 -1.00 -1.00 4 66 1.1943 0.5501 0.009527
149.00 C 20260821 -1.00 -1.00 61 21 1.1817 0.5404 0.009622
150.00 C 20260821 -1.00 -1.00 174 2348 1.1727 0.5306 0.009688
152.50 C 20260821 -1.00 -1.00 5 93 1.1753 0.5079 0.009645
155.00 C 20260821 -1.00 -1.00 33 235 1.1674 0.4842 0.009688
157.50 C 20260821 -1.00 -1.00 8 195 1.1665 0.4610 0.009673
160.00 C 20260821 -1.00 -1.00 227 2219 1.1656 0.4378 0.009657
162.50 C 20260821 -1.00 -1.00 22 80 1.1716 0.4158 0.009587
165.00 C 20260821 -1.00 -1.00 199 746 1.1617 0.3943 0.009489
167.50 C 20260821 -1.00 -1.00 11 82 1.1555 0.3738 0.009332
170.00 C 20260821 -1.00 -1.00 182 1848 1.1646 0.3563 0.009081
172.50 C 20260821 -1.00 -1.00 4 190 1.1547 0.3348 0.008939
175.00 C 20260821 -1.00 -1.00 74 3738 1.1487 0.3139 0.008771
177.50 C 20260821 -1.00 -1.00 5 31 1.1576 0.2967 0.008528
180.00 C 20260821 -1.00 -1.00 688 2592 1.1517 0.2757 0.008356
182.50 C 20260821 -1.00 -1.00 43 42 1.1586 0.2630 0.008061
185.00 C 20260821 -1.00 -1.00 38 1166 1.1509 0.2470 0.007804
190.00 C 20260821 -1.00 -1.00 29 2219 1.1546 0.2196 0.007246
195.00 C 20260821 -1.00 -1.00 18 1130 1.1535 0.1909 0.006695
200.00 C 20260821 -1.00 -1.00 1779 8946 1.1799 0.1711 0.006171
205.00 C 20260821 -1.00 -1.00 10 585 1.1656 0.1487 0.005653
90.00 P 20260821 -1.00 -1.00 78 2252 1.3982 -0.0494 0.002093
95.00 P 20260821 -1.00 -1.00 22 1512 1.3457 -0.0648 0.002658
100.00 P 20260821 -1.00 -1.00 136 13501 1.3404 -0.0865 0.003347
105.00 P 20260821 -1.00 -1.00 102 7307 1.3230 -0.1099 0.004057
110.00 P 20260821 -1.00 -1.00 643 9047 1.2893 -0.1374 0.004831
115.00 P 20260821 -1.00 -1.00 70 12492 1.2694 -0.1679 0.005652
120.00 P 20260821 -1.00 -1.00 642 5928 1.2535 -0.2031 0.006440
125.00 P 20260821 -1.00 -1.00 111 6019 1.2339 -0.2428 0.007198
130.00 P 20260821 -1.00 -1.00 63 4076 1.2152 -0.2837 0.007994
135.00 P 20260821 -1.00 -1.00 722 2431 1.2048 -0.3284 0.008574
140.00 P 20260821 -1.00 -1.00 308 1968 1.1782 -0.3751 0.009150
142.00 P 20260821 -1.00 -1.00 147 82 1.1810 -0.3943 0.009285
143.00 P 20260821 -1.00 -1.00 104 53 1.1824 -0.4038 0.009352
144.00 P 20260821 -1.00 -1.00 3 37 1.1801 -0.4135 0.009448
145.00 P 20260821 -1.00 -1.00 172 10683 1.1815 -0.4230 0.009516
146.00 P 20260821 -1.00 -1.00 50 478 1.2225 -0.4311 0.009265
147.00 P 20260821 -1.00 -1.00 211 8 1.1901 -0.4419 0.009592
148.00 P 20260821 -1.00 -1.00 75 22 1.1848 -0.4512 0.009629
149.00 P 20260821 -1.00 -1.00 48 8 1.1795 -0.4606 0.009665
150.00 P 20260821 -1.00 -1.00 69 3287 1.1635 -0.4709 0.009790
152.50 P 20260821 -1.00 -1.00 1 15 1.1630 -0.4941 0.009774
155.00 P 20260821 -1.00 -1.00 13 1271 1.1589 -0.5177 0.009786
157.50 P 20260821 -1.00 -1.00 13 73 1.1549 -0.5415 0.009799
160.00 P 20260821 -1.00 -1.00 37 1166 1.1613 -0.5639 0.009726
162.50 P 20260821 -1.00 -1.00 34 41 1.1707 -0.5856 0.009631
165.00 P 20260821 -1.00 -1.00 20 663 1.1566 -0.6079 0.009558
167.50 P 20260821 -1.00 -1.00 1 62 1.1468 -0.6292 0.009423
170.00 P 20260821 -1.00 -1.00 6 2973 1.1449 -0.6493 0.009236
172.50 P 20260821 -1.00 -1.00 22 9 1.1543 -0.6668 0.008983
175.00 P 20260821 -1.00 -1.00 10 2378 1.1409 -0.6897 0.008856
177.50 P 20260821 -1.00 -1.00 1 33 1.1463 -0.7081 0.008630
180.00 P 20260821 -1.00 -1.00 3 572 1.1547 -0.7254 0.008390
182.50 P 20260821 -1.00 -1.00 -1 0 1.1481 -0.7414 0.008137
185.00 P 20260821 -1.00 -1.00 1 258 1.1503 -0.7552 0.007856
190.00 P 20260821 -1.00 -1.00 1 287 1.1402 -0.7866 0.007317
195.00 P 20260821 -1.00 -1.00 1 100 1.2002 -0.7977 0.006746
200.00 P 20260821 -1.00 -1.00 3 176 1.2446 -0.8117 0.006261
205.00 P 20260821 -1.00 -1.00 4 4 1.2738 -0.8289 0.005824
60.00 C 20260731 -1.00 -1.00 -1 0 -1.0000 -1.0000 -1.000000
65.00 C 20260731 -1.00 -1.00 -1 0 -1.0000 -1.0000 -1.000000
70.00 C 20260731 -1.00 -1.00 1 1 -1.0000 -1.0000 -1.000000
75.00 C 20260731 -1.00 -1.00 -1 0 8.5058 0.9984 0.000141
80.00 C 20260731 -1.00 -1.00 -1 0 8.8771 0.9949 0.000396
85.00 C 20260731 -1.00 -1.00 -1 0 8.0591 0.9944 0.000474
60.00 P 20260731 -1.00 -1.00 49 317 12.8932 -0.0039 0.000212
65.00 P 20260731 -1.00 -1.00 3 128 11.8033 -0.0043 0.000251
70.00 P 20260731 -1.00 -1.00 2 425 10.7963 -0.0047 0.000298
75.00 P 20260731 -1.00 -1.00 8 651 9.8608 -0.0051 0.000353
80.00 P 20260731 -1.00 -1.00 198 2123 8.9871 -0.0056 0.000422
85.00 P 20260731 -1.00 -1.00 242 1093 8.1677 -0.0061 0.000506
60.00 C 20260807 -1.00 -1.00 -1 0 -1.0000 -1.0000 -1.000000
65.00 C 20260807 -1.00 -1.00 1 0 -1.0000 -1.0000 -1.000000
70.00 C 20260807 -1.00 -1.00 -1 0 -1.0000 -1.0000 -1.000000
75.00 C 20260807 -1.00 -1.00 -1 0 -1.0000 -1.0000 -1.000000
80.00 C 20260807 -1.00 -1.00 3 3 0.0010 1.0000 -0.000000
83.00 C 20260807 -1.00 -1.00 -1 0 0.0010 1.0000 -0.000000
84.00 C 20260807 -1.00 -1.00 -1 0 -1.0000 -1.0000 -1.000000
85.00 C 20260807 -1.00 -1.00 -1 0 1.3346 0.9990 0.000116
86.00 C 20260807 -1.00 -1.00 -1 0 -1.0000 -1.0000 -1.000000
87.00 C 20260807 -1.00 -1.00 -1 0 1.2667 0.9992 0.000109
88.00 C 20260807 -1.00 -1.00 -1 0 1.2229 0.9992 0.000105
60.00 P 20260807 -1.00 -1.00 4 169 2.5962 -0.0039 0.000212
65.00 P 20260807 -1.00 -1.00 3 428 2.3769 -0.0042 0.000251
70.00 P 20260807 -1.00 -1.00 3 130 2.1743 -0.0046 0.000297
75.00 P 20260807 -1.00 -1.00 7 10533 1.9861 -0.0051 0.000353
80.00 P 20260807 -1.00 -1.00 396 962 1.8104 -0.0056 0.000421
83.00 P 20260807 -1.00 -1.00 302 2 1.7846 -0.0074 0.000555
84.00 P 20260807 -1.00 -1.00 6 6 1.7516 -0.0076 0.000575
85.00 P 20260807 -1.00 -1.00 142 382 1.7778 -0.0091 0.000672
86.00 P 20260807 -1.00 -1.00 20 6 1.7422 -0.0093 0.000697
87.00 P 20260807 -1.00 -1.00 8 0 1.7071 -0.0095 0.000722
88.00 P 20260807 -1.00 -1.00 277 2 1.6723 -0.0097 0.000749
60.00 C 20260814 -1.00 -1.00 -1 0 -1.0000 -1.0000 -1.000000
65.00 C 20260814 -1.00 -1.00 -1 0 -1.0000 -1.0000 -1.000000
70.00 C 20260814 -1.00 -1.00 -1 0 -1.0000 -1.0000 -1.000000
75.00 C 20260814 -1.00 -1.00 -1 0 -1.0000 -1.0000 -1.000000
80.00 C 20260814 -1.00 -1.00 -1 0 1.0203 0.9993 0.000076
83.00 C 20260814 -1.00 -1.00 -1 0 -1.0000 -1.0000 -1.000000
84.00 C 20260814 -1.00 -1.00 -1 0 1.1469 0.9957 0.000378
85.00 C 20260814 -1.00 -1.00 -1 0 0.0013 1.0000 -0.000000
86.00 C 20260814 -1.00 -1.00 -1 0 1.2009 0.9923 0.000607
87.00 C 20260814 -1.00 -1.00 -1 0 0.0013 1.0000 0.000000
88.00 C 20260814 -1.00 -1.00 -1 0 1.3460 0.9815 0.001162
60.00 P 20260814 -1.00 -1.00 1 208 1.9189 -0.0049 0.000253
65.00 P 20260814 -1.00 -1.00 1 347 1.6991 -0.0042 0.000251
70.00 P 20260814 -1.00 -1.00 3 482 1.7432 -0.0090 0.000480
75.00 P 20260814 -1.00 -1.00 45 656 1.6153 -0.0109 0.000609
80.00 P 20260814 -1.00 -1.00 4 70 1.5891 -0.0171 0.000922
83.00 P 20260814 -1.00 -1.00 -1 0 1.5284 -0.0191 0.001056
84.00 P 20260814 -1.00 -1.00 -1 0 1.5583 -0.0223 0.001187
85.00 P 20260814 -1.00 -1.00 21 318 1.5734 -0.0263 0.001339
86.00 P 20260814 -1.00 -1.00 -1 0 1.5210 -0.0250 0.001330
87.00 P 20260814 -1.00 -1.00 -1 0 1.4915 -0.0255 0.001377
88.00 P 20260814 -1.00 -1.00 32 1 1.4957 -0.0288 0.001513
60.00 C 20260821 -1.00 -1.00 -1 0 1.9476 0.9850 0.000552
65.00 C 20260821 -1.00 -1.00 -1 0 1.6546 0.9882 0.000522
70.00 C 20260821 -1.00 -1.00 1 1 1.6319 0.9827 0.000745
75.00 C 20260821 -1.00 -1.00 -1 0 1.4917 0.9815 0.000866
80.00 C 20260821 -1.00 -1.00 1 2 0.0016 1.0000 -0.000000
85.00 C 20260821 -1.00 -1.00 1 1 1.1644 0.9828 0.001034
60.00 P 20260821 -1.00 -1.00 8 10317 1.6254 -0.0058 0.000287
65.00 P 20260821 -1.00 -1.00 130 270 1.5845 -0.0091 0.000436
70.00 P 20260821 -1.00 -1.00 35 1289 1.5114 -0.0127 0.000607
75.00 P 20260821 -1.00 -1.00 8 1709 1.4832 -0.0182 0.000857
80.00 P 20260821 -1.00 -1.00 40 19250 1.4464 -0.0264 0.001193
85.00 P 20260821 -1.00 -1.00 20 60615 1.4111 -0.0367 0.001608
207.50 C 20260731 -1.00 -1.00 56 95 5.3888 0.0131 0.001497
210.00 C 20260731 -1.00 -1.00 39 259 5.3093 0.0101 0.001202
212.50 C 20260731 -1.00 -1.00 2 35 5.4586 0.0099 0.001143
215.00 C 20260731 -1.00 -1.00 1 173 5.6061 0.0096 0.001090
217.50 C 20260731 -1.00 -1.00 64 81 5.7519 0.0094 0.001041
220.00 C 20260731 -1.00 -1.00 4 252 5.8961 0.0092 0.000995
225.00 C 20260731 -1.00 -1.00 6 84 6.1797 0.0088 0.000915
230.00 C 20260731 -1.00 -1.00 2 83 6.8956 0.0129 0.001153
235.00 C 20260731 -1.00 -1.00 1 92 6.9456 0.0104 0.000941
207.50 P 20260731 -1.00 -1.00 -1 0 6.5964 -0.9632 0.002962
210.00 P 20260731 -1.00 -1.00 20 0 6.1738 -0.9753 0.002236
212.50 P 20260731 -1.00 -1.00 -1 0 5.5349 -0.9893 0.001221
215.00 P 20260731 -1.00 -1.00 -1 0 6.7045 -0.9725 0.002253
217.50 P 20260731 -1.00 -1.00 -1 0 7.2556 -0.9661 0.002496
220.00 P 20260731 -1.00 -1.00 6 0 8.2682 -0.9465 0.003146
225.00 P 20260731 -1.00 -1.00 -1 0 6.6997 -0.9859 0.001290
230.00 P 20260731 -1.00 -1.00 -1 0 -1.0000 -1.0000 -1.000000
235.00 P 20260731 -1.00 -1.00 -1 0 7.7817 -0.9796 0.001511
207.50 C 20260807 -1.00 -1.00 1 4 1.3472 0.0398 0.003096
210.00 C 20260807 -1.00 -1.00 97 593 1.3711 0.0372 0.002887
212.50 C 20260807 -1.00 -1.00 3 21 1.3653 0.0330 0.002605
215.00 C 20260807 -1.00 -1.00 20 142 1.3790 0.0306 0.002410
220.00 C 20260807 -1.00 -1.00 8 104 1.3868 0.0240 0.001945
225.00 C 20260807 -1.00 -1.00 100 63 1.3943 0.0174 0.001490
230.00 C 20260807 -1.00 -1.00 2 94 1.4293 0.0149 0.001278
235.00 C 20260807 -1.00 -1.00 51 11 1.4393 0.0125 0.001077
207.50 P 20260807 -1.00 -1.00 -1 0 1.4255 -0.9491 0.003658
210.00 P 20260807 -1.00 -1.00 -1 0 1.6851 -0.9205 0.004356
212.50 P 20260807 -1.00 -1.00 -1 0 1.7431 -0.9197 0.004243
215.00 P 20260807 -1.00 -1.00 -1 0 1.5234 -0.9553 0.003116
220.00 P 20260807 -1.00 -1.00 -1 0 1.5539 -0.9631 0.002663
225.00 P 20260807 -1.00 -1.00 -1 0 1.8311 -0.9372 0.003318
230.00 P 20260807 -1.00 -1.00 -1 0 1.5226 -0.9791 0.001762
235.00 P 20260807 -1.00 -1.00 -1 0 1.7031 -0.9695 0.002078
207.50 C 20260814 -1.00 -1.00 4 4 1.2309 0.0955 0.004779
210.00 C 20260814 -1.00 -1.00 7 16 1.2518 0.0905 0.004538
212.50 C 20260814 -1.00 -1.00 2 3 1.2623 0.0846 0.004289
215.00 C 20260814 -1.00 -1.00 49 56 1.2611 0.0788 0.004042
220.00 C 20260814 -1.00 -1.00 3 18 1.2725 0.0693 0.003607
225.00 C 20260814 -1.00 -1.00 5 7 1.2769 0.0589 0.003153
230.00 C 20260814 -1.00 -1.00 1 2 1.2946 0.0510 0.002783
235.00 C 20260814 -1.00 -1.00 1 3 1.3185 0.0446 0.002472
207.50 P 20260814 -1.00 -1.00 -1 0 1.2901 -0.8920 0.005086
210.00 P 20260814 -1.00 -1.00 -1 0 1.2982 -0.9000 0.004805
212.50 P 20260814 -1.00 -1.00 -1 0 1.4052 -0.8843 0.004881
215.00 P 20260814 -1.00 -1.00 -1 0 1.3299 -0.9118 0.004336
220.00 P 20260814 -1.00 -1.00 -1 0 1.3346 -0.9231 0.003899
225.00 P 20260814 -1.00 -1.00 -1 0 1.3869 -0.9254 0.003660
230.00 P 20260814 -1.00 -1.00 -1 0 1.3967 -0.9341 0.003311
235.00 P 20260814 -1.00 -1.00 -1 0 1.4196 -0.9403 0.003025
210.00 C 20260821 -1.00 -1.00 25 829 1.1713 0.1323 0.005164
215.00 C 20260821 -1.00 -1.00 8 257 1.1802 0.1170 0.004696
220.00 C 20260821 -1.00 -1.00 45 1315 1.1986 0.1046 0.004284
225.00 C 20260821 -1.00 -1.00 15 492 1.2199 0.0936 0.003912
230.00 C 20260821 -1.00 -1.00 6 835 1.2191 0.0827 0.003556
235.00 C 20260821 -1.00 -1.00 56 55 1.2317 0.0758 0.003272
210.00 P 20260821 -1.00 -1.00 1 124 1.2851 -0.8440 0.005424
215.00 P 20260821 -1.00 -1.00 1 0 1.1892 -0.8838 0.004799
220.00 P 20260821 -1.00 -1.00 6 29 1.2609 -0.8821 0.004566
225.00 P 20260821 -1.00 -1.00 1 4 1.2244 -0.9088 0.004007
230.00 P 20260821 -1.00 -1.00 22 13 1.2306 -0.9190 0.003668
235.00 P 20260821 -1.00 -1.00 5 25 1.2603 -0.9229 0.003445
