# opt_chain DRAM | epoch 1785520615 | 2026-07-31 13:56:55 | spot 51.85 | exps 20260731 20260807 20260814 20260821
# fuente polygon_snapshot_v3 | greeks polygon_directo | iv polygon_directo | oi polygon_directo | vol day.volume(-1 si no cotizo) | bid/ask NO_ENTITLED(-1) | spot_src ibkr_bridge spot_edad_s 115 | band 0.6000 vencimientos 4 exp_hasta 2026-08-21
# strike right exp bid ask vol oi iv delta gamma
32.00 C 20260731 -1.00 -1.00 1 9 -1.0000 -1.0000 -1.000000
33.00 C 20260731 -1.00 -1.00 15 11 -1.0000 -1.0000 -1.000000
34.00 C 20260731 -1.00 -1.00 1 15 -1.0000 -1.0000 -1.000000
34.50 C 20260731 -1.00 -1.00 7 13 -1.0000 -1.0000 -1.000000
35.00 C 20260731 -1.00 -1.00 6 11 -1.0000 -1.0000 -1.000000
35.50 C 20260731 -1.00 -1.00 6 8 -1.0000 -1.0000 -1.000000
36.00 C 20260731 -1.00 -1.00 2 10 -1.0000 -1.0000 -1.000000
36.50 C 20260731 -1.00 -1.00 3 15 -1.0000 -1.0000 -1.000000
37.00 C 20260731 -1.00 -1.00 2 3 -1.0000 -1.0000 -1.000000
37.50 C 20260731 -1.00 -1.00 1 2 -1.0000 -1.0000 -1.000000
38.00 C 20260731 -1.00 -1.00 2 2 -1.0000 -1.0000 -1.000000
38.50 C 20260731 -1.00 -1.00 1 21 0.0002 1.0000 0.000003
39.00 C 20260731 -1.00 -1.00 14 16 4.9772 0.9898 0.004026
39.50 C 20260731 -1.00 -1.00 7 8 6.0654 0.9650 0.009343
40.00 C 20260731 -1.00 -1.00 3 125 -1.0000 -1.0000 -1.000000
40.50 C 20260731 -1.00 -1.00 20 21 -1.0000 -1.0000 -1.000000
41.00 C 20260731 -1.00 -1.00 1 132 5.1581 0.9665 0.010606
41.50 C 20260731 -1.00 -1.00 3 0 5.1312 0.9592 0.012510
42.00 C 20260731 -1.00 -1.00 15 13 4.9048 0.9574 0.013542
42.50 C 20260731 -1.00 -1.00 31 31 -1.0000 -1.0000 -1.000000
43.00 C 20260731 -1.00 -1.00 85 207 -1.0000 -1.0000 -1.000000
43.50 C 20260731 -1.00 -1.00 67 60 -1.0000 -1.0000 -1.000000
44.00 C 20260731 -1.00 -1.00 4 34 -1.0000 -1.0000 -1.000000
44.50 C 20260731 -1.00 -1.00 1 20 -1.0000 -1.0000 -1.000000
45.00 C 20260731 -1.00 -1.00 32 278 3.0230 0.9702 0.016584
45.50 C 20260731 -1.00 -1.00 1 181 3.5292 0.9326 0.027389
46.00 C 20260731 -1.00 -1.00 8 320 0.0002 1.0000 -0.000000
46.50 C 20260731 -1.00 -1.00 8 575 2.6033 0.9518 0.028252
47.00 C 20260731 -1.00 -1.00 673 1849 1.9663 0.9765 0.020743
47.50 C 20260731 -1.00 -1.00 26 666 -1.0000 -1.0000 -1.000000
48.00 C 20260731 -1.00 -1.00 985 11297 -1.0000 -1.0000 -1.000000
48.50 C 20260731 -1.00 -1.00 42 278 -1.0000 -1.0000 -1.000000
49.00 C 20260731 -1.00 -1.00 1246 4338 1.6250 0.9191 0.067942
49.50 C 20260731 -1.00 -1.00 140 510 1.3611 0.9154 0.083790
50.00 C 20260731 -1.00 -1.00 4510 19770 1.5007 0.8392 0.119859
50.50 C 20260731 -1.00 -1.00 1231 3399 1.0571 0.8506 0.162659
51.00 C 20260731 -1.00 -1.00 6073 3046 0.9658 0.7737 0.233576
51.50 C 20260731 -1.00 -1.00 1623 1027 0.9150 0.6477 0.304527
52.00 C 20260731 -1.00 -1.00 13273 5782 0.9180 0.4892 0.324266
52.50 C 20260731 -1.00 -1.00 4594 3340 0.9588 0.3420 0.285381
53.00 C 20260731 -1.00 -1.00 2814 2844 1.0400 0.2329 0.220479
53.50 C 20260731 -1.00 -1.00 7272 1436 1.0365 0.1398 0.160050
54.00 C 20260731 -1.00 -1.00 4839 8914 1.2228 0.1165 0.118309
54.50 C 20260731 -1.00 -1.00 347 607 1.0209 0.0358 0.056875
55.00 C 20260731 -1.00 -1.00 6684 15695 1.1175 0.0256 0.039189
55.50 C 20260731 -1.00 -1.00 1118 1054 1.4925 0.0470 0.048136
56.00 C 20260731 -1.00 -1.00 3853 5248 1.4027 0.0209 0.026097
56.50 C 20260731 -1.00 -1.00 232 819 1.6121 0.0239 0.025556
57.00 C 20260731 -1.00 -1.00 848 8926 1.6829 0.0178 0.018981
57.50 C 20260731 -1.00 -1.00 89 731 1.8211 0.0166 0.016571
58.00 C 20260731 -1.00 -1.00 678 3448 1.9582 0.0156 0.014646
58.50 C 20260731 -1.00 -1.00 62 567 2.2966 0.0252 0.018761
59.00 C 20260731 -1.00 -1.00 2630 3994 2.3632 0.0208 0.015450
59.50 C 20260731 -1.00 -1.00 528 902 2.7642 0.0310 0.018708
60.00 C 20260731 -1.00 -1.00 10715 20180 2.4852 0.0128 0.009792
60.50 C 20260731 -1.00 -1.00 108 2187 2.5996 0.0122 0.009000
61.00 C 20260731 -1.00 -1.00 89 1780 2.8888 0.0175 0.010914
61.50 C 20260731 -1.00 -1.00 122 592 3.9924 0.0589 0.021575
62.00 C 20260731 -1.00 -1.00 93 2700 3.7766 0.0392 0.016528
62.50 C 20260731 -1.00 -1.00 6 475 3.2718 0.0158 0.008843
63.00 C 20260731 -1.00 -1.00 161 27232 3.1577 0.0102 0.006272
63.50 C 20260731 -1.00 -1.00 2 175 3.6519 0.0193 0.009356
64.00 C 20260731 -1.00 -1.00 54 2980 3.5256 0.0121 0.006558
64.50 C 20260731 -1.00 -1.00 13 257 5.8146 0.0874 0.020189
65.00 C 20260731 -1.00 -1.00 290 25106 3.5887 0.0091 0.004962
65.50 C 20260731 -1.00 -1.00 2 320 4.0751 0.0154 0.006966
66.00 C 20260731 -1.00 -1.00 98 1191 4.5131 0.0241 0.009139
66.50 C 20260731 -1.00 -1.00 3 122 4.6308 0.0235 0.008736
67.00 C 20260731 -1.00 -1.00 22 908 4.0067 0.0082 0.004066
67.50 C 20260731 -1.00 -1.00 1 132 4.6115 0.0158 0.006314
68.00 C 20260731 -1.00 -1.00 28 4749 4.2110 0.0079 0.003719
68.50 C 20260731 -1.00 -1.00 19 204 4.4579 0.0098 0.004256
69.00 C 20260731 -1.00 -1.00 43 5162 4.5578 0.0096 0.004088
69.50 C 20260731 -1.00 -1.00 1 138 4.9465 0.0130 0.004980
70.00 C 20260731 -1.00 -1.00 104 11231 4.6110 0.0073 0.003166
70.50 C 20260731 -1.00 -1.00 2 54 5.1407 0.0126 0.004637
71.00 C 20260731 -1.00 -1.00 3 2237 4.8067 0.0070 0.002943
71.50 C 20260731 -1.00 -1.00 3 134 5.3321 0.0121 0.004333
72.00 C 20260731 -1.00 -1.00 32 2543 4.9998 0.0068 0.002747
72.50 C 20260731 -1.00 -1.00 3 537 5.9780 0.0189 0.005638
32.00 P 20260731 -1.00 -1.00 182 140 7.6449 -0.0055 0.001484
33.00 P 20260731 -1.00 -1.00 1 388 7.2003 -0.0058 0.001660
34.00 P 20260731 -1.00 -1.00 40 8366 9.5764 -0.0344 0.005827
34.50 P 20260731 -1.00 -1.00 9 152 8.7184 -0.0269 0.005254
35.00 P 20260731 -1.00 -1.00 35 3076 6.5554 -0.0078 0.002398
35.50 P 20260731 -1.00 -1.00 10 97 8.3500 -0.0314 0.006210
36.00 P 20260731 -1.00 -1.00 7 404 5.9444 -0.0070 0.002380
36.50 P 20260731 -1.00 -1.00 7 136 8.1640 -0.0392 0.007609
37.00 P 20260731 -1.00 -1.00 11 322 5.7482 -0.0089 0.003079
37.50 P 20260731 -1.00 -1.00 7 306 5.9529 -0.0145 0.004493
38.00 P 20260731 -1.00 -1.00 15 11241 4.9689 -0.0063 0.002612
38.50 P 20260731 -1.00 -1.00 62 299 4.9766 -0.0083 0.003329
39.00 P 20260731 -1.00 -1.00 2 540 4.5972 -0.0068 0.003019
39.50 P 20260731 -1.00 -1.00 27 327 4.4150 -0.0071 0.003256
40.00 P 20260731 -1.00 -1.00 770 12844 4.2351 -0.0074 0.003520
40.50 P 20260731 -1.00 -1.00 132 611 5.5128 -0.0356 0.010421
41.00 P 20260731 -1.00 -1.00 210 9720 4.6594 -0.0219 0.008233
41.50 P 20260731 -1.00 -1.00 9 681 3.7087 -0.0084 0.004516
42.00 P 20260731 -1.00 -1.00 313 4815 3.5375 -0.0088 0.004937
42.50 P 20260731 -1.00 -1.00 43 867 3.5152 -0.0115 0.006323
43.00 P 20260731 -1.00 -1.00 316 3952 3.3271 -0.0121 0.006951
43.50 P 20260731 -1.00 -1.00 66 3244 3.0361 -0.0102 0.006591
44.00 P 20260731 -1.00 -1.00 434 2091 3.1133 -0.0184 0.010555
44.50 P 20260731 -1.00 -1.00 102 834 2.7755 -0.0142 0.009524
45.00 P 20260731 -1.00 -1.00 3357 10235 2.5187 -0.0121 0.009190
45.50 P 20260731 -1.00 -1.00 207 644 2.3414 -0.0129 0.010416
46.00 P 20260731 -1.00 -1.00 395 2728 2.1661 -0.0138 0.011916
46.50 P 20260731 -1.00 -1.00 120 1080 2.4165 -0.0364 0.024210
47.00 P 20260731 -1.00 -1.00 631 3763 1.8966 -0.0201 0.018735
47.50 P 20260731 -1.00 -1.00 305 518 1.6514 -0.0176 0.019184
48.00 P 20260731 -1.00 -1.00 977 3353 1.4835 -0.0194 0.023229
48.50 P 20260731 -1.00 -1.00 408 1394 1.3916 -0.0268 0.032945
49.00 P 20260731 -1.00 -1.00 1220 6947 1.2593 -0.0355 0.045618
49.50 P 20260731 -1.00 -1.00 1706 914 1.1086 -0.0464 0.064197
50.00 P 20260731 -1.00 -1.00 5545 11010 1.0596 -0.0812 0.104487
50.50 P 20260731 -1.00 -1.00 1294 1048 1.0022 -0.1351 0.161543
51.00 P 20260731 -1.00 -1.00 7644 1171 0.9881 -0.2319 0.230707
51.50 P 20260731 -1.00 -1.00 2853 301 0.9530 -0.3579 0.293264
52.00 P 20260731 -1.00 -1.00 4367 2993 0.9742 -0.5097 0.305720
52.50 P 20260731 -1.00 -1.00 260 2318 0.8334 -0.6806 0.317552
53.00 P 20260731 -1.00 -1.00 1669 1908 0.8219 -0.8200 0.235421
53.50 P 20260731 -1.00 -1.00 164 448 -1.0000 -1.0000 -1.000000
54.00 P 20260731 -1.00 -1.00 979 900 1.2442 -0.8799 0.119219
54.50 P 20260731 -1.00 -1.00 285 428 1.6239 -0.8679 0.098289
55.00 P 20260731 -1.00 -1.00 1132 10049 -1.0000 -1.0000 -1.000000
55.50 P 20260731 -1.00 -1.00 44 308 -1.0000 -1.0000 -1.000000
56.00 P 20260731 -1.00 -1.00 58 595 -1.0000 -1.0000 -1.000000
56.50 P 20260731 -1.00 -1.00 36 352 -1.0000 -1.0000 -1.000000
57.00 P 20260731 -1.00 -1.00 61 958 2.2201 -0.9420 0.038515
57.50 P 20260731 -1.00 -1.00 26 1238 2.8854 -0.9042 0.043344
58.00 P 20260731 -1.00 -1.00 55 529 -1.0000 -1.0000 -1.000000
58.50 P 20260731 -1.00 -1.00 16 1175 3.3501 -0.9050 0.037093
59.00 P 20260731 -1.00 -1.00 23 177 3.5308 -0.9089 0.034171
59.50 P 20260731 -1.00 -1.00 9 37 4.3894 -0.8700 0.035696
60.00 P 20260731 -1.00 -1.00 180 3245 -1.0000 -1.0000 -1.000000
60.50 P 20260731 -1.00 -1.00 4 67 -1.0000 -1.0000 -1.000000
61.00 P 20260731 -1.00 -1.00 44 412 -1.0000 -1.0000 -1.000000
61.50 P 20260731 -1.00 -1.00 1 3 4.6987 -0.9054 0.026379
62.00 P 20260731 -1.00 -1.00 20 310 -1.0000 -1.0000 -1.000000
62.50 P 20260731 -1.00 -1.00 1 52 5.5132 -0.8860 0.025714
63.00 P 20260731 -1.00 -1.00 34 15 5.6796 -0.8887 0.024527
63.50 P 20260731 -1.00 -1.00 52 5 5.9388 -0.8869 0.023724
64.00 P 20260731 -1.00 -1.00 1 10 5.5399 -0.9165 0.020546
64.50 P 20260731 -1.00 -1.00 1 1 3.7702 -0.9860 0.007028
65.00 P 20260731 -1.00 -1.00 852 7815 -1.0000 -1.0000 -1.000000
65.50 P 20260731 -1.00 -1.00 30 2 6.5854 -0.8957 0.020178
66.00 P 20260731 -1.00 -1.00 14 20 6.5592 -0.9056 0.018891
66.50 P 20260731 -1.00 -1.00 2 1 6.6253 -0.9114 0.017915
67.00 P 20260731 -1.00 -1.00 2 7 6.8743 -0.9089 0.017603
67.50 P 20260731 -1.00 -1.00 3 0 7.1215 -0.9065 0.017298
68.00 P 20260731 -1.00 -1.00 4 0 -1.0000 -1.0000 -1.000000
68.50 P 20260731 -1.00 -1.00 2 0 -1.0000 -1.0000 -1.000000
69.00 P 20260731 -1.00 -1.00 2 11 7.6717 -0.9070 0.016001
69.50 P 20260731 -1.00 -1.00 2 0 7.5297 -0.9194 0.014788
70.00 P 20260731 -1.00 -1.00 40 25 7.6540 -0.9205 0.014372
70.50 P 20260731 -1.00 -1.00 4 2 7.7775 -0.9216 0.013977
71.00 P 20260731 -1.00 -1.00 3 0 7.9002 -0.9226 0.013603
71.50 P 20260731 -1.00 -1.00 2 1 8.1756 -0.9200 0.013513
72.00 P 20260731 -1.00 -1.00 1 2 8.2961 -0.9210 0.013174
72.50 P 20260731 -1.00 -1.00 4 0 8.2632 -0.9255 0.012589
31.50 C 20260807 -1.00 -1.00 -1 0 -1.0000 -1.0000 -1.000000
32.00 C 20260807 -1.00 -1.00 10 10 -1.0000 -1.0000 -1.000000
32.50 C 20260807 -1.00 -1.00 2 0 -1.0000 -1.0000 -1.000000
33.00 C 20260807 -1.00 -1.00 -1 0 -1.0000 -1.0000 -1.000000
33.50 C 20260807 -1.00 -1.00 -1 0 -1.0000 -1.0000 -1.000000
34.00 C 20260807 -1.00 -1.00 -1 0 -1.0000 -1.0000 -1.000000
34.50 C 20260807 -1.00 -1.00 -1 0 -1.0000 -1.0000 -1.000000
35.00 C 20260807 -1.00 -1.00 5 20 1.4220 0.9818 0.004289
35.50 C 20260807 -1.00 -1.00 -1 0 -1.0000 -1.0000 -1.000000
36.00 C 20260807 -1.00 -1.00 20 1 -1.0000 -1.0000 -1.000000
36.50 C 20260807 -1.00 -1.00 -1 0 -1.0000 -1.0000 -1.000000
37.00 C 20260807 -1.00 -1.00 -1 0 -1.0000 -1.0000 -1.000000
37.50 C 20260807 -1.00 -1.00 1 11 -1.0000 -1.0000 -1.000000
38.00 C 20260807 -1.00 -1.00 1 1 0.9894 0.9910 0.003369
38.50 C 20260807 -1.00 -1.00 1 0 -1.0000 -1.0000 -1.000000
39.00 C 20260807 -1.00 -1.00 1 1 0.0009 1.0000 -0.000000
39.50 C 20260807 -1.00 -1.00 -1 0 -1.0000 -1.0000 -1.000000
40.00 C 20260807 -1.00 -1.00 20 33 1.4073 0.9228 0.014089
40.50 C 20260807 -1.00 -1.00 3 1 1.0399 0.9630 0.010610
41.00 C 20260807 -1.00 -1.00 2 11 1.2808 0.9205 0.015827
41.50 C 20260807 -1.00 -1.00 4 4 1.2079 0.9210 0.016701
42.00 C 20260807 -1.00 -1.00 14 19 1.4043 0.8831 0.019435
42.50 C 20260807 -1.00 -1.00 1 1 1.1510 0.9076 0.019767
43.00 C 20260807 -1.00 -1.00 1 28 1.2712 0.8769 0.022195
43.50 C 20260807 -1.00 -1.00 4 0 1.1703 0.8805 0.023701
44.00 C 20260807 -1.00 -1.00 4 12 1.0258 0.8919 0.025097
44.50 C 20260807 -1.00 -1.00 4 14 1.1126 0.8583 0.027739
45.00 C 20260807 -1.00 -1.00 42 164 1.1540 0.8336 0.029747
45.50 C 20260807 -1.00 -1.00 3 32 1.2911 0.7977 0.030520
46.00 C 20260807 -1.00 -1.00 555 76 1.1251 0.8044 0.034152
46.50 C 20260807 -1.00 -1.00 59 130 0.9736 0.8119 0.038350
47.00 C 20260807 -1.00 -1.00 620 465 1.1406 0.7608 0.037493
47.50 C 20260807 -1.00 -1.00 515 607 1.1158 0.7428 0.039762
48.00 C 20260807 -1.00 -1.00 129 578 1.1119 0.7214 0.041616
48.50 C 20260807 -1.00 -1.00 7 322 1.0465 0.7070 0.045420
49.00 C 20260807 -1.00 -1.00 24 318 1.0532 0.6829 0.047148
49.50 C 20260807 -1.00 -1.00 6 49 1.0180 0.6615 0.050054
50.00 C 20260807 -1.00 -1.00 1963 11430 1.0967 0.6294 0.047508
50.50 C 20260807 -1.00 -1.00 39 294 1.0779 0.6053 0.049166
51.00 C 20260807 -1.00 -1.00 643 1371 1.0942 0.5797 0.049295
51.50 C 20260807 -1.00 -1.00 3315 253 1.0843 0.5547 0.050593
52.00 C 20260807 -1.00 -1.00 983 1030 1.0979 0.5300 0.050688
52.50 C 20260807 -1.00 -1.00 568 749 1.0771 0.5047 0.051336
53.00 C 20260807 -1.00 -1.00 759 3825 1.0581 0.4786 0.051894
53.50 C 20260807 -1.00 -1.00 118 83 1.0258 0.4501 0.053116
54.00 C 20260807 -1.00 -1.00 428 1038 1.0565 0.4281 0.051262
54.50 C 20260807 -1.00 -1.00 282 179 1.0514 0.4022 0.051136
55.00 C 20260807 -1.00 -1.00 4154 12750 1.0529 0.3783 0.050393
55.50 C 20260807 -1.00 -1.00 1111 818 1.0488 0.3561 0.049178
56.00 C 20260807 -1.00 -1.00 4070 3705 1.0429 0.3333 0.048003
56.50 C 20260807 -1.00 -1.00 1042 863 1.0275 0.3081 0.047085
57.00 C 20260807 -1.00 -1.00 3573 751 1.0500 0.2915 0.045025
57.50 C 20260807 -1.00 -1.00 339 494 1.0497 0.2698 0.043661
58.00 C 20260807 -1.00 -1.00 443 1257 1.0528 0.2502 0.042131
58.50 C 20260807 -1.00 -1.00 298 449 1.0924 0.2430 0.039811
59.00 C 20260807 -1.00 -1.00 163 901 1.0252 0.2110 0.038757
59.50 C 20260807 -1.00 -1.00 197 195 1.0405 0.1987 0.036784
60.00 C 20260807 -1.00 -1.00 3933 10363 1.0317 0.1798 0.034940
60.50 C 20260807 -1.00 -1.00 78 267 1.0396 0.1659 0.033083
61.00 C 20260807 -1.00 -1.00 350 3269 1.0522 0.1536 0.031312
61.50 C 20260807 -1.00 -1.00 133 124 1.0258 0.1359 0.029380
62.00 C 20260807 -1.00 -1.00 553 1233 1.0431 0.1293 0.027812
62.50 C 20260807 -1.00 -1.00 44 241 1.0355 0.1169 0.025979
63.00 C 20260807 -1.00 -1.00 353 695 1.0771 0.1167 0.024947
63.50 C 20260807 -1.00 -1.00 77 890 1.0451 0.0982 0.022705
64.00 C 20260807 -1.00 -1.00 44 418 1.0550 0.0904 0.021240
64.50 C 20260807 -1.00 -1.00 31 1157 1.1271 0.0993 0.021224
65.00 C 20260807 -1.00 -1.00 884 2151 1.0585 0.0742 0.018349
65.50 C 20260807 -1.00 -1.00 35 198 1.0837 0.0727 0.017611
66.00 C 20260807 -1.00 -1.00 94 2226 1.0675 0.0641 0.016103
66.50 C 20260807 -1.00 -1.00 2 522 1.0690 0.0586 0.014937
67.00 C 20260807 -1.00 -1.00 48 213 1.0705 0.0531 0.013779
67.50 C 20260807 -1.00 -1.00 2 132 1.0836 0.0499 0.012955
68.00 C 20260807 -1.00 -1.00 16 2679 1.0618 0.0397 0.011110
68.50 C 20260807 -1.00 -1.00 69 178 1.1791 0.0565 0.013143
69.00 C 20260807 -1.00 -1.00 2 329 1.1282 0.0418 0.010865
69.50 C 20260807 -1.00 -1.00 40 149 1.0934 0.0330 0.009264
70.00 C 20260807 -1.00 -1.00 214 3367 1.1368 0.0349 0.009344
70.50 C 20260807 -1.00 -1.00 2 149 1.2404 0.0471 0.010831
71.00 C 20260807 -1.00 -1.00 11 141 1.1205 0.0278 0.007774
71.50 C 20260807 -1.00 -1.00 7 129 1.1180 0.0249 0.007073
72.00 C 20260807 -1.00 -1.00 18 7048 1.2881 0.0412 0.009422
72.50 C 20260807 -1.00 -1.00 10 4746 1.3790 0.0519 0.010503
31.50 P 20260807 -1.00 -1.00 4 8051 1.5914 -0.0083 0.001950
32.00 P 20260807 -1.00 -1.00 82 105 1.6117 -0.0112 0.002485
32.50 P 20260807 -1.00 -1.00 35 162 1.6500 -0.0157 0.003242
33.00 P 20260807 -1.00 -1.00 13 83 1.5517 -0.0136 0.003049
33.50 P 20260807 -1.00 -1.00 10 50 1.5561 -0.0166 0.003613
34.00 P 20260807 -1.00 -1.00 43 98 1.4935 -0.0162 0.003689
34.50 P 20260807 -1.00 -1.00 43 59 1.5148 -0.0201 0.004409
35.00 P 20260807 -1.00 -1.00 290 1842 1.4864 -0.0216 0.004780
35.50 P 20260807 -1.00 -1.00 49 220 1.4934 -0.0254 0.005484
36.00 P 20260807 -1.00 -1.00 102 264 1.5010 -0.0316 0.006474
36.50 P 20260807 -1.00 -1.00 2 52 1.4359 -0.0311 0.006674
37.00 P 20260807 -1.00 -1.00 44 510 1.3958 -0.0329 0.007183
37.50 P 20260807 -1.00 -1.00 19 1525 1.3959 -0.0387 0.008209
38.00 P 20260807 -1.00 -1.00 446 448 1.3803 -0.0430 0.009075
38.50 P 20260807 -1.00 -1.00 22 144 1.3492 -0.0460 0.009822
39.00 P 20260807 -1.00 -1.00 517 3870 1.3731 -0.0541 0.011108
39.50 P 20260807 -1.00 -1.00 10115 132 1.3598 -0.0608 0.012239
40.00 P 20260807 -1.00 -1.00 3625 17922 1.3298 -0.0663 0.013322
40.50 P 20260807 -1.00 -1.00 42 661 1.3046 -0.0727 0.014535
41.00 P 20260807 -1.00 -1.00 210 605 1.2753 -0.0787 0.015781
41.50 P 20260807 -1.00 -1.00 11517 90 1.2682 -0.0882 0.017314
42.00 P 20260807 -1.00 -1.00 961 545 1.2613 -0.0978 0.018878
42.50 P 20260807 -1.00 -1.00 97 189 1.2716 -0.1097 0.020542
43.00 P 20260807 -1.00 -1.00 718 444 1.2540 -0.1200 0.022162
43.50 P 20260807 -1.00 -1.00 65 142 1.2132 -0.1281 0.023854
44.00 P 20260807 -1.00 -1.00 310 4159 1.2038 -0.1424 0.025719
44.50 P 20260807 -1.00 -1.00 171 302 1.1693 -0.1525 0.027700
45.00 P 20260807 -1.00 -1.00 1819 5216 1.1911 -0.1726 0.029569
45.50 P 20260807 -1.00 -1.00 375 223 1.1793 -0.1871 0.031597
46.00 P 20260807 -1.00 -1.00 385 1230 1.1731 -0.2027 0.033635
46.50 P 20260807 -1.00 -1.00 114 1103 1.1540 -0.2201 0.035606
47.00 P 20260807 -1.00 -1.00 319 6214 1.1354 -0.2385 0.037637
47.50 P 20260807 -1.00 -1.00 93 347 1.1294 -0.2593 0.039473
48.00 P 20260807 -1.00 -1.00 551 1226 1.1090 -0.2785 0.041732
48.50 P 20260807 -1.00 -1.00 85 229 1.1176 -0.3015 0.043244
49.00 P 20260807 -1.00 -1.00 240 382 1.1179 -0.3235 0.044986
49.50 P 20260807 -1.00 -1.00 89 1105 1.0849 -0.3451 0.047197
50.00 P 20260807 -1.00 -1.00 1953 3584 1.0821 -0.3700 0.048174
50.50 P 20260807 -1.00 -1.00 130 565 1.0828 -0.3953 0.049003
51.00 P 20260807 -1.00 -1.00 317 2120 1.0677 -0.4202 0.050554
51.50 P 20260807 -1.00 -1.00 104 121 1.0668 -0.4458 0.051486
52.00 P 20260807 -1.00 -1.00 212 331 1.0508 -0.4719 0.053040
52.50 P 20260807 -1.00 -1.00 411 3063 1.0492 -0.4973 0.052759
53.00 P 20260807 -1.00 -1.00 970 908 1.0494 -0.5226 0.052392
53.50 P 20260807 -1.00 -1.00 23 63 1.0410 -0.5488 0.052440
54.00 P 20260807 -1.00 -1.00 76 544 1.0582 -0.5722 0.051265
54.50 P 20260807 -1.00 -1.00 214 113 1.0329 -0.6013 0.052101
55.00 P 20260807 -1.00 -1.00 430 1938 1.0219 -0.6273 0.051714
55.50 P 20260807 -1.00 -1.00 12 69 1.0066 -0.6524 0.050846
56.00 P 20260807 -1.00 -1.00 126 535 1.0009 -0.6762 0.049550
56.50 P 20260807 -1.00 -1.00 2 52 1.0237 -0.6936 0.047313
57.00 P 20260807 -1.00 -1.00 143 158 1.0179 -0.7174 0.046038
57.50 P 20260807 -1.00 -1.00 3 196 1.0215 -0.7388 0.044491
58.00 P 20260807 -1.00 -1.00 26 483 1.0229 -0.7575 0.042727
58.50 P 20260807 -1.00 -1.00 1 82 1.1113 -0.7539 0.039651
59.00 P 20260807 -1.00 -1.00 18 1153 1.0174 -0.7921 0.038949
59.50 P 20260807 -1.00 -1.00 11 79 1.1534 -0.7745 0.036099
60.00 P 20260807 -1.00 -1.00 153 1803 0.9999 -0.8310 0.035070
60.50 P 20260807 -1.00 -1.00 11 20 1.0270 -0.8393 0.033194
61.00 P 20260807 -1.00 -1.00 68 95 1.0415 -0.8512 0.031386
61.50 P 20260807 -1.00 -1.00 2 245 1.2234 -0.8143 0.030238
62.00 P 20260807 -1.00 -1.00 70 213 1.0163 -0.8787 0.027632
62.50 P 20260807 -1.00 -1.00 6 142 1.1537 -0.8577 0.027330
63.00 P 20260807 -1.00 -1.00 42 207 1.0259 -0.8979 0.024220
63.50 P 20260807 -1.00 -1.00 6 2804 1.2676 -0.8533 0.025402
64.00 P 20260807 -1.00 -1.00 26 165 1.0525 -0.9120 0.021358
64.50 P 20260807 -1.00 -1.00 1 903 1.1534 -0.8957 0.021829
65.00 P 20260807 -1.00 -1.00 51 636 1.1136 -0.9157 0.019628
65.50 P 20260807 -1.00 -1.00 2 59 1.2483 -0.8917 0.020684
66.00 P 20260807 -1.00 -1.00 4 127 1.2086 -0.9099 0.018862
66.50 P 20260807 -1.00 -1.00 3 115 1.3933 -0.8776 0.020173
67.00 P 20260807 -1.00 -1.00 10 72 1.3880 -0.8864 0.019212
67.50 P 20260807 -1.00 -1.00 6 56 1.3827 -0.8952 0.018234
68.00 P 20260807 -1.00 -1.00 5 99 1.4285 -0.8933 0.017865
68.50 P 20260807 -1.00 -1.00 1 52 1.3888 -0.9093 0.016476
69.00 P 20260807 -1.00 -1.00 2 121 1.5021 -0.8930 0.017013
69.50 P 20260807 -1.00 -1.00 20 51 1.4455 -0.9119 0.015533
70.00 P 20260807 -1.00 -1.00 3 57 1.0547 -0.9767 0.008009
70.50 P 20260807 -1.00 -1.00 1 47 1.4840 -0.9180 0.014449
71.00 P 20260807 -1.00 -1.00 5 32 1.4785 -0.9228 0.013816
71.50 P 20260807 -1.00 -1.00 1 9 1.5732 -0.9130 0.014165
72.00 P 20260807 -1.00 -1.00 1 74 1.5528 -0.9210 0.013373
72.50 P 20260807 -1.00 -1.00 25 3 1.5468 -0.9256 0.012796
31.50 C 20260814 -1.00 -1.00 -1 0 -1.0000 -1.0000 -1.000000
32.00 C 20260814 -1.00 -1.00 1 1 1.3773 0.9743 0.004262
32.50 C 20260814 -1.00 -1.00 -1 0 -1.0000 -1.0000 -1.000000
33.00 C 20260814 -1.00 -1.00 2 2 -1.0000 -1.0000 -1.000000
33.50 C 20260814 -1.00 -1.00 -1 0 -1.0000 -1.0000 -1.000000
34.00 C 20260814 -1.00 -1.00 2 1 0.0013 1.0000 0.000000
34.50 C 20260814 -1.00 -1.00 -1 0 -1.0000 -1.0000 -1.000000
35.00 C 20260814 -1.00 -1.00 12 8 1.2630 0.9576 0.007007
35.50 C 20260814 -1.00 -1.00 -1 0 0.9255 0.9862 0.003686
36.00 C 20260814 -1.00 -1.00 1 0 0.9518 0.9809 0.004784
36.50 C 20260814 -1.00 -1.00 -1 0 1.0360 0.9676 0.006819
37.00 C 20260814 -1.00 -1.00 1 1 0.9720 0.9708 0.006700
37.50 C 20260814 -1.00 -1.00 -1 0 1.0517 0.9546 0.008909
38.00 C 20260814 -1.00 -1.00 1 1 0.9602 0.9606 0.008638
38.50 C 20260814 -1.00 -1.00 -1 0 1.0385 0.9450 0.010644
39.00 C 20260814 -1.00 -1.00 5 1 1.1131 0.9226 0.012730
39.50 C 20260814 -1.00 -1.00 -1 0 1.0421 0.9257 0.013181
40.00 C 20260814 -1.00 -1.00 4 26 1.0997 0.9071 0.014856
40.50 C 20260814 -1.00 -1.00 -1 0 0.9980 0.9148 0.015291
41.00 C 20260814 -1.00 -1.00 1 11 1.1414 0.8807 0.017234
41.50 C 20260814 -1.00 -1.00 -1 0 1.0177 0.8924 0.018060
42.00 C 20260814 -1.00 -1.00 1 2 1.0745 0.8683 0.019510
42.50 C 20260814 -1.00 -1.00 -1 0 1.0004 0.8701 0.020774
43.00 C 20260814 -1.00 -1.00 4 4 1.1320 0.8327 0.021765
43.50 C 20260814 -1.00 -1.00 -1 0 1.0077 0.8409 0.023595
44.00 C 20260814 -1.00 -1.00 2 11 1.0668 0.8172 0.024573
44.50 C 20260814 -1.00 -1.00 -1 0 0.9745 0.8189 0.026700
45.00 C 20260814 -1.00 -1.00 552 597 1.1159 0.7797 0.026168
45.50 C 20260814 -1.00 -1.00 -1 0 0.9974 0.7832 0.029084
46.00 C 20260814 -1.00 -1.00 3 35 0.9784 0.7688 0.030615
46.50 C 20260814 -1.00 -1.00 2 0 1.0422 0.7413 0.030463
47.00 C 20260814 -1.00 -1.00 6 294 1.0531 0.7231 0.031293
47.50 C 20260814 -1.00 -1.00 -1 0 1.0861 0.7030 0.031573
48.00 C 20260814 -1.00 -1.00 15 135 1.0596 0.6889 0.033228
48.50 C 20260814 -1.00 -1.00 638 679 1.0233 0.6741 0.035000
49.00 C 20260814 -1.00 -1.00 60 532 1.0341 0.6543 0.035187
49.50 C 20260814 -1.00 -1.00 13 98 1.0383 0.6352 0.035575
50.00 C 20260814 -1.00 -1.00 735 1369 1.0299 0.6167 0.036388
50.50 C 20260814 -1.00 -1.00 73 90 1.0090 0.5982 0.037672
51.00 C 20260814 -1.00 -1.00 762 1121 1.0258 0.5789 0.037600
51.50 C 20260814 -1.00 -1.00 162 1028 1.0363 0.5601 0.037751
52.00 C 20260814 -1.00 -1.00 194 169 1.0324 0.5412 0.038355
52.50 C 20260814 -1.00 -1.00 79 186 1.0250 0.5225 0.038494
53.00 C 20260814 -1.00 -1.00 104 767 1.0300 0.5045 0.038170
53.50 C 20260814 -1.00 -1.00 8 90 0.9678 0.4803 0.040436
54.00 C 20260814 -1.00 -1.00 73 476 0.9972 0.4643 0.039108
54.50 C 20260814 -1.00 -1.00 143 40 0.9660 0.4410 0.040171
55.00 C 20260814 -1.00 -1.00 467 1306 0.9964 0.4263 0.038834
55.50 C 20260814 -1.00 -1.00 38 62 1.0252 0.4123 0.037642
56.00 C 20260814 -1.00 -1.00 64 264 0.9959 0.3895 0.038339
56.50 C 20260814 -1.00 -1.00 31 71 0.9934 0.3730 0.037693
57.00 C 20260814 -1.00 -1.00 174 271 0.9734 0.3527 0.037541
57.50 C 20260814 -1.00 -1.00 17 64 0.9830 0.3385 0.036519
58.00 C 20260814 -1.00 -1.00 73 406 0.9619 0.3170 0.036315
58.50 C 20260814 -1.00 -1.00 48 59 0.9635 0.3008 0.035494
59.00 C 20260814 -1.00 -1.00 43 149 0.9850 0.2903 0.034245
59.50 C 20260814 -1.00 -1.00 6 14 0.9865 0.2746 0.033474
60.00 C 20260814 -1.00 -1.00 500 4848 1.0077 0.2649 0.032349
60.50 C 20260814 -1.00 -1.00 28 99 1.0032 0.2515 0.031495
61.00 C 20260814 -1.00 -1.00 50 190 0.9875 0.2356 0.030691
61.50 C 20260814 -1.00 -1.00 91 1267 0.9465 0.2118 0.029967
62.00 C 20260814 -1.00 -1.00 137 482 0.9884 0.2119 0.028707
62.50 C 20260814 -1.00 -1.00 3 185 0.9829 0.1983 0.027734
63.00 C 20260814 -1.00 -1.00 30 221 0.9876 0.1878 0.026731
63.50 C 20260814 -1.00 -1.00 16 53 0.9639 0.1678 0.025685
64.00 C 20260814 -1.00 -1.00 33 145 0.9901 0.1647 0.024762
64.50 C 20260814 -1.00 -1.00 9 32 0.9872 0.1533 0.023782
65.00 C 20260814 -1.00 -1.00 222 2357 1.0130 0.1518 0.022996
65.50 C 20260814 -1.00 -1.00 2 64 0.9823 0.1366 0.021887
66.00 C 20260814 -1.00 -1.00 27 237 0.9690 0.1252 0.020796
66.50 C 20260814 -1.00 -1.00 8 32 0.9848 0.1217 0.020047
67.00 C 20260814 -1.00 -1.00 10 104 0.9958 0.1171 0.019272
67.50 C 20260814 -1.00 -1.00 8 54 0.9584 0.0983 0.017695
68.00 C 20260814 -1.00 -1.00 130 363 1.0126 0.1067 0.017740
68.50 C 20260814 -1.00 -1.00 54 324 1.0281 0.1038 0.017132
69.00 C 20260814 -1.00 -1.00 125 418 1.0124 0.0917 0.015986
69.50 C 20260814 -1.00 -1.00 25 90 1.0349 0.0911 0.015575
70.00 C 20260814 -1.00 -1.00 65 2965 1.0336 0.0834 0.014712
70.50 C 20260814 -1.00 -1.00 2 73 0.9607 0.0649 0.012856
71.00 C 20260814 -1.00 -1.00 2 58 0.9813 0.0648 0.012571
71.50 C 20260814 -1.00 -1.00 6 43 1.0140 0.0672 0.012531
72.00 C 20260814 -1.00 -1.00 4 106 1.0182 0.0639 0.011972
31.50 P 20260814 -1.00 -1.00 -1 0 1.5106 -0.0330 0.004747
32.00 P 20260814 -1.00 -1.00 2 6123 1.3583 -0.0239 0.004087
32.50 P 20260814 -1.00 -1.00 -1 0 1.5649 -0.0452 0.005988
33.00 P 20260814 -1.00 -1.00 31 848 1.4084 -0.0373 0.005646
33.50 P 20260814 -1.00 -1.00 5 1 1.3936 -0.0405 0.006107
34.00 P 20260814 -1.00 -1.00 103 108 1.3789 -0.0436 0.006585
34.50 P 20260814 -1.00 -1.00 -1 0 1.3526 -0.0459 0.007008
35.00 P 20260814 -1.00 -1.00 293 684 1.2499 -0.0412 0.006905
35.50 P 20260814 -1.00 -1.00 97 0 1.2543 -0.0464 0.007620
36.00 P 20260814 -1.00 -1.00 50 60 1.2737 -0.0531 0.008434
36.50 P 20260814 -1.00 -1.00 23 8 1.2961 -0.0641 0.009490
37.00 P 20260814 -1.00 -1.00 32 339 1.2418 -0.0641 0.009903
37.50 P 20260814 -1.00 -1.00 2 1 1.2080 -0.0671 0.010529
38.00 P 20260814 -1.00 -1.00 381 296 1.2206 -0.0771 0.011574
38.50 P 20260814 -1.00 -1.00 5 0 1.2233 -0.0855 0.012524
39.00 P 20260814 -1.00 -1.00 76 282 1.1968 -0.0900 0.013328
39.50 P 20260814 -1.00 -1.00 3 2 1.2685 -0.1074 0.014501
40.00 P 20260814 -1.00 -1.00 495 1807 1.1991 -0.1068 0.015272
40.50 P 20260814 -1.00 -1.00 64 3 1.1760 -0.1139 0.016243
41.00 P 20260814 -1.00 -1.00 100 186 1.1674 -0.1243 0.017297
41.50 P 20260814 -1.00 -1.00 13 1 1.1401 -0.1316 0.018376
42.00 P 20260814 -1.00 -1.00 199 324 1.1172 -0.1399 0.019527
42.50 P 20260814 -1.00 -1.00 24 0 1.1215 -0.1533 0.020681
43.00 P 20260814 -1.00 -1.00 104 517 1.1073 -0.1635 0.021904
43.50 P 20260814 -1.00 -1.00 40 10 1.1238 -0.1787 0.022983
44.00 P 20260814 -1.00 -1.00 114 519 1.1238 -0.1913 0.024139
44.50 P 20260814 -1.00 -1.00 131 12 1.1347 -0.2078 0.025016
45.00 P 20260814 -1.00 -1.00 214 4237 1.0812 -0.2150 0.026711
45.50 P 20260814 -1.00 -1.00 13 18 1.0953 -0.2335 0.027485
46.00 P 20260814 -1.00 -1.00 243 1041 1.0759 -0.2470 0.028813
46.50 P 20260814 -1.00 -1.00 14 95 1.0854 -0.2646 0.029640
47.00 P 20260814 -1.00 -1.00 99 653 1.0499 -0.2769 0.031410
47.50 P 20260814 -1.00 -1.00 3 9 1.0593 -0.2947 0.032244
48.00 P 20260814 -1.00 -1.00 153 966 1.0582 -0.3113 0.033319
48.50 P 20260814 -1.00 -1.00 9 12 1.0438 -0.3282 0.034410
49.00 P 20260814 -1.00 -1.00 20 296 1.0534 -0.3475 0.034631
49.50 P 20260814 -1.00 -1.00 29 28 1.0234 -0.3645 0.036139
50.00 P 20260814 -1.00 -1.00 1627 58594 1.0215 -0.3835 0.036745
50.50 P 20260814 -1.00 -1.00 11 18 1.0511 -0.4031 0.036254
51.00 P 20260814 -1.00 -1.00 66 198 1.0178 -0.4217 0.037969
51.50 P 20260814 -1.00 -1.00 7 17 1.0471 -0.4403 0.037438
52.00 P 20260814 -1.00 -1.00 201 396 1.0181 -0.4601 0.038981
52.50 P 20260814 -1.00 -1.00 5 32 1.0171 -0.4787 0.038879
53.00 P 20260814 -1.00 -1.00 13 200 1.0100 -0.4978 0.039010
53.50 P 20260814 -1.00 -1.00 2 9 1.0212 -0.5154 0.038443
54.00 P 20260814 -1.00 -1.00 12 180 1.0020 -0.5360 0.039026
54.50 P 20260814 -1.00 -1.00 1 2 1.0554 -0.5479 0.036965
55.00 P 20260814 -1.00 -1.00 51 1141 0.9821 -0.5769 0.039495
55.50 P 20260814 -1.00 -1.00 6 8 0.9991 -0.5931 0.038703
56.00 P 20260814 -1.00 -1.00 22 156 1.0119 -0.6090 0.037951
56.50 P 20260814 -1.00 -1.00 5 176 1.0405 -0.6196 0.036433
57.00 P 20260814 -1.00 -1.00 5 210 0.9746 -0.6482 0.037631
57.50 P 20260814 -1.00 -1.00 2 151 0.9830 -0.6627 0.036648
58.00 P 20260814 -1.00 -1.00 7 146 0.9580 -0.6853 0.036563
58.50 P 20260814 -1.00 -1.00 22 31 0.9930 -0.6927 0.034940
59.00 P 20260814 -1.00 -1.00 6 1411 0.9746 -0.7141 0.034631
59.50 P 20260814 -1.00 -1.00 9 1 0.9761 -0.7301 0.033851
60.00 P 20260814 -1.00 -1.00 71 588 0.9705 -0.7463 0.033060
60.50 P 20260814 -1.00 -1.00 1 905 1.1036 -0.7242 0.030204
61.00 P 20260814 -1.00 -1.00 3 126 0.9821 -0.7676 0.030905
61.50 P 20260814 -1.00 -1.00 11 82 1.1021 -0.7489 0.028833
62.00 P 20260814 -1.00 -1.00 14 142 1.0355 -0.7766 0.028582
62.50 P 20260814 -1.00 -1.00 8 64 1.0955 -0.7718 0.027337
63.00 P 20260814 -1.00 -1.00 2 79 1.0462 -0.7963 0.026777
63.50 P 20260814 -1.00 -1.00 1 46 1.1224 -0.7860 0.025670
64.00 P 20260814 -1.00 -1.00 22 122 1.0399 -0.8209 0.025051
64.50 P 20260814 -1.00 -1.00 21 150 1.0407 -0.8320 0.024174
65.00 P 20260814 -1.00 -1.00 109 256 1.0748 -0.8321 0.023404
65.50 P 20260814 -1.00 -1.00 1 6 1.1500 -0.8194 0.022746
66.00 P 20260814 -1.00 -1.00 17 31 1.1586 -0.8270 0.022060
66.50 P 20260814 -1.00 -1.00 1 2 1.1672 -0.8345 0.021393
67.00 P 20260814 -1.00 -1.00 7 8 1.1626 -0.8445 0.020703
67.50 P 20260814 -1.00 -1.00 2 2 1.1706 -0.8492 0.020093
68.00 P 20260814 -1.00 -1.00 4 36 0.9464 -0.9169 0.016700
68.50 P 20260814 -1.00 -1.00 1 1 1.1742 -0.8611 0.018859
69.00 P 20260814 -1.00 -1.00 1 30 1.1580 -0.8714 0.018117
69.50 P 20260814 -1.00 -1.00 2 6 1.1658 -0.8759 0.017543
70.00 P 20260814 -1.00 -1.00 6 40 1.1735 -0.8805 0.016983
70.50 P 20260814 -1.00 -1.00 -1 0 1.1811 -0.8849 0.016437
71.00 P 20260814 -1.00 -1.00 2 24 1.2125 -0.8834 0.016151
71.50 P 20260814 -1.00 -1.00 5 5 1.1842 -0.8968 0.015245
72.00 P 20260814 -1.00 -1.00 2 5 0.9198 -0.9626 0.009864
32.00 C 20260821 -1.00 -1.00 2 2 0.8973 0.9919 0.001978
33.00 C 20260821 -1.00 -1.00 -1 0 1.0906 0.9698 0.005012
34.00 C 20260821 -1.00 -1.00 1 1 0.8425 0.9868 0.003197
35.00 C 20260821 -1.00 -1.00 4 26 1.1563 0.9428 0.007996
36.00 C 20260821 -1.00 -1.00 2 5 1.2521 0.9157 0.009930
37.00 C 20260821 -1.00 -1.00 1 1 0.9897 0.9414 0.009529
38.00 C 20260821 -1.00 -1.00 -1 0 0.9908 0.9250 0.011437
39.00 C 20260821 -1.00 -1.00 -1 0 0.9652 0.9131 0.013163
40.00 C 20260821 -1.00 -1.00 10 1164 1.1489 0.8621 0.015378
41.00 C 20260821 -1.00 -1.00 1 11 0.9783 0.8716 0.017242
42.00 C 20260821 -1.00 -1.00 1 15 1.0506 0.8353 0.019016
43.00 C 20260821 -1.00 -1.00 6 8 0.9949 0.8215 0.021254
44.00 C 20260821 -1.00 -1.00 2 8 0.9855 0.7976 0.023233
45.00 C 20260821 -1.00 -1.00 66 362 1.0652 0.7566 0.023625
46.00 C 20260821 -1.00 -1.00 2 121 1.0188 0.7344 0.025913
46.50 C 20260821 -1.00 -1.00 4 1561 1.0454 0.7173 0.026169
47.00 C 20260821 -1.00 -1.00 53 909 1.1818 0.6931 0.024228
47.50 C 20260821 -1.00 -1.00 29 984 0.9575 0.6968 0.029724
48.00 C 20260821 -1.00 -1.00 42 789 1.0686 0.6722 0.027369
48.50 C 20260821 -1.00 -1.00 19 912 1.0288 0.6595 0.028764
49.00 C 20260821 -1.00 -1.00 25 121 1.0997 0.6412 0.027323
49.50 C 20260821 -1.00 -1.00 4 110 0.9714 0.6303 0.031239
50.00 C 20260821 -1.00 -1.00 970 4563 1.0158 0.6131 0.030301
50.50 C 20260821 -1.00 -1.00 24 138 1.0133 0.5973 0.030772
51.00 C 20260821 -1.00 -1.00 83 652 1.0160 0.5816 0.031087
51.50 C 20260821 -1.00 -1.00 56 47 1.0288 0.5663 0.031085
52.00 C 20260821 -1.00 -1.00 203 1185 1.0197 0.5504 0.031711
52.50 C 20260821 -1.00 -1.00 8 270 0.9825 0.5331 0.032852
53.00 C 20260821 -1.00 -1.00 105 27718 0.9960 0.5185 0.032330
53.50 C 20260821 -1.00 -1.00 10 255 0.9994 0.5035 0.032148
54.00 C 20260821 -1.00 -1.00 2088 5975 0.9927 0.4874 0.032288
54.50 C 20260821 -1.00 -1.00 13 152 0.9614 0.4679 0.033243
55.00 C 20260821 -1.00 -1.00 1576 14204 0.9846 0.4553 0.032398
55.50 C 20260821 -1.00 -1.00 19 240 0.9683 0.4371 0.032846
56.00 C 20260821 -1.00 -1.00 391 4257 0.9863 0.4245 0.032188
56.50 C 20260821 -1.00 -1.00 12 129 0.9692 0.4056 0.032652
57.00 C 20260821 -1.00 -1.00 139 2970 0.9810 0.3940 0.031918
57.50 C 20260821 -1.00 -1.00 6 222 0.9431 0.3731 0.032442
58.00 C 20260821 -1.00 -1.00 1699 3357 0.9744 0.3663 0.031139
58.50 C 20260821 -1.00 -1.00 23 30 0.9380 0.3444 0.031537
59.00 C 20260821 -1.00 -1.00 427 4218 0.9518 0.3342 0.030698
59.50 C 20260821 -1.00 -1.00 5 40 0.9330 0.3154 0.030605
60.00 C 20260821 -1.00 -1.00 1086 68209 0.9746 0.3134 0.029229
61.00 C 20260821 -1.00 -1.00 21 8876 0.9694 0.2853 0.028369
62.00 C 20260821 -1.00 -1.00 36 44701 0.9838 0.2650 0.027106
63.00 C 20260821 -1.00 -1.00 96 505 0.9572 0.2383 0.026052
64.00 C 20260821 -1.00 -1.00 3842 5265 0.9664 0.2212 0.024650
65.00 C 20260821 -1.00 -1.00 3201 28859 0.9606 0.1997 0.023334
66.00 C 20260821 -1.00 -1.00 1525 1487 0.9789 0.1863 0.022006
67.00 C 20260821 -1.00 -1.00 1900 2811 0.9890 0.1705 0.020748
68.00 C 20260821 -1.00 -1.00 44 16378 0.9772 0.1520 0.019477
69.00 C 20260821 -1.00 -1.00 1374 1856 0.9761 0.1393 0.018256
70.00 C 20260821 -1.00 -1.00 2104 30832 0.9886 0.1304 0.017167
71.00 C 20260821 -1.00 -1.00 4 338 0.9720 0.1131 0.015769
72.00 C 20260821 -1.00 -1.00 54 956 0.9920 0.1069 0.014857
32.00 P 20260821 -1.00 -1.00 2 163 1.3069 -0.0431 0.005644
33.00 P 20260821 -1.00 -1.00 33 536 1.2947 -0.0505 0.006516
34.00 P 20260821 -1.00 -1.00 8835 5334 1.2267 -0.0541 0.007232
35.00 P 20260821 -1.00 -1.00 163 3473 1.2086 -0.0651 0.008417
36.00 P 20260821 -1.00 -1.00 104 395 1.2049 -0.0784 0.009736
37.00 P 20260821 -1.00 -1.00 16 188 1.1850 -0.0896 0.011013
38.00 P 20260821 -1.00 -1.00 60 673 1.1709 -0.1019 0.012374
39.00 P 20260821 -1.00 -1.00 79 341 1.1435 -0.1166 0.013842
40.00 P 20260821 -1.00 -1.00 2175 19854 1.1166 -0.1327 0.015430
41.00 P 20260821 -1.00 -1.00 93 493 1.1077 -0.1523 0.017089
42.00 P 20260821 -1.00 -1.00 7066 705 1.0922 -0.1713 0.018831
43.00 P 20260821 -1.00 -1.00 130 698 1.0873 -0.1928 0.020542
44.00 P 20260821 -1.00 -1.00 152 2152 1.0668 -0.2166 0.022200
45.00 P 20260821 -1.00 -1.00 758 27417 1.0430 -0.2408 0.024012
46.00 P 20260821 -1.00 -1.00 112 4211 1.0558 -0.2703 0.025283
46.50 P 20260821 -1.00 -1.00 9 668 1.0540 -0.2839 0.026053
47.00 P 20260821 -1.00 -1.00 278 2300 1.0461 -0.2971 0.026957
47.50 P 20260821 -1.00 -1.00 14 520 1.0544 -0.3123 0.027409
48.00 P 20260821 -1.00 -1.00 172 776 1.0359 -0.3261 0.028255
48.50 P 20260821 -1.00 -1.00 14 911 1.0281 -0.3411 0.028847
49.00 P 20260821 -1.00 -1.00 21 2433 1.0205 -0.3563 0.029450
49.50 P 20260821 -1.00 -1.00 7 299 1.0233 -0.3721 0.029763
50.00 P 20260821 -1.00 -1.00 1184 37586 1.0054 -0.3874 0.030687
50.50 P 20260821 -1.00 -1.00 323 178 1.0341 -0.4033 0.030233
51.00 P 20260821 -1.00 -1.00 39 1266 1.0265 -0.4189 0.030849
51.50 P 20260821 -1.00 -1.00 9 223 1.0088 -0.4351 0.031800
52.00 P 20260821 -1.00 -1.00 99 1599 0.9994 -0.4515 0.032455
52.50 P 20260821 -1.00 -1.00 5 124 1.0232 -0.4654 0.031624
53.00 P 20260821 -1.00 -1.00 116 653 0.9864 -0.4832 0.032745
53.50 P 20260821 -1.00 -1.00 106 171 0.9799 -0.4994 0.032887
54.00 P 20260821 -1.00 -1.00 6 1407 0.9984 -0.5130 0.032209
54.50 P 20260821 -1.00 -1.00 10 29 0.9970 -0.5286 0.032188
55.00 P 20260821 -1.00 -1.00 770 13862 0.9856 -0.5457 0.032483
55.50 P 20260821 -1.00 -1.00 2 174 0.9793 -0.5623 0.032618
56.00 P 20260821 -1.00 -1.00 6 343 0.9973 -0.5749 0.031976
56.50 P 20260821 -1.00 -1.00 3 22 0.9859 -0.5926 0.032265
57.00 P 20260821 -1.00 -1.00 9 711 0.9686 -0.6098 0.032383
57.50 P 20260821 -1.00 -1.00 2 131 1.0465 -0.6081 0.029973
58.00 P 20260821 -1.00 -1.00 3 522 0.9592 -0.6386 0.031664
58.50 P 20260821 -1.00 -1.00 2 16 0.9818 -0.6468 0.030635
59.00 P 20260821 -1.00 -1.00 6 418 0.9500 -0.6680 0.030903
59.50 P 20260821 -1.00 -1.00 7 7 1.0535 -0.6557 0.028238
60.00 P 20260821 -1.00 -1.00 45 51098 0.9838 -0.6859 0.029209
61.00 P 20260821 -1.00 -1.00 3 189 0.9689 -0.7169 0.028566
62.00 P 20260821 -1.00 -1.00 2 218 1.0283 -0.7245 0.026673
63.00 P 20260821 -1.00 -1.00 1 177 1.0219 -0.7463 0.025658
64.00 P 20260821 -1.00 -1.00 1 944 1.0022 -0.7705 0.024636
65.00 P 20260821 -1.00 -1.00 30 1686 0.9692 -0.8001 0.023540
66.00 P 20260821 -1.00 -1.00 90 113 1.0710 -0.7870 0.022053
67.00 P 20260821 -1.00 -1.00 2 79 1.0578 -0.8089 0.021028
68.00 P 20260821 -1.00 -1.00 8 190 1.0777 -0.8201 0.019981
69.00 P 20260821 -1.00 -1.00 5 91 1.1106 -0.8265 0.019028
70.00 P 20260821 -1.00 -1.00 109 13832 1.0311 -0.8612 0.017747
71.00 P 20260821 -1.00 -1.00 6 36 1.1409 -0.8450 0.017292
72.00 P 20260821 -1.00 -1.00 109 173 1.1039 -0.8647 0.016244
30.00 C 20260731 -1.00 -1.00 62 29 -1.0000 -1.0000 -1.000000
31.00 C 20260731 -1.00 -1.00 9 12 -1.0000 -1.0000 -1.000000
30.00 P 20260731 -1.00 -1.00 8 6097 9.8858 -0.0115 0.002227
31.00 P 20260731 -1.00 -1.00 4 88 8.7579 -0.0081 0.001853
30.00 C 20260807 -1.00 -1.00 1 28 -1.0000 -1.0000 -1.000000
30.50 C 20260807 -1.00 -1.00 -1 0 -1.0000 -1.0000 -1.000000
31.00 C 20260807 -1.00 -1.00 2 0 -1.0000 -1.0000 -1.000000
30.00 P 20260807 -1.00 -1.00 67 1025 1.6427 -0.0058 0.001370
30.50 P 20260807 -1.00 -1.00 48 45 1.7763 -0.0111 0.002235
31.00 P 20260807 -1.00 -1.00 2 180 1.7264 -0.0114 0.002353
29.50 C 20260814 -1.00 -1.00 -1 0 -1.0000 -1.0000 -1.000000
30.00 C 20260814 -1.00 -1.00 1 7 -1.0000 -1.0000 -1.000000
30.50 C 20260814 -1.00 -1.00 -1 0 -1.0000 -1.0000 -1.000000
31.00 C 20260814 -1.00 -1.00 2 2 -1.0000 -1.0000 -1.000000
29.50 P 20260814 -1.00 -1.00 37 1 1.4445 -0.0159 0.002678
30.00 P 20260814 -1.00 -1.00 849 57488 1.5219 -0.0216 0.003356
30.50 P 20260814 -1.00 -1.00 4 2 1.3316 -0.0147 0.002715
31.00 P 20260814 -1.00 -1.00 5 156 1.4891 -0.0271 0.004101
30.00 C 20260821 -1.00 -1.00 11 89 1.4288 0.9625 0.004580
31.00 C 20260821 -1.00 -1.00 10 10 -1.0000 -1.0000 -1.000000
30.00 P 20260821 -1.00 -1.00 76 14966 1.3104 -0.0277 0.003877
31.00 P 20260821 -1.00 -1.00 8 1073 1.3138 -0.0358 0.004790
73.00 C 20260731 -1.00 -1.00 109 26443 5.3316 0.0083 0.003083
73.50 C 20260731 -1.00 -1.00 5 29 5.8483 0.0129 0.004176
74.00 C 20260731 -1.00 -1.00 2 807 6.2976 0.0181 0.005169
74.50 C 20260731 -1.00 -1.00 1 33 5.6110 0.0080 0.002816
75.00 C 20260731 -1.00 -1.00 43 6475 5.5634 0.0062 0.002284
75.50 C 20260731 -1.00 -1.00 2 21 7.3273 0.0309 0.006977
76.00 C 20260731 -1.00 -1.00 1 386 5.7463 0.0060 0.002162
76.50 C 20260731 -1.00 -1.00 3 103 7.1128 0.0228 0.005536
77.00 C 20260731 -1.00 -1.00 1 253 6.9180 0.0168 0.004430
77.50 C 20260731 -1.00 -1.00 1 144 8.6807 0.0485 0.008497
78.00 C 20260731 -1.00 -1.00 1 2023 7.1195 0.0164 0.004229
80.00 C 20260731 -1.00 -1.00 15 11317 6.4547 0.0055 0.001777
73.00 P 20260731 -1.00 -1.00 10 0 8.8391 -0.9161 0.012992
73.50 P 20260731 -1.00 -1.00 11 9 8.5013 -0.9273 0.011992
74.00 P 20260731 -1.00 -1.00 24 1 9.0726 -0.9179 0.012416
74.50 P 20260731 -1.00 -1.00 30 0 9.0375 -0.9221 0.011936
75.00 P 20260731 -1.00 -1.00 2 6 9.0027 -0.9262 0.011448
75.50 P 20260731 -1.00 -1.00 2 2 9.2675 -0.9237 0.011432
76.00 P 20260731 -1.00 -1.00 5 0 9.0828 -0.9311 0.010718
76.50 P 20260731 -1.00 -1.00 3 0 9.3457 -0.9285 0.010742
77.00 P 20260731 -1.00 -1.00 1 3 9.3103 -0.9325 0.010281
77.50 P 20260731 -1.00 -1.00 1 0 9.1273 -0.9402 0.009524
78.00 P 20260731 -1.00 -1.00 70 71 9.5349 -0.9338 0.009879
80.00 P 20260731 -1.00 -1.00 1 2 -1.0000 -1.0000 -1.000000
73.00 C 20260807 -1.00 -1.00 757 707 1.1893 0.0250 0.006678
73.50 C 20260807 -1.00 -1.00 8 24 1.3740 0.0424 0.009036
74.00 C 20260807 -1.00 -1.00 3 48 1.3179 0.0332 0.007696
74.50 C 20260807 -1.00 -1.00 1 57 1.6257 0.0711 0.011465
75.00 C 20260807 -1.00 -1.00 233 2464 1.2230 0.0189 0.005141
76.00 C 20260807 -1.00 -1.00 7 139 1.2506 0.0172 0.004663
76.50 C 20260807 -1.00 -1.00 3 8 1.2697 0.0170 0.004549
77.00 C 20260807 -1.00 -1.00 7 56 1.3543 0.0237 0.005590
77.50 C 20260807 -1.00 -1.00 3 28 1.3293 0.0190 0.004739
78.00 C 20260807 -1.00 -1.00 3 148 1.3145 0.0153 0.004032
80.00 C 20260807 -1.00 -1.00 9 1893 1.2275 0.0069 0.002131
73.00 P 20260807 -1.00 -1.00 1 19 1.6262 -0.9194 0.012966
73.50 P 20260807 -1.00 -1.00 27 7 1.5633 -0.9310 0.011917
74.00 P 20260807 -1.00 -1.00 1 1 1.6138 -0.9281 0.011915
74.50 P 20260807 -1.00 -1.00 25 7 1.6076 -0.9325 0.011376
75.00 P 20260807 -1.00 -1.00 27 4 1.6296 -0.9332 0.011123
76.00 P 20260807 -1.00 -1.00 2 0 1.6731 -0.9346 0.010651
76.50 P 20260807 -1.00 -1.00 3 0 1.7226 -0.9318 0.010690
77.00 P 20260807 -1.00 -1.00 6 0 1.7161 -0.9359 0.010218
77.50 P 20260807 -1.00 -1.00 -1 0 1.7374 -0.9365 0.010015
78.00 P 20260807 -1.00 -1.00 10 0 1.7585 -0.9371 0.009820
80.00 P 20260807 -1.00 -1.00 4 0 1.8143 -0.9428 0.008852
73.00 C 20260814 -1.00 -1.00 8 111 0.9906 0.0495 0.010054
74.00 C 20260814 -1.00 -1.00 2 20 1.1223 0.0684 0.011471
75.00 C 20260814 -1.00 -1.00 32 642 1.0508 0.0463 0.009002
80.00 C 20260814 -1.00 -1.00 18 5452 1.0893 0.0281 0.005730
73.00 P 20260814 -1.00 -1.00 1 8 1.2298 -0.9034 0.014060
74.00 P 20260814 -1.00 -1.00 -1 0 1.2675 -0.9055 0.013453
75.00 P 20260814 -1.00 -1.00 16 60 1.0826 -0.9505 0.009968
80.00 P 20260814 -1.00 -1.00 30 2 1.3763 -0.9300 0.009952
73.00 C 20260821 -1.00 -1.00 11 480 0.9851 0.0925 0.013562
74.00 C 20260821 -1.00 -1.00 3 359 0.9696 0.0797 0.012326
75.00 C 20260821 -1.00 -1.00 477 13957 1.0272 0.0844 0.012191
76.00 C 20260821 -1.00 -1.00 4 3101 1.0103 0.0744 0.011169
77.00 C 20260821 -1.00 -1.00 12 1641 0.9489 0.0539 0.009179
78.00 C 20260821 -1.00 -1.00 12 343 1.0150 0.0622 0.009608
79.00 C 20260821 -1.00 -1.00 3 171 1.0299 0.0589 0.009074
80.00 C 20260821 -1.00 -1.00 694 28277 1.0353 0.0537 0.008392
81.00 C 20260821 -1.00 -1.00 2 429 1.0499 0.0506 0.007912
73.00 P 20260821 -1.00 -1.00 1 31 1.1250 -0.8700 0.015500
74.00 P 20260821 -1.00 -1.00 2 67 1.1363 -0.8776 0.014730
75.00 P 20260821 -1.00 -1.00 4 336 1.1088 -0.8961 0.013586
76.00 P 20260821 -1.00 -1.00 3 60 1.1580 -0.8926 0.013279
77.00 P 20260821 -1.00 -1.00 1 315 1.2067 -0.8892 0.012987
78.00 P 20260821 -1.00 -1.00 1 63 1.1881 -0.9044 0.012037
79.00 P 20260821 -1.00 -1.00 4 17 1.2073 -0.9087 0.011511
80.00 P 20260821 -1.00 -1.00 2 235 1.2645 -0.9021 0.011469
81.00 P 20260821 -1.00 -1.00 37 49 1.2493 -0.9143 0.010669
