# opt_chain STX | epoch 1786365954 | 2026-08-10 08:45:54 | spot 798.80 | exps 20260814 20260821
# fuente polygon_snapshot_v3 | greeks polygon_directo | iv polygon_directo | oi polygon_directo | vol day.volume(-1 si no cotizo) | bid/ask NO_ENTITLED(-1) | spot_src ibkr_bridge spot_edad_s 954 | band 0.6000 vencimientos 2 exp_hasta 2026-08-21
# strike right exp bid ask vol oi iv delta gamma
480.00 C 20260814 -1.00 -1.00 1 2 3.9390 0.9185 0.000438
490.00 C 20260814 -1.00 -1.00 1 5 3.7675 0.9175 0.000462
495.00 C 20260814 -1.00 -1.00 -1 0 3.7166 0.9159 0.000475
497.50 C 20260814 -1.00 -1.00 -1 0 3.7079 0.9145 0.000483
500.00 C 20260814 -1.00 -1.00 8 16 3.7615 0.9110 0.000492
502.50 C 20260814 -1.00 -1.00 -1 0 3.7735 0.9089 0.000500
505.00 C 20260814 -1.00 -1.00 20 10 3.6122 0.9127 0.000504
507.50 C 20260814 -1.00 -1.00 2 1 3.5546 0.9131 0.000510
510.00 C 20260814 -1.00 -1.00 20 11 3.6613 0.9075 0.000522
512.50 C 20260814 -1.00 -1.00 12 6 3.6079 0.9076 0.000529
515.00 C 20260814 -1.00 -1.00 2 1 3.5589 0.9076 0.000536
517.50 C 20260814 -1.00 -1.00 -1 0 3.4208 0.9110 0.000540
520.00 C 20260814 -1.00 -1.00 2 2 3.4618 0.9076 0.000551
522.50 C 20260814 -1.00 -1.00 -1 0 3.4944 0.9046 0.000560
525.00 C 20260814 -1.00 -1.00 2 7 3.3173 0.9096 0.000564
527.50 C 20260814 -1.00 -1.00 2 1 3.3782 0.9053 0.000575
530.00 C 20260814 -1.00 -1.00 2 6 3.3427 0.9048 0.000584
532.50 C 20260814 -1.00 -1.00 2 1 3.3193 0.9039 0.000593
535.00 C 20260814 -1.00 -1.00 1 6 3.3123 0.9022 0.000602
537.50 C 20260814 -1.00 -1.00 2 0 3.2251 0.9039 0.000609
540.00 C 20260814 -1.00 -1.00 -1 0 3.1784 0.9039 0.000618
542.50 C 20260814 -1.00 -1.00 -1 0 3.2490 0.8979 0.000631
545.00 C 20260814 -1.00 -1.00 2 3 3.1579 0.9008 0.000638
547.50 C 20260814 -1.00 -1.00 -1 0 3.2037 0.8953 0.000651
550.00 C 20260814 -1.00 -1.00 2 15 3.1577 0.8953 0.000660
552.50 C 20260814 -1.00 -1.00 -1 0 3.1119 0.8954 0.000670
555.00 C 20260814 -1.00 -1.00 2 1 3.0663 0.8955 0.000680
557.50 C 20260814 -1.00 -1.00 1 1 3.0261 0.8953 0.000690
560.00 C 20260814 -1.00 -1.00 4 2 3.0276 0.8923 0.000702
562.50 C 20260814 -1.00 -1.00 -1 1 3.0110 0.8906 0.000713
565.00 C 20260814 -1.00 -1.00 -1 0 2.9351 0.8927 0.000723
567.50 C 20260814 -1.00 -1.00 -1 0 2.9239 0.8905 0.000735
570.00 C 20260814 -1.00 -1.00 2 3 2.8666 0.8915 0.000746
572.50 C 20260814 -1.00 -1.00 2 1 2.9120 0.8855 0.000760
575.00 C 20260814 -1.00 -1.00 1 2 2.7732 0.8921 0.000769
577.50 C 20260814 -1.00 -1.00 -1 0 2.7854 0.8882 0.000783
580.00 C 20260814 -1.00 -1.00 1 2 2.7441 0.8881 0.000795
582.50 C 20260814 -1.00 -1.00 1 1 2.7462 0.8849 0.000809
585.00 C 20260814 -1.00 -1.00 2 1 2.7154 0.8840 0.000823
587.50 C 20260814 -1.00 -1.00 -1 0 2.7377 0.8793 0.000837
590.00 C 20260814 -1.00 -1.00 1 1 2.6591 0.8819 0.000850
592.50 C 20260814 -1.00 -1.00 5 5 2.6488 0.8794 0.000865
595.00 C 20260814 -1.00 -1.00 1 2 2.6560 0.8757 0.000880
597.50 C 20260814 -1.00 -1.00 -1 0 2.5957 0.8770 0.000895
600.00 C 20260814 -1.00 -1.00 12 7 2.6505 0.8697 0.000910
602.50 C 20260814 -1.00 -1.00 2 1 2.5979 0.8703 0.000926
605.00 C 20260814 -1.00 -1.00 4 1 2.5331 0.8719 0.000942
607.50 C 20260814 -1.00 -1.00 2 1 2.4687 0.8736 0.000958
610.00 C 20260814 -1.00 -1.00 2 35 2.4465 0.8719 0.000975
612.50 C 20260814 -1.00 -1.00 -1 0 2.4393 0.8691 0.000992
615.00 C 20260814 -1.00 -1.00 2 1 2.4271 0.8666 0.001010
617.50 C 20260814 -1.00 -1.00 -1 0 2.3069 0.8731 0.001028
620.00 C 20260814 -1.00 -1.00 2 2 2.3515 0.8657 0.001047
622.50 C 20260814 -1.00 -1.00 -1 0 2.3469 0.8626 0.001066
625.00 C 20260814 -1.00 -1.00 2 7 2.3522 0.8586 0.001084
627.50 C 20260814 -1.00 -1.00 -1 0 2.3257 0.8572 0.001104
630.00 C 20260814 -1.00 -1.00 2 8 2.2265 0.8619 0.001127
632.50 C 20260814 -1.00 -1.00 -1 0 2.2174 0.8589 0.001148
635.00 C 20260814 -1.00 -1.00 1 2 2.2228 0.8547 0.001168
637.50 C 20260814 -1.00 -1.00 -1 0 2.1775 0.8549 0.001191
640.00 C 20260814 -1.00 -1.00 1 1 2.1445 0.8540 0.001215
642.50 C 20260814 -1.00 -1.00 1 1 2.1500 0.8496 0.001236
645.00 C 20260814 -1.00 -1.00 25 25 2.1652 0.8445 0.001256
647.50 C 20260814 -1.00 -1.00 2 1 2.1036 0.8459 0.001284
650.00 C 20260814 -1.00 -1.00 8 37 2.0758 0.8445 0.001310
652.50 C 20260814 -1.00 -1.00 -1 0 2.0361 0.8440 0.001338
655.00 C 20260814 -1.00 -1.00 2 29 2.0347 0.8401 0.001362
657.50 C 20260814 -1.00 -1.00 -1 0 2.0047 0.8388 0.001390
660.00 C 20260814 -1.00 -1.00 12 7 1.9892 0.8361 0.001417
662.50 C 20260814 -1.00 -1.00 1 1 1.9334 0.8371 0.001452
665.00 C 20260814 -1.00 -1.00 -1 0 1.9629 0.8301 0.001472
667.50 C 20260814 -1.00 -1.00 5 5 1.9381 0.8282 0.001503
670.00 C 20260814 -1.00 -1.00 -1 0 1.9180 0.8257 0.001534
672.50 C 20260814 -1.00 -1.00 -1 0 1.9239 0.8209 0.001559
675.00 C 20260814 -1.00 -1.00 1 1 1.8314 0.8251 0.001610
677.50 C 20260814 -1.00 -1.00 -1 0 1.8491 0.8190 0.001634
680.00 C 20260814 -1.00 -1.00 14 15 1.8410 0.8153 0.001664
682.50 C 20260814 -1.00 -1.00 -1 0 1.8563 0.8095 0.001688
685.00 C 20260814 -1.00 -1.00 5 24 1.8088 0.8093 0.001733
687.50 C 20260814 -1.00 -1.00 -1 0 1.8078 0.8049 0.001763
690.00 C 20260814 -1.00 -1.00 1 14 1.8357 0.7973 0.001777
692.50 C 20260814 -1.00 -1.00 -1 0 1.7943 0.7962 0.001824
695.00 C 20260814 -1.00 -1.00 18 28 1.7408 0.7964 0.001880
697.50 C 20260814 -1.00 -1.00 -1 0 1.6945 0.7959 0.001935
700.00 C 20260814 -1.00 -1.00 1 9 1.7151 0.7875 0.001948
702.50 C 20260814 -1.00 -1.00 -1 0 1.6813 0.7853 0.001997
705.00 C 20260814 -1.00 -1.00 3 2 1.6914 0.7781 0.002017
707.50 C 20260814 -1.00 -1.00 12 12 1.6682 0.7746 0.002061
710.00 C 20260814 -1.00 -1.00 1 48 1.6451 0.7709 0.002107
712.50 C 20260814 -1.00 -1.00 -1 0 1.6239 0.7670 0.002153
715.00 C 20260814 -1.00 -1.00 1 20 1.6027 0.7630 0.002200
717.50 C 20260814 -1.00 -1.00 -1 0 1.5712 0.7600 0.002259
720.00 C 20260814 -1.00 -1.00 3 16 1.5710 0.7535 0.002290
722.50 C 20260814 -1.00 -1.00 1 1 1.5449 0.7497 0.002347
725.00 C 20260814 -1.00 -1.00 1 35 1.5499 0.7426 0.002373
727.50 C 20260814 -1.00 -1.00 2 1 1.5066 0.7404 0.002452
730.00 C 20260814 -1.00 -1.00 6 3 1.5203 0.7322 0.002470
732.50 C 20260814 -1.00 -1.00 -1 0 1.4875 0.7287 0.002542
735.00 C 20260814 -1.00 -1.00 1 27 1.4926 0.7214 0.002569
737.50 C 20260814 -1.00 -1.00 1 1 1.4618 0.7173 0.002643
740.00 C 20260814 -1.00 -1.00 2 38 1.4549 0.7110 0.002688
742.50 C 20260814 -1.00 -1.00 -1 0 1.4821 0.7017 0.002685
745.00 C 20260814 -1.00 -1.00 1 3 1.4804 0.6950 0.002722
747.50 C 20260814 -1.00 -1.00 -1 0 1.4362 0.6914 0.002823
750.00 C 20260814 -1.00 -1.00 205 118 1.4125 0.6861 0.002897
755.00 C 20260814 -1.00 -1.00 1 17 1.4200 0.6709 0.002951
760.00 C 20260814 -1.00 -1.00 7 27 1.3879 0.6571 0.003051
765.00 C 20260814 -1.00 -1.00 33 17 1.3677 0.6420 0.003130
770.00 C 20260814 -1.00 -1.00 16 28 1.3257 0.6276 0.003262
775.00 C 20260814 -1.00 -1.00 8 29 1.3555 0.6094 0.003231
780.00 C 20260814 -1.00 -1.00 46 31 1.2601 0.5953 0.003509
785.00 C 20260814 -1.00 -1.00 7 13 1.3130 0.5766 0.003410
787.50 C 20260814 -1.00 -1.00 7 2 1.3046 0.5680 0.003451
790.00 C 20260814 -1.00 -1.00 3 12 1.3121 0.5594 0.003452
792.50 C 20260814 -1.00 -1.00 3 3 1.2462 0.5505 0.003654
795.00 C 20260814 -1.00 -1.00 18 24 1.2768 0.5417 0.003587
797.50 C 20260814 -1.00 -1.00 2 1 1.3130 0.5335 0.003508
800.00 C 20260814 -1.00 -1.00 166 70 1.2574 0.5237 0.003668
802.50 C 20260814 -1.00 -1.00 35 27 1.2660 0.5152 0.003634
805.00 C 20260814 -1.00 -1.00 25 10 1.2661 0.5065 0.003624
807.50 C 20260814 -1.00 -1.00 2 3 1.2348 0.4963 0.003706
810.00 C 20260814 -1.00 -1.00 81 91 1.2037 0.4856 0.003791
812.50 C 20260814 -1.00 -1.00 30 14 1.1953 0.4759 0.003807
815.00 C 20260814 -1.00 -1.00 95 27 1.2523 0.4707 0.003627
820.00 C 20260814 -1.00 -1.00 143 118 1.2313 0.4513 0.003668
825.00 C 20260814 -1.00 -1.00 32 53 1.1991 0.4301 0.003743
830.00 C 20260814 -1.00 -1.00 23 51 1.2023 0.4121 0.003713
835.00 C 20260814 -1.00 -1.00 22 24 1.1998 0.3934 0.003699
840.00 C 20260814 -1.00 -1.00 68 24 1.2297 0.3798 0.003588
845.00 C 20260814 -1.00 -1.00 14 35 1.2010 0.3604 0.003583
850.00 C 20260814 -1.00 -1.00 401 271 1.1472 0.3358 0.003632
855.00 C 20260814 -1.00 -1.00 14 82 1.1996 0.3287 0.003439
860.00 C 20260814 -1.00 -1.00 58 65 1.1335 0.3001 0.003497
862.50 C 20260814 -1.00 -1.00 37 11 1.1707 0.2994 0.003383
865.00 C 20260814 -1.00 -1.00 16 95 1.1778 0.2928 0.003331
867.50 C 20260814 -1.00 -1.00 21 21 1.1724 0.2837 0.003302
870.00 C 20260814 -1.00 -1.00 58 60 1.1639 0.2737 0.003278
872.50 C 20260814 -1.00 -1.00 8 5 1.1351 0.2587 0.003286
875.00 C 20260814 -1.00 -1.00 51 35 1.1860 0.2627 0.003165
877.50 C 20260814 -1.00 -1.00 23 14 1.1626 0.2492 0.003160
880.00 C 20260814 -1.00 -1.00 83 130 1.1916 0.2487 0.003078
882.50 C 20260814 -1.00 -1.00 4 5 1.1311 0.2306 0.003086
885.00 C 20260814 -1.00 -1.00 1 56 1.1398 0.2262 0.003024
887.50 C 20260814 -1.00 -1.00 5 6 1.1403 0.2201 0.002969
890.00 C 20260814 -1.00 -1.00 18 29 1.1651 0.2194 0.002899
895.00 C 20260814 -1.00 -1.00 1 21 1.1500 0.2038 0.002803
900.00 C 20260814 -1.00 -1.00 153 394 1.1128 0.1821 0.002703
905.00 C 20260814 -1.00 -1.00 19 36 1.1320 0.1745 0.002591
910.00 C 20260814 -1.00 -1.00 13 101 1.1251 0.1601 0.002479
915.00 C 20260814 -1.00 -1.00 14 53 1.0950 0.1413 0.002355
920.00 C 20260814 -1.00 -1.00 33 102 1.1637 0.1466 0.002280
925.00 C 20260814 -1.00 -1.00 163 177 1.1577 0.1375 0.002180
930.00 C 20260814 -1.00 -1.00 39 43 1.1073 0.1187 0.002039
935.00 C 20260814 -1.00 -1.00 4 19 1.0556 0.0977 0.001856
940.00 C 20260814 -1.00 -1.00 18 54 1.1369 0.1089 0.001863
945.00 C 20260814 -1.00 -1.00 14 29 1.1061 0.0933 0.001715
950.00 C 20260814 -1.00 -1.00 78 384 1.1018 0.0838 0.001599
955.00 C 20260814 -1.00 -1.00 28 54 1.1282 0.0823 0.001543
960.00 C 20260814 -1.00 -1.00 27 90 1.0650 0.0651 0.001358
965.00 C 20260814 -1.00 -1.00 15 19 1.1021 0.0665 0.001335
970.00 C 20260814 -1.00 -1.00 30 54 1.2169 0.0808 0.001414
975.00 C 20260814 -1.00 -1.00 59 76 1.0634 0.0500 0.001096
980.00 C 20260814 -1.00 -1.00 59 121 1.1351 0.0580 0.001157
985.00 C 20260814 -1.00 -1.00 17 52 1.1244 0.0515 0.001061
990.00 C 20260814 -1.00 -1.00 11 56 1.1336 0.0485 0.001004
995.00 C 20260814 -1.00 -1.00 2 117 1.1873 0.0533 0.001033
1000.00 C 20260814 -1.00 -1.00 142 215 1.1174 0.0362 0.000814
1005.00 C 20260814 -1.00 -1.00 11 38 1.0905 0.0308 0.000725
1010.00 C 20260814 -1.00 -1.00 2 37 1.2659 0.0534 0.000970
1015.00 C 20260814 -1.00 -1.00 10 17 1.1270 0.0299 0.000683
1020.00 C 20260814 -1.00 -1.00 18 649 1.1353 0.0285 0.000650
1025.00 C 20260814 -1.00 -1.00 4 25 1.1241 0.0250 0.000587
1030.00 C 20260814 -1.00 -1.00 3 24 1.0644 0.0159 0.000424
1035.00 C 20260814 -1.00 -1.00 12 22 1.3748 0.0507 0.000858
1040.00 C 20260814 -1.00 -1.00 6 48 1.2989 0.0354 0.000689
1045.00 C 20260814 -1.00 -1.00 108 65 1.2101 0.0252 0.000548
1050.00 C 20260814 -1.00 -1.00 47 298 1.1700 0.0189 0.000443
1055.00 C 20260814 -1.00 -1.00 7 30 1.1828 0.0181 0.000424
1060.00 C 20260814 -1.00 -1.00 56 36 1.2292 0.0209 0.000460
1065.00 C 20260814 -1.00 -1.00 26 16 1.1805 0.0140 0.000345
1070.00 C 20260814 -1.00 -1.00 38 27 1.1178 0.0098 0.000263
1075.00 C 20260814 -1.00 -1.00 8 13 1.2290 0.0147 0.000346
1080.00 C 20260814 -1.00 -1.00 1 20 1.5391 0.0436 0.000681
1085.00 C 20260814 -1.00 -1.00 3 23 1.5541 0.0425 0.000662
1090.00 C 20260814 -1.00 -1.00 2 8 1.2663 0.0137 0.000316
1095.00 C 20260814 -1.00 -1.00 2 13 1.1272 0.0056 0.000159
1100.00 C 20260814 -1.00 -1.00 12 104 1.2957 0.0134 0.000302
1105.00 C 20260814 -1.00 -1.00 8 18 1.4540 0.0254 0.000458
1110.00 C 20260814 -1.00 -1.00 50 25 1.4518 0.0235 0.000429
1115.00 C 20260814 -1.00 -1.00 23 41 1.2848 0.0105 0.000243
480.00 P 20260814 -1.00 -1.00 26 29 2.0985 -0.0089 0.000131
490.00 P 20260814 -1.00 -1.00 1 14 1.5856 -0.0017 0.000038
495.00 P 20260814 -1.00 -1.00 42 54 1.9401 -0.0084 0.000135
497.50 P 20260814 -1.00 -1.00 2 67 1.6744 -0.0031 0.000064
500.00 P 20260814 -1.00 -1.00 15 267 1.5697 -0.0022 0.000050
502.50 P 20260814 -1.00 -1.00 2 40 1.5997 -0.0027 0.000059
505.00 P 20260814 -1.00 -1.00 4 31 1.4942 -0.0018 0.000043
507.50 P 20260814 -1.00 -1.00 4 2 2.2851 -0.0255 0.000297
510.00 P 20260814 -1.00 -1.00 3 20 1.5541 -0.0028 0.000063
512.50 P 20260814 -1.00 -1.00 16 6 2.2408 -0.0260 0.000307
515.00 P 20260814 -1.00 -1.00 24 14 1.8827 -0.0126 0.000195
517.50 P 20260814 -1.00 -1.00 80 71 1.6709 -0.0067 0.000126
520.00 P 20260814 -1.00 -1.00 4 21 1.7513 -0.0089 0.000157
522.50 P 20260814 -1.00 -1.00 20 3 1.6056 -0.0060 0.000119
525.00 P 20260814 -1.00 -1.00 2 9 1.8354 -0.0143 0.000223
527.50 P 20260814 -1.00 -1.00 -1 0 1.8305 -0.0150 0.000233
530.00 P 20260814 -1.00 -1.00 2 29 1.6954 -0.0096 0.000174
532.50 P 20260814 -1.00 -1.00 1 1 2.0779 -0.0287 0.000358
535.00 P 20260814 -1.00 -1.00 3 19 1.8162 -0.0173 0.000266
537.50 P 20260814 -1.00 -1.00 -1 0 1.4450 -0.0046 0.000104
540.00 P 20260814 -1.00 -1.00 11 27 1.4293 -0.0046 0.000106
542.50 P 20260814 -1.00 -1.00 2 22 1.3978 -0.0042 0.000100
545.00 P 20260814 -1.00 -1.00 11 8 1.4138 -0.0052 0.000119
547.50 P 20260814 -1.00 -1.00 11 9 1.5769 -0.0107 0.000204
550.00 P 20260814 -1.00 -1.00 18 33 1.3828 -0.0053 0.000124
552.50 P 20260814 -1.00 -1.00 1 2 1.9649 -0.0347 0.000442
555.00 P 20260814 -1.00 -1.00 3 29 1.5713 -0.0136 0.000251
557.50 P 20260814 -1.00 -1.00 176 73 1.5003 -0.0108 0.000215
560.00 P 20260814 -1.00 -1.00 4 17 1.3371 -0.0061 0.000144
562.50 P 20260814 -1.00 -1.00 10 45 1.3997 -0.0085 0.000187
565.00 P 20260814 -1.00 -1.00 92 24 1.4289 -0.0099 0.000211
567.50 P 20260814 -1.00 -1.00 4 10 1.7536 -0.0300 0.000441
570.00 P 20260814 -1.00 -1.00 12 22 1.3695 -0.0092 0.000207
572.50 P 20260814 -1.00 -1.00 2 14 1.5828 -0.0218 0.000375
575.00 P 20260814 -1.00 -1.00 8 18 1.3547 -0.0099 0.000223
577.50 P 20260814 -1.00 -1.00 20 9 1.6750 -0.0313 0.000477
580.00 P 20260814 -1.00 -1.00 16 84 1.2789 -0.0087 0.000209
582.50 P 20260814 -1.00 -1.00 96 46 1.3248 -0.0116 0.000259
585.00 P 20260814 -1.00 -1.00 52 28 1.3083 -0.0117 0.000265
587.50 P 20260814 -1.00 -1.00 90 35 1.2789 -0.0109 0.000256
590.00 P 20260814 -1.00 -1.00 86 117 1.2886 -0.0129 0.000291
592.50 P 20260814 -1.00 -1.00 54 12 1.2593 -0.0121 0.000283
595.00 P 20260814 -1.00 -1.00 16 85 1.3660 -0.0204 0.000408
597.50 P 20260814 -1.00 -1.00 20 9 1.2270 -0.0124 0.000296
600.00 P 20260814 -1.00 -1.00 255 311 1.1916 -0.0111 0.000278
602.50 P 20260814 -1.00 -1.00 17 5 1.1885 -0.0122 0.000302
605.00 P 20260814 -1.00 -1.00 66 30 1.2047 -0.0148 0.000350
607.50 P 20260814 -1.00 -1.00 3 16 1.2848 -0.0216 0.000458
610.00 P 20260814 -1.00 -1.00 13 37 1.2879 -0.0231 0.000484
612.50 P 20260814 -1.00 -1.00 44 29 1.2464 -0.0217 0.000474
615.00 P 20260814 -1.00 -1.00 2 8 1.2968 -0.0264 0.000542
617.50 P 20260814 -1.00 -1.00 26 11 1.3200 -0.0316 0.000612
620.00 P 20260814 -1.00 -1.00 72 71 1.1355 -0.0180 0.000439
622.50 P 20260814 -1.00 -1.00 64 40 1.1389 -0.0196 0.000474
625.00 P 20260814 -1.00 -1.00 52 76 1.0981 -0.0179 0.000453
627.50 P 20260814 -1.00 -1.00 8 4 1.2011 -0.0273 0.000601
630.00 P 20260814 -1.00 -1.00 58 67 1.1176 -0.0224 0.000542
632.50 P 20260814 -1.00 -1.00 8 53 1.1461 -0.0259 0.000602
635.00 P 20260814 -1.00 -1.00 8 17 1.1922 -0.0342 0.000720
637.50 P 20260814 -1.00 -1.00 6 9 1.1497 -0.0313 0.000698
640.00 P 20260814 -1.00 -1.00 34 31 1.0813 -0.0255 0.000631
642.50 P 20260814 -1.00 -1.00 4 21 1.0869 -0.0282 0.000681
645.00 P 20260814 -1.00 -1.00 14 78 1.0914 -0.0318 0.000743
647.50 P 20260814 -1.00 -1.00 21 32 1.1331 -0.0403 0.000866
650.00 P 20260814 -1.00 -1.00 111 188 1.0788 -0.0358 0.000827
652.50 P 20260814 -1.00 -1.00 13 20 1.0987 -0.0415 0.000914
655.00 P 20260814 -1.00 -1.00 74 88 1.0292 -0.0346 0.000843
657.50 P 20260814 -1.00 -1.00 29 20 1.0154 -0.0356 0.000873
660.00 P 20260814 -1.00 -1.00 29 75 1.0138 -0.0384 0.000931
662.50 P 20260814 -1.00 -1.00 2 1 1.1987 -0.0677 0.001247
665.00 P 20260814 -1.00 -1.00 37 276 0.9986 -0.0424 0.001025
667.50 P 20260814 -1.00 -1.00 5 5 1.0276 -0.0497 0.001136
670.00 P 20260814 -1.00 -1.00 35 86 0.9895 -0.0474 0.001134
672.50 P 20260814 -1.00 -1.00 3 5 1.0063 -0.0529 0.001225
675.00 P 20260814 -1.00 -1.00 9 94 0.9988 -0.0550 0.001276
677.50 P 20260814 -1.00 -1.00 4 94 1.0601 -0.0698 0.001442
680.00 P 20260814 -1.00 -1.00 65 162 0.9971 -0.0613 0.001401
682.50 P 20260814 -1.00 -1.00 7 8 1.0565 -0.0791 0.001586
685.00 P 20260814 -1.00 -1.00 48 70 0.9746 -0.0670 0.001525
687.50 P 20260814 -1.00 -1.00 8 19 0.9434 -0.0652 0.001546
690.00 P 20260814 -1.00 -1.00 97 760 0.9383 -0.0697 0.001629
692.50 P 20260814 -1.00 -1.00 4 4 0.9125 -0.0692 0.001667
695.00 P 20260814 -1.00 -1.00 30 77 0.9179 -0.0763 0.001777
697.50 P 20260814 -1.00 -1.00 13 27 0.9751 -0.0944 0.001962
700.00 P 20260814 -1.00 -1.00 759 380 0.9494 -0.0946 0.002019
702.50 P 20260814 -1.00 -1.00 32 121 0.9203 -0.0941 0.002074
705.00 P 20260814 -1.00 -1.00 36 102 0.9857 -0.1127 0.002231
707.50 P 20260814 -1.00 -1.00 4 21 0.9910 -0.1190 0.002320
710.00 P 20260814 -1.00 -1.00 257 147 0.9329 -0.1138 0.002376
712.50 P 20260814 -1.00 -1.00 17 14 0.9824 -0.1320 0.002497
715.00 P 20260814 -1.00 -1.00 14 35 0.9353 -0.1278 0.002573
717.50 P 20260814 -1.00 -1.00 32 9 0.9269 -0.1339 0.002671
720.00 P 20260814 -1.00 -1.00 86 84 0.8846 -0.1308 0.002760
722.50 P 20260814 -1.00 -1.00 25 30 0.9171 -0.1483 0.002877
725.00 P 20260814 -1.00 -1.00 36 107 0.8592 -0.1414 0.002981
727.50 P 20260814 -1.00 -1.00 41 33 0.9523 -0.1734 0.003068
730.00 P 20260814 -1.00 -1.00 50 101 0.8968 -0.1690 0.003203
732.50 P 20260814 -1.00 -1.00 9 5 0.9447 -0.1882 0.003271
735.00 P 20260814 -1.00 -1.00 30 92 0.8872 -0.1843 0.003432
737.50 P 20260814 -1.00 -1.00 18 12 0.8902 -0.1937 0.003540
740.00 P 20260814 -1.00 -1.00 91 179 0.9089 -0.2062 0.003624
742.50 P 20260814 -1.00 -1.00 339 74 0.8962 -0.2124 0.003752
745.00 P 20260814 -1.00 -1.00 100 80 0.8898 -0.2218 0.003858
747.50 P 20260814 -1.00 -1.00 16 87 0.9027 -0.2360 0.003914
750.00 P 20260814 -1.00 -1.00 96 181 0.8986 -0.2462 0.004011
755.00 P 20260814 -1.00 -1.00 24 127 0.8719 -0.2632 0.004271
760.00 P 20260814 -1.00 -1.00 11 52 0.8740 -0.2866 0.004448
765.00 P 20260814 -1.00 -1.00 51 82 0.8626 -0.3078 0.004679
770.00 P 20260814 -1.00 -1.00 62 111 0.8731 -0.3324 0.004821
775.00 P 20260814 -1.00 -1.00 28 84 0.8525 -0.3552 0.005032
780.00 P 20260814 -1.00 -1.00 46 63 0.8402 -0.3805 0.005188
785.00 P 20260814 -1.00 -1.00 3 8 0.8411 -0.4074 0.005269
787.50 P 20260814 -1.00 -1.00 6 27 0.8133 -0.4193 0.005489
790.00 P 20260814 -1.00 -1.00 26 131 0.8130 -0.4331 0.005537
792.50 P 20260814 -1.00 -1.00 2 11 0.8157 -0.4471 0.005566
795.00 P 20260814 -1.00 -1.00 1 73 0.8182 -0.4609 0.005594
797.50 P 20260814 -1.00 -1.00 5 6 0.8165 -0.4747 0.005652
800.00 P 20260814 -1.00 -1.00 88 160 0.8059 -0.4888 0.005731
802.50 P 20260814 -1.00 -1.00 30 20 0.7625 -0.5047 0.006026
805.00 P 20260814 -1.00 -1.00 28 94 0.7677 -0.5189 0.005956
807.50 P 20260814 -1.00 -1.00 28 25 0.7943 -0.5311 0.005731
810.00 P 20260814 -1.00 -1.00 50 264 0.7454 -0.5503 0.006067
812.50 P 20260814 -1.00 -1.00 18 74 0.7790 -0.5609 0.005783
815.00 P 20260814 -1.00 -1.00 6 20 0.7233 -0.5836 0.006179
820.00 P 20260814 -1.00 -1.00 48 93 0.7012 -0.6190 0.006293
825.00 P 20260814 -1.00 -1.00 42 52 0.6852 -0.6515 0.006220
830.00 P 20260814 -1.00 -1.00 25 34 0.6998 -0.6756 0.005887
835.00 P 20260814 -1.00 -1.00 26 31 0.6824 -0.7086 0.005753
840.00 P 20260814 -1.00 -1.00 6 30 0.6554 -0.7472 0.005644
845.00 P 20260814 -1.00 -1.00 8 17 0.6191 -0.7854 0.005430
850.00 P 20260814 -1.00 -1.00 16 54 0.5991 -0.8177 0.005065
855.00 P 20260814 -1.00 -1.00 6 11 0.5368 -0.8712 0.004564
860.00 P 20260814 -1.00 -1.00 1 135 0.4952 -0.9094 0.003847
862.50 P 20260814 -1.00 -1.00 2 0 0.4633 -0.9346 0.003297
865.00 P 20260814 -1.00 -1.00 1 20 0.3981 -0.9698 0.002256
867.50 P 20260814 -1.00 -1.00 1 1 -1.0000 -1.0000 -1.000000
870.00 P 20260814 -1.00 -1.00 4 81 -1.0000 -1.0000 -1.000000
872.50 P 20260814 -1.00 -1.00 -1 0 -1.0000 -1.0000 -1.000000
875.00 P 20260814 -1.00 -1.00 2 8 -1.0000 -1.0000 -1.000000
877.50 P 20260814 -1.00 -1.00 -1 0 -1.0000 -1.0000 -1.000000
880.00 P 20260814 -1.00 -1.00 1 76 -1.0000 -1.0000 -1.000000
882.50 P 20260814 -1.00 -1.00 -1 0 -1.0000 -1.0000 -1.000000
885.00 P 20260814 -1.00 -1.00 20 79 -1.0000 -1.0000 -1.000000
887.50 P 20260814 -1.00 -1.00 -1 0 -1.0000 -1.0000 -1.000000
890.00 P 20260814 -1.00 -1.00 2 32 -1.0000 -1.0000 -1.000000
895.00 P 20260814 -1.00 -1.00 5 9 -1.0000 -1.0000 -1.000000
900.00 P 20260814 -1.00 -1.00 1 34 -1.0000 -1.0000 -1.000000
905.00 P 20260814 -1.00 -1.00 1 21 -1.0000 -1.0000 -1.000000
910.00 P 20260814 -1.00 -1.00 1 127 -1.0000 -1.0000 -1.000000
915.00 P 20260814 -1.00 -1.00 2 11 -1.0000 -1.0000 -1.000000
920.00 P 20260814 -1.00 -1.00 2 65 -1.0000 -1.0000 -1.000000
925.00 P 20260814 -1.00 -1.00 1 13 -1.0000 -1.0000 -1.000000
930.00 P 20260814 -1.00 -1.00 2 6 -1.0000 -1.0000 -1.000000
935.00 P 20260814 -1.00 -1.00 10 27 -1.0000 -1.0000 -1.000000
940.00 P 20260814 -1.00 -1.00 1 10 -1.0000 -1.0000 -1.000000
945.00 P 20260814 -1.00 -1.00 10 21 -1.0000 -1.0000 -1.000000
950.00 P 20260814 -1.00 -1.00 1 27 -1.0000 -1.0000 -1.000000
955.00 P 20260814 -1.00 -1.00 1 13 -1.0000 -1.0000 -1.000000
960.00 P 20260814 -1.00 -1.00 17 2 -1.0000 -1.0000 -1.000000
965.00 P 20260814 -1.00 -1.00 1 4 -1.0000 -1.0000 -1.000000
970.00 P 20260814 -1.00 -1.00 2 6 -1.0000 -1.0000 -1.000000
975.00 P 20260814 -1.00 -1.00 7 6 -1.0000 -1.0000 -1.000000
980.00 P 20260814 -1.00 -1.00 1 11 -1.0000 -1.0000 -1.000000
985.00 P 20260814 -1.00 -1.00 2 5 -1.0000 -1.0000 -1.000000
990.00 P 20260814 -1.00 -1.00 2 4 -1.0000 -1.0000 -1.000000
995.00 P 20260814 -1.00 -1.00 2 3 -1.0000 -1.0000 -1.000000
1000.00 P 20260814 -1.00 -1.00 1 18 -1.0000 -1.0000 -1.000000
1005.00 P 20260814 -1.00 -1.00 2 1 -1.0000 -1.0000 -1.000000
1010.00 P 20260814 -1.00 -1.00 1 4 -1.0000 -1.0000 -1.000000
1015.00 P 20260814 -1.00 -1.00 1 4 -1.0000 -1.0000 -1.000000
1020.00 P 20260814 -1.00 -1.00 1 2 -1.0000 -1.0000 -1.000000
1025.00 P 20260814 -1.00 -1.00 -1 0 -1.0000 -1.0000 -1.000000
1030.00 P 20260814 -1.00 -1.00 1 1 -1.0000 -1.0000 -1.000000
1035.00 P 20260814 -1.00 -1.00 2 1 -1.0000 -1.0000 -1.000000
1040.00 P 20260814 -1.00 -1.00 2 1 -1.0000 -1.0000 -1.000000
1045.00 P 20260814 -1.00 -1.00 1 1 -1.0000 -1.0000 -1.000000
1050.00 P 20260814 -1.00 -1.00 1 3 -1.0000 -1.0000 -1.000000
1055.00 P 20260814 -1.00 -1.00 2 3 -1.0000 -1.0000 -1.000000
1060.00 P 20260814 -1.00 -1.00 1 1 -1.0000 -1.0000 -1.000000
1065.00 P 20260814 -1.00 -1.00 1 1 -1.0000 -1.0000 -1.000000
1070.00 P 20260814 -1.00 -1.00 1 1 -1.0000 -1.0000 -1.000000
1075.00 P 20260814 -1.00 -1.00 1 1 -1.0000 -1.0000 -1.000000
1080.00 P 20260814 -1.00 -1.00 -1 0 -1.0000 -1.0000 -1.000000
1085.00 P 20260814 -1.00 -1.00 -1 0 -1.0000 -1.0000 -1.000000
1090.00 P 20260814 -1.00 -1.00 1 1 -1.0000 -1.0000 -1.000000
1095.00 P 20260814 -1.00 -1.00 1 0 -1.0000 -1.0000 -1.000000
1100.00 P 20260814 -1.00 -1.00 -1 0 -1.0000 -1.0000 -1.000000
1105.00 P 20260814 -1.00 -1.00 1 0 -1.0000 -1.0000 -1.000000
1110.00 P 20260814 -1.00 -1.00 -1 0 -1.0000 -1.0000 -1.000000
1115.00 P 20260814 -1.00 -1.00 1 0 -1.0000 -1.0000 -1.000000
480.00 C 20260821 -1.00 -1.00 1 3 2.4261 0.9203 0.000435
490.00 C 20260821 -1.00 -1.00 2 10 2.3872 0.9158 0.000463
500.00 C 20260821 -1.00 -1.00 12 14 2.3778 0.9096 0.000493
510.00 C 20260821 -1.00 -1.00 2 5 2.2223 0.9113 0.000518
520.00 C 20260821 -1.00 -1.00 16 32 2.1614 0.9077 0.000549
530.00 C 20260821 -1.00 -1.00 12 8 2.0943 0.9045 0.000583
540.00 C 20260821 -1.00 -1.00 3 69 2.0357 0.9001 0.000619
550.00 C 20260821 -1.00 -1.00 1 38 1.9906 0.8937 0.000660
560.00 C 20260821 -1.00 -1.00 1 14 1.8879 0.8928 0.000700
570.00 C 20260821 -1.00 -1.00 2 12 1.8643 0.8838 0.000747
580.00 C 20260821 -1.00 -1.00 2 9 1.7647 0.8825 0.000795
590.00 C 20260821 -1.00 -1.00 2 57 1.7505 0.8720 0.000849
600.00 C 20260821 -1.00 -1.00 1 19 1.6771 0.8675 0.000907
610.00 C 20260821 -1.00 -1.00 4 6 1.5787 0.8659 0.000972
620.00 C 20260821 -1.00 -1.00 14 9 1.5296 0.8583 0.001041
630.00 C 20260821 -1.00 -1.00 19 17 1.5026 0.8478 0.001113
640.00 C 20260821 -1.00 -1.00 76 33 1.4413 0.8410 0.001196
650.00 C 20260821 -1.00 -1.00 2 40 1.4155 0.8295 0.001279
660.00 C 20260821 -1.00 -1.00 1 6 1.4034 0.8162 0.001362
670.00 C 20260821 -1.00 -1.00 2 3 1.3833 0.8026 0.001448
680.00 C 20260821 -1.00 -1.00 2 45 1.3083 0.7937 0.001565
690.00 C 20260821 -1.00 -1.00 2 10 1.2844 0.7771 0.001657
695.00 C 20260821 -1.00 -1.00 8 4 1.2621 0.7699 0.001715
700.00 C 20260821 -1.00 -1.00 2 32 1.2575 0.7603 0.001758
705.00 C 20260821 -1.00 -1.00 -1 0 1.2267 0.7537 0.001828
710.00 C 20260821 -1.00 -1.00 1 11 1.2354 0.7422 0.001859
715.00 C 20260821 -1.00 -1.00 2 3 1.2049 0.7351 0.001935
720.00 C 20260821 -1.00 -1.00 1 31 1.1844 0.7266 0.002002
725.00 C 20260821 -1.00 -1.00 12 24 1.1823 0.7160 0.002049
730.00 C 20260821 -1.00 -1.00 10 25 1.1739 0.7059 0.002104
735.00 C 20260821 -1.00 -1.00 3 2 1.1505 0.6970 0.002183
737.50 C 20260821 -1.00 -1.00 2 18 1.1715 0.6897 0.002175
740.00 C 20260821 -1.00 -1.00 427 319 1.1518 0.6858 0.002227
742.50 C 20260821 -1.00 -1.00 3 7 1.1304 0.6818 0.002284
745.00 C 20260821 -1.00 -1.00 1 10 1.1329 0.6753 0.002291
747.50 C 20260821 -1.00 -1.00 1 4 1.1447 0.6682 0.002280
750.00 C 20260821 -1.00 -1.00 12 103 1.1379 0.6625 0.002304
755.00 C 20260821 -1.00 -1.00 34 99 1.1179 0.6513 0.002367
760.00 C 20260821 -1.00 -1.00 530 947 1.1081 0.6392 0.002410
765.00 C 20260821 -1.00 -1.00 33 95 1.1094 0.6264 0.002431
770.00 C 20260821 -1.00 -1.00 13 14 1.0934 0.6142 0.002490
775.00 C 20260821 -1.00 -1.00 59 19 1.0765 0.6016 0.002553
780.00 C 20260821 -1.00 -1.00 32 58 1.0479 0.5889 0.002647
785.00 C 20260821 -1.00 -1.00 15 8 1.0739 0.5754 0.002609
790.00 C 20260821 -1.00 -1.00 35 82 1.0690 0.5622 0.002646
795.00 C 20260821 -1.00 -1.00 1 27 1.0507 0.5485 0.002718
800.00 C 20260821 -1.00 -1.00 25 78 1.0261 0.5343 0.002801
805.00 C 20260821 -1.00 -1.00 3 5 1.0399 0.5216 0.002755
810.00 C 20260821 -1.00 -1.00 8 216 1.0215 0.5073 0.002796
815.00 C 20260821 -1.00 -1.00 14 43 1.0263 0.4943 0.002775
820.00 C 20260821 -1.00 -1.00 25 191 1.0275 0.4810 0.002763
825.00 C 20260821 -1.00 -1.00 13 21 1.0234 0.4673 0.002765
830.00 C 20260821 -1.00 -1.00 22 149 1.0246 0.4540 0.002754
835.00 C 20260821 -1.00 -1.00 27 45 1.0066 0.4383 0.002793
840.00 C 20260821 -1.00 -1.00 15 113 0.9939 0.4228 0.002818
845.00 C 20260821 -1.00 -1.00 5 14 1.0230 0.4137 0.002732
850.00 C 20260821 -1.00 -1.00 69 2440 1.0052 0.3972 0.002769
855.00 C 20260821 -1.00 -1.00 2 29 1.0302 0.3888 0.002690
860.00 C 20260821 -1.00 -1.00 17 969 1.0118 0.3743 0.002692
865.00 C 20260821 -1.00 -1.00 10 10 0.9689 0.3545 0.002744
870.00 C 20260821 -1.00 -1.00 36 172 0.9743 0.3436 0.002691
875.00 C 20260821 -1.00 -1.00 5 17 0.9806 0.3331 0.002638
880.00 C 20260821 -1.00 -1.00 15 158 0.9791 0.3208 0.002600
885.00 C 20260821 -1.00 -1.00 2 8 0.9796 0.3091 0.002559
890.00 C 20260821 -1.00 -1.00 56 447 0.9742 0.2958 0.002527
895.00 C 20260821 -1.00 -1.00 2 22 0.9785 0.2850 0.002479
900.00 C 20260821 -1.00 -1.00 472 709 0.9771 0.2727 0.002440
905.00 C 20260821 -1.00 -1.00 7 28 0.9919 0.2652 0.002379
910.00 C 20260821 -1.00 -1.00 4 153 0.9635 0.2478 0.002361
915.00 C 20260821 -1.00 -1.00 4 13 0.9947 0.2466 0.002279
920.00 C 20260821 -1.00 -1.00 10 98 0.9673 0.2308 0.002246
925.00 C 20260821 -1.00 -1.00 8 25 0.9760 0.2243 0.002186
930.00 C 20260821 -1.00 -1.00 7 99 0.9587 0.2105 0.002139
935.00 C 20260821 -1.00 -1.00 1 15 0.9612 0.2022 0.002081
940.00 C 20260821 -1.00 -1.00 249 310 0.9821 0.1995 0.002020
945.00 C 20260821 -1.00 -1.00 2 16 0.9809 0.1904 0.001967
950.00 C 20260821 -1.00 -1.00 27 487 0.9833 0.1823 0.001913
960.00 C 20260821 -1.00 -1.00 23 1265 0.9784 0.1631 0.001804
970.00 C 20260821 -1.00 -1.00 10 261 0.9579 0.1431 0.001690
980.00 C 20260821 -1.00 -1.00 20 91 0.9262 0.1228 0.001557
990.00 C 20260821 -1.00 -1.00 1 145 0.9718 0.1235 0.001490
1000.00 C 20260821 -1.00 -1.00 49 1258 0.9849 0.1156 0.001400
1010.00 C 20260821 -1.00 -1.00 1 110 1.0014 0.1089 0.001320
1020.00 C 20260821 -1.00 -1.00 2 85 0.9930 0.0953 0.001212
1030.00 C 20260821 -1.00 -1.00 2 67 1.0023 0.0869 0.001128
1040.00 C 20260821 -1.00 -1.00 10 67 1.0254 0.0829 0.001069
1050.00 C 20260821 -1.00 -1.00 8 406 1.0270 0.0764 0.001000
1060.00 C 20260821 -1.00 -1.00 1 148 1.0351 0.0719 0.000942
1070.00 C 20260821 -1.00 -1.00 5 96 1.0269 0.0643 0.000866
1080.00 C 20260821 -1.00 -1.00 2 72 1.0246 0.0577 0.000796
1090.00 C 20260821 -1.00 -1.00 6 50 1.0268 0.0521 0.000732
1100.00 C 20260821 -1.00 -1.00 129 1489 1.0627 0.0535 0.000722
1110.00 C 20260821 -1.00 -1.00 1 94 1.0457 0.0441 0.000632
480.00 P 20260821 -1.00 -1.00 4 51 1.3203 -0.0094 0.000136
490.00 P 20260821 -1.00 -1.00 46 63 1.3108 -0.0122 0.000171
500.00 P 20260821 -1.00 -1.00 7 158 1.1494 -0.0073 0.000124
510.00 P 20260821 -1.00 -1.00 4 22 1.0757 -0.0065 0.000119
520.00 P 20260821 -1.00 -1.00 1 125 1.1179 -0.0102 0.000173
530.00 P 20260821 -1.00 -1.00 29 3663 1.0334 -0.0085 0.000160
540.00 P 20260821 -1.00 -1.00 10 65 1.0483 -0.0128 0.000222
550.00 P 20260821 -1.00 -1.00 27 588 1.0123 -0.0141 0.000249
560.00 P 20260821 -1.00 -1.00 26 349 0.9560 -0.0136 0.000255
570.00 P 20260821 -1.00 -1.00 12 132 0.9756 -0.0196 0.000345
580.00 P 20260821 -1.00 -1.00 54 193 1.0162 -0.0290 0.000463
590.00 P 20260821 -1.00 -1.00 56 195 0.8994 -0.0221 0.000417
600.00 P 20260821 -1.00 -1.00 165 1231 0.9295 -0.0330 0.000560
610.00 P 20260821 -1.00 -1.00 36 213 0.9315 -0.0420 0.000681
620.00 P 20260821 -1.00 -1.00 23 155 0.9671 -0.0555 0.000833
630.00 P 20260821 -1.00 -1.00 14 127 0.9236 -0.0593 0.000918
640.00 P 20260821 -1.00 -1.00 9 71 0.8866 -0.0657 0.001029
650.00 P 20260821 -1.00 -1.00 41 665 0.9097 -0.0860 0.001225
660.00 P 20260821 -1.00 -1.00 88 187 0.8791 -0.0949 0.001368
670.00 P 20260821 -1.00 -1.00 40 96 0.8577 -0.1062 0.001532
680.00 P 20260821 -1.00 -1.00 4 151 0.8643 -0.1268 0.001723
690.00 P 20260821 -1.00 -1.00 27 112 0.8354 -0.1423 0.001918
695.00 P 20260821 -1.00 -1.00 36 799 0.8413 -0.1557 0.002019
700.00 P 20260821 -1.00 -1.00 371 602 0.8429 -0.1678 0.002120
705.00 P 20260821 -1.00 -1.00 9 112 0.8158 -0.1733 0.002239
710.00 P 20260821 -1.00 -1.00 40 284 0.8403 -0.1908 0.002325
715.00 P 20260821 -1.00 -1.00 11 27 0.8361 -0.2018 0.002432
720.00 P 20260821 -1.00 -1.00 5 49 0.8439 -0.2178 0.002508
725.00 P 20260821 -1.00 -1.00 8 21 0.8098 -0.2248 0.002654
730.00 P 20260821 -1.00 -1.00 16 288 0.8114 -0.2408 0.002739
735.00 P 20260821 -1.00 -1.00 2 26 0.7991 -0.2537 0.002855
737.50 P 20260821 -1.00 -1.00 2 14 0.7994 -0.2617 0.002899
740.00 P 20260821 -1.00 -1.00 149 198 0.7965 -0.2690 0.002952
742.50 P 20260821 -1.00 -1.00 6 53 0.8011 -0.2778 0.002985
745.00 P 20260821 -1.00 -1.00 5 64 0.7865 -0.2831 0.003071
747.50 P 20260821 -1.00 -1.00 1 15 0.7836 -0.2906 0.003126
750.00 P 20260821 -1.00 -1.00 63 972 0.7839 -0.2987 0.003172
755.00 P 20260821 -1.00 -1.00 15 103 0.7856 -0.3150 0.003260
760.00 P 20260821 -1.00 -1.00 213 226 0.7925 -0.3326 0.003316
765.00 P 20260821 -1.00 -1.00 4 46 0.7731 -0.3480 0.003438
770.00 P 20260821 -1.00 -1.00 32 93 0.7665 -0.3656 0.003510
775.00 P 20260821 -1.00 -1.00 4 47 0.7609 -0.3835 0.003580
780.00 P 20260821 -1.00 -1.00 31 162 0.7354 -0.4005 0.003748
785.00 P 20260821 -1.00 -1.00 7 14 0.7435 -0.4200 0.003756
790.00 P 20260821 -1.00 -1.00 6 174 0.7272 -0.4387 0.003888
795.00 P 20260821 -1.00 -1.00 3 39 0.7030 -0.4584 0.004074
800.00 P 20260821 -1.00 -1.00 75 362 0.7143 -0.4780 0.004039
805.00 P 20260821 -1.00 -1.00 2 78 0.7006 -0.4983 0.004095
810.00 P 20260821 -1.00 -1.00 12 126 0.6986 -0.5182 0.004083
815.00 P 20260821 -1.00 -1.00 19 29 0.7027 -0.5375 0.004037
820.00 P 20260821 -1.00 -1.00 2 53 0.6901 -0.5591 0.004085
825.00 P 20260821 -1.00 -1.00 22 54 0.6854 -0.5801 0.004088
830.00 P 20260821 -1.00 -1.00 1 711 0.6895 -0.5994 0.004041
835.00 P 20260821 -1.00 -1.00 3 28 0.6934 -0.6186 0.003996
840.00 P 20260821 -1.00 -1.00 2 45 0.6873 -0.6373 0.003939
845.00 P 20260821 -1.00 -1.00 7 17 0.6700 -0.6594 0.003928
850.00 P 20260821 -1.00 -1.00 3 171 0.6517 -0.6830 0.003912
855.00 P 20260821 -1.00 -1.00 1 3 0.6789 -0.6920 0.003709
860.00 P 20260821 -1.00 -1.00 10 163 0.6734 -0.7115 0.003639
865.00 P 20260821 -1.00 -1.00 2 18 0.6905 -0.7227 0.003492
870.00 P 20260821 -1.00 -1.00 9 97 0.6810 -0.7438 0.003434
875.00 P 20260821 -1.00 -1.00 1 9 0.6135 -0.7837 0.003450
880.00 P 20260821 -1.00 -1.00 1 71 0.6502 -0.7834 0.003256
885.00 P 20260821 -1.00 -1.00 2 8 0.6056 -0.8168 0.003161
890.00 P 20260821 -1.00 -1.00 1 102 0.6396 -0.8157 0.003002
895.00 P 20260821 -1.00 -1.00 -1 0 0.5393 -0.8761 0.002789
900.00 P 20260821 -1.00 -1.00 2 108 0.5550 -0.8802 0.002644
905.00 P 20260821 -1.00 -1.00 2 0 0.5308 -0.9027 0.002401
910.00 P 20260821 -1.00 -1.00 6 88 0.4824 -0.9368 0.001999
915.00 P 20260821 -1.00 -1.00 2 2 -1.0000 -1.0000 -1.000000
920.00 P 20260821 -1.00 -1.00 1 78 -1.0000 -1.0000 -1.000000
925.00 P 20260821 -1.00 -1.00 1 1 -1.0000 -1.0000 -1.000000
930.00 P 20260821 -1.00 -1.00 1 67 -1.0000 -1.0000 -1.000000
935.00 P 20260821 -1.00 -1.00 -1 0 -1.0000 -1.0000 -1.000000
940.00 P 20260821 -1.00 -1.00 1 62 -1.0000 -1.0000 -1.000000
945.00 P 20260821 -1.00 -1.00 1 1 -1.0000 -1.0000 -1.000000
950.00 P 20260821 -1.00 -1.00 2 97 -1.0000 -1.0000 -1.000000
960.00 P 20260821 -1.00 -1.00 2 48 -1.0000 -1.0000 -1.000000
970.00 P 20260821 -1.00 -1.00 4 79 -1.0000 -1.0000 -1.000000
980.00 P 20260821 -1.00 -1.00 1 48 -1.0000 -1.0000 -1.000000
990.00 P 20260821 -1.00 -1.00 1 26 -1.0000 -1.0000 -1.000000
1000.00 P 20260821 -1.00 -1.00 1 93 -1.0000 -1.0000 -1.000000
1010.00 P 20260821 -1.00 -1.00 2 99 -1.0000 -1.0000 -1.000000
1020.00 P 20260821 -1.00 -1.00 1 23 -1.0000 -1.0000 -1.000000
1030.00 P 20260821 -1.00 -1.00 1 17 -1.0000 -1.0000 -1.000000
1040.00 P 20260821 -1.00 -1.00 2 11 -1.0000 -1.0000 -1.000000
1050.00 P 20260821 -1.00 -1.00 3 20 -1.0000 -1.0000 -1.000000
1060.00 P 20260821 -1.00 -1.00 2 4 -1.0000 -1.0000 -1.000000
1070.00 P 20260821 -1.00 -1.00 12 18 -1.0000 -1.0000 -1.000000
1080.00 P 20260821 -1.00 -1.00 2 10 -1.0000 -1.0000 -1.000000
1090.00 P 20260821 -1.00 -1.00 1 7 -1.0000 -1.0000 -1.000000
1100.00 P 20260821 -1.00 -1.00 1 11 -1.0000 -1.0000 -1.000000
1110.00 P 20260821 -1.00 -1.00 2 2 -1.0000 -1.0000 -1.000000
400.00 C 20260814 -1.00 -1.00 2 3 5.0061 0.9369 0.000281
410.00 C 20260814 -1.00 -1.00 1 4 4.8029 0.9363 0.000295
420.00 C 20260814 -1.00 -1.00 1 4 4.8346 0.9299 0.000317
430.00 C 20260814 -1.00 -1.00 1 1 4.4987 0.9328 0.000328
440.00 C 20260814 -1.00 -1.00 2 2 4.3590 0.9307 0.000347
450.00 C 20260814 -1.00 -1.00 -1 0 4.2624 0.9275 0.000368
460.00 C 20260814 -1.00 -1.00 2 1 4.1332 0.9252 0.000389
470.00 C 20260814 -1.00 -1.00 4 33 4.0157 0.9225 0.000412
400.00 P 20260814 -1.00 -1.00 5 93 3.0768 -0.0132 0.000124
410.00 P 20260814 -1.00 -1.00 60 12 2.4746 -0.0045 0.000060
420.00 P 20260814 -1.00 -1.00 30 14 2.7332 -0.0104 0.000114
430.00 P 20260814 -1.00 -1.00 8 66 2.9163 -0.0176 0.000170
440.00 P 20260814 -1.00 -1.00 18 12 2.9699 -0.0219 0.000202
450.00 P 20260814 -1.00 -1.00 10 18 2.1005 -0.0043 0.000067
460.00 P 20260814 -1.00 -1.00 236 127 1.9736 -0.0034 0.000059
470.00 P 20260814 -1.00 -1.00 46 50 2.3124 -0.0131 0.000164
400.00 C 20260821 -1.00 -1.00 1 7 3.0942 0.9381 0.000279
410.00 C 20260821 -1.00 -1.00 1 7 3.0314 0.9350 0.000296
420.00 C 20260821 -1.00 -1.00 1 5 2.9043 0.9345 0.000311
430.00 C 20260821 -1.00 -1.00 1 2 2.9106 0.9285 0.000333
440.00 C 20260821 -1.00 -1.00 2 3 2.7798 0.9282 0.000350
450.00 C 20260821 -1.00 -1.00 1 18 2.7019 0.9257 0.000370
460.00 C 20260821 -1.00 -1.00 1 11 2.5933 0.9246 0.000389
470.00 C 20260821 -1.00 -1.00 2 3 2.5329 0.9213 0.000413
400.00 P 20260821 -1.00 -1.00 23 111 1.4073 -0.0016 0.000025
410.00 P 20260821 -1.00 -1.00 50 1011 1.4883 -0.0032 0.000045
420.00 P 20260821 -1.00 -1.00 2 5 1.6634 -0.0085 0.000099
430.00 P 20260821 -1.00 -1.00 2 102 1.3869 -0.0034 0.000052
440.00 P 20260821 -1.00 -1.00 2 32 1.4487 -0.0064 0.000088
450.00 P 20260821 -1.00 -1.00 4 137 1.3340 -0.0049 0.000074
460.00 P 20260821 -1.00 -1.00 1 185 1.3192 -0.0060 0.000091
470.00 P 20260821 -1.00 -1.00 4 23 1.2834 -0.0065 0.000100
1120.00 C 20260814 -1.00 -1.00 1 16 1.3537 0.0129 0.000279
1125.00 C 20260814 -1.00 -1.00 1 9 1.4920 0.0220 0.000396
1130.00 C 20260814 -1.00 -1.00 3 11 1.9351 0.0642 0.000734
1135.00 C 20260814 -1.00 -1.00 10 47 1.4968 0.0191 0.000351
1140.00 C 20260814 -1.00 -1.00 4 12 1.5038 0.0181 0.000335
1145.00 C 20260814 -1.00 -1.00 22 28 1.4141 0.0119 0.000247
1150.00 C 20260814 -1.00 -1.00 1 31 1.5270 0.0170 0.000313
1160.00 C 20260814 -1.00 -1.00 1 12 1.5592 0.0167 0.000302
1170.00 C 20260814 -1.00 -1.00 6 10 1.5910 0.0165 0.000293
1180.00 C 20260814 -1.00 -1.00 6 11 2.0402 0.0515 0.000585
1190.00 C 20260814 -1.00 -1.00 6 8 2.0689 0.0501 0.000564
1200.00 C 20260814 -1.00 -1.00 1 18 1.7348 0.0198 0.000312
1210.00 C 20260814 -1.00 -1.00 31 16 1.9458 0.0325 0.000424
1220.00 C 20260814 -1.00 -1.00 9 6 1.9934 0.0333 0.000422
1230.00 C 20260814 -1.00 -1.00 1 39 2.0676 0.0356 0.000432
1240.00 C 20260814 -1.00 -1.00 3 5 1.8336 0.0170 0.000261
1250.00 C 20260814 -1.00 -1.00 2 4 2.0809 0.0321 0.000391
1260.00 C 20260814 -1.00 -1.00 35 10 2.1229 0.0325 0.000388
1270.00 C 20260814 -1.00 -1.00 17 18 1.8512 0.0136 0.000213
1120.00 P 20260814 -1.00 -1.00 -1 0 -1.0000 -1.0000 -1.000000
1125.00 P 20260814 -1.00 -1.00 -1 0 -1.0000 -1.0000 -1.000000
1130.00 P 20260814 -1.00 -1.00 -1 0 -1.0000 -1.0000 -1.000000
1135.00 P 20260814 -1.00 -1.00 1 0 -1.0000 -1.0000 -1.000000
1140.00 P 20260814 -1.00 -1.00 -1 0 -1.0000 -1.0000 -1.000000
1145.00 P 20260814 -1.00 -1.00 1 0 -1.0000 -1.0000 -1.000000
1150.00 P 20260814 -1.00 -1.00 -1 0 -1.0000 -1.0000 -1.000000
1160.00 P 20260814 -1.00 -1.00 -1 0 -1.0000 -1.0000 -1.000000
1170.00 P 20260814 -1.00 -1.00 -1 0 -1.0000 -1.0000 -1.000000
1180.00 P 20260814 -1.00 -1.00 1 0 -1.0000 -1.0000 -1.000000
1190.00 P 20260814 -1.00 -1.00 -1 0 -1.0000 -1.0000 -1.000000
1200.00 P 20260814 -1.00 -1.00 1 0 -1.0000 -1.0000 -1.000000
1210.00 P 20260814 -1.00 -1.00 -1 0 -1.0000 -1.0000 -1.000000
1220.00 P 20260814 -1.00 -1.00 -1 0 -1.0000 -1.0000 -1.000000
1230.00 P 20260814 -1.00 -1.00 1 0 -1.0000 -1.0000 -1.000000
1240.00 P 20260814 -1.00 -1.00 -1 0 -1.0000 -1.0000 -1.000000
1250.00 P 20260814 -1.00 -1.00 -1 0 -1.0000 -1.0000 -1.000000
1260.00 P 20260814 -1.00 -1.00 1 0 -1.0000 -1.0000 -1.000000
1270.00 P 20260814 -1.00 -1.00 -1 0 -1.0000 -1.0000 -1.000000
1120.00 C 20260821 -1.00 -1.00 8 68 1.0841 0.0464 0.000634
1130.00 C 20260821 -1.00 -1.00 4 34 1.1105 0.0462 0.000617
1140.00 C 20260821 -1.00 -1.00 1 63 1.0383 0.0314 0.000482
1150.00 C 20260821 -1.00 -1.00 50 320 1.0638 0.0316 0.000472
1160.00 C 20260821 -1.00 -1.00 2 77 1.0778 0.0304 0.000451
1170.00 C 20260821 -1.00 -1.00 3 123 1.0603 0.0255 0.000394
1180.00 C 20260821 -1.00 -1.00 5 48 1.1591 0.0342 0.000465
1190.00 C 20260821 -1.00 -1.00 11 50 1.0822 0.0227 0.000349
1200.00 C 20260821 -1.00 -1.00 25 1509 1.0510 0.0157 0.000267
1210.00 C 20260821 -1.00 -1.00 1 33 1.1038 0.0199 0.000307
1220.00 C 20260821 -1.00 -1.00 40 34 1.0870 0.0153 0.000253
1230.00 C 20260821 -1.00 -1.00 5 368 1.2610 0.0329 0.000412
1240.00 C 20260821 -1.00 -1.00 44 85 1.1658 0.0198 0.000290
1250.00 C 20260821 -1.00 -1.00 9 132 1.3028 0.0326 0.000396
1260.00 C 20260821 -1.00 -1.00 4 33 1.3152 0.0317 0.000382
1270.00 C 20260821 -1.00 -1.00 2 40 1.3687 0.0348 0.000398
1120.00 P 20260821 -1.00 -1.00 4 4 -1.0000 -1.0000 -1.000000
1130.00 P 20260821 -1.00 -1.00 4 10 -1.0000 -1.0000 -1.000000
1140.00 P 20260821 -1.00 -1.00 3 9 -1.0000 -1.0000 -1.000000
1150.00 P 20260821 -1.00 -1.00 1 11 -1.0000 -1.0000 -1.000000
1160.00 P 20260821 -1.00 -1.00 1 6 -1.0000 -1.0000 -1.000000
1170.00 P 20260821 -1.00 -1.00 2 9 -1.0000 -1.0000 -1.000000
1180.00 P 20260821 -1.00 -1.00 1 16 -1.0000 -1.0000 -1.000000
1190.00 P 20260821 -1.00 -1.00 1 1 -1.0000 -1.0000 -1.000000
1200.00 P 20260821 -1.00 -1.00 1 5 -1.0000 -1.0000 -1.000000
1210.00 P 20260821 -1.00 -1.00 1 2 -1.0000 -1.0000 -1.000000
1220.00 P 20260821 -1.00 -1.00 -1 0 -1.0000 -1.0000 -1.000000
1230.00 P 20260821 -1.00 -1.00 1 0 -1.0000 -1.0000 -1.000000
1240.00 P 20260821 -1.00 -1.00 1 0 -1.0000 -1.0000 -1.000000
1250.00 P 20260821 -1.00 -1.00 4 0 -1.0000 -1.0000 -1.000000
1260.00 P 20260821 -1.00 -1.00 1 6 -1.0000 -1.0000 -1.000000
1270.00 P 20260821 -1.00 -1.00 1 2 -1.0000 -1.0000 -1.000000
